47.68
51.05
52.48
56.75
57.58
55.99
58.26
60.34
62.72
64.91
67.89
68.89
70.10
71.60
70.50
72.00
80.10
84.10
84.40
78.70
73.30
65.31
57.42
58.79
62.79
61.89
61.93
61.66
64.41
69.56
69.08
68.14
66.72
67.88
65.31
61.77
56.77
53.96
53.17
51.99
50.83
48.51
48.85
49.91
51.46
51.85
49.99
48.73
47.31
46.64
47.53
46.47
45.14
45.89
47.51
46.78
46.55
47.03
46.16
45.23
43.11
43.56
44.08
47.47
49.49
49.86
50.79
52.24
53.91
55.12
57.31
59.35
61.02
63.14
65.06
66.72
66.14
66.89
69.09
69.89
70.30
70.70
69.85
69.86
70.50
71.70
73.00
74.10
74.70
74.40
73.30
73.20
74.00
74.20
74.10
74.90
76.10
77.20
77.60
78.40
78.90
79.50
80.30
80.60
80.90
81.80
82.50
83.10
83.20
83.80
83.90
84.70
85.70
87.50
87.70
87.90
88.30
89.50
90.50
91.00
91.60
92.10
92.30
92.10
91.50
90.90
90.00
89.00
88.20
87.40
86.90
85.80
84.70
84.20
83.00
81.40
80.10
78.50
76.80
74.80
74.70
73.90
72.80
72.30
70.50
68.95
67.81
67.24
66.25
64.34
64.18
63.67
62.83
61.93
60.92
59.49
59.19
58.58
58.99
59.09
59.68
60.51
61.72
63.13
64.51
65.89
67.66
69.56
70.80
72.60
73.80
74.50
74.60
74.10
74.60
74.90
75.80
77.00
77.80
77.40
76.90
76.60
76.00
76.30
76.10
75.70
75.40
75.60
75.60
76.60
77.30
77.70
78.60
79.60
79.70
80.00
80.90
81.30
81.50
81.40
82.10
83.00
82.90
82.50
81.70
82.60
83.70
84.60
84.10
84.30
86.50
90.10
90.40
90.60
90.90
90.90
90.70
89.60
89.60
89.30
88.70
87.70
85.60
82.60
80.00
77.20
74.90
72.40
70.70
68.54
67.14
66.24
64.31
63.51
62.60
62.29
60.93
59.36
58.99
58.39
57.04
56.58
55.39
54.90
53.56
53.09
52.77
52.42
51.65
51.48
51.17
51.79
51.23
50.37
51.06
51.91
51.06
52.44
54.46
54.24
54.57
56.76
59.35
60.63
61.65
63.31
63.72
63.29
64.24
65.76
67.19
68.24
69.39
69.94
69.84
70.10
70.60
71.20
71.70
72.60
73.20
74.50
74.80
74.80
73.60
72.40
70.90
70.30
70.70
71.30
71.40
73.30
74.50
75.20
75.60
75.70
76.30
76.80
74.90
78.00
76.40
75.10
77.00
75.90
75.60
76.40
78.50
81.30
81.40
79.20
78.70
79.00
78.80
77.60
76.90
77.00
76.90
76.70
76.20
75.30
74.80
74.00
73.10
72.40
71.10
65.27
57.70
56.74
56.50
56.27
56.50
56.58
56.67
56.09
57.27
56.04
55.95
55.33
55.06
55.92
54.64
54.97
56.00
58.68
60.88
60.86
60.10
58.24
57.99
57.25
57.27
55.68
54.71
55.08
55.98
61.64
64.47
66.13
66.88
66.83
65.95
63.43
63.14
66.42
64.73
63.44
63.99
64.76
64.95
65.81
69.00
69.12
69.35
69.51
68.42
69.76
72.00
72.80
73.90
75.20
74.60
74.30
74.20
74.60
75.00
75.40
75.80
76.20
76.70
77.60
78.80
78.90
78.20
78.60
78.40
80.10
80.60
78.90
79.10
80.00
80.20
82.10
82.10
81.50
81.30
81.70
82.10
82.80
83.40
83.70
84.00
84.00
83.10
82.00
80.10
77.90
74.00
70.50
68.55
66.88
65.41
63.60
62.82
61.54
60.73
59.31
58.54
57.41
56.28
55.74
54.73
54.41
52.72
52.39
51.86
51.31
50.03
49.10
48.67
47.72
47.15
46.55
46.58
46.01
45.69
45.28
45.60
45.32
45.09
45.39
45.83
46.08
46.68
48.18
50.38
52.88
54.68
56.30
58.45
61.79
63.77
65.09
65.76
66.35
67.68
68.68
69.03
69.32
70.30
70.60
69.25
69.04
69.02
68.05
70.00
69.81
69.75
68.63
69.16
69.82
69.27
69.02
69.18
68.50
68.56
68.77
69.34
69.39
68.63
67.87
66.46
66.29
65.58
65.87
66.89
67.39
68.20
68.10
68.00
68.31
68.04
68.39
68.32
68.58
69.34
70.10
69.90
69.33
68.87
67.86
66.35
66.71
66.93
66.03
63.92
61.85
60.99
59.93
59.24
57.83
57.30
55.27
54.77
54.46
52.07
51.10
49.89
49.12
47.97
47.02
45.48
43.98
43.05
41.70
40.28
41.16
42.00
42.24
42.65
42.45
42.21
41.91
41.52
42.13
42.07
42.00
42.64
43.71
44.52
47.11
49.46
50.88
52.87
53.96
56.05
58.05
59.98
60.94
62.12
63.19
64.04
64.45
63.19
63.11
62.44
61.44
62.59
62.81
63.60
65.38
66.03
66.71
67.89
72.30
68.57
70.90
73.10
73.10
71.20
72.10
69.69
68.83
67.86
69.69
70.10
71.00
70.30
72.10
74.20
78.20
78.30
79.30
84.60
87.50
88.70
92.70
93.00
90.10
88.10
89.00
87.40
88.60
90.20
91.80
93.10
92.80
90.70
87.80
86.80
84.50
79.20
76.00
73.10
68.71
65.16
61.92
57.57
53.29
48.38
46.41
44.91
42.17
41.32
38.05
37.16
33.81
32.07
31.72
31.63
29.09
28.68
28.90
28.55
28.86
29.70
28.07
27.63
27.03
26.75
27.06
26.15
26.51
26.07
26.79
27.54
26.90
26.75
29.33
29.96
30.62
30.67
32.34
36.01
40.66
39.09
41.86
44.75
45.64
46.44
47.54
46.58
45.14
44.08
43.81
42.97
42.57
41.70
41.71
42.29
43.62
45.10
44.57
45.50
45.70
45.79
49.49
51.80
58.77
68.71
70.60
63.17
55.21
53.91
52.93
52.92
52.70
53.48
54.33
52.58
51.16
56.14
57.14
64.50
65.25
58.31
60.42
56.96
58.25
59.67
60.38
59.17
63.02
66.43
64.76
59.16
58.48
57.18
56.74
56.77
53.56
49.16
43.37
42.66
42.50
38.63
37.03
34.89
32.62
31.04
28.47
27.67
24.10
22.82
23.13
22.54
22.58
21.72
21.99
21.66
21.58
21.03
20.45
20.29
20.25
19.74
18.62
19.08
20.37
20.71
19.88
21.00
21.24
22.52
25.20
26.87
27.12
25.78
22.61
21.83
27.22
31.51
29.48
33.15
33.66
34.74
38.84
39.14
39.26
40.18
40.49
37.23
38.00
40.07
39.95
42.63
45.91
46.25
46.73
47.40
49.01
50.82
50.92
51.16
56.23
55.23
56.92
58.85
65.35
67.15
67.89
66.90
65.12
62.22
63.28
62.06
59.34
55.51
53.62
52.93
51.46
51.00
50.99
51.26
50.74
51.28
53.06
53.35
53.11
54.22
52.84
51.97
50.69
50.47
56.35
58.48
56.06
54.00
50.74
49.89
47.64
44.45
43.85
41.99
41.26
38.67
37.17
37.75
36.10
35.70
35.03
33.16
32.83
32.87
32.71
31.93
30.88
30.77
30.43
29.77
29.74
29.01
26.82
26.74
27.01
28.38
29.09
30.64
32.12
36.76
41.10
44.28
45.22
45.50
46.77
48.86
51.37
53.53
55.22
57.85
58.50
59.34
60.12
61.69
63.15
63.62
64.77
65.64
66.89
68.08
69.66
72.10
72.90
72.90
73.30
73.30
72.10
71.80
73.00
75.40
76.20
75.60
77.20
79.10
77.60
78.60
79.20
80.30
81.80
81.00
79.80
78.20
79.30
80.20
80.00
77.80
82.70
88.70
90.10
88.30
88.40
87.30
83.40
83.90
85.50
84.10
82.20
79.10
75.10
70.80
67.15
67.21
66.28
64.03
63.18
60.29
57.44
56.12
52.34
47.75
44.52
41.93
40.58
35.04
32.51
31.24
28.62
27.53
26.45
25.70
25.55
25.08
25.54
24.45
26.03
25.62
25.73
26.22
27.96
29.36
29.59
30.88
33.85
39.08
43.76
45.82
46.99
48.82
49.83
50.95
52.01
52.52
54.86
57.18
58.44
59.67
61.39
62.28
64.31
65.87
67.62
68.90
71.70
73.90
74.60
74.90
75.70
76.90
77.30
77.60
78.50
78.80
77.50
77.40
78.60
81.70
80.70
81.90
86.80
89.30
91.00
90.70
89.80
89.30
89.10
85.30
85.40
85.00
86.20
89.40
90.40
91.10
89.10
90.20
90.40
89.00
88.00
87.00
85.30
83.70
81.90
80.20
78.10
76.30
73.40
70.20
61.15
60.20
57.00
57.06
55.75
56.66
54.52
53.46
51.56
48.17
45.11
45.30
43.48
40.65
36.70
33.44
31.60
31.46
30.15
29.42
28.69
26.97
25.07
23.77
22.25
22.25
21.84
22.22
22.59
22.17
22.90
23.44
24.20
23.91
25.26
27.22
27.30
26.95
27.06
27.59
28.68
27.03
28.70
29.20
28.70
30.07
32.04
35.21
34.23
35.08
40.44
39.91
39.04
40.76
44.81
43.78
41.55
48.34
56.37
55.06
48.15
44.96
39.99
42.58
46.23
44.61
44.28
46.67
48.52
51.28
51.96
52.38
52.29
52.67
53.39
53.05
52.89
52.57
51.39
50.72
51.38
51.53
50.30
50.36
49.62
50.36
49.52
51.12
52.55
51.58
51.83
52.30
51.56
52.37
51.06
50.23
49.56
43.61
39.73
38.38
35.74
33.67
30.18
26.92
26.42
25.27
22.03
20.59
20.51
19.40
19.48
19.59
19.61
19.60
20.10
19.26
19.62
19.52
19.38
20.04
21.28
20.55
20.46
20.19
20.41
20.86
20.84
20.37
20.50
21.49
22.28
22.71
23.35
23.97
24.31
25.16
26.41
26.76
26.97
27.73
28.69
29.47
31.02
32.15
32.27
32.79
33.43
33.97
34.72
35.32
36.98
38.25
39.03
40.16
41.02
42.04
43.29
44.34
46.15
48.43
50.00
50.01
45.67
44.22
44.15
42.36
41.07
41.80
41.11
41.40
42.82
42.54
45.29
43.71
43.31
43.06
46.26
47.38
45.75
45.59
46.66
45.19
44.73
57.76
60.06
61.79
62.18
62.47
62.83
59.29
55.60
53.52
52.60
51.12
49.63
47.99
47.05
46.66
45.61
43.09
41.06
40.06
38.31
37.43
37.60
36.73
36.66
36.86
36.40
35.84
35.68
34.85
34.58
33.97
33.57
33.46
33.65
33.14
32.57
31.78
31.71
31.34
33.00
37.94
39.82
40.05
45.37
46.35
46.95
47.68
49.32
50.71
51.88
53.47
54.55
55.51
56.49
57.87
59.34
60.60
62.19
61.87
63.65
64.19
64.65
63.52
63.19
63.98
65.73
65.09
65.74
66.49
65.51
64.22
62.63
61.20
60.66
61.42
61.30
60.93
60.69
60.81
61.59
62.16
62.64
63.83
64.51
64.87
65.23
65.69
66.35
67.04
67.89
68.75
69.56
70.30
71.10
71.70
72.30
72.90
72.90
72.60
72.00
71.20
69.58
66.83
64.16
62.20
60.35
58.31
56.34
54.78
52.15
50.42
49.32
48.08
47.59
46.95
45.89
44.97
44.52
42.88
42.16
41.90
40.77
40.78
39.73
39.81
39.95
39.66
39.27
39.56
39.93
40.27
40.33
40.67
40.52
41.63
42.46
42.91
43.63
44.06
45.23
46.73
48.08
49.43
50.61
51.37
52.07
53.21
54.35
55.40
57.32
58.73
60.30
61.39
62.05
62.86
63.70
64.48
64.77
64.96
64.99
64.78
65.24
66.24
67.31
68.17
68.84
69.22
69.84
70.60
71.30
72.10
72.50
72.20
72.00
72.40
72.80
73.40
74.00
74.80
74.90
74.80
75.30
75.00
74.70
74.90
74.50
74.60
74.60
75.10
75.60
75.60
76.20
77.10
76.40
76.10
75.00
74.00
73.90
73.30
69.82
66.78
62.87
59.42
55.80
52.59
49.54
47.48
45.34
43.03
41.03
40.04
38.16
36.74
35.44
33.88
33.23
31.82
31.90
31.37
30.73
29.73
29.71
29.73
29.34
28.85
28.49
29.05
28.91
28.68
28.46
28.62
28.51
29.39
30.69
32.47
35.27
37.88
38.71
39.54
39.73
40.35
40.85
42.63
43.64
45.25
44.34
44.36
45.86
45.97
48.24
50.86
51.18
48.24
46.25
46.82
49.14
49.29
48.66
49.90
50.69
50.92
50.33
51.10
52.71
53.71
55.12
57.55
57.11
56.88
55.44
57.49
59.16
57.26
60.68
68.96
67.13
69.02
77.40
77.80
83.50
83.00
76.50
73.70
75.50
75.90
76.40
74.60
75.00
74.80
74.70
74.50
73.50
71.40
69.43
66.10
60.50
59.88
57.63
50.98
48.32
47.08
46.74
44.70
44.15
41.64
38.49
37.35
36.66
34.41
31.75
29.68
29.86
27.81
27.94
27.38
26.28
25.50
25.15
25.92
25.08
25.78
25.10
25.49
25.11
24.70
24.65
25.52
26.56
27.09
27.76
28.21
28.69
28.07
28.24
29.71
35.74
34.19
33.13
34.78
34.39
34.00
34.52
36.29
36.41
36.76
35.28
33.77
35.14
37.50
39.00
38.15
37.21
35.70
35.66
35.74
38.43
40.55
41.37
41.72
44.02
44.03
47.23
47.44
47.32
46.41
49.11
51.55
52.59
55.01
56.07
58.64
57.99
57.05
57.62
60.09
62.12
59.33
61.01
60.44
62.44
62.32
61.89
63.38
64.79
67.01
63.87
62.19
61.03
57.53
55.22
53.53
53.40
52.54
50.80
48.58
48.03
46.28
44.45
39.87
38.66
37.37
36.28
35.17
33.51
32.00
30.24
29.72
29.06
25.50
24.92
24.13
23.47
21.74
20.96
20.09
19.18
18.60
18.67
18.28
19.15
18.27
18.40
18.28
20.00
19.60
19.89
20.03
22.03
21.67
22.68
22.29
23.15
24.43
24.52
25.67
25.63
28.71
29.22
30.56
31.50
31.50
32.04
32.28
31.02
30.68
31.15
32.99
34.87
39.11
43.48
46.83
49.31
48.77
48.81
52.68
55.14
53.02
51.93
53.70
52.28
49.81
51.00
50.61
52.33
52.22
51.14
50.31
51.49
50.95
52.11
53.36
52.88
51.89
49.79
47.56
40.84
38.72
37.64
40.11
44.28
49.03
58.78
60.05
57.43
55.69
54.11
51.71
50.54
51.04
50.31
47.90
45.95
42.48
36.90
32.97
30.17
29.55
27.86
26.48
25.96
22.78
19.77
19.33
19.78
20.46
19.92
18.17
18.25
15.12
14.55
14.91
14.84
15.75
14.68
15.02
15.89
16.03
16.93
15.38
17.39
17.78
18.21
18.73
20.38
20.59
20.08
19.84
19.58
18.58
19.05
18.97
19.79
20.58
20.91
21.48
21.82
23.04
23.23
22.72
22.12
25.09
25.70
26.49
25.81
26.12
26.19
25.00
24.85
25.59
25.05
25.87
26.28
30.64
32.80
32.31
31.70
30.56
30.94
31.50
33.50
35.77
36.54
37.39
37.07
35.44
36.76
40.50
49.42
57.34
60.78
62.01
65.94
67.04
61.39
57.85
58.21
56.59
52.88
50.11
51.09
53.15
52.64
55.18
53.51
49.66
47.04
42.50
40.86
37.48
40.08
39.56
37.88
33.74
32.51
32.95
32.34
32.34
31.37
30.08
28.49
26.41
24.39
23.26
21.69
21.24
21.07
19.59
22.86
21.59
21.41
21.34
21.00
21.38
21.26
21.44
22.67
23.88
24.96
26.02
26.66
27.55
26.99
27.21
27.65
28.31
28.86
30.41
32.12
32.22
33.59
33.78
35.63
37.94
39.97
42.32
44.36
43.99
42.13
41.35
40.79
36.79
38.34
39.41
39.91
38.41
39.66
43.24
46.92
48.42
49.01
48.93
50.10
51.90
59.96
58.80
54.38
56.66
54.46
52.16
51.37
50.62
51.18
53.52
54.93
56.22
55.71
56.30
57.45
57.75
60.40
65.20
63.47
58.36
54.15
51.84
54.11
60.02
66.83
69.76
68.07
65.76
64.97
61.60
57.20
51.68
44.32
40.90
39.30
36.66
34.48
29.38
26.44
25.27
24.80
23.41
21.95
20.68
21.16
21.23
20.55
19.39
18.60
18.06
18.08
19.44
19.22
19.46
18.98
19.14
19.69
20.05
19.83
20.41
21.27
21.26
21.97
21.60
20.83
22.15
22.39
22.24
21.29
21.99
24.67
30.45
27.88
29.26
32.46
36.62
43.75
48.36
51.80
52.82
55.66
57.55
58.64
59.49
60.53
61.23
61.48
62.27
63.61
64.58
63.45
63.77
64.63
64.92
63.50
64.22
66.03
65.83
64.67
63.72
71.10
74.60
76.90
76.60
75.90
74.90
75.60
75.90
75.00
75.60
75.80
76.10
77.80
75.80
76.60
80.40
80.80
81.40
80.80
80.10
79.00
76.70
75.40
72.30
68.00
62.39
55.21
49.16
48.76
44.08
39.63
37.21
33.29
29.57
27.44
23.46
21.33
21.07
19.33
18.44
18.02
16.98
16.14
15.88
15.73
15.49
16.95
17.29
18.18
17.73
18.38
18.76
19.40
19.28
20.67
19.72
20.63
20.35
19.28
18.20
17.83
18.18
18.19
17.73
18.55
19.02
19.41
22.35
24.57
27.09
25.91
26.44
26.68
26.20
26.01
26.83
26.51
25.12
26.92
28.16
30.00
27.41
25.25
25.51
24.32
22.11
21.22
29.97
31.64
34.24
34.49
35.41
35.17
35.81
40.19
41.98
41.40
36.42
33.79
31.98
33.60
41.00
58.66
53.82
57.46
53.73
47.31
37.78
34.98
38.86
38.26
34.51
35.26
37.11
38.03
38.10
38.42
39.39
40.52
43.87
41.33
33.51
33.10
34.43
30.50
28.21
27.37
25.55
24.80
23.26
21.12
20.02
19.19
19.17
18.28
17.19
17.13
17.02
16.79
15.54
15.29
15.86
15.45
15.64
13.60
13.93
15.63
17.26
18.52
20.44
19.40
19.17
19.22
18.42
19.32
19.46
18.22
17.63
18.72
19.49
20.01
19.00
19.02
19.68
20.07
22.37
23.95
23.09
21.64
22.48
25.57
26.52
28.70
30.00
30.14
31.53
32.02
31.26
32.00
32.31
35.78
53.24
47.72
39.43
38.67
43.28
39.39
36.35
38.70
37.97
38.07
35.98
35.41
35.77
38.68
42.12
42.18
46.61
46.26
44.41
41.15
41.37
41.86
43.41
43.23
43.21
44.77
46.28
46.93
48.17
48.11
48.11
47.44
47.63
46.43
45.36
42.63
42.58
40.60
37.24
35.04
32.63
30.50
27.98
26.51
25.39
24.47
22.94
21.51
20.75
20.09
19.36
19.53
19.67
19.52
19.19
20.39
19.46
18.98
19.91
18.95
18.83
18.34
17.89
18.10
17.63
18.42
19.34
20.32
21.29
22.43
23.17
22.51
22.58
23.78
23.93
24.23
24.89
25.54
26.80
28.07
28.49
28.78
28.61
28.40
27.29
27.95
28.36
28.71
28.10
28.42
30.55
31.95
31.28
31.03
30.97
31.23
33.89
35.56
37.45
39.00
40.65
43.16
46.13
48.49
47.78
48.16
50.63
56.00
54.65
52.95
55.14
55.35
51.06
47.71
48.44
47.95
48.86
47.34
47.50
46.69
47.06
45.76
47.65
48.66
48.62
48.83
48.16
48.21
48.36
50.11
51.18
50.53
47.19
46.11
41.28
37.12
34.32
31.97
30.27
30.03
28.93
25.85
24.98
23.19
21.58
20.93
19.88
20.08
19.66
20.45
19.96
20.40
19.71
19.91
19.48
20.42
19.72
20.30
20.20
19.67
23.40
24.49
25.53
27.03
24.01
23.79
24.11
24.97
23.95
23.61
23.17
21.52
18.81
18.99
19.39
23.66
25.20
24.63
28.94
30.06
29.39
28.09
28.67
30.98
30.58
32.09
31.34
31.94
29.81
30.61
28.79
30.53
35.03
38.66
40.92
41.11
41.90
42.18
45.95
51.15
43.75
45.79
46.00
48.56
47.42
46.98
48.38
49.11
48.84
47.51
48.91
55.23
56.24
54.69
55.36
58.75
51.56
46.35
46.11
42.51
43.43
39.05
43.32
44.03
42.65
42.44
45.25
46.04
46.44
44.08
41.28
38.59
35.07
31.20
28.46
26.90
24.73
22.42
18.54
18.45
18.07
16.57
15.39
15.84
16.22
16.61
16.37
16.54
15.30
15.53
16.77
16.97
17.83
18.29
19.32
17.07
14.93
14.79
15.11
15.96
15.94
15.48
14.98
15.20
16.45
18.07
17.82
15.46
15.33
17.53
19.26
24.34
27.20
25.83
24.90
23.85
23.10
24.93
25.79
26.19
26.53
26.15
27.56
29.96
33.40
35.31
35.94
39.21
36.26
30.83
28.77
31.09
30.97
31.11
37.53
34.44
32.43
45.52
51.58
41.88
32.79
38.73
38.32
38.43
33.96
32.15
30.48
30.52
30.91
31.21
32.21
31.19
30.98
31.24
31.61
33.62
35.48
34.75
33.17
33.50
35.70
35.41
41.75
40.28
38.27
34.53
32.01
29.54
27.19
26.51
24.19
21.37
17.30
15.40
17.00
16.50
16.54
16.16
14.63
15.83
15.56
17.25
15.47
16.34
15.80
15.42
14.39
14.09
15.00
15.88
15.35
15.40
15.74
17.39
18.35
18.47
19.03
19.70
19.59
20.08
19.06
19.73
18.38
18.55
17.89
17.34
17.31
19.48
19.75
19.60
20.46
22.10
22.87
24.29
25.68
25.51
25.20
26.48
27.27
27.82
29.22
33.04
35.62
33.44
29.02
29.59
28.31
29.94
25.44
19.67
38.76
53.47
41.56
49.31
61.29
52.68
44.19
38.41
36.25
35.52
33.73
41.23
52.61
51.60
52.83
47.91
47.79
47.41
53.44
61.71
46.90
36.39
42.84
52.53
59.41
56.55
55.38
55.64
54.48
46.94
41.06
37.24
35.65
31.38
28.05
28.42
27.96
24.64
22.85
21.00
21.06
18.77
17.91
17.07
15.81
13.67
13.32
13.45
13.35
13.66
14.25
13.25
12.68
14.20
14.75
15.73
16.94
17.10
17.68
17.47
17.62
18.23
18.43
18.68
18.47
18.52
17.32
19.01
19.61
19.90
19.85
21.11
22.87
21.95
22.13
22.41
24.06
24.10
25.43
26.37
26.73
28.62
28.64
27.33
24.79
24.91
27.32
29.21
31.20
30.68
27.74
26.51
28.71
27.39
29.67
31.40
33.86
42.36
40.15
41.07
43.12
46.88
49.95
59.08
53.20
45.43
36.76
34.04
38.43
40.36
43.75
37.35
36.90
35.95
35.30
38.82
40.53
41.99
41.34
42.41
43.73
43.52
43.09
42.25
44.81
47.83
48.22
48.01
46.40
45.23
41.50
37.21
34.35
33.45
31.23
30.36
28.83
28.91
28.54
26.97
25.08
24.87
22.61
21.28
21.66
21.10
21.69
22.70
21.21
21.72
21.02
21.19
20.59
21.10
20.65
21.71
21.93
27.41
30.01
26.19
25.52
27.56
25.24
25.26
27.08
29.21
36.53
39.00
40.36
40.04
40.55
39.29
40.53
41.26
42.71
41.41
40.46
40.79
42.72
44.48
46.03
45.17
45.60
45.63
47.60
49.15
44.27
43.30
47.42
46.91
45.61
43.88
45.18
43.32
42.62
44.66
45.85
47.98
46.84
43.60
43.04
48.78
65.32
68.87
69.70
66.34
68.53
64.88
59.48
55.01
59.85
66.97
75.20
76.90
73.80
68.13
63.30
63.71
58.99
56.00
54.34
58.03
54.64
52.06
52.13
52.70
49.94
48.16
43.19
43.89
43.79
40.72
38.57
35.88
33.69
33.07
33.42
32.10
31.15
29.82
29.05
29.39
29.09
29.11
28.60
28.79
29.65
30.33
30.17
31.27
32.49
32.41
32.53
32.33
33.63
36.49
34.52
36.18
37.81
38.24
37.18
38.54
38.24
39.39
40.18
42.00
37.21
32.63
32.26
32.22
36.16
35.98
40.92
39.95
38.40
38.71
38.67
38.71
39.91
44.64
49.57
50.30
49.64
50.09
51.37
57.62
58.04
62.53
59.13
58.55
56.68
53.25
47.37
49.21
51.82
55.47
53.32
57.22
61.62
63.29
65.74
65.03
64.36
68.39
69.90
69.89
68.61
65.02
68.56
69.18
69.98
70.70
69.34
68.46
68.61
67.29
66.57
66.37
65.08
62.95
61.25
59.78
55.21
51.79
49.84
45.96
43.14
43.81
38.85
37.02
33.00
34.66
34.77
33.42
32.42
31.31
29.50
27.99
29.22
30.42
29.10
28.95
28.66
29.68
31.05
32.64
33.58
35.29
36.99
38.39
39.46
39.37
39.18
39.62
41.32
41.07
42.43
45.34
48.09
49.92
50.05
51.15
52.90
53.83
53.75
55.17
55.84
57.70
60.18
61.18
61.66
62.90
63.37
63.76
64.81
65.32
67.36
66.99
71.10
71.20
67.78
66.50
68.51
70.60
75.90
79.30
76.30
74.30
74.40
72.70
72.10
73.10
75.30
81.30
85.40
86.90
86.50
85.60
86.50
86.50
86.40
86.50
86.50
86.50
86.50
85.10
84.30
83.60
82.30
80.00
77.70
76.50
72.20
69.34
67.06
64.46
59.98
56.84
54.39
53.30
52.70
51.87
51.70
47.32
44.53
42.65
40.44
38.31
37.36
33.95
32.44
33.76
32.66
33.34
33.87
34.25
34.25
35.17
34.91
34.79
38.04
39.13
38.99
40.78
43.19
41.59
40.43
40.80
40.98
41.13
41.40
41.62
42.56
44.37
45.01
45.01
46.64
46.12
47.07
46.98
46.96
47.65
50.21
52.36
53.84
59.43
73.30
75.60
81.40
80.10
72.70
75.70
70.50
61.52