93.40
92.90
92.50
92.60
92.50
92.40
93.90
94.90
96.10
96.70
96.70
97.00
97.40
97.70
97.90
98.10
98.30
98.40
98.40
98.50
98.50
98.50
98.70
98.70
98.70
98.80
98.70
98.70
98.20
95.20
92.40
92.20
91.30
89.40
87.30
84.50
81.00
79.60
79.90
75.30
74.60
77.40
78.90
78.40
75.50
72.80
72.20
72.30
73.00
69.84
68.25
69.20
69.43
69.34
69.19
69.57
66.75
65.99
70.90
71.60
72.80
73.20
85.20
86.40
82.00
76.50
75.90
74.60
69.53
70.60
71.00
77.00
89.10
91.90
93.00
90.50
88.70
88.10
87.50
89.60
93.60
95.00
96.70
97.10
93.40
94.70
95.00
96.50
96.30
94.10
93.90
95.00
96.20
96.80
96.90
97.40
97.80
97.90
98.10
98.20
98.30
98.40
98.40
98.40
98.40
98.40
97.70
97.30
97.80
98.10
98.30
98.40
98.50
98.60
98.70
98.70
98.60
98.60
98.70
98.70
98.60
98.50
98.40
98.00
97.00
96.30
95.70
93.00
87.40
84.70
82.40
82.00
81.60
79.00
75.20
74.90
77.30
75.70
71.90
71.50
71.10
70.40
69.79
68.97
70.50
78.60
76.50
76.60
80.20
83.70
90.90
93.80
96.50
97.30
96.90
97.50
97.10
96.80
97.10
97.20
97.30
97.00
97.30
97.10
97.20
97.60
97.60
97.10
96.80
97.10
97.90
98.20
98.30
98.30
98.10
97.90
97.20
95.60
96.40
95.20
96.70
97.30
97.90
98.10
98.30
98.50
98.50
98.60
98.60
98.50
98.00
97.80
96.60
97.30
98.00
98.10
98.00
98.10
98.10
98.30
98.40
98.30
98.20
98.20
98.40
98.30
98.20
98.20
98.10
98.00
97.70
97.50
97.30
97.20
97.50
97.60
97.90
97.70
97.70
97.60
97.50
97.10
96.80
95.90
95.50
94.10
93.30
92.50
91.30
90.40
87.90
86.10
85.40
84.90
82.80
82.10
80.90
79.20
79.30
78.80
78.60
78.10
76.90
78.90
82.20
81.40
80.30
79.00
82.70
91.00
95.20
94.60
94.80
93.10
94.00
95.30
97.20
97.50
98.10
98.40
98.40
98.30
98.10
98.20
98.10
97.90
98.10
98.30
97.90
97.80
98.00
97.90
97.90
97.90
98.00
98.00
97.90
98.10
98.20
98.30
98.10
97.70
97.00
97.10
97.50
97.40
96.60
96.80
97.10
96.30
97.00
96.60
96.00
96.70
97.00
96.90
97.00
97.10
97.20
97.10
97.00
97.00
97.20
97.10
97.10
97.10
97.20
97.00
96.80
96.80
97.00
97.20
97.10
96.40
95.20
95.30
95.10
94.20
91.70
90.00
88.90
88.60
87.70
86.40
84.30
83.30
81.90
80.50
78.90
77.60
76.70
76.70
75.90
74.90
74.10
73.70
73.20
74.10
76.80
86.90
82.90
80.90
82.20
80.30
81.70
87.50
88.50
86.30
85.60
90.10
89.30
85.40
83.20
82.50
81.40
79.90
82.50
83.80
84.50
83.70
84.60
86.70
88.10
89.30
90.40
89.80
90.20
92.10
93.00
92.20
92.00
92.50
92.60
93.30
94.30
93.40
89.50
89.70
91.00
92.80
92.20
91.90
93.10
94.10
94.20
93.90
93.80
94.10
94.40
94.70
94.70
95.10
94.90
95.10
94.80
94.10
93.80
94.10
94.60
94.20
93.30
92.90
93.20
93.50
94.30
94.50
94.40
94.30
94.70
94.80
93.90
92.50
91.60
91.40
91.10
89.90
88.70
88.50
88.70
88.20
87.20
86.40
85.40
84.90
83.00
82.40
81.10
80.40
80.90
80.90
81.00
80.30
79.30
78.30
79.90
81.10
79.20
77.20
78.50
79.70
80.00
81.00
88.20
91.10
92.30
92.90
94.80
96.00
97.20
97.80
98.40
98.80
98.50
98.30
98.20
97.60
95.80
96.80
97.20
97.90
98.30
98.30
98.30
98.30
98.50
98.50
98.70
98.50
98.50
98.80
98.80
98.80
98.80
98.80
98.60
98.60
98.80
98.90
98.80
98.60
98.20
98.20
98.10
98.20
98.10
98.00
97.90
97.90
97.60
97.50
97.40
97.10
97.20
97.20
97.60
97.50
97.30
97.10
97.00
97.20
97.20
97.50
97.60
97.60
97.40
96.70
96.00
94.00
92.80
92.00
91.10
90.80
91.30
90.60
89.20
88.10
87.70
86.40
85.70
85.50
85.20
83.10
81.70
80.80
79.40
79.20
78.30
75.30
72.60
72.00
71.60
71.80
72.10
83.60
89.50
88.80
86.00
85.00
82.30
80.40
77.60
73.60
70.60
70.70
71.30
71.90
71.10
71.20
71.20
70.40
69.67
71.70
72.40
72.50
78.00
82.30
82.70
83.00
83.30
83.50
84.00
83.00
81.60
82.70
84.50
86.10
87.60
88.00
86.90
86.90
87.10
86.70
85.50
87.50
88.50
89.90
91.40
92.60
93.40
94.10
94.40
94.80
95.00
95.00
94.60
94.50
94.50
94.60
94.30
94.20
94.20
94.50
94.30
94.00
93.80
93.90
94.30
95.10
93.90
93.00
93.00
92.90
92.20
92.20
91.90
91.20
91.10
90.10
85.00
84.20
85.40
84.80
83.20
82.70
82.50
81.10
79.00
78.10
78.30
79.00
79.50
80.00
78.30
76.80
74.50
77.50
76.90
75.30
71.50
71.80
79.70
87.70
94.10
94.10
92.90
93.20
93.90
91.50
90.90
93.40
95.60
96.20
95.00
94.80
94.60
94.90
95.40
95.50
96.00
96.00
95.70
95.80
96.30
97.10
97.70
98.10
97.90
97.10
96.80
97.40
97.90
98.20
98.10
98.20
98.20
98.30
98.30
98.20
98.30
98.40
98.70
98.80
98.90
99.00
99.00
99.00
99.00
98.90
98.70
98.40
98.30
98.00
97.90
97.70
97.90
97.80
97.60
97.90
98.20
98.40
98.50
98.70
98.70
98.80
99.00
99.00
99.00
99.00
99.10
99.00
98.90
98.60
97.70
94.10
86.80
87.40
89.10
90.00
86.60
84.30
81.30
82.10
81.10
79.20
77.90
75.60
72.10
72.40
72.00
70.30
69.55
68.83
68.61
67.91
66.86
65.89
65.45
65.78
63.48
61.95
59.46
59.18
58.18
57.12
56.04
56.38
55.05
54.44
54.94
54.10
54.32
58.54
59.53
57.42
58.61
64.58
66.13
67.82
73.10
67.85
66.18
66.82
77.20
82.00
81.50
83.70
85.30
85.70
86.70
88.30
89.60
91.90
93.00
93.20
92.40
93.10
93.90
93.00
89.50
88.00
87.80
91.20
91.20
91.80
92.40
93.40
94.40
93.80
94.30
95.30
96.20
97.10
96.70
97.30
97.40
97.50
97.50
97.70
97.60
97.50
97.50
97.60
98.10
98.40
98.00
97.10
96.60
95.90
94.60
93.10
93.40
93.60
95.20
93.70
94.50
94.90
95.80
96.00
96.20
96.00
96.50
96.50
96.80
96.90
95.40
93.60
91.60
90.20
85.40
82.20
79.60
78.60
77.30
74.60
73.60
75.20
85.50
88.10
87.30
84.60
82.10
78.40
80.80
79.30
78.50
79.50
81.90
86.30
85.00
89.50
91.70
91.70
93.90
95.10
95.20
93.50
93.60
94.60
95.70
96.40
96.90
96.50
95.50
95.40
95.80
95.50
95.40
96.10
96.40
97.10
97.70
97.80
96.60
95.10
95.30
94.50
94.50
94.60
94.80
94.50
95.30
94.70
95.30
96.00
95.90
94.60
94.70
95.10
95.10
95.10
95.30
95.50
95.40
95.60
95.70
95.20
95.40
95.60
96.00
96.20
95.40
93.90
93.10
92.40
91.00
88.80
87.20
84.10
82.50
80.00
77.20
76.10
75.40
73.60
73.90
72.90
72.80
71.70
71.80
69.93
68.59
67.68
66.51
65.24
65.53
64.38
62.73
61.76
63.13
60.00
59.40
57.97
59.18
64.47
80.80
86.20
84.30
83.80
87.90
87.30
87.70
89.30
87.70
88.70
90.60
90.20
90.90
91.80
92.00
92.80
92.40
91.70
90.90
91.90
93.10
93.20
94.20
93.80
95.80
95.90
96.10
96.40
93.50
94.20
96.30
97.40
96.70
97.20
97.30
95.60
96.20
97.30
96.90
97.30
96.90
96.20
97.10
97.60
97.30
97.40
97.30
97.30
97.80
98.00
98.20
98.10
98.10
98.10
98.10
98.40
98.70
98.80
98.90
98.60
97.60
97.20
96.60
95.50
95.00
94.10
92.80
90.70
88.00
85.70
84.70
83.10
83.20
79.90
78.20
77.70
73.80
72.90
71.10
74.30
72.70
71.70
68.39
68.22
69.79
70.30
69.04
66.65
64.11
65.06
66.72
63.58
62.85
66.72
69.25
69.00
70.50
73.20
73.90
76.60
75.80
74.90
74.00
73.90
71.80
73.60
86.20
91.30
89.80
92.90
96.40
96.70
97.00
97.10
97.60
96.60
97.30
97.90
98.20
98.40
98.50
98.50
98.60
98.70
98.70
98.80
98.90
98.90
99.00
99.00
98.90
98.90
98.70
98.60
98.50
98.30
98.40
98.30
98.20
98.00
97.50
97.80
97.70
97.00
96.90
97.10
96.90
96.20
96.60
96.90
97.10
97.10
97.50
97.70
98.00
98.00
97.60
97.50
97.10
96.50
95.90
95.50
94.50
92.40
90.20
90.50
88.40
88.00
87.20
88.50
85.60
86.60
84.60
83.10
82.60
81.60
78.90
74.10
71.10
71.40
70.40
71.50
71.50
71.30
68.41
68.35
68.09
66.02
63.21
61.94
64.39
67.47
69.95
69.62
70.40
74.70
73.40
76.30
86.70
92.50
92.60
94.30
96.10
96.70
96.90
96.50
96.70
96.40
96.50
97.50
97.70
97.80
97.60
96.80
96.70
97.10
97.40
96.90
97.00
97.60
97.80
97.80
97.70
97.90
97.70
96.90
96.40
97.20
97.20
96.90
97.10
96.80
97.30
97.50
97.40
97.00
97.00
96.30
96.50
96.70
96.70
96.90
96.70
96.60
97.10
97.80
98.00
98.00
98.00
97.70
97.50
97.70
97.60
97.80
97.90
97.70
97.70
97.70
96.90
96.80
97.00
97.00
96.40
95.80
95.60
95.20
94.50
93.70
92.00
91.80
93.70
92.20
88.90
87.20
86.20
85.50
85.80
86.70
87.10
85.60
84.30
83.70
81.60
82.40
82.30
82.70
84.30
84.80
84.40
84.90
85.00
83.60
82.90
82.00
83.10
84.90
85.60
86.60
88.10
93.50
97.00
97.30
97.50
97.70
98.00
98.10
98.20
98.10
97.90
98.00
97.90
97.90
97.70
98.00
97.40
97.10
97.00
96.20
96.90
97.10
97.10
97.60
97.70
97.70
97.80
97.90
98.00
97.90
98.00
98.20
98.30
98.30
98.30
98.00
97.80
97.80
98.00
98.00
98.00
98.20
98.20
98.00
98.10
98.30
98.40
98.50
98.50
98.40
98.20
97.50
93.90
93.50
91.90
92.40
92.20
92.60
92.10
92.90
91.10
90.80
91.20
89.30
88.20
87.40
84.30
81.10
81.30
80.30
79.50
75.20
75.00
74.30
72.30
72.60
72.70
70.30
67.27
65.69
64.08
68.06
65.30
64.16
62.77
62.53
63.98
64.14
63.54
62.16
64.89
68.92
69.31
69.48
73.20
76.70
78.50
82.20
85.20
88.30
90.10
91.50
92.80
92.90
94.80
96.00
95.60
95.80
96.70
97.00
97.50
97.90
98.10
97.20
96.90
97.20
97.80
98.00
97.70
97.30
97.30
97.30
97.40
97.60
96.20
96.60
95.40
94.80
96.20
96.90
97.30
97.60
97.70
97.90
97.70
97.70
97.60
97.40
97.50
97.60
96.80
97.00
97.30
97.50
97.60
96.80
96.40
95.90
95.40
94.50
94.30
91.40
89.30
89.20
88.70
85.40
86.80
86.90
83.30
79.50
76.50
74.00
73.40
72.40
72.10
70.60
70.40
69.09
67.81
67.64
66.18
68.15
67.96
69.01
66.57
66.57
67.12
67.17
65.65
64.61
66.49
74.50
72.10
79.00
83.30
83.90
82.10
82.10
81.70
77.80
77.90
80.20
81.00
81.50
84.40
86.20
88.20
89.60
96.00
96.50
96.90
96.90
96.70
97.60
96.90
96.90
96.30
95.90
95.80
95.60
96.30
96.40
96.30
97.10
97.20
96.40
96.70
97.10
97.20
97.00
96.10
96.00
96.10
96.60
97.20
95.60
94.40
95.10
96.10
95.60
96.40
96.50
96.80
97.00
97.20
97.20
96.30
95.00
95.90
96.30
96.50
96.30
96.10
95.70
93.80
93.20
93.60
93.10
92.30
91.80
91.10
89.00
87.00
84.70
83.30
81.90
80.90
78.80
78.80
78.60
76.00
73.70
74.10
74.40
72.40
71.00
71.00
69.45
67.55
67.05
66.52
66.22
65.79
66.15
66.22
64.45
64.94
64.20
64.00
65.64
66.41
64.09
68.36
75.00
72.70
72.80
73.10
77.90
80.00
81.20
82.20
82.00
83.50
86.40
92.80
95.20
96.30
96.30
96.90
96.90
97.60
96.90
97.30
97.80
98.10
97.50
97.10
94.80
95.10
94.70
95.50
96.60
96.60
96.30
96.10
97.10
97.40
96.80
96.60
95.20
95.70
96.60
95.40
95.00
94.60
94.90
95.10
95.50
96.30
95.90
95.40
94.40
94.90
95.60
96.10
96.30
96.50
97.00
97.60
97.40
97.30
96.90
94.60
93.10
89.90
88.70
88.20
87.60
85.50
84.70
82.80
80.80
79.50
79.50
81.50
81.70
81.00
79.00
76.40
74.90
73.70
71.20
70.20
69.99
69.37
67.56
67.39
67.07
66.50
65.22
69.26
73.20
70.00
66.62
74.70
91.00
95.20
95.50
95.80
96.20
96.40
96.40
96.60
95.10
95.50
95.80
94.10
94.70
94.30
94.20
94.60
94.60
94.00
94.90
94.50
93.90
94.20
93.80
94.40
95.90
95.80
95.80
95.90
95.70
94.20
94.40
94.40
95.20
95.50
95.40
95.10
94.80
95.90
96.20
95.90
95.30
95.40
95.90
95.50
95.30
96.20
96.10
95.20
96.50
96.50
94.60
95.10
95.90
94.80
94.70
94.90
94.30
93.80
93.40
93.40
94.00
93.70
94.30
93.10
92.30
91.60
89.30
88.10
87.90
87.80
85.90
83.20
81.50
79.00
77.40
78.00
76.70
73.40
69.96
68.77
69.16
66.79
68.23
69.13
69.37
71.70
70.80
71.20
71.50
67.49
65.13
66.17
66.15
67.05
67.41
66.81
68.75
70.10
69.50
68.53
70.30
72.10
73.20
73.60
74.50
76.90
78.00
79.70
81.10
81.90
84.10
85.70
86.50
87.50
85.10
85.20
84.50
85.90
87.50
88.80
90.20
91.20
91.30
90.00
89.60
89.30
88.40
88.10
88.10
89.20
88.30
88.00
88.50
88.70
88.90
90.00
89.40
88.10
88.10
89.20
89.60
90.40
90.30
90.30
91.10
91.10
89.00
87.70
87.50
87.90
88.20
88.00
88.30
88.90
89.30
88.90
89.70
89.70
89.90
90.00
89.70
88.80
87.40
87.70
89.80
87.30
84.50
83.40
81.50
80.10
82.30
81.10
77.40
83.20
82.00
79.50
75.80
73.90
79.30
79.30
74.30
73.00
74.30
75.50
75.60
78.30
78.50
76.20
76.30
74.30
73.40
71.90
72.90
73.30
72.00
72.80
73.10
71.90
71.30
75.80
78.10
78.50
80.00
81.10
84.40
84.70
85.20
85.90
86.00
86.30
86.50
86.20
85.60
85.50
85.50
85.90
86.60
87.20
87.00
86.20
86.00
87.70
88.80
89.60
89.30
88.40
88.50
88.50
86.50
88.50
91.10
92.40
92.90
93.40
93.10
93.30
93.90
90.40
89.70
91.10
91.50
91.50
91.40
92.30
93.10
93.00
91.30
89.90
90.40
92.40
93.00
92.80
93.10
92.70
91.80
90.60
86.90
86.50
85.60
80.40
76.40
74.90
72.70
73.40
70.40
72.20
73.20
68.36
66.94
65.88
69.56
65.44
63.39
64.20
67.06
71.50
76.20
79.60
79.80
75.70
73.50
69.74
66.92
66.25
72.10
68.92
66.69
63.47
62.05
60.45
60.15
63.16
64.40
64.37
60.53
61.50
60.36
61.05
64.92
69.11
71.80
75.90
80.00
77.90
78.70
81.10
82.00
80.20
82.30
82.30
82.30
82.40
83.60
84.80
82.80
80.10
81.10
83.70
83.40
84.40
85.60
86.40
86.60
89.50
89.30
90.30
86.90
91.20
89.50
89.90
93.80
93.30
94.60
95.70
94.40
95.30
94.60
93.40
91.00
92.70
90.40
90.50
93.20
94.30
93.70
91.40
92.80
92.60
90.50
87.80
89.30
86.70
86.90
86.10
85.40
84.70
82.60
80.80
79.20
75.90
73.80
69.28
67.37
64.72
62.23
62.72
65.35
63.25
62.37
62.43
61.34
57.18
59.02
59.46
58.46
58.27
56.45
58.07
59.56
70.90
71.50
66.45
64.52
63.75
62.74
61.91
60.89
62.48
61.61
58.78
60.24
61.92
62.14
61.77
61.51
62.80
65.87
66.76
68.37
69.10
69.51
76.40
78.20
78.70
81.90
86.50
88.40
88.90
89.70
89.20
89.10
88.80
91.50
95.60
96.20
96.20
96.80
97.70
97.80
97.90
97.70
97.60
97.70
98.00
98.00
97.60
97.30
97.50
97.30
97.40
97.90
97.90
97.90
97.70
97.70
97.90
98.10
98.20
98.30
98.30
98.30
98.00
98.00
98.10
98.00
98.00
97.90
97.80
97.70
97.30
95.70
94.50
93.90
92.00
90.00
89.00
87.90
86.50
83.70
80.30
79.00
78.00
76.50
76.80
75.50
74.00
74.50
75.70
74.10
73.60
75.20
74.30
74.80
76.60
76.40
75.60
75.30
73.70
72.10
73.10
74.50
76.60
77.60
78.80
79.10
79.90
81.50
82.30
84.10
85.90
88.10
88.80
88.90
89.20
88.10
87.70
87.70
87.60
88.20
90.30
90.90
91.90
92.20
92.50
93.30
94.10
93.40
92.80
93.30
92.80
93.20
93.80
94.50
93.80
92.50
90.30
89.60
89.20
88.20
88.70
87.60
85.30
83.60
84.70
85.40
86.30
88.30
91.10
93.30
94.90
94.80
94.60
93.20
93.10
93.90
95.50
96.10
96.60
96.30
95.90
95.40
94.20
93.30
92.30
90.00
86.90
83.50
81.40
81.80
81.10
80.10
78.00
76.90
77.30
75.90
74.50
73.70
72.90
71.80
71.50
69.15
68.62
66.51
66.39
66.29
66.74
65.97
66.19
64.44
62.80
62.94
62.40
61.43
61.01
61.71
64.34
66.33
67.89
70.40
71.70
72.50
73.00
73.10
74.10
75.20
76.50
74.20
77.00
83.30
82.70
79.30
84.40
88.80
89.90
89.60
88.80
83.80
82.40
81.50
80.30
78.70
89.50
96.10
94.50
94.80
91.90
90.90
91.20
90.40
91.00
90.90
89.50
91.30
91.60
93.80
94.20
94.00
93.50
94.30
90.50
89.80
89.60
89.50
89.70
90.80
94.00
94.00
95.20
96.30
96.90
96.20
95.20
95.30
95.00
94.90
95.70
94.30
91.20
88.10
85.20
81.90
80.50
81.70
79.40
77.80
76.20
74.00
72.90
68.64
63.42
61.16
63.08
62.97
62.15
60.58
60.99
61.16
59.88
60.35
59.53
58.32
56.31
57.52
56.92
56.36
54.56
54.02
51.61
51.74
51.17
50.70
51.47
50.78
51.42
51.19
52.43
52.60
53.23
53.12
49.51
48.07
53.00
53.76
57.22
61.79
63.49
63.32
63.14
64.95
68.27
69.91
68.40
66.27
60.97
62.14
64.30
65.80
68.67
71.20
75.00
78.80
80.70
82.50
85.30
88.00
87.10
86.00
86.50
87.70
90.30
91.40
90.10
92.60
95.20
91.20
90.60
94.90
93.10
92.70
93.20
95.00
94.80
95.90
96.30
95.80
96.30
96.90
97.30
97.70
97.90
97.80
97.60
96.80
93.70
95.20
93.70
90.50
87.40
85.20
81.40
75.70
75.40
76.60
74.20
74.20
72.00
70.30
68.99
66.72
66.06
64.94
65.36
64.67
62.35
61.22
60.15
58.19
57.61
57.85
58.67
61.90
70.50
69.89
70.90
68.61
65.53
65.08
65.05
69.06
68.19
68.03
67.82
63.60
62.38
63.16
64.53
65.99
64.55
68.51
71.80
74.10
77.60
77.50
79.70
82.80
85.60
85.20
84.20
85.50
87.00
87.70
90.10
91.50
92.30
93.10
93.50
94.60
95.10
95.10
95.50
96.30
96.00
95.30
95.40
95.80
96.60
97.00
97.10
97.30
97.50
97.40
97.20
97.40
97.50
97.70
97.90
98.10
98.20
98.20
98.10
98.10
97.80
96.90
96.70
96.50
97.00
96.10
96.70
97.20
96.90
93.70
91.90
89.40
84.10
77.60
74.80
79.80
79.90
79.50
76.40
75.50
73.00
71.00
74.40
71.50
68.38
73.10
67.67
66.57
65.96
65.46
63.94
63.03
62.72
62.21
62.11
56.74
55.34
57.82
54.57
52.91
53.58
53.23
53.29
56.04
54.09
54.07
54.18
55.02
54.58
56.21
56.16
57.06
63.10
70.10
73.50
73.80
76.20
76.00
77.70
79.80
80.60
84.30
85.40
85.60
88.70
90.30
90.30
91.60
92.70
93.40
93.30
84.50
90.20
93.50
94.90
94.10
93.10
93.50
93.70
93.00
92.70
94.90
95.10
95.00
95.30
95.10
94.70
92.00
91.70
91.60
91.80
93.00
94.30
95.40
95.60
93.30
95.10
96.00
94.80
93.20
92.90
92.40
91.90
91.60
92.90
91.00
85.70
82.50
82.10
80.40
78.50
77.10
75.50
74.50
73.70
72.70
71.90
71.90
70.20
70.20
69.50
68.69
69.36
69.13
68.93
67.41
67.75
66.11
65.88
66.03
65.84
65.39
64.52
66.24
66.97
70.80
72.40
76.80
78.60
86.90
89.90
86.50
89.80
89.00
87.20
85.10
80.10
79.80
79.10
77.70
78.90
80.70
82.60
83.80
85.50
86.50
87.30
87.70
87.90
88.60
89.00
90.10
91.30
91.20
90.70
90.20
90.00
90.00
89.70
90.00
90.30
90.70
91.40
91.80
91.10
91.10
92.20
92.70
92.90
92.20
91.50
91.30
91.70
90.70
89.40
90.10
90.40
89.90
90.50
90.90
90.20
90.60
89.40
89.90
89.80
89.80
89.30
90.70
91.20
92.10
91.30
89.20
88.50
87.30
84.90
82.10
83.30
84.20
87.90
90.10
88.90
88.20
89.30
89.70
88.70
85.30
83.10
82.10
80.60
81.30
80.10
76.40
73.70
72.50
72.90
71.60
71.40
68.77
65.54
63.48
64.12
63.52
60.93
61.19
61.80
61.70
60.74
60.88
61.52
61.33
62.38
62.54
62.66
60.92
62.83
65.16
68.44
69.52
71.70
75.10
77.00
78.90
79.10
78.00
77.10
76.50
78.50
79.10
77.60
83.40
82.30
82.20
82.50
80.10
81.30
80.50
79.60
82.80
87.00
86.90