90.50
92.10
92.20
93.30
94.60
94.90
95.00
94.90
95.00
95.10
93.40
93.40
93.40
93.60
93.90
93.50
93.00
93.40
94.00
93.70
93.70
93.60
93.50
93.30
93.00
91.80
90.00
87.20
85.10
80.50
80.20
78.40
76.90
74.90
74.60
71.80
72.30
72.30
71.50
69.09
67.81
66.67
65.48
64.47
64.64
63.64
63.76
61.31
60.08
60.22
58.86
58.67
57.54
56.08
54.60
54.09
53.58
52.54
52.67
53.65
52.88
50.59
52.86
56.56
59.41
63.66
66.97
66.13
66.90
65.19
65.94
68.17
69.83
72.90
75.40
76.70
75.60
75.70
81.60
80.80
79.40
79.80
79.00
76.80
77.60
78.40
74.50
63.53
63.18
67.20
71.00
70.50
80.30
83.90
84.40
84.50
83.90
81.00
83.50
84.80
84.60
85.90
87.20
83.80
87.00
89.40
92.40
93.30
94.00
94.80
95.30
94.90
93.60
92.60
93.00
93.60
93.70
94.00
94.50
94.60
94.80
94.60
94.30
94.20
94.30
93.20
92.50
89.10
85.10
81.30
77.70
73.80
74.70
71.00
69.09
67.98
67.26
65.38
66.07
64.56
65.52
62.91
63.90
63.13
61.67
60.68
60.42
59.88
59.16
57.08
56.15
55.74
55.37
52.90
51.93
50.69
50.89
49.20
45.48
40.76
45.85
53.20
58.06
57.91
63.20
63.74
56.98
62.78
59.93
61.42
64.96
66.96
66.08
64.36
63.62
56.17
57.48
63.11
75.70
76.70
76.50
77.10
77.60
79.00
81.40
85.20
85.00
83.70
86.40
86.50
88.00
88.20
88.10
88.00
88.80
90.30
90.10
88.40
88.40
90.30
90.30
89.80
89.80
89.80
89.70
90.00
90.30
89.30
91.00
92.20
92.00
91.20
90.00
88.80
88.40
87.20
86.30
87.00
86.40
81.80
81.00
77.30
73.10
70.50
70.60
70.30
67.22
68.80
67.93
65.11
64.70
62.20
61.82
62.97
63.06
63.77
63.64
64.12
63.47
59.09
56.83
55.79
56.58
53.77
55.35
53.65
53.45
52.66
53.13
50.00
50.32
50.84
48.75
47.90
45.92
48.49
49.96
51.83
56.95
61.04
63.90
65.50
66.55
66.18
66.46
66.83
67.99
66.93
64.18
63.23
60.94
61.91
61.92
62.27
59.71
62.40
66.49
63.62
64.72
65.60
65.64
67.98
69.98
70.30
71.10
70.80
71.50
72.50
81.40
87.30
86.10
86.00
87.10
88.00
87.60
88.00
88.50
89.30
89.70
91.10
90.50
91.50
91.80
92.10
92.20
93.20
93.30
93.00
93.30
93.90
94.10
94.20
94.20
94.40
93.60
89.80
87.40
85.30
84.30
82.40
80.40
73.10
65.81
67.14
66.04
65.92
65.66
63.90
64.66
65.55
65.44
64.68
64.83
63.71
63.39
62.94
61.91
62.41
63.13
61.87
61.88
62.09
61.98
60.66
59.94
58.23
57.29
56.03
54.42
52.32
53.65
52.88
54.83
57.28
58.94
61.51
62.61
66.09
69.07
73.40
75.60
75.80
77.00
79.10
79.40
81.60
82.70
81.70
83.00
83.40
83.20
83.80
83.10
84.50
86.70
88.00
88.70
89.80
88.40
89.20
89.70
90.40
90.30
91.60
91.80
93.00
94.00
94.20
91.70
92.30
93.60
94.60
95.10
94.90
93.50
92.00
91.50
90.50
92.80
92.80
92.50
93.80
94.50
94.60
95.00
95.20
95.40
95.60
95.60
95.60
95.70
92.70
86.50
84.80
87.00
84.40
77.30
74.60
71.90
71.70
69.45
67.18
66.02
65.25
61.67
63.32
59.05
55.92
55.73
57.56
55.39
54.11
56.80
58.60
56.82
55.24
53.76
53.32
47.85
52.25
56.85
56.23
55.30
50.49
50.20
49.72
52.31
53.04
52.48
54.29
54.42
55.18
54.82
56.51
56.89
57.52
58.87
62.16
64.70
67.51
71.20
71.30
70.90
81.90
81.10
80.30
79.70
79.90
80.80
80.80
83.50
84.20
86.70
88.70
89.00
90.00
89.00
87.10
86.80
88.20
91.50
93.10
94.60
94.30
94.00
90.90
90.60
89.70
91.00
92.00
92.40
93.50
93.80
94.00
94.20
94.70
94.90
95.00
94.90
93.90
93.40
93.80
94.20
94.60
95.00
95.00
94.30
93.90
91.20
90.80
90.80
89.30
84.80
81.60
79.00
74.50
70.80
69.93
68.91
67.99
68.38
66.05
66.78
66.51
65.35
61.52
61.47
62.78
61.88
61.50
59.71
60.97
60.12
60.10
59.05
60.09
59.72
58.38
58.79
57.16
56.78
57.08
54.98
54.18
49.88
48.10
53.19
56.23
58.26
62.95
68.09
71.10
72.20
73.70
76.60
78.80
80.40
79.30
78.00
78.50
79.00
76.60
76.50
75.30
78.10
81.20
84.50
86.50
84.10
79.50
77.30
77.20
76.10
74.00
73.50
74.50
77.50
79.30
80.40
81.10
79.80
79.00
80.50
82.20
81.90
83.90
84.50
82.80
82.60
83.90
83.30
83.00
83.60
83.60
84.10
85.00
84.20
84.90
83.10
83.50
82.40
81.50
79.10
76.30
77.40
74.30
77.00
77.90
79.70
80.10
80.40
82.70
81.00
79.60
75.00
71.60
70.90
72.80
73.80
71.30
69.86
66.28
64.36
63.48
62.07
56.26
57.81
58.84
60.43
59.07
59.58
58.97
55.74
57.35
57.10
55.81
55.74
55.95
57.79
60.95
63.61
67.48
66.14
68.27
69.87
69.63
70.70
72.30
74.20
75.80
78.70
77.10
80.40
81.40
82.00
87.10
83.00
81.60
78.40
75.30
74.50
76.50
80.60
81.30
80.70
81.10
82.10
82.70
83.10
83.50
83.60
84.50
83.80
83.80
84.50
83.00
82.70
82.70
82.80
81.90
82.40
83.00
84.90
86.60
87.10
88.40
88.20
87.80
87.30
86.00
87.80
88.90
88.90
87.60
87.70
88.00
88.10
88.00
85.60
83.70
83.00
82.10
81.50
81.50
79.70
77.80
76.50
74.30
72.70
70.50
69.77
68.31
68.38
66.95
63.82
64.10
64.75
64.28
62.17
60.01
59.47
57.94
58.19
57.98
57.92
58.60
57.91
57.23
56.42
56.08
56.51
55.69
54.59
53.70
53.97
54.72
55.91
55.81
56.03
56.81
57.03
55.43
56.21
57.96
62.85
65.54
71.80
70.80
74.30
79.40
76.20
83.40
86.30
86.70
89.60
91.50
91.70
91.40
90.50
91.20
92.30
91.80
91.90
89.00
89.60
88.00
87.80
84.10
82.40
83.50
84.80
84.80
85.40
86.80
87.60
88.70
88.50
89.10
87.90
88.50
90.10
89.50
91.20
93.10
94.00
93.50
93.40
94.30
94.50
94.80
94.20
93.90
94.00
94.00
94.40
94.90
93.50
86.30
84.40
82.60
84.20
89.80
94.50
95.80
96.00
95.70
94.90
94.50
94.50
94.90
93.80
94.50
93.70
90.30
89.10
88.90
88.80
86.80
84.50
81.50
79.30
76.20
75.40
75.70
75.40
72.90
71.90
70.30
67.88
65.83
67.65
70.00
72.10
73.50
75.10
77.60
79.30
80.70
82.80
82.20
82.50
84.00
84.10
85.50
87.70
88.50
88.90
89.30
89.90
90.40
90.90
90.60
90.80
91.50
91.30
91.10
88.90
88.00
88.10
88.20
88.10
88.20
88.80
89.90
91.40
91.10
91.00
90.90
91.20
91.80
92.00
91.70
91.40
91.60
92.30
91.80
92.20
91.90
92.00
92.80
92.80
92.50
92.40
93.00
92.90
92.80
93.20
93.40
94.10
94.00
92.40
90.00
85.90
85.60
85.30
82.40
83.10
80.10
77.50
74.60
74.20
74.60
74.30
72.10
70.40
68.54
68.57
67.53
69.24
68.97
67.55
67.78
67.79
68.28
66.65
64.84
62.58
58.42
57.01
67.37
70.20
69.91
72.30
71.20
71.30
72.60
73.70
75.20
81.50
82.10
81.60
82.70
81.60
80.70
81.60
81.70
84.40
85.30
87.50
89.40
90.80
91.50
92.40
92.00
91.30
90.80
90.70
90.70
91.00
92.20
93.20
93.80
94.30
94.20
93.40
93.70
94.30
94.90
95.00
95.20
95.40
95.40
95.50
95.50
95.60
95.40
95.20
95.20
95.20
94.60
94.60
95.00
95.30
95.80
95.80
94.80
94.50
93.70
93.70
94.90
92.10
91.40
90.10
91.20
92.10
93.10
92.90
93.00
92.40
92.60
93.60
94.00
94.00
94.00
93.80
93.20
93.10
92.00
91.60
89.40
87.60
88.20
87.60
87.90
88.90
87.50
88.80
86.20
84.40
83.40
79.20
77.90
75.30
74.90
75.90
74.20
72.70
72.30
71.50
70.80
71.90
69.68
68.50
67.05
66.73
67.22
67.36
67.22
67.73
68.65
70.80
73.10
73.70
76.60
81.80
82.30
81.60
81.90
83.70
83.10
82.70
83.40
85.90
86.80
88.20
88.70
88.80
88.70
89.80
89.00
90.10
91.20
90.70
90.30
89.80
90.00
90.20
89.90
90.20
90.40
89.90
90.70
91.10
90.20
91.40
91.50
92.00
92.80
93.60
93.00
92.90
92.80
93.70
93.70
93.80
94.50
95.10
95.50
95.40
95.20
95.20
95.30
95.50
95.40
95.10
94.40
94.10
93.10
91.20
92.00
92.20
90.40
87.30
82.00
78.30
71.80
73.10
72.80
72.40
70.20
68.24
67.30
67.69
69.91
65.09
65.63
67.68
72.50
82.90
84.60
86.70
86.60
88.60
88.40
89.20
90.70
92.40
93.80
94.50
94.90
95.40
95.50
95.50
95.50
94.80
94.80
94.70
94.80
95.50
95.70
95.40
95.30
94.90
93.50
95.10
95.20
95.00
95.30
95.30
95.00
94.40
94.60
94.80
95.10
95.20
95.10
95.10
95.10
95.10
95.20
95.10
94.40
94.00
93.80
94.90
95.20
95.20
94.60
94.90
94.70
93.90
94.60
94.90
95.00
94.00
94.30
94.90
95.30
95.70
95.90
95.80
95.50
95.50
95.50
95.40
94.90
94.60
95.20
94.70
93.90
93.60
92.60
92.60
91.90
90.30
90.20
87.80
86.00
86.30
81.20
81.20
80.50
76.60
75.20
74.80
76.90
75.60
76.50
74.20
73.80
74.80
73.30
72.30
71.00
69.80
68.30
68.17
68.32
66.87
64.70
64.64
64.32
64.01
63.98
62.77
59.83
61.32
62.40
58.02
62.56
66.56
75.00
76.20
77.20
79.10
81.20
87.60
89.20
89.10
89.90
91.40
91.80
91.60
91.40
92.40
92.50
92.30
91.90
92.30
91.90
92.20
92.30
92.50
92.20
91.40
92.20
92.30
92.40
92.30
90.90
91.20
90.80
91.40
92.90
93.40
93.70
93.90
93.70
93.10
92.60
92.70
92.10
92.90
92.90
93.20
93.20
92.70
92.90
93.30
93.60
93.70
93.70
93.40
93.80
93.80
93.10
92.80
91.50
89.80
89.30
88.80
88.70
87.90
87.40
86.50
85.40
84.00
83.00
81.80
80.70
79.90
79.30
77.70
77.80
76.40
74.10
73.10
71.60
72.40
72.30
76.30
73.20
82.30
90.40
90.20
89.50
85.50
85.10
84.10
82.60
81.00
81.90
84.90
87.00
88.30
89.30
90.30
90.60
90.40
90.40
90.90
92.50
93.80
94.40
94.60
94.90
95.10
95.40
95.60
95.50
95.50
95.60
95.80
95.90
95.80
95.60
95.40
95.30
94.40
93.60
93.90
93.30
93.10
94.20
93.60
93.80
94.10
94.40
94.90
94.70
94.80
95.20
95.40
95.50
95.80
95.80
95.90
96.10
96.20
96.20
96.30
96.40
96.40
96.40
96.20
96.00
96.00
96.30
96.40
96.50
96.60
96.70
96.70
96.70
96.70
96.60
96.20
95.10
92.20
89.40
86.70
84.90
82.80
81.80
80.70
78.90
77.60
78.00
75.40
71.70
69.84
72.20
72.70
73.20
72.00
71.60
67.01
65.14
63.07
60.51
62.20
64.47
66.62
65.03
62.08
77.00
90.00
92.10
92.00
92.80
92.30
92.50
92.80
93.00
92.90
92.10
93.80
94.60
95.00
95.60
95.80
95.80
95.40
94.70
94.80
95.10
95.30
95.20
95.40
95.30
94.60
94.20
93.20
94.30
95.00
94.20
93.70
94.20
95.20
95.80
96.00
96.20
96.30
96.30
96.40
96.40
96.50
96.60
96.50
96.50
96.40
96.30
96.20
96.00
95.80
95.80
96.00
96.20
96.30
96.30
96.40
96.50
96.50
96.60
96.60
96.70
96.70
96.80
96.70
96.50
96.30
95.40
89.70
86.00
85.40
82.80
79.60
76.40
73.90
72.20
71.90
72.30
67.37
66.32
64.30
64.68
63.82
61.88
61.45
60.80
60.53
60.52
59.54
61.81
57.05
57.03
54.33
54.00
52.31
52.32
53.34
59.15
59.15
56.36
51.25
53.09
53.41
53.59
55.95
57.96
59.64
60.17
59.01
59.26
60.26
61.29
62.51
74.40
80.20
79.30
81.20
82.60
81.20
81.70
83.10
83.80
84.90
84.60
84.80
84.90
85.20
85.10
84.60
85.50
87.60
87.40
87.90
88.10
88.40
89.40
90.50
91.40
92.00
91.80
92.20
92.00
91.60
91.60
92.30
90.70
90.50
91.10
91.50
92.70
91.10
89.90
90.00
89.70
89.50
89.90
90.00
90.20
88.80
87.50
86.10
85.60
83.00
83.00
82.30
81.60
81.90
80.20
79.80
78.10
77.30
78.05
78.80
79.55
80.30
81.05
81.80
82.55
83.30
84.05
84.80
85.55
86.30
84.90
82.70
81.90
77.80
77.20
77.80
75.20
71.90
70.10
70.60
71.50
72.00
70.40
69.07
67.37
67.57
67.71
74.30
79.50
80.60
83.00
85.70
85.90
86.70
86.10
86.40
82.50
80.30
81.60
83.70
85.60
88.10
89.80
89.90
89.90
89.50
90.60
91.40
88.20
87.50
88.00
88.40
88.40
88.60
90.30
91.60
92.30
92.80
93.20
93.20
93.10
93.20
93.60
94.00
94.00
92.10
92.20
93.10
93.40
93.80
94.20
94.40
94.50
94.70
94.70
94.70
94.70
94.50
94.30
94.10
94.20
94.10
94.00
93.80
93.50
92.90
92.30
91.10
89.80
88.90
88.00
86.70
85.50
85.10
84.20
82.70
78.90
77.00
75.40
73.40
72.00
69.79
67.52
66.89
66.77
64.29
63.77
62.51
61.51
61.81
61.22
64.33
66.92
69.58
67.69
61.21
58.49
63.17
65.11
67.23
70.70
72.20
71.60
72.90
75.10
77.00
79.50
82.00
83.20
83.60
78.40
83.00
89.60
89.20
87.30
89.90
90.60
91.40
91.50
91.50
92.00
92.40
91.20
91.40
89.30
89.70
90.80
91.70
91.80
92.30
92.10
91.40
91.40
92.20
92.50
93.00
93.10
93.20
93.50
93.80
94.00
94.10
94.20
94.40
94.50
94.60
94.70
94.70
94.70
94.80
94.80
94.80
94.90
94.90
94.80
94.10
91.70
92.00
92.50
92.60
91.00
90.20
89.80
88.50
85.80
82.40
81.80
78.80
77.60
74.80
71.10
66.68
65.56
68.14
67.68
66.01
64.96
66.03
66.33
65.55
64.45
63.85
61.34
59.48
60.53
59.73
56.42
56.57
55.24
56.49
56.52
60.53
61.46
62.12
65.11
64.82
62.01
61.79
63.15
65.70
67.73
69.91
71.30
73.40
76.10
78.70
80.70
81.70
83.20
84.10
84.60
84.90
85.70
84.90
84.60
85.60
86.30
86.80
84.30
84.90
85.50
85.70
85.30
85.60
85.60
85.50
85.80
86.10
85.50
85.30
86.60
87.60
88.40
89.40
89.70
89.90
88.40
89.70
90.50
90.50
91.30
91.70
92.10
92.30
92.00
92.10
92.10
91.70
91.90
92.10
91.60
91.00
91.00
91.40
90.70
90.70
90.30
89.10
85.60
84.40
82.20
78.60
72.60
69.17
68.52
65.95
63.85
63.68
62.76
63.22
61.76
61.92
59.42
61.35
64.13
68.29
69.06
64.76
61.61
58.07
55.79
54.58
54.10
55.00
55.08
55.03
55.88
58.69
54.43
55.63
59.81
60.11
59.36
58.39
57.90
54.16
58.15
65.22
74.00
79.10
83.20
76.80
76.70
76.30
75.20
79.50
81.50
83.40
86.00
84.80
83.20
86.90
84.00
86.00
87.40
87.30
88.10
88.90
88.90
89.60
89.80
90.30
88.70
88.10
87.50
85.00
83.50
84.40
86.90
88.40
85.60
86.50
89.80
91.30
92.30
92.80
93.00
93.00
93.40
93.60
93.50
93.30
93.10
93.20
93.10
93.40
93.60
93.70
93.70
93.80
93.60
92.90
91.40
90.60
88.00
86.70
85.80
84.10
82.40
80.20
78.60
78.10
76.20
76.30
76.60
73.40
73.20
74.50
72.50
71.60
71.90
69.79
68.95
69.23
68.69
67.91
67.09
66.37
65.21
63.79
63.65
63.33
63.84
60.10
59.41
58.38
58.61
61.94
64.79
67.26
72.20
77.90
86.00
87.50
89.80
89.30
87.00
83.90
85.90
85.30
85.70
88.80
88.00
88.20
89.40
90.40
91.20
91.50
92.50
92.80
93.20
93.60
93.80
94.00
94.20
94.30
94.40
94.50
94.50
94.50
94.60
94.60
94.60
94.60
94.60
94.70
94.70
94.60
94.50
94.40
94.30
93.70
92.90
91.60
91.90
90.70
91.50
92.10
92.20
92.70
92.90
92.80
91.60
90.90
92.10
90.80
89.90
87.80
86.10
84.90
84.30
79.70
80.00
78.80
75.30
79.70
82.70
82.30
80.70
79.50
75.20
74.30
72.50
70.60
69.85
67.42
65.84
64.25
63.49
62.65
61.58
61.67
61.53
59.93
58.67
59.05
58.70
58.39
57.39
55.59
56.77
58.54
57.70
62.42
69.04
67.41
67.14
73.10
70.60
71.40
76.50
78.20
78.90
79.10
80.20
83.10
82.00
79.70
82.20
86.60
88.50
89.10
89.60
90.20
89.60
90.10
91.10
91.40
92.10
90.70
89.10
89.90
89.20
89.10
90.10
90.90
91.80
92.20
92.40
92.70
92.50
92.20
92.50
92.70
92.60
92.20
91.70
92.50
93.70
93.90
93.20
93.00
93.40
93.70
94.00
94.10
94.10
94.00
93.90
93.80
91.70
90.30
90.20
89.80
88.50
86.80
83.60
79.90
77.90
75.10
71.50
68.85
70.10
70.20
67.60
66.30
66.98
67.33
68.15
66.16
65.70
65.60
65.37
65.97
65.92
63.55
58.70
60.56
64.91
70.30
74.60
76.80
79.00
81.10
85.70
85.60
90.00
91.50
91.10
90.00
86.70
89.50
89.90
90.60
92.10
91.20
91.30
90.60
90.20
90.70
91.80
91.70
92.20
92.70
92.70
92.00
91.80
92.50
93.20
92.80
92.90
93.40
93.70
94.00
94.20
94.30
94.20
92.70
92.20
90.80
91.20
90.20
89.10
90.50
92.30
93.20
93.40
93.70
94.00
94.10
94.00
93.90
93.80
94.00
93.90
93.90
94.10
94.30
94.40
94.50
94.60
94.70
94.80
94.80
94.80
94.90
94.90
94.90
94.90
94.90
94.90
94.80
93.80
89.70
85.80
82.80
82.00
82.50
80.10
81.10
76.20
76.40
75.50
70.20
73.50
70.00
66.70
65.68
63.89
63.47
61.80
61.39
60.94
60.99
61.78
58.61
58.88
59.92
59.61
61.80
63.98
67.06
71.30
76.50
78.50
77.80
75.70
73.80
74.50
73.80
74.70
75.60
77.20
79.20
79.10
80.10
83.30
84.30
87.10
87.40
88.00
87.40
87.50
88.80
89.40
90.40
90.20
91.00
91.80
90.80
89.80
90.10
91.00
91.00
90.80
91.40
91.40
92.40
92.90
93.30
93.60
93.80
93.90
94.00
94.10
94.20
94.10
93.90
93.00
92.50
92.20
92.30
92.30
92.00
91.90
92.30
92.60
91.50
91.00
91.00
91.70
91.70
92.30
91.70
92.60
92.70
91.90
91.00
90.60
89.40
88.50
88.10
86.90
85.40
83.00
81.10
77.10
73.90
72.70
75.80
73.90
73.20
74.00
72.80
70.30
70.70
68.99
67.91
66.97
64.83
66.60
69.61
72.60
75.80
77.40
78.30
78.00
78.30
77.40
77.00
77.40
78.90
79.70
80.70
82.10
83.10
84.10
85.50
86.40
86.50
87.30
87.60
88.90
89.90
89.90
90.50
91.60
91.70
91.70
92.60
92.40
91.10
89.60
88.70
89.30
90.30
90.60
89.00
88.30
88.00
88.40
88.50
89.20
89.60
90.20
90.10
90.10
89.60
89.80
89.40
90.10
91.10
91.20
90.80
91.30
89.90
89.50
90.70
90.90
91.30
91.30
91.00
90.00
90.30
90.60
91.40
92.00
92.20
89.70
90.00
90.20
90.20
89.70
89.20
88.40
87.20
86.10
86.30
85.70
84.40
79.70
79.20
78.80
79.20
78.70
75.80
75.90
74.60
73.70
73.60
73.20
71.30
70.30
69.49
68.40
68.37
68.20
67.50
67.95
67.45
68.19
78.30
90.20
92.70
92.30
92.70
93.20
93.60
93.80
94.00
94.20
94.20
94.10
93.90
93.80
93.70
94.00
94.10
94.20
94.20
94.00
93.90
94.00
93.50
93.20
93.30
93.40
93.50
93.80
94.00
93.60
93.50
93.80
94.10
94.40
94.50
94.50
94.50
94.50
94.40
94.40
94.20
92.20
92.60
93.50
93.90
93.40
93.20
93.40
93.90
94.00
93.90
93.20
92.70
93.20
92.70
92.50
92.70
93.20
93.60
93.80
94.00
93.80
91.70
91.90
92.10
92.80
91.70
92.00
90.30
87.60
88.40
86.90
83.80
80.50
78.70
78.70
78.00
77.90
77.10
76.30
76.40
74.80
74.50
75.10
76.70
72.80
71.20
69.24
68.78
70.70
73.70
70.40
68.98
67.42
66.07
68.08
68.04
67.57
69.59
70.10
69.56
68.87
67.83
69.32
71.90
75.70
77.00
77.50
75.80
77.90
79.40
80.00
81.20
83.90
87.60
88.90
86.70
86.80
87.60
88.30
88.80
88.90
90.10
89.60
90.20
90.90
91.70
91.60
91.20
91.60
92.10
92.30
92.70
93.00
93.20
93.10
93.00
93.00
92.70
92.40
92.40
92.30
92.10
91.80
92.30
92.50
92.40
92.10
92.00
92.00
91.80
91.90
92.80
93.70
94.00
94.00
94.20
94.20
94.30
94.30
94.30
94.30
94.40
94.40
94.40
94.10
93.60
93.30
93.30
92.00
91.30
89.40
88.00
86.80
84.80
82.60
81.60
80.90
79.70
77.40
75.40
73.30
72.40
78.70
88.50
91.60
93.00
93.30
93.60
93.60
93.80
93.20
92.90
93.50
93.90
93.90
94.10
94.00
93.60
93.70
94.10
94.20
94.20
94.20
94.10
94.00
93.70
92.90
93.20
93.80
94.20
94.40
94.40
94.50
94.60
94.60
94.70
94.70
94.70
94.80
94.80
94.80
94.70
94.60
94.50
94.50
94.50
94.00
93.90
94.00
94.10
94.10
93.60
93.50
93.60
93.70
93.90
94.10
94.20
94.30
94.30
94.10
94.00
94.10
94.10
93.80
93.90
93.60
93.60
93.60
93.60
93.90
93.60
93.00
93.30
93.60
93.80
93.80
92.80
92.70
92.40
92.10
90.80
89.00
86.60
84.40
81.50
80.20
80.80
79.60
78.90
78.30
76.10
76.50
75.40
77.40
81.60
81.80
78.70
77.60
76.80
81.80
81.80
82.30
87.00
87.80
87.40
85.60
84.90
87.50
86.90
88.60
89.90
89.50
89.70
89.30
90.20
91.90
91.70
89.40
88.80
89.70
91.30
92.70
93.50
93.80
94.10
93.90
93.10
93.10
93.60
94.00
94.40
94.60
94.70
94.60
94.50
94.60
94.70
94.70
94.60
94.40
94.20
94.10
93.90
93.80
93.80
93.60
93.40
93.20
92.80
92.90
93.20
93.40
93.30
93.20
93.30
93.00
92.70
92.80
93.00
92.70
93.10
93.00
92.90
93.00
93.00
92.50
92.60
92.70
93.00
92.50
91.80
91.20
90.20
90.40
90.80
90.80
89.40
88.40
86.70
83.00
81.30
80.30
77.70
77.10
75.40
75.00
73.20
72.30
73.30
74.00
78.30
84.80
85.40
86.00
85.90
87.60
79.80
76.90
67.72
66.45
65.76
65.38
66.37
66.18
67.30
65.01
64.62
65.56
66.29
64.83
65.34
69.01
70.50
70.90
73.60
77.60
82.40
85.70
86.90
86.10
87.00
87.20
87.90
89.90
90.30
91.00
91.80
91.80
92.00
91.70
91.30
90.80
90.60
90.30
91.10
91.90
92.30
92.30
92.60
92.60
91.20
91.00
91.50
91.70
91.50
91.60
91.50
91.80
92.10
92.40
92.70
93.10
93.20
93.30
93.50
93.60
93.50
93.50
93.30
93.40
93.60
93.90
94.00
94.00
94.10
94.10
93.90
92.90
91.20
89.80
87.10
86.10
84.70
83.00
80.30
77.50
77.00
76.50
76.00
74.10
70.20
57.68
73.20
71.10
69.50
70.10
68.22
66.36
64.47
63.80
64.22
63.98
60.74
60.74
59.05
58.77
60.07
62.02
56.53
59.18
60.13
68.61
73.20
65.42
64.78
64.94
68.13
70.90
70.80
73.50
77.70
79.10
80.20
78.30
81.70
83.00
81.80
83.60
83.20
86.00
83.30
82.60
87.80
89.00
87.40
86.70
88.60
90.70
90.60
91.80
92.30
92.60
93.30
93.60
92.60
92.50