96.50
96.80
96.70
96.50
96.40
96.20
96.00
96.90
97.10
96.30
96.20
95.90
95.30
95.20
95.30
95.10
95.30
94.90
95.30
94.70
95.30
95.70
95.70
95.80
96.90
97.10
96.70
96.50
95.90
94.00
93.80
93.30
93.10
92.20
91.30
90.90
90.70
90.80
88.90
87.70
87.30
85.70
83.60
81.80
80.70
79.40
79.30
79.30
77.20
82.00
83.50
83.60
84.90
85.80
86.40
86.90
86.60
85.60
85.90
86.80
87.30
86.50
84.70
86.00
87.30
87.80
87.70
87.30
88.40
89.00
89.80
90.70
91.60
91.80
91.60
91.90
92.00
91.90
91.30
91.30
91.50
91.80
92.20
92.50
92.90
93.00
91.50
90.40
88.80
86.50
86.50
86.90
87.40
88.30
88.40
88.30
88.50
87.60
86.00
85.30
84.10
83.80
84.20
86.40
90.80
92.50
91.00
89.50
89.70
90.10
91.00
89.40
85.50
83.10
80.40
78.70
78.90
77.70
76.70
75.00
76.40
76.40
76.10
75.70
75.60
77.60
77.90
76.80
76.80
74.90
74.20
72.70
72.30
71.50
71.00
68.86
67.61
67.18
66.32
67.00
67.24
67.92
66.33
64.77
64.45
63.01
62.96
63.55
63.21
63.78
64.18
65.85
68.62
68.41
68.59
69.40
67.49
66.77
69.23
66.50
67.94
67.56
68.91
71.90
73.90
76.60
79.40
82.10
82.40
82.90
83.70
84.60
84.60
86.40
85.60
86.20
87.10
89.00
89.80
89.40
88.30
89.20
89.60
90.70
91.00
92.00
91.00
91.70
92.00
93.10
93.30
93.20
92.90
92.40
93.70
94.20
94.50
93.60
93.80
94.20
93.30
91.70
90.90
90.90
91.10
91.40
90.50
90.00
89.80
91.30
91.10
90.40
89.60
89.40
89.60
89.90
91.40
91.70
90.90
90.10
88.50
85.50
83.80
81.10
78.20
75.80
73.60
72.30
70.30
69.56
69.12
68.92
68.18
66.23
64.52
63.92
64.58
62.70
62.51
60.57
60.45
59.78
59.14
58.17
59.39
57.71
57.82
57.10
56.00
55.42
55.51
55.45
55.54
55.91
56.25
56.77
57.23
57.38
58.55
59.37
61.47
65.22
69.20
73.80
77.90
81.60
78.50
80.40
84.70
85.70
86.00
86.00
87.00
85.40
83.40
85.80
88.00
90.10
90.80
91.40
91.80
90.10
91.40
92.00
91.50
91.00
91.70
91.90
91.90
92.40
92.60
94.00
94.70
93.80
94.20
94.70
94.40
94.90
96.00
96.00
94.90
93.80
94.10
94.70
94.40
93.90
94.50
94.00
93.90
94.60
94.60
94.60
95.40
95.90
94.90
93.30
92.20
90.00
87.90
87.00
83.90
80.40
75.90
73.60
71.50
69.41
66.23
65.82
65.61
64.00
63.83
62.23
61.42
61.90
59.24
59.27
58.68
57.90
55.57
57.78
57.57
55.48
55.97
55.22
55.07
53.79
54.33
54.94
55.91
56.18
58.35
58.81
59.18
61.35
65.54
67.44
69.06
71.00
72.70
74.70
76.10
76.10
77.40
78.70
81.20
81.70
84.00
82.00
81.40
82.10
83.40
84.00
82.40
80.40
80.80
82.00
83.90
84.80
86.10
87.20
89.40
90.90
90.40
90.40
89.80
89.90
89.30
89.30
89.30
88.70
88.20
87.50
88.50
88.90
89.40
89.70
89.90
90.10
89.50
88.60
88.70
89.80
90.00
90.80
91.00
90.70
90.90
91.30
92.00
92.60
92.60
92.30
91.60
90.80
88.80
87.40
85.80
83.70
81.60
79.70
77.50
75.80
73.90
71.70
71.10
71.10
70.70
68.91
66.23
63.53
62.42
59.94
61.80
60.99
59.97
61.06
61.90
59.65
60.96
62.09
61.85
60.67
61.75
62.70
64.72
66.89
67.82
69.52
69.38
70.70
72.60
73.40
74.10
74.70
75.40
77.10
78.80
80.00
80.90
81.60
81.40
79.90
80.50
82.20
82.60
82.00
82.30
81.80
81.70
82.10
84.00
85.00
86.20
87.20
88.20
88.90
89.70
90.30
90.90
91.10
91.10
90.80
90.70
90.80
90.60
91.40
91.60
91.80
91.70
91.30
92.20
91.50
92.20
92.90
92.70
93.60
93.40
93.50
93.60
95.30
95.20
96.00
96.80
97.10
96.30
94.60
92.20
91.70
89.80
85.60
83.10
76.90
78.40
79.20
78.40
76.40
74.20
73.40
72.10
70.00
69.46
67.00
64.53
63.04
62.76
62.45
61.70
60.26
58.67
55.76
54.42
55.19
54.35
55.48
55.15
56.06
55.23
55.61
54.47
54.44
54.33
52.35
53.48
55.59
53.67
53.18
56.79
57.12
58.24
63.14
66.53
68.13
68.73
68.46
68.69
69.74
72.70
75.20
76.50
76.60
73.90
74.30
74.30
78.30
75.60
75.30
75.30
75.90
76.30
78.20
80.40
82.50
82.90
82.50
80.80
83.10
84.10
85.90
87.00
85.90
85.60
85.30
84.80
85.30
85.60
87.00
87.80
89.50
89.60
90.20
90.30
90.20
89.80
89.60
89.50
90.30
90.80
92.30
93.40
92.10
91.90
91.00
87.70
86.00
86.80
85.60
84.40
84.30
82.10
76.00
75.50
71.80
71.80
70.40
67.50
67.08
65.58
63.04
62.79
62.73
61.74
60.73
58.95
56.63
56.15
56.14
57.82
57.28
56.25
55.37
56.50
54.43
52.75
52.86
53.75
53.20
52.51
51.07
52.63
54.53
53.20
53.90
54.97
56.64
57.49
59.10
61.20
64.61
65.89
65.87
68.02
70.60
74.20
74.10
74.10
75.90
77.60
80.80
82.00
83.00
83.40
84.20
84.80
85.90
85.70
86.60
87.40
86.30
85.60
85.20
85.60
86.80
86.60
88.20
89.00
90.00
90.30
90.10
90.00
89.30
89.80
90.50
91.90
93.30
93.90
94.20
94.70
95.30
94.80
94.00
94.00
92.30
91.10
88.70
88.30
89.80
91.00
92.60
93.70
94.30
93.30
90.40
88.00
86.70
83.90
80.40
79.00
78.90
76.40
75.40
74.30
72.60
69.15
67.20
65.56
65.73
64.85
64.70
62.74
61.69
63.29
60.17
61.08
60.87
62.79
65.28
66.53
68.36
73.10
78.10
79.90
79.80
78.80
79.10
79.00
80.10
81.00
81.80
84.40
85.90
86.40
87.70
89.40
90.00
89.80
88.60
87.80
88.30
88.70
89.00
89.50
90.30
91.30
92.10
93.00
93.80
94.60
94.90
95.00
95.20
95.90
96.30
96.20
96.10
96.40
96.70
96.60
96.70
97.00
97.20
97.20
97.20
97.10
96.90
96.90
96.90
97.10
97.60
97.80
97.90
98.00
98.10
98.20
98.30
98.30
98.10
97.80
97.70
97.70
97.60
97.60
97.70
97.80
97.90
98.00
97.80
97.50
97.20
95.80
94.80
93.40
92.70
91.20
87.40
84.30
82.60
79.90
79.40
80.40
80.50
77.70
76.90
75.10
72.80
72.40
73.80
74.80
72.50
69.28
67.81
68.94
69.57
70.60
72.60
77.50
76.40
76.50
75.90
73.50
73.90
72.50
73.90
73.30
72.30
72.60
72.10
73.10
75.80
78.30
79.80
80.40
81.50
82.50
83.40
83.70
85.00
87.10
86.90
87.60
87.50
87.70
87.60
87.90
87.90
88.90
90.00
90.70
90.90
90.40
91.40
92.40
93.70
94.50
95.30
95.90
96.30
96.40
96.60
96.70
97.00
97.30
97.50
97.40
97.40
97.60
97.70
97.90
98.00
98.10
98.20
98.30
98.40
98.50
98.60
98.60
98.70
98.70
98.80
98.80
98.70
98.70
98.50
98.40
97.40
97.00
97.10
96.70
93.20
88.90
86.50
82.30
80.00
81.60
79.90
77.30
74.10
71.90
71.90
69.72
72.20
70.90
68.68
70.70
68.83
68.34
65.09
66.60
67.15
66.71
67.11
66.18
68.24
69.34
70.50
71.00
71.60
74.10
76.70
78.10
77.10
76.50
77.50
79.60
80.60
82.60
84.50
84.10
83.70
83.80
84.10
85.20
86.70
87.80
88.70
89.50
90.10
91.20
91.20
90.60
90.80
90.70
91.30
91.80
92.60
92.80
93.10
93.10
93.40
94.10
94.50
94.70
95.00
95.20
95.00
95.30
95.80
95.80
96.00
96.20
95.80
95.60
95.80
95.60
95.00
95.10
95.00
94.80
95.20
95.50
95.90
96.10
96.30
96.60
96.90
97.10
97.00
96.90
97.00
96.00
95.20
94.30
93.50
92.50
90.20
88.50
86.50
85.20
83.60
81.80
79.30
77.30
76.00
74.90
73.30
71.20
68.94
68.92
67.53
69.85
70.10
68.67
64.01
66.71
69.26
67.30
66.69
65.75
62.45
62.78
62.25
63.34
62.50
63.47
66.97
66.98
67.46
68.35
72.90
78.00
80.20
80.90
81.40
81.80
81.80
82.10
82.90
83.80
84.80
85.50
78.10
72.90
71.00
74.00
78.40
82.60
84.60
85.50
86.10
87.80
88.40
88.90
89.80
88.90
89.20
90.50
91.60
92.30
92.90
92.90
92.80
93.20
93.30
94.00
94.40
94.40
94.50
94.10
94.00
93.90
94.10
93.90
93.90
93.90
93.80
93.20
93.40
94.00
94.30
94.40
94.00
93.50
93.40
93.80
93.70
93.40
92.10
91.40
91.10
89.60
88.60
87.40
85.90
85.60
84.60
85.00
83.70
83.10
81.70
81.10
80.40
81.00
80.80
81.30
81.50
83.40
83.40
82.60
82.20
81.10
80.90
80.60
82.20
82.30
79.90
79.80
79.10
79.50
79.20
79.80
80.90
81.80
82.20
84.00
85.80
87.00
88.30
89.40
90.10
89.90
89.30
89.30
90.40
91.60
91.50
91.40
91.00
91.30
90.80
91.20
91.70
92.10
92.60
92.90
93.70
94.20
94.90
95.30
95.80
96.10
96.20
96.50
96.60
96.60
96.70
96.70
96.90
96.70
96.80
96.80
96.90
97.20
97.30
97.40
97.50
97.40
97.10
96.80
96.80
96.80
96.20
95.70
95.40
95.20
95.30
95.30
96.00
96.20
96.00
96.10
95.60
94.80
93.90
92.90
90.80
87.50
86.90
86.60
85.60
83.20
80.70
79.20
76.90
76.20
76.10
74.60
73.10
72.20
69.94
70.20
67.58
64.52
63.65
67.78
67.01
60.88
59.56
58.38
68.61
70.30
66.60
71.40
72.20
69.76
72.00
71.60
71.30
71.40
72.20
72.20
73.50
75.70
78.00
80.20
82.70
83.30
83.70
84.90
86.20
86.20
85.30
84.70
85.40
84.80
84.80
84.50
84.10
85.10
86.80
88.20
88.20
88.20
89.20
89.50
91.00
92.00
92.60
92.90
93.80
94.30
94.60
94.70
94.90
95.20
95.20
95.30
95.60
95.90
95.50
95.20
95.70
95.90
96.00
96.10
96.10
96.20
96.20
96.00
96.40
96.70
97.00
97.20
97.60
97.80
98.00
97.90
97.30
95.80
92.90
91.10
90.20
91.30
89.90
85.00
80.40
77.70
76.50
77.00
74.00
71.70
70.80
70.30
69.86
70.40
70.40
68.45
66.24
64.59
64.12
63.50
64.08
63.71
63.78
64.57
64.06
62.44
60.08
60.16
57.88
59.47
60.00
61.26
59.50
61.52
63.23
65.21
67.71
70.20
71.90
74.40
76.90
78.50
76.80
76.40
77.70
79.60
80.80
82.00
83.20
83.90
85.70
86.50
86.10
86.20
86.00
87.70
88.80
90.40
90.80
90.30
90.30
90.70
91.60
92.40
92.50
92.20
92.30
92.50
92.70
92.30
92.60
93.10
92.20
92.80
93.70
93.90
93.50
93.60
94.50
94.80
94.70
94.40
94.80
95.00
95.30
95.40
96.00
96.60
96.70
96.90
96.90
96.30
95.00
93.10
90.90
88.30
85.70
83.30
82.70
79.60
77.70
75.90
73.30
71.10
70.50
68.66
66.02
65.59
65.98
65.88
63.27
59.02
57.11
56.54
54.92
56.19
57.12
54.31
53.68
53.05
53.48
53.45
52.74
53.36
54.62
52.76
54.65
53.79
53.27
54.27
53.95
54.99
58.13
60.05
64.28
70.80
72.50
73.10
69.35
67.32
65.76
61.93
59.10
59.18
57.48
58.39
64.03
75.90
75.10
69.79
71.10
72.00
72.70
72.80
77.30
83.80
87.20
84.20
83.00
81.70
82.10
81.90
82.90
82.90
82.80
85.60
86.30
87.60
89.40
90.80
90.80
91.10
91.20
91.60
91.90
92.50
92.90
91.70
91.60
91.10
91.30
92.10
93.20
92.60
92.20
93.30
94.40
94.80
94.00
92.80
92.20
90.80
88.10
84.70
82.00
78.70
76.40
73.30
70.80
69.89
68.48
67.96
66.98
66.51
66.64
64.87
63.51
62.78
61.43
61.00
61.52
61.40
63.46
65.39
67.86
70.80
84.60
93.70
93.60
93.50
93.30
92.00
91.50
91.00
90.20
89.80
89.50
89.90
90.30
88.60
88.20
87.90
87.50
87.40
87.50
87.50
88.30
88.30
88.40
88.90
89.00
89.90
90.40
91.00
91.00
91.30
91.00
90.40
91.40
93.60
95.30
95.80
96.30
96.70
97.40
97.50
96.90
95.20
95.40
95.80
95.70
95.60
96.20
97.30
97.80
98.00
97.60
97.30
97.30
97.40
97.70
97.90
98.10
98.20
98.30
98.60
98.90
99.00
99.00
99.00
99.10
99.20
99.20
99.20
99.00
98.40
96.30
92.80
90.90
88.80
86.40
84.20
82.80
80.40
78.90
77.10
75.00
73.70
72.20
70.10
68.57
68.54
67.92
65.08
66.75
65.35
65.85
64.90
65.16
63.01
61.46
62.51
61.98
61.55
60.41
60.60
60.68
61.74
61.40
60.93
60.99
60.13
58.75
60.25
63.08
65.05
67.16
70.60
71.40
72.40
75.30
78.00
77.10
79.40
82.10
84.20
85.80
87.40
88.30
88.70
89.00
88.60
85.80
86.60
89.10
89.60
90.70
91.20
91.20
90.00
89.90
89.10
88.00
86.90
85.80
86.10
86.40
87.00
86.50
86.80
88.10
88.30
87.20
87.00
87.10
88.00
89.50
91.10
92.00
92.30
93.10
94.30
95.50
96.40
96.90
97.10
97.30
97.60
97.90
98.10
97.60
93.90
91.10
88.70
86.70
85.40
84.40
84.50
82.10
80.00
77.80
76.40
74.60
73.20
72.40
67.84
66.98
64.84
63.80
60.66
59.39
57.73
55.21
55.69
54.26
54.30
53.04
54.17
52.31
51.21
51.03
50.76
51.05
49.08
49.90
51.22
52.60
52.77
53.88
54.70
55.67
57.00
58.51
61.70
63.01
66.10
68.10
68.76
68.95
68.82
69.08
69.29
67.72
68.10
69.47
70.30
70.50
73.20
74.50
75.60
74.30
73.30
73.80
74.30
75.00
76.00
78.10
79.70
79.80
80.30
81.50
82.20
82.80
83.00
83.20
84.50
84.30
85.40
85.50
85.30
84.90
84.60
84.70
85.50
85.50
85.50
85.90
87.80
90.30
91.40
92.60
93.00
93.90
94.90
96.00
96.40
94.80
89.90
90.30
90.20
88.20
83.80
83.60
82.60
80.20
76.60
75.20
73.80
72.50
71.40
68.46
68.86
66.73
63.84
63.80
63.78
60.62
58.87
58.15
57.74
55.71
54.08
52.93
55.16
54.41
52.81
54.65
55.39
54.31
54.17
54.93
54.94
52.85
54.16
55.23
57.35
58.13
58.83
59.09
60.80
61.58
64.10
66.28
69.25
70.20
70.90
71.50
72.60
72.50
72.60
74.40
73.70
74.40
74.40
74.30
75.80
75.10
75.10
75.70
77.20
78.60
80.10
81.80
82.60
83.50
83.60
82.60
82.30
83.00
85.50
86.90
89.30
91.60
93.20
94.00
94.50
94.10
94.00
94.70
94.60
93.80
93.70
92.00
90.50
91.20
92.80
92.60
91.90
91.30
93.30
95.90
97.20
95.30
89.40
85.40
79.80
78.10
78.50
76.40
74.80
73.40
70.40
70.10
68.85
68.45
66.78
65.12
62.41
62.26
61.88
60.08
58.79
57.36
55.63
55.37
52.65
51.96
52.40
51.14
50.83
51.03
50.46
50.30
49.99
50.29
48.83
50.24
49.39
48.57
47.73
48.31
48.98
51.51
52.15
52.39
54.41
56.80
59.16
62.97
65.11
65.06
67.71
64.13
62.03
60.13
61.96
64.46
65.11
66.22
68.67
70.00
72.40
74.10
77.00
78.80
76.30
76.00
76.70
78.40
79.00
80.70
82.80
83.10
84.30
84.20
82.60
84.40
86.70
88.50
88.90
90.10
90.70
91.70
92.90
91.40
92.20
93.50
93.00
91.40
90.90
90.70
90.80
90.70
90.90
91.30
91.40
90.50
88.70
88.00
85.40
82.80
78.40
76.60
76.00
74.50
71.90
70.40
67.69
64.84
64.59
62.90
60.75
58.76
56.47
55.06
52.86
52.29
49.73
49.23
48.40
49.14
47.55
47.14
46.78
47.36
46.19
45.98
45.91
46.01
44.86
44.82
45.27
44.76
44.95
46.66
48.28
49.53
51.62
53.90
56.45
58.71
62.34
63.42
62.46
62.06
63.27
61.55
62.06
64.16
66.18
64.37
63.00
61.81
63.40
63.62
65.21
64.83
66.58
67.36
68.27
67.33
67.14
68.14
68.23
67.25
67.95
68.85
69.47
69.72
73.60
76.90
80.20
82.50
84.60
87.50
88.60
90.80
91.40
91.90
92.80
93.70
93.00
93.40
93.50
90.40
86.50
86.30
87.10
89.30
89.80
88.30
90.20
90.40
87.70
88.70
86.70
82.50
76.90
75.30
72.90
71.40
71.10
68.73
66.84
64.00
62.53
61.02
58.81
60.43
58.06
56.99
54.65
53.60
52.91
51.47
52.18
51.19
50.33
49.06
48.67
49.02
47.95
47.65
47.63
48.45
46.91
45.70
45.37
45.40
44.88
45.37
46.16
48.40
50.71
51.45
51.49
53.53
53.96
53.90
52.31
52.45
52.37
52.44
55.61
65.42
69.90
61.42
61.73
58.87
56.85
54.22
51.07
50.56
53.59
56.78
59.21
61.57
64.50
64.90
68.67
69.87
72.90
76.80
77.70
78.50
77.30
76.70
75.50
71.40
73.90
72.60
72.20
79.10
82.50
86.30
91.00
93.50
95.70
95.50
94.40
94.30
95.30
95.70
95.30
94.40
92.90
91.40
91.90
92.10
93.10
92.40
88.60
86.30
83.60
83.20
79.70
77.20
76.60
71.40
69.76
70.20
64.99
61.81
60.59
54.86
53.99
55.00
52.91
53.10
49.42
50.63
49.47
46.10
47.58
47.29
45.35
45.44
45.05
43.60
42.14
39.85
39.91
39.77
38.61
36.46
37.17
38.10
39.52
42.80
46.45
44.80
43.86
44.20
49.39
49.87
53.77
55.84
54.95
50.34
49.42
52.55
47.77
40.33
42.11
37.34
39.36
57.39
59.89
51.66
62.80
47.29
47.11
67.42
76.00
74.50
72.50
83.20
85.90
87.80
87.70
90.70
92.90
93.10
89.10
93.00
93.70
92.30
89.00
89.60
90.40
91.10
92.20
94.10
94.30
94.20
95.10
96.20
96.80
97.10
97.40
96.50
93.60
90.70
92.60
91.40
90.90
90.20
88.80
86.70
85.10
81.80
78.20
72.50
71.80
69.06
64.89
61.37
58.39
55.39
56.47
55.61
47.91
47.42
46.23
45.65
44.72
46.91
48.79
46.14
43.13
41.66
39.97
36.84
37.64
33.44
30.68
32.42
33.71
38.04
41.84
42.48
40.98
39.89
36.00
35.76
39.55
41.10
41.59
40.81
42.77
42.63
48.77
46.51
45.09
45.90
46.32
48.62
41.44
41.40
44.55
44.02
46.14
46.71
54.41
61.05
57.17
59.67
60.09
60.90
64.57
70.90
75.80
77.00
76.40
77.20
75.20
78.10
81.40
84.30
82.80
82.40
83.50
85.40
86.20
85.80
86.50
83.70
89.10
93.50
95.30
94.60
93.50
93.10
91.60
89.50
92.20
93.40
91.40
91.40
91.20
92.30
93.50
93.70
92.30
89.50
88.20
86.10
82.00
79.80
75.60
71.10
70.60
68.28
65.85
61.65
59.52
52.24
49.58
49.75
48.49
48.48
44.93
46.07
44.50
45.06
51.43
53.45
57.50
55.60
55.39
54.04
52.60
51.44
51.29
49.15
48.07
48.98
47.95
48.87
49.18
49.51
50.49
51.81
54.54
55.77
56.01
55.07
55.42
57.94
62.44
64.71
64.55
65.39
66.54
63.26
64.82
65.92
66.99
69.54
70.40
72.00
73.50
74.40
73.10
71.80
69.90
75.20
76.60
74.10
74.80
75.20
79.10
81.10
80.90
80.70
85.90
86.50
85.20
83.20
79.00
75.80
75.30
74.60
79.20
82.20
79.50
82.50
84.20
85.50
87.50
89.00
89.30
89.30
93.50
94.60
95.30
95.80
95.90
95.50
95.60
95.80
95.20
89.60
88.50
89.70
87.40
84.70
81.40
71.70
63.52
60.57
61.57
59.53
58.82
60.09
59.14
58.27
57.68
56.67
56.34
55.21
55.80
55.59
55.32
54.66
53.97
53.76
51.34
51.04
48.97
49.46
50.84
52.14
54.85
55.33
55.20
57.56
57.24
60.21
61.91
61.75
63.70
65.75
67.99
68.07
68.66
68.50
69.71
71.50
73.80
77.40
77.70
78.00
75.50
76.60
78.20
80.00
80.00
83.00
85.50
84.40
84.90
84.80
85.40
82.30
78.80
79.10
79.30
77.10
76.10
77.70
78.60
79.40
82.10
84.20
85.90
90.60
94.70
95.30
93.80
94.40
95.20
94.50
95.50
94.40
92.30
91.50
91.80
91.50
90.00
88.70
87.50
85.60
86.40
83.30
81.30
79.30
74.60
75.10
75.10
73.50
73.20
70.20
68.66
67.18
67.05
65.45
64.54
64.12
63.94
63.18
60.38
59.38
58.35
58.21
56.19
52.43
51.47
50.45
50.44
57.58
58.11
56.81
59.22
61.48
60.75
60.53
62.13
64.72
65.85
66.32
67.68
69.59
70.66
70.98
72.23
73.29
74.98
76.88
77.92
80.02
79.74
79.65
79.79
79.57
80.70
81.87
82.37
81.70
81.03
81.00
80.90
80.80
81.30
80.60
81.00
81.07
80.93
81.03
81.03
81.73
82.60
83.67
84.53
85.07
85.33
86.17
87.77
87.63
87.47
88.67
89.03
89.77
90.77
90.47
90.03
90.00
89.23
88.53
88.03
87.03
86.07
85.50
86.13
87.13
87.10
87.73
89.00
89.60
90.30
90.33
90.33
90.00
89.80
88.93
88.37
88.13
87.37
86.63
85.10
82.30
80.75
79.57
78.49
77.09
75.90
74.88
72.60
68.80
68.61
67.73
66.57
66.08
64.65
64.41
62.42
61.59
59.81
59.03
58.96
58.77
57.86
58.92
59.40
58.65
59.31
60.34
60.78
62.15
62.91
64.66
65.54
67.41
72.01
73.05
74.12
76.06
75.45
75.40
75.28
76.52
76.89
77.72
77.10
77.08
77.52
78.93
78.60
78.99
78.93
77.26
77.36
77.65
78.41
79.11
80.30
81.31
82.31
83.07
83.55
84.44
85.07
85.25
85.20
85.60
85.80
86.17
86.77
86.94
86.84
86.60
88.57
90.77
91.10
91.43
92.03
92.17
91.27
91.23
91.53
91.83
91.53
91.43
90.97
91.60
92.20
90.33
89.93
89.73
89.50
88.00
84.90
81.77
79.17
76.94
75.92
75.25
74.18
72.66
71.27
70.30
68.58
67.84
67.13
65.51
64.15
63.24
62.43
61.77
61.71
61.43
61.33
61.77
61.74
61.91
62.33
62.94
64.93
66.54
67.27
67.79
68.25
69.01
69.34
69.35
70.31
70.85
71.86
73.66
75.52
77.28
78.35
79.68
80.90
80.95
81.30
81.03
81.07
81.60
82.10
82.63
83.30
83.63
83.73
84.03
84.87
85.57
85.97
86.13
86.10
85.83
85.20
85.37
85.43
85.27
85.20
85.07
85.47
86.13
86.63
87.13
87.83
88.53
89.23
89.57
89.40
88.90
89.20
89.57
89.77
90.07
90.47
91.40
91.87
92.27
92.17
92.03
91.73
91.63
91.10
91.03
90.20
89.80
89.77
88.63
87.67
85.40
82.80
81.43
80.50
79.03
77.10
77.61
76.94
74.29
73.31
72.73
70.72
70.18
69.77
68.85
66.86
65.57
64.71
64.30
63.38
62.63
62.90
61.22
61.86
61.56
61.13
61.23
60.97
61.37
61.41
62.17
62.83
63.52
64.41
65.21
65.90
66.35
68.40
69.43
70.03
69.76
70.46
70.35
71.36
72.22
74.02
74.49
76.06
76.16
76.92
76.12
77.44
77.05
77.87
77.85
78.93
79.37
80.22
79.97
79.75
80.07
80.73
81.57
82.03
82.80
83.87
85.17
86.00
86.13
87.27
87.33
86.83
87.77
89.00
89.53
89.90
90.10
90.50
91.23
91.67
91.70
91.40
91.43
91.60
91.40
91.70
92.57
93.07
92.87
92.67
92.53
92.87
92.40
91.03
89.63
87.20
85.80
84.17
82.97
81.33
80.33
78.90
78.87
78.20
77.27
75.16
72.91
72.05
70.90
69.93
69.04
66.98
67.21
66.00
64.54
64.37
62.88
61.94
61.26
60.69
59.79
60.24
59.57
58.82
58.87
59.39
59.25
59.37
58.02
56.73
57.99
59.67
61.51
63.05
64.49
66.50
68.74
69.42
71.45
71.41
70.70
71.99
74.57
76.12
77.53
78.73
79.80
80.53
81.43
82.87
82.63
82.53
83.40
83.93
84.07
84.77
85.23
84.53
84.23
84.73
84.80