90.60
92.20
92.60
94.60
97.00
97.10
96.80
97.80
97.40
96.60
97.20
98.20
98.30
98.10
97.90
98.00
98.00
98.10
98.10
98.10
98.20
98.50
98.60
98.70
98.80
99.00
99.00
98.40
93.20
90.50
87.40
84.30
84.10
83.50
82.50
80.70
80.10
79.50
77.10
75.10
72.10
71.80
70.10
68.36
66.75
66.57
64.74
63.98
62.46
61.30
61.78
62.77
62.36
62.48
61.00
58.97
58.24
58.26
61.37
57.00
63.31
67.17
66.05
68.79
66.47
67.36
67.01
68.51
70.10
72.20
74.50
74.70
74.20
76.70
80.20
80.50
81.70
80.10
79.90
81.40
82.80
85.50
86.90
86.80
86.60
86.10
86.00
84.50
84.10
88.10
90.50
89.30
88.90
90.30
93.10
92.80
93.30
93.90
93.60
94.00
94.70
95.50
95.40
95.40
96.30
97.10
97.70
97.90
97.90
98.30
98.50
97.90
96.20
96.20
96.00
94.40
95.20
96.30
97.50
98.20
98.50
98.70
98.00
96.40
93.90
91.60
88.90
87.10
83.40
83.30
80.00
79.00
78.90
77.40
74.20
71.80
69.29
69.12
67.81
66.53
64.13
61.00
60.37
60.93
57.06
58.14
58.26
58.26
57.77
57.15
55.34
54.77
52.86
51.66
52.30
52.02
51.89
51.19
51.24
52.17
53.17
56.68
52.85
54.77
62.71
56.67
56.22
56.88
63.80
69.96
71.60
70.70
69.88
69.90
71.50
74.00
74.00
74.60
75.30
75.90
77.00
77.50
77.40
78.60
78.30
79.10
81.10
78.90
77.90
79.00
80.10
83.20
82.50
81.10
81.10
83.30
85.90
92.00
96.20
95.10
91.80
90.40
92.90
90.20
91.90
93.60
94.30
95.70
96.10
95.10
95.60
96.30
96.90
97.50
98.30
98.60
98.60
98.70
98.30
95.70
93.90
91.50
87.20
88.50
85.10
83.70
83.90
81.50
80.00
79.40
73.50
70.30
63.59
59.10
60.41
58.89
53.81
48.74
48.61
48.03
48.10
46.35
46.65
44.13
42.95
44.17
43.42
43.33
42.63
38.52
37.52
41.26
39.52
39.00
39.69
40.22
41.30
46.91
46.12
42.99
43.75
40.61
43.45
45.78
45.56
43.00
44.14
50.36
53.94
55.25
57.46
56.62
53.65
58.21
59.73
59.58
60.97
57.75
61.06
61.70
55.27
59.90
68.33
70.30
72.10
75.40
78.70
81.00
81.40
81.80
84.40
81.10
77.90
81.70
82.50
81.00
81.20
82.40
83.10
86.70
86.20
84.40
84.70
81.90
79.60
84.90
84.70
87.00
84.90
84.40
83.10
82.40
82.10
86.60
87.00
84.70
80.20
76.30
77.60
77.20
74.20
66.12
59.59
58.44
59.34
61.63
63.65
55.64
51.66
54.70
52.48
49.99
50.33
45.83
45.31
45.07
42.42
41.96
38.49
37.99
37.39
40.07
38.38
38.49
38.31
37.80
37.88
37.27
37.04
39.14
40.70
40.86
41.81
46.58
44.32
42.89
48.68
51.93
53.91
52.25
53.41
55.68
57.22
55.73
53.18
53.11
53.21
54.12
52.76
52.96
54.73
55.94
56.06
60.11
60.37
59.15
60.13
56.66
56.18
57.81
59.61
60.83
63.25
63.80
65.45
67.32
67.69
67.26
68.17
69.11
68.58
67.13
69.88
72.80
75.90
79.80
82.70
87.40
88.80
90.40
90.90
91.60
92.00
93.30
95.20
94.30
95.40
97.10
98.00
98.10
98.10
95.30
91.60
85.60
79.10
70.80
67.14
68.23
67.88
66.16
64.93
65.25
64.99
59.61
55.59
55.59
55.25
52.97
54.28
54.05
50.76
50.72
50.00
49.55
47.68
48.10
45.42
41.46
38.68
36.82
37.00
36.32
32.44
29.42
29.34
30.15
33.21
33.47
32.92
39.43
35.47
41.85
43.35
41.92
44.20
43.44
47.70
49.83
51.96
54.09
59.08
67.61
72.40
74.20
75.30
76.60
77.60
79.00
80.50
81.70
83.30
84.60
85.60
86.60
86.60
87.10
88.80
90.20
91.70
92.50
91.90
91.70
94.30
96.60
97.70
98.10
98.30
98.80
98.60
98.90
99.10
98.80
98.60
97.70
96.90
96.10
95.60
94.30
93.30
92.70
92.80
93.10
93.10
93.90
94.70
93.90
91.30
88.80
86.20
84.80
83.20
81.50
80.40
78.80
75.70
75.00
74.50
73.80
73.90
71.10
69.80
69.24
69.18
66.74
63.74
62.30
59.96
56.81
53.73
49.69
49.46
48.97
48.39
48.07
46.49
47.48
45.74
45.95
47.37
46.59
46.15
47.54
47.15
48.02
48.62
51.94
53.23
55.62
56.86
58.31
61.56
62.51
63.32
63.02
65.02
65.91
66.42
67.90
67.66
68.78
69.72
70.30
70.40
71.70
72.90
71.20
70.90
72.10
70.60
68.24
68.75
69.72
70.50
70.90
71.80
73.00
74.60
76.50
75.10
75.90
77.20
76.90
77.50
77.90
78.20
79.00
79.40
78.80
79.30
83.30
86.00
90.00
91.50
91.40
88.70
86.90
87.20
88.00
88.60
87.90
87.30
82.60
79.20
81.60
81.00
78.00
75.20
74.60
73.00
72.50
72.50
72.50
69.09
68.08
67.76
67.11
66.20
62.35
61.82
59.31
57.03
54.00
51.70
52.61
52.31
49.57
46.60
46.13
45.83
44.82
44.22
44.15
46.07
44.52
45.06
43.49
42.30
44.02
42.94
41.58
40.17
42.89
47.94
49.62
51.75
51.99
51.90
51.48
54.40
55.11
56.04
57.81
59.49
61.40
59.67
60.44
59.80
59.14
58.24
62.97
65.51
67.54
69.46
68.07
67.98
69.29
72.70
72.90
73.40
73.50
76.30
85.80
84.50
90.80
92.50
89.30
88.70
88.70
85.30
83.50
83.70
83.90
86.70
86.90
83.40
78.80
77.50
78.20
84.70
90.00
87.60
90.30
93.80
96.60
97.70
97.70
97.10
96.40
94.90
94.00
94.20
93.90
93.90
94.30
95.00
95.60
95.60
96.50
96.90
95.30
93.90
92.10
92.00
92.00
90.70
88.90
89.10
88.50
87.00
86.90
85.80
84.60
83.80
83.40
82.70
82.70
81.00
82.30
81.10
81.80
83.40
84.60
84.90
84.70
84.70
83.80
82.60
83.20
84.10
84.10
85.50
86.60
86.00
85.30
85.90
86.30
86.40
86.20
86.60
88.20
89.40
88.30
87.30
87.20
87.40
86.50
85.90
86.30
87.40
88.30
87.20
86.10
86.10
86.30
86.30
86.70
86.90
87.40
90.70
92.40
93.70
95.90
96.30
96.70
96.30
97.00
97.90
98.40
98.70
98.20
98.30
98.50
98.60
98.00
97.30
97.70
96.40
95.60
94.70
93.50
93.30
93.90
94.60
93.60
91.70
90.70
90.20
88.90
87.70
86.30
85.40
83.70
81.70
81.00
80.00
78.90
77.20
74.60
74.60
72.50
71.20
71.40
70.60
69.75
69.94
70.30
68.53
67.54
68.43
69.22
67.78
66.29
65.88
65.01
64.64
63.55
63.14
64.02
64.18
62.73
62.64
60.82
60.54
61.98
62.09
62.40
60.76
62.97
67.17
71.80
74.40
77.20
76.90
79.10
81.40
84.70
85.90
83.90
84.70
86.00
85.70
86.10
86.00
85.10
84.80
85.50
85.70
85.60
85.60
85.50
85.30
85.50
85.00
84.90
84.60
85.50
85.50
85.10
85.10
86.30
88.10
89.00
87.70
88.60
87.60
87.30
86.20
85.10
85.00
84.60
85.10
86.20
87.70
89.10
89.60
91.00
91.50
92.30
92.10
92.10
91.70
90.10
88.30
86.00
84.00
82.80
79.90
76.90
73.20
69.80
67.40
65.49
62.50
61.45
60.10
57.95
56.45
56.83
54.04
53.54
52.63
51.73
51.62
50.74
50.10
49.97
49.46
48.89
47.67
48.33
49.06
48.57
50.00
50.15
50.03
49.93
50.17
51.04
50.96
51.66
52.93
53.27
55.10
58.29
60.88
63.86
65.48
66.68
68.54
71.00
72.10
71.70
71.70
71.60
73.50
73.20
73.60
73.80
74.60
75.30
74.60
77.40
80.20
81.40
82.20
82.60
84.00
84.80
85.60
86.10
86.50
87.30
88.00
89.20
89.40
88.80
89.90
90.30
90.70
91.90
91.80
91.60
91.10
90.30
90.50
90.20
89.70
91.40
91.10
90.10
90.00
89.90
89.30
89.20
89.80
90.20
90.20
88.80
86.60
83.50
80.00
77.10
76.10
74.50
72.60
72.60
69.02
66.60
65.30
62.51
63.25
59.42
58.17
54.61
56.55
54.74
56.76
57.13
57.63
56.62
57.14
56.55
55.55
55.27
54.49
54.92
54.35
55.45
56.73
55.97
55.46
55.81
55.23
54.84
55.65
57.19
57.64
58.87
61.30
64.37
66.08
69.89
69.55
71.30
70.60
68.53
67.77
67.42
69.45
70.40
73.00
72.90
73.50
73.60
73.30
74.00
75.00
75.60
75.80
75.20
73.70
71.60
72.20
72.00
71.30
73.20
75.50
76.30
76.40
78.00
77.70
75.80
77.90
84.20
85.40
87.20
88.60
88.10
86.20
86.50
88.00
87.20
87.70
89.10
89.20
88.50
87.80
87.40
87.10
87.70
89.10
89.70
92.20
92.10
91.40
90.10
88.20
86.90
83.70
79.50
77.70
77.70
74.50
71.40
70.10
68.56
66.72
65.43
63.44
61.41
59.86
58.80
56.99
56.78
53.80
56.63
60.27
59.50
60.22
61.10
59.51
59.51
60.10
59.13
58.90
59.73
58.80
58.95
58.97
59.25
59.30
59.91
59.51
59.65
62.19
65.34
67.81
69.48
70.30
71.00
71.70
72.80
71.90
71.10
74.10
72.00
71.00
71.10
71.10
71.90
74.60
77.20
78.10
78.90
81.90
85.60
88.90
90.60
90.40
87.90
87.90
86.40
84.70
85.30
88.20
89.90
90.50
90.70
90.90
90.60
90.70
92.10
93.60
93.50
92.10
94.40
96.60
97.50
97.60
97.90
97.90
97.30
97.60
97.40
96.40
95.60
95.40
96.50
95.90
94.70
94.20
92.00
86.70
84.80
85.60
84.10
81.20
83.20
81.60
81.20
80.30
78.70
76.20
73.10
70.30
68.55
67.49
66.85
66.76
65.04
64.39
63.58
62.60
60.34
60.45
58.68
57.02
55.09
53.06
52.82
54.73
54.10
54.73
53.22
52.37
53.69
54.25
56.74
58.19
58.91
58.16
56.34
57.92
58.91
58.84
59.50
59.92
61.32
62.01
69.11
75.40
75.30
73.00
70.80
70.30
72.30
74.30
74.80
75.30
74.30
76.10
81.00
80.40
80.90
82.00
82.80
85.70
86.20
85.40
86.40
87.50
86.80
86.00
86.10
86.90
86.90
88.50
92.00
93.80
94.50
94.70
93.00
91.70
91.10
90.80
92.60
95.20
96.10
95.80
95.30
95.20
94.70
93.00
90.10
89.90
91.60
91.70
89.00
84.40
83.00
80.10
78.10
76.00
73.80
72.10
71.30
69.20
68.33
66.56
64.07
62.58
61.39
59.29
58.79
56.91
57.50
55.00
54.85
51.32
55.75
56.03
53.30
55.03
55.48
53.98
53.78
52.74
51.18
50.46
51.77
57.29
57.78
55.59
55.07
58.81
56.88
57.80
63.70
63.05
61.94
61.13
61.86
63.60
67.27
71.80
74.20
75.80
77.00
78.30
78.50
80.60
82.90
82.30
82.10
82.20
81.50
81.90
84.00
85.20
85.60
86.40
87.80
89.20
90.20
90.30
90.20
89.80
88.10
88.40
89.30
89.30
89.90
91.60
92.80
94.60
96.40
97.10
96.70
95.60
96.10
97.60
98.10
97.90
97.70
97.10
95.80
96.30
95.80
96.00
95.60
94.10
93.80
92.90
90.90
88.20
84.00
79.50
78.80
77.40
77.00
76.30
75.30
74.80
73.30
72.80
71.60
70.60
67.30
63.84
64.55
61.93
60.01
60.06
61.25
59.69
56.57
53.95
53.07
53.20
51.26
50.85
52.21
50.71
48.81
48.00
48.54
48.82
50.26
50.69
51.73
52.83
53.89
55.93
57.31
59.08
59.89
61.40
62.94
64.24
64.17
62.75
62.83
64.29
63.55
62.25
68.70
77.70
79.60
77.50
75.60
73.00
74.40
74.30
74.80
71.80
71.80
72.20
73.80
76.40
81.10
81.60
82.60
85.70
87.60
89.90
89.20
90.80
91.70
92.70
93.30
93.60
93.00
90.50
88.90
87.30
87.60
87.60
87.00
86.30
87.50
90.10
89.70
89.90
89.80
90.10
86.80
86.90
85.60
82.30
79.50
78.10
76.90
74.60
74.90
73.70
72.70
72.10
70.20
69.21
68.03
65.41
63.93
62.86
58.90
58.61
58.09
56.88
56.05
54.22
54.44
53.36
50.76
51.18
51.77
49.75
49.82
49.26
50.02
49.30
49.20
48.83
49.11
49.49
50.50
52.98
54.91
54.11
53.80
53.95
56.34
56.27
55.15
56.10
64.65
64.75
71.20
71.10
67.10
67.83
76.50
81.60
78.50
76.50
74.70
74.30
73.80
73.50
76.00
78.00
80.20
82.20
83.30
83.00
82.60
81.70
81.20
81.50
81.70
82.40
83.00
84.90
85.90
87.30
88.10
89.50
90.40
89.40
89.00
90.70
93.50
93.60
95.00
95.90
94.80
94.10
95.10
96.10
95.70
92.60
92.20
92.90
94.30
93.60
92.30
91.20
88.10
85.50
86.50
86.80
85.40
81.20
78.50
79.00
78.10
74.60
70.30
68.23
68.08
66.57
62.47
62.85
60.52
61.66
60.14
61.10
59.60
55.17
53.12
52.89
52.41
53.21
53.60
54.84
56.05
52.79
53.84
60.80
54.26
53.59
64.47
68.04
71.00
73.10
75.60
77.10
77.20
78.70
80.40
81.50
82.10
82.30
82.90
83.80
85.10
86.80
87.70
87.70
88.20
88.40
88.60
89.00
89.70
90.30
91.20
91.70
92.60
93.00
93.60
93.80
93.50
93.70
94.20
94.50
95.20
95.70
96.20
96.30
95.90
95.40
95.10
95.40
95.40
95.30
95.30
95.20
95.20
95.30
95.70
96.30
96.90
97.20
97.30
97.40
97.10
97.00
97.30
97.70
98.10
98.40
98.90
99.20
99.30
99.40
99.40
99.20
99.00
98.70
98.50
98.30
97.80
96.40
93.70
93.10
92.10
92.10
91.40
92.20
92.20
91.50
92.10
90.60
86.80
87.30
87.00
84.30
84.30
80.50
81.90
83.00
81.90
82.00
81.50
83.10
84.50
85.00
84.70
83.10
80.10
78.80
81.00
82.50
86.20
88.10
89.30
89.90
88.20
89.00
90.20
90.30
90.00
90.40
92.30
94.10
95.00
94.70
93.80
93.10
93.30
93.70
94.10
94.60
94.90
95.30
95.50
95.80
96.00
96.20
96.30
95.90
96.10
96.30
96.70
97.00
96.60
96.20
96.00
96.30
96.60
97.00
97.00
96.40
96.50
96.90
96.50
93.20
90.20
89.70
90.10
90.20
90.80
91.10
91.90
92.60
93.00
93.50
93.30
93.10
92.60
92.20
91.30
90.50
90.20
89.80
88.60
88.00
87.50
86.70
85.40
83.60
82.20
81.70
80.30
78.50
75.60
76.40
75.80
74.00
78.20
82.00
84.70
85.30
85.20
85.30
85.80
85.50
86.50
86.60
86.40
85.90
85.00
84.40
84.70
85.20
86.60
87.30
88.70
89.20
90.20
91.00
91.20
91.00
91.50
91.50
92.50
93.10
91.30
85.20
87.70
89.30
91.10
92.10
93.20
93.40
93.30
93.10
92.00
91.90
92.20
92.50
93.10
93.40
93.80
94.30
94.70
94.90
95.10
95.30
95.60
95.70
96.00
96.30
96.50
96.60
96.70
96.80
96.80
96.80
96.80
96.80
97.10
97.30
97.40
97.40
97.50
97.80
98.00
98.00
98.00
98.10
98.20
98.20
97.50
96.80
96.70
96.50
96.30
95.70
94.00
92.50
91.70
90.70
88.90
88.80
87.30
86.00
85.40
84.40
82.10
78.60
77.40
74.10
74.00
73.20
73.20
75.40
73.30
70.90
72.20
71.60
70.70
70.70
67.89
68.07
68.21
66.83
66.32
69.13
70.10
70.50
70.70
69.90
70.80
72.90
75.70
77.80
81.20
80.70
80.80
81.00
84.90
87.60
89.00
89.40
89.20
89.10
88.90
89.40
92.50
92.20
93.00
93.20
93.20
93.50
93.10
93.90
94.60
95.20
96.10
96.70
96.80
96.40
96.40
96.00
95.90
96.60
96.80
96.40
96.50
97.00
97.50
97.70
97.90
98.10
98.10
97.80
97.50
97.30
97.40
97.90
98.40
98.70
98.70
98.40
98.30
98.50
98.70
98.70
98.10
97.20
97.60
97.20
96.10
94.90
94.00
93.50
92.00
87.80
88.60
87.00
85.80
85.10
84.40
83.40
82.60
81.30
79.00
79.20
75.40
72.80
71.30
72.20
71.10
70.20
67.82
65.38
66.98
67.19
67.77
67.92
68.49
68.61
67.51
63.99
65.99
71.40
73.30
77.50
78.20
78.30
79.30
80.60
79.30
79.90
78.70
78.60
77.90
78.00
78.40
79.80
79.80
82.10
83.60
82.30
82.00
87.00
86.20
82.40
81.70
81.90
79.90
81.50
82.20
82.80
84.20
84.60
85.60
87.60
88.30
88.20
88.70
88.90
88.50
85.60
87.30
93.10
94.40
94.00
94.20
94.30
92.70
93.30
93.50
94.00
94.80
95.20
95.50
95.00
95.80
95.90
95.80
96.30
96.40
96.50
96.60
96.80
96.70
96.40
95.90
94.50
93.30
91.00
87.90
86.30
84.10
82.50
80.60
78.90
78.20
76.50
75.40
73.00
69.46
67.97
66.04
64.82
63.92
65.79
66.55
76.70
80.20
85.50
88.20
89.50
93.30
94.50
94.30
93.30
91.60
92.20
92.90
93.80
93.50
93.40
93.40
93.60
94.20
94.60
95.60
96.10
96.40
97.00
97.30
97.60
97.60
97.50
97.70
96.40
95.70
96.40
96.80
96.80
96.80
97.30
96.60
97.20
98.00
98.70
99.00
99.10
99.30
99.40
99.30
99.30
99.40
99.40
99.40
99.40
99.40
99.40
99.30
99.30
99.30
99.30
99.30
99.30
99.30
99.40
99.40
99.50
99.50
99.50
99.30
97.90
96.30
96.30
97.00
97.50
97.40
96.40
94.40
92.30
93.60
93.80
93.70
93.40
93.70
94.60
93.50
94.60
95.20
95.50
94.80
94.90
92.50
91.30
90.40
92.60
95.10
94.90
93.90
92.20
92.40
94.10
91.80
89.40
86.80
86.80
85.60
85.00
87.60
89.20
90.20
91.00
93.00
92.70
91.50
92.90
93.80
95.50
96.40
96.40
97.00
96.80
96.40
96.40
97.40
96.40
95.30
96.30
96.40
95.60
96.10
96.80
96.90
97.50
97.50
97.70
97.70
97.40
96.70
96.40
96.20
96.00
95.90
97.20
97.80
98.40
99.00
99.10
99.10
99.10
99.20
99.40
99.30
99.20
97.70
95.70
95.70
94.50
94.60
94.10
90.10
92.80
96.20
96.70
93.30
90.90
88.90
89.50
89.50
88.50
86.80
87.30
86.90
86.20
86.40
86.20
86.10
85.70
85.40
85.40
84.80
80.40
75.80
73.00
70.30
66.49
65.26
65.57
65.33
64.87
61.92
61.53
61.07
59.34
59.24
58.32
57.82
57.37
56.35
55.40
54.58
53.92
53.55
52.91
52.05
51.39
50.91
50.65
49.66
49.66
49.96
50.05
50.88
53.33
54.34
55.84
59.01
61.78
63.54
64.19
66.57
68.96
71.30
72.70
71.90
77.00
79.10
80.60
80.30
80.40
81.10
83.10
83.40
84.30
84.70
85.20
86.50
87.40
87.70
88.70
89.30
90.70
91.30
92.20
92.20
90.80
90.50
90.60
91.10
91.00
90.50
90.40
90.20
92.20
92.80
93.00
93.90
94.20
94.80
94.50
94.60
94.90
94.80
95.10
94.90
96.20
96.60
96.40
97.10
96.90
96.00
94.00
93.50
91.70
89.80
87.80
84.90
83.30
78.70
76.20
74.00
69.33
66.40
64.89
62.63
63.62
61.09
57.03
56.47
54.62
54.12
53.36
53.02
50.10
49.05
46.80
47.07
47.45
48.56
47.30
48.21
47.43
48.66
46.03
46.04
47.19
46.71
46.59
46.22
46.98
51.34
54.10
55.99
57.68
58.96
60.11
65.68
68.43
68.66
67.45
64.63
66.43
70.00
70.20
70.10
68.99
67.03
66.77
67.34
67.68
68.23
70.30
72.80
74.00
74.90
72.20
71.90
71.10
70.10
69.71
69.05
69.11
70.80
71.20
73.90
75.70
75.90
75.30
73.40
72.40
74.70
76.50
76.80
78.50
80.80
82.30
84.00
84.90
85.50
87.70
88.90
89.50
88.70
89.00
89.50
87.80
87.10
86.60
85.90
84.30
79.60
73.30
69.14
67.23
63.91
63.13
62.79
59.02
60.32
59.45
59.24
55.44
56.06
53.82
51.57
50.35
48.14
50.07
50.08
49.42
50.18
48.00
46.61
47.60
50.65
48.50
49.75
50.37
50.65
47.50
49.45
49.77
49.17
47.33
49.45
52.30
52.77
54.27
57.22
58.00
58.59
59.60
67.25
67.32
68.19
66.95
66.22
67.88
70.40
71.50
71.80
70.20
70.90
70.80
68.47
68.52
68.72
70.10
70.20
71.20
73.20
74.40
77.50
78.00
80.70
82.60
80.70
80.60
84.00
86.60
85.90
82.60
79.40
78.70
77.50
77.50
80.50
82.60
81.10
84.50
86.90
86.00
86.50
87.40
89.00
86.30
85.60
86.80
87.00
88.20
89.00
88.20
88.50
88.60
88.60
86.20
84.30
83.00
78.70
76.60
77.10
76.30
74.80
72.90
69.05
67.79
65.34
60.19
58.58
56.04
55.66
56.97
57.22
56.14
55.39
56.41
55.40
56.41
55.71
55.96
56.10
56.24
56.41
55.60
55.29
54.67
55.53
56.54
57.82
58.32
58.52
59.54
60.70
63.03
65.79
68.85
71.10
72.10
73.80
75.60
76.30
76.70
77.20
77.60
79.20
79.30
78.90
79.30
79.90
79.80
79.70
79.80
80.40
82.10
82.80
82.10
81.50
83.20
84.80
85.50
85.80
85.90
86.30
86.80
87.20
88.10
89.10
89.80
90.70
91.60
92.00
92.30
92.60
93.00
93.70
94.20
94.80
94.80
94.70
94.70
93.80
93.90
94.80
95.60
96.10
96.40
97.20
97.50
97.70
96.30
94.70
94.60
91.80
90.40
86.90
83.00
80.40
79.80
78.20
77.00
74.50
72.50
70.30
69.86
68.28
66.19
65.25
63.88
62.70
64.15
64.83
66.42
66.54
67.85
67.66
67.72
67.33
68.97
69.03
69.47
69.06
67.21
68.28
67.18
67.31
68.53
70.60
72.40
73.60
75.60
77.60
79.60
81.30
82.30
83.80
81.90
79.00
77.30
76.40
78.20
79.50
79.60
78.60
78.00
77.80
77.10
76.40
76.70
77.10
77.20
77.50
78.20
78.90
78.90
78.50
78.90
78.80
77.90
77.90
78.60
79.60
80.50
81.50
81.90
83.50
84.20
84.60
85.70
86.50
86.70
88.00
87.60
87.40
87.10
86.60
85.70
82.90
81.10
81.10
81.20
82.10
83.20
84.00
85.00
85.90
85.80
86.10
85.70
85.20
84.10
83.50
82.90
82.40
81.50
80.00
79.50
77.60
76.70
75.60
73.60
71.50
69.82
68.28
67.70
65.71
64.34
62.43
60.28
60.74
56.70
56.43
52.51
54.17
53.25
53.06
51.94
53.10
54.49
54.08
54.37
56.78
56.53
59.14
61.15
62.91
63.63
66.27
69.84
72.60
75.70
78.50
78.40
78.30
77.90
78.80
79.40
79.90
80.50
80.80
81.60
82.60
82.50
82.20
81.90
80.80
81.20
81.80
84.10
86.40
87.60
88.20
89.60
90.60
91.60
92.50
93.10
93.30
93.50
94.30
94.60
94.90
94.90
95.40
95.80
95.90
96.10
96.30
96.30
96.30
96.50
96.30
96.20
96.20
96.10
96.30
96.20
96.00
96.10
96.00
95.40
94.40
92.70
90.80
88.10
84.80
80.90
77.10
73.80
71.70
69.49
67.91
65.80
63.03
61.69
60.49
59.65
58.25
58.02
57.07
55.69
54.84
54.34
53.10
52.52
52.78
51.21
50.13
50.20
49.49
49.51
50.21
50.53
50.05
49.76
50.69
50.83
50.84
51.41
51.56
52.12
54.15
55.38
57.98
61.46
63.84
65.74
67.84
69.80
69.14
70.20
71.30
71.90
73.90
74.90
75.80
77.00
77.20
76.50
77.50
79.20
80.40
81.10
81.60
82.50
82.40
81.70
82.50
83.50
84.30
85.40
85.80
86.20
86.50
86.20
86.70
88.00
88.80
89.40
89.40
89.10
87.80
87.70
88.30
88.60
89.30
90.20
93.70
95.20
96.40
96.80
95.90
95.30
95.10
94.60
94.90
93.60
92.30
91.30
88.60
86.90
84.90
82.30
80.20
77.30
75.80
72.50
73.50
72.30
69.64
68.34
68.05
64.02
62.39
61.86
60.50
58.00
56.46
54.90
55.26
55.10
53.28
51.91
48.79
50.83
50.06
47.94
47.65
47.76
48.81
49.28
49.31
49.10
50.35
50.86
50.15
51.05
52.18
56.99
57.74
58.59
57.79
58.52
58.97
59.61
60.59
62.80
63.28
62.58
62.08
63.47
61.07
63.31
61.66
62.80
62.16
64.58
66.32
67.96
68.32
67.36
68.72
70.10
72.20
72.80
74.00