88.60
88.50
88.90
88.60
89.30
89.70
88.70
88.70
88.90
88.80
88.10
88.10
88.40
89.00
89.60
89.40
88.80
88.90
89.20
89.40
89.70
91.60
92.90
92.90
92.50
92.90
93.90
93.50
92.70
91.70
90.10
88.80
87.30
85.90
84.80
84.60
83.60
82.20
81.80
82.40
79.90
77.70
79.10
79.50
77.80
77.00
73.80
75.00
74.20
72.50
70.60
70.50
68.49
66.04
63.59
60.95
60.75
58.61
57.22
57.34
57.31
57.18
57.45
53.96
50.60
53.45
55.10
57.82
59.85
62.84
66.91
68.96
67.09
68.71
65.77
64.83
65.27
65.90
68.05
70.20
71.70
71.50
72.20
75.10
78.00
77.10
76.10
78.50
78.80
78.50
78.80
80.10
80.50
81.80
82.40
83.10
83.70
83.90
83.40
83.40
83.90
82.90
80.60
82.40
81.20
81.00
80.90
80.90
80.40
80.90
81.70
82.90
82.90
83.70
84.70
85.10
84.60
84.00
83.20
83.50
84.20
84.40
84.40
83.20
82.20
80.00
77.90
75.50
73.90
72.00
69.88
66.62
63.96
61.70
59.72
57.91
56.11
52.94
51.37
50.82
49.88
49.65
48.96
49.70
48.98
48.86
48.65
48.66
47.84
46.26
44.75
44.07
43.47
43.74
42.95
43.37
41.97
43.67
46.20
47.03
49.81
49.98
50.91
50.80
53.44
56.43
57.93
59.03
60.05
61.08
61.89
62.13
65.08
66.32
68.59
67.33
68.52
68.44
70.70
72.90
74.90
76.40
77.20
76.40
75.30
76.60
77.60
77.90
78.10
78.20
77.00
75.80
74.10
74.60
78.00
80.20
79.30
77.40
78.70
78.60
77.70
78.30
78.70
78.50
77.90
78.10
78.80
81.00
82.40
83.80
85.10
86.50
87.00
87.60
88.50
88.90
89.10
89.20
89.50
89.00
87.90
85.90
84.10
81.10
78.60
75.40
73.80
69.60
65.97
63.81
61.61
60.99
59.86
57.61
55.42
54.25
51.32
51.50
50.04
49.32
47.65
45.97
45.49
43.55
42.29
42.26
41.10
40.56
40.70
39.84
38.75
38.07
38.27
38.51
38.51
38.05
37.76
38.04
39.25
40.52
42.65
45.03
47.49
49.17
49.71
51.96
50.85
51.30
50.55
53.68
54.30
55.52
57.47
60.45
62.33
62.91
63.18
62.69
63.08
64.13
66.48
67.68
68.11
68.50
70.20
69.13
69.03
67.37
58.94
61.54
62.55
67.94
70.50
67.98
67.39
66.67
67.55
68.00
67.86
69.37
71.60
77.40
77.00
74.00
72.90
73.30
76.10
76.40
74.80
76.60
73.60
71.30
73.10
78.50
83.40
82.10
72.80
71.90
72.60
69.76
71.60
68.25
66.49
65.99
64.31
66.09
63.93
60.57
59.96
57.27
55.26
54.15
54.94
53.57
51.17
49.89
47.34
47.95
45.89
43.88
42.97
44.59
44.21
42.80
43.00
41.99
42.46
43.01
42.45
41.70
41.50
41.07
41.17
41.52
41.14
42.47
43.59
44.96
46.47
49.81
53.72
57.38
57.57
56.00
55.53
54.84
51.80
60.81
62.37
60.43
59.27
60.41
60.91
59.55
58.07
57.85
60.40
62.15
64.68
64.01
63.50
63.22
63.46
63.72
64.87
66.99
68.22
69.42
72.60
74.80
77.20
76.80
75.70
76.10
77.60
79.00
80.10
82.50
84.90
85.10
85.00
85.30
83.70
82.80
82.20
81.60
83.50
86.60
87.80
88.50
89.20
89.00
89.20
88.40
86.70
84.60
81.60
77.10
74.90
73.70
72.40
69.97
66.71
65.86
64.56
62.79
61.31
57.37
52.08
53.16
51.93
51.29
50.75
51.20
50.10
49.33
49.28
49.05
48.22
48.29
48.09
46.97
49.47
48.31
49.33
50.90
51.17
51.56
51.58
51.19
51.69
52.53
54.56
57.32
59.71
62.22
64.70
65.41
64.43
66.95
68.79
70.10
71.80
73.00
73.30
73.30
73.30
74.70
76.20
76.60
76.40
75.70
74.50
73.40
73.60
73.30
72.40
74.00
75.50
75.10
74.40
75.20
79.50
79.20
79.50
80.00
80.70
80.30
79.10
76.80
78.80
79.50
79.30
76.40
77.40
80.10
85.00
89.80
90.00
90.40
90.20
88.80
86.90
86.70
84.00
81.60
81.60
81.50
81.40
81.30
81.40
81.10
80.40
78.90
76.70
74.40
72.20
70.10
67.97
66.08
64.99
63.27
61.56
60.59
58.13
56.75
56.51
55.55
53.82
53.75
52.89
52.19
51.82
51.36
50.64
52.41
51.67
50.96
51.19
51.07
50.30
50.45
51.86
50.93
52.11
53.76
53.98
55.87
60.64
62.96
65.20
69.24
71.40
72.80
72.80
73.30
74.30
75.00
74.80
75.10
76.80
77.80
78.70
79.90
80.30
81.30
81.90
81.60
81.20
81.60
82.20
82.60
81.90
82.60
83.70
84.30
85.50
85.40
85.80
86.60
87.20
87.50
88.10
88.00
90.10
90.80
91.40
91.90
91.50
91.80
91.60
90.70
91.90
93.30
92.60
90.50
90.80
85.70
84.90
87.90
86.40
85.50
85.60
84.60
84.20
85.40
83.80
80.00
76.60
76.50
75.60
74.70
72.30
71.20
69.31
67.85
66.82
65.85
64.87
63.37
61.96
60.37
60.05
58.07
56.77
55.41
54.51
55.33
52.40
51.55
51.23
48.32
50.66
55.93
57.83
58.63
58.69
59.35
60.66
61.00
59.92
60.47
62.35
62.98
63.86
65.59
69.36
70.30
71.20
73.20
75.60
76.60
77.00
78.80
77.90
75.80
76.10
77.30
75.40
78.00
79.10
81.40
83.00
83.00
84.20
85.10
84.00
82.50
83.10
83.90
85.40
85.30
84.70
89.00
91.20
90.80
91.40
92.20
93.20
94.00
94.20
94.30
94.10
94.10
94.10
94.10
94.30
94.30
94.40
94.50
94.40
94.40
94.30
94.50
94.80
94.70
94.90
95.20
95.40
95.40
95.50
95.60
95.60
95.60
95.20
93.80
87.50
88.40
89.50
87.60
85.20
82.30
80.20
75.60
70.40
68.41
62.21
61.26
58.11
54.79
54.12
52.20
49.96
47.10
45.60
43.63
42.45
41.39
38.44
36.15
35.71
35.09
35.45
36.76
38.13
36.51
36.13
40.43
41.94
47.05
46.05
42.40
46.07
46.52
41.11
40.07
38.49
39.16
39.95
45.99
48.58
49.69
49.93
53.05
56.11
56.06
56.89
56.84
56.58
55.81
57.85
54.43
52.98
54.15
57.27
56.99
56.97
58.23
59.86
61.04
60.42
58.20
65.67
80.60
88.30
88.10
86.00
86.30
85.50
83.40
75.10
72.70
74.40
76.20
75.70
75.60
76.50
77.60
78.40
79.20
79.50
80.40
81.50
78.30
83.20
85.90
85.00
84.80
84.80
84.10
83.40
80.70
76.60
75.60
75.00
72.90
68.22
66.27
62.03
59.72
58.54
55.52
54.55
53.21
52.22
49.99
49.77
48.80
47.57
46.64
45.80
43.34
41.92
41.24
39.39
37.30
36.28
36.03
37.66
36.93
36.11
35.77
36.38
36.67
36.83
37.95
39.01
39.38
40.36
40.34
38.28
40.68
42.41
41.88
40.31
46.18
54.84
51.50
50.83
51.89
55.31
70.50
71.50
68.12
69.11
68.13
68.27
72.20
72.50
69.69
72.60
72.40
71.00
72.70
75.30
75.30
76.80
79.20
80.10
80.20
80.20
82.40
82.90
83.30
84.20
85.30
85.30
85.40
83.10
84.00
82.50
82.40
84.50
84.00
78.70
76.40
73.60
74.90
76.10
75.80
74.90
74.00
73.30
72.20
70.40
69.77
71.80
72.70
73.40
72.50
70.80
70.10
67.64
66.19
64.37
61.65
59.82
58.99
57.76
56.35
53.82
51.80
52.34
52.11
50.65
48.71
48.76
49.62
48.53
48.61
48.74
47.42
46.71
47.09
47.22
47.31
47.25
48.51
48.36
50.84
53.45
57.49
61.36
63.48
66.81
70.10
71.60
73.80
74.60
76.50
78.00
79.40
80.90
82.20
83.30
84.90
84.90
84.20
84.10
83.80
83.20
83.90
85.20
86.00
86.00
85.40
85.40
85.90
86.40
86.90
87.50
88.20
88.80
89.10
89.30
89.60
90.50
90.80
90.70
91.20
91.70
92.00
92.40
93.00
93.20
93.00
93.00
93.10
93.00
93.00
92.60
92.70
92.70
92.70
92.70
93.00
93.00
92.30
92.40
92.30
91.80
91.10
90.60
89.90
89.00
88.00
87.00
86.20
85.00
83.10
80.80
81.50
81.20
80.10
80.30
80.20
79.70
78.70
76.80
76.10
72.30
71.30
74.60
76.00
75.20
74.20
76.30
76.60
77.60
80.50
80.30
81.50
81.70
82.10
82.20
82.20
82.50
82.20
83.00
84.00
84.20
84.50
85.00
85.90
86.60
87.60
88.30
88.60
88.50
88.70
89.50
90.00
90.20
89.90
89.60
89.60
89.20
88.90
88.90
89.00
89.40
89.90
90.40
90.30
90.60
90.80
90.80
91.10
88.60
83.70
81.80
80.70
78.90
74.50
74.60
75.80
77.00
77.80
77.20
77.40
77.30
77.90
77.90
79.00
80.00
81.00
82.00
82.60
83.00
83.30
83.60
83.90
84.30
84.60
85.00
84.30
83.70
82.30
81.30
80.10
78.20
77.50
77.60
77.90
77.80
78.10
77.90
77.70
77.90
76.30
77.00
76.80
77.40
76.70
76.50
75.70
76.70
76.80
77.30
77.90
79.00
79.60
79.10
79.10
79.50
80.20
81.10
82.20
83.30
83.50
83.30
84.10
85.20
86.00
86.70
87.50
87.40
87.10
87.40
87.10
87.70
88.10
88.40
88.80
89.00
89.00
89.60
89.60
89.50
89.80
90.30
90.60
90.90
90.80
90.80
90.90
91.20
91.50
91.50
91.70
91.90
92.40
92.80
93.10
93.50
94.00
94.50
94.80
95.00
95.20
95.30
95.40
95.50
95.50
95.60
95.60
95.60
95.60
95.60
95.60
95.60
95.50
95.30
95.10
94.70
94.40
94.30
94.20
94.30
94.40
94.50
94.90
95.10
95.30
95.30
95.10
95.00
94.90
94.80
94.70
94.20
92.90
89.80
87.90
87.10
86.00
85.10
83.10
82.00
82.60
82.00
80.80
81.00
80.60
80.30
80.90
82.10
81.70
80.30
77.80
78.00
79.30
78.70
78.50
79.00
80.10
80.30
80.20
79.50
80.10
80.50
81.60
82.50
83.40
83.80
82.50
85.20
84.30
85.80
86.40
87.50
86.90
87.70
88.20
87.60
86.50
86.60
87.50
89.10
90.30
90.80
91.20
91.20
91.30
91.20
90.60
91.60
92.10
92.50
92.30
92.40
92.90
93.00
93.20
93.70
94.00
94.30
94.50
94.60
94.80
94.90
95.10
95.30
95.50
95.60
95.60
95.70
95.70
95.70
95.80
95.80
95.90
95.90
95.90
96.00
96.00
96.00
96.10
96.10
96.10
96.10
96.10
96.10
96.10
96.10
96.00
96.00
96.00
95.90
95.80
95.50
94.80
85.90
80.90
76.20
73.30
71.30
68.46
66.19
62.32
62.36
61.98
60.51
59.13
58.96
57.27
55.05
54.68
54.69
52.70
52.38
51.98
51.73
52.58
53.70
55.36
57.14
60.25
61.00
62.05
63.46
63.77
64.23
68.72
71.40
73.40
73.00
73.70
74.10
74.90
75.60
75.30
75.60
77.50
79.40
78.50
77.50
76.30
75.90
76.30
75.90
77.30
79.20
80.80
83.20
83.80
83.30
83.40
84.30
85.50
87.20
88.70
89.60
90.30
90.90
90.30
90.20
90.90
89.30
90.90
91.20
91.00
89.70
88.40
88.50
89.30
87.90
86.60
86.70
87.60
87.10
86.10
86.70
87.50
85.70
81.50
76.60
75.00
73.80
74.30
72.60
71.00
69.68
69.21
68.91
67.28
65.72
64.48
63.19
63.65
61.63
60.90
59.36
57.92
56.41
55.52
55.19
55.39
56.19
55.35
53.73
54.38
55.29
55.08
54.06
53.32
53.28
54.80
57.45
58.98
61.11
66.72
66.66
65.29
65.23
67.69
67.30
63.48
62.67
64.48
63.01
63.94
66.99
70.60
71.70
70.70
70.60
71.80
70.10
71.30
70.70
75.40
81.90
85.00
87.80
88.00
86.90
86.00
84.90
85.80
84.10
83.20
84.30
85.00
86.10
89.30
90.30
90.90
91.30
91.10
91.70
91.70
91.90
92.20
92.60
92.60
92.80
93.10
93.50
93.80
94.00
94.00
94.10
94.40
94.70
94.80
94.90
94.80
94.20
94.10
94.50
94.60
94.70
94.70
94.60
94.10
94.00
93.90
94.20
94.20
94.20
93.30
92.10
90.40
85.80
83.60
82.30
77.10
75.40
73.30
70.80
68.28
64.51
64.95
63.03
62.55
62.65
62.06
63.07
61.48
62.11
61.85
61.59
58.30
57.41
59.41
59.73
61.02
62.53
63.67
66.30
67.52
66.10
68.71
69.80
69.26
70.50
74.90
77.20
80.40
81.40
81.70
82.30
83.40
83.50
82.90
82.70
83.00
82.20
81.70
80.40
80.50
81.90
85.80
88.90
90.40
89.50
88.60
89.80
90.50
90.40
91.60
91.50
91.10
91.60
92.70
93.10
93.20
93.50
93.70
94.20
94.70
95.10
95.20
95.30
94.90
94.30
93.90
93.80
94.10
94.30
94.20
94.00
93.80
93.20
92.10
91.70
91.30
87.90
87.20
86.20
84.60
82.70
82.50
79.80
78.40
76.50
74.00
72.90
69.69
70.10
69.78
65.70
67.92
67.97
64.46
62.76
64.25
64.68
62.88
63.30
65.05
66.85
67.20
67.56
67.35
67.45
68.49
69.44
69.47
67.45
68.87
67.94
67.46
70.10
71.60
73.70
75.40
77.80
77.90
79.10
80.80
80.90
82.10
82.90
81.90
82.20
82.30
82.40
82.20
82.50
82.90
82.70
83.00
82.20
81.70
80.40
80.50
81.90
85.80
88.90
90.40
89.50
88.60
89.80
90.50
90.40
91.60
91.50
91.10
91.60
92.70
93.10
93.20
93.50
93.70
94.20
94.70
95.10
95.20
95.30
94.90
94.30
93.90
93.80
94.10
94.30
94.20
94.00
93.80
93.20
92.10
91.30
88.70
86.10
81.00
82.50
81.10
79.80
78.20
76.80
76.10
74.40
73.60
73.20
70.50
69.13
66.58
65.22
64.35
63.46
63.03
62.06
61.34
59.75
58.24
58.31
56.61
55.15
54.57
55.56
53.79
53.47
54.27
54.05
55.38
54.49
55.35
54.73
55.51
57.49
60.69
62.31
62.36
63.58
66.76
69.13
68.90
68.90
68.95
71.10
71.30
72.20
71.30
73.40
74.70
75.10
76.20
77.20
79.00
77.80
74.80
73.40
70.10
71.40
71.30
74.10
78.50
80.60
82.60
83.30
83.10
83.80
84.50
84.70
84.40
84.20
84.30
84.60
85.70
86.30
86.60
86.90
87.30
88.80
89.40
90.50
92.10
92.20
93.30
93.30
93.60
93.50
94.00
94.10
94.40
94.60
94.10
92.90
91.50
87.90
85.30
81.50
78.10
75.70
75.10
71.60
73.20
71.50
68.11
65.92
62.89
60.57
60.52
59.11
57.15
56.08
55.79
56.13
55.95
55.24
54.64
52.25
51.41
51.85
50.78
50.59
50.73
49.94
48.89
48.74
49.14
49.73
50.26
50.96
52.52
54.09
56.09
59.73
60.55
59.67
62.27
63.51
62.87
63.63
64.96
66.99
66.72
67.80
72.10
73.40
71.70
70.40
68.00
70.10
71.80
72.50
72.60
72.90
72.40
72.00
74.00
74.00
71.80
69.83
71.60
73.10
76.20
77.80
78.90
79.70
80.90
81.00
80.30
79.00
79.60
81.50
81.30
81.20
81.00
83.60
89.40
90.50
92.10
92.20
93.30
93.30
93.60
93.50
94.00
94.10
94.40
94.60
80.40
79.70
76.00
73.00
70.60
68.91
66.57
64.68
61.44
58.88
57.93
57.60
54.63
53.73
52.06
50.29
47.98
48.27
47.26
46.16
45.97
43.47
44.01
42.53
42.34
41.02
39.60
39.67
41.89
40.31
39.71
37.88
38.92
38.87
38.37
38.88
40.29
41.42
43.79
48.41
49.53
50.32
50.04
52.22
53.71
52.97
52.13
53.77
60.92
60.53
59.30
60.55
62.66
66.39
67.04
67.58
67.53
65.06
62.00
58.26
58.07
59.70
60.58
60.44
62.03
62.57
62.49
91.80
91.70
91.20
91.50
91.70
92.90
93.20
93.10
92.40
92.60
93.00
93.10
92.80
92.90
93.30
93.80
94.00
93.10
92.60
93.40
93.70
94.10
94.70
95.00
95.10
95.10
95.20
95.20
95.10
95.00
95.00
94.90
94.90
94.90
95.10
95.00
94.80
94.30
93.90
93.50
92.60
91.60
91.90
91.80
90.70
88.60
88.20
88.70
88.20
88.80
87.40
87.30
87.10
85.60
84.90
84.10
84.20
84.50
84.00
84.70
85.20
85.50
85.30
86.30
86.90
87.50
88.10
89.10
89.80
90.10
90.90
91.60
92.60
93.40
93.60
93.80
94.00
94.20
94.40
94.60
94.70
94.70
94.90
94.90
94.80
94.50
94.40
94.30
94.20
94.30
94.30
94.30
94.50
94.70
94.90
95.00
95.10
95.20
95.30
95.30
95.40
95.40
95.40
95.30
95.40
95.50
95.60
95.60
95.60
95.60
95.60
95.50
95.50
95.40
95.30
95.20
95.00
95.00
95.10
95.20
95.30
95.30
95.40
95.50
95.50
95.40
95.40
95.30
95.10
94.20
92.60
92.20
91.10
90.70
89.40
87.70
86.40
86.10
84.00
84.90
84.90
82.40
80.30
79.10
79.60
79.10
78.20
78.60
79.90
81.70
81.30
81.20
79.60
81.20
82.50
83.70
85.00
85.30
85.70
85.90
86.10
86.30
86.40
86.80
88.50
89.80
90.30
91.50
92.40
93.40
93.80
94.20
94.40
94.50
94.30
93.80
93.60
93.30
93.40
93.30
93.40
93.30
93.50
93.20
93.10
93.40
93.00
93.00
92.70
92.60
92.50
91.70
91.40
91.20
91.70
92.10
92.30
92.50
92.60
92.80
93.30
93.50
93.10
93.20
93.50
93.50
93.60
93.80
94.00
93.80
93.70
93.70
94.10
94.70
95.00
95.20
95.20
95.20
95.20
95.20
95.10
94.70
93.70
91.70
89.60
88.70
89.20
88.70
88.10
89.50
89.90
85.60
83.70
82.80
81.90
82.10
82.30
81.90
79.80
78.80
78.70
78.60
77.30
78.20
81.50
80.80
81.30
81.20
82.50
83.90
84.30
84.60
82.80
85.60
87.80
89.20
90.90
92.80
92.80
91.80
91.00
90.50
88.90
88.60
88.60
88.20
88.40
89.00
89.40
89.40
89.00
89.20
89.50
89.50
90.00
90.00
90.00
89.80
89.20
88.30
88.70
87.40
87.20
87.30
87.70
88.30
88.80
89.10
88.60
88.50
88.90
88.60
89.30
89.70
88.70
88.70
88.90
88.80
88.10
88.10
88.40
89.00
89.60
89.40
88.80
88.90
89.20
89.40
89.70
91.60
92.90
92.90
92.50
92.90
93.90
93.50
92.70
91.70
90.10
88.80
87.30
85.90
84.80
84.60
83.60
82.20
81.80
82.40
79.90
77.70
79.10
79.50
77.80
77.00
73.80
75.00
74.20
72.50
70.60
70.50
68.49
66.04
63.59
60.95
60.75
58.61
57.22
57.34
57.31
57.18
57.45
53.96
50.60
53.45
55.10
57.82
59.85
62.84
66.91
68.96
67.09
68.71
65.77
64.83
65.27
65.90
68.05
70.20
71.70
71.50
72.20
75.10
78.00
77.10
76.10
78.50
78.80
78.50
78.80
80.10
80.50
81.80
82.40
83.10
83.70
83.90
83.40
83.40
83.90
82.90
80.60
82.40
81.20
81.00
80.90
80.90
80.40
80.90
81.70
82.90
82.90
83.70
84.70
85.10
84.60
84.00
83.20
83.50
84.20
84.40
84.40
83.20
82.20
80.00
77.90
75.50
73.90
72.00
69.88
66.62
63.96
61.70
59.72
57.91
56.11
52.94
51.37
50.82
49.88
49.65
48.96
49.70
48.98
48.86
48.65
48.66
47.84
46.26
44.75
44.07
43.47
43.74
42.95
43.37
41.97
43.67
46.20
47.03
49.81
49.98
50.91
50.80
53.44
56.43
57.93
59.03
60.05
61.08
61.89
62.13
65.08
66.32
68.59
67.33
68.52
68.44
70.70
72.90
74.90
76.40
77.20
76.40
75.30
76.60
77.60
77.90
78.10
78.20
77.00
75.80
74.10
74.60
78.00
80.20
79.30
77.40
78.70
78.60
77.70
78.30
78.70
78.50
77.90
78.10
78.80
81.00
82.40
83.80
85.10
86.50
87.00
87.60
88.50
88.90
89.10
89.20
89.50
89.00
87.90
85.90
84.10
81.10
78.60
75.40
73.80
69.60
65.97
63.81
61.61
60.99
59.86
57.61
55.42
54.25
51.32
51.50
50.04
49.32
47.65
45.97
45.49
43.55
42.29
42.26
41.10
40.56
40.70
39.84
38.75
38.07
38.27
38.51
38.51
38.05
37.76
38.04
39.25
40.52
42.65
45.03
47.49
49.17
49.71
51.96
50.85
51.30
50.55
53.68
54.30
55.52
57.47
60.45
62.33
62.91
63.18
62.69
63.08
64.13
66.48
67.68
68.11
68.50
70.20
69.13
69.03
67.37
58.94
61.54
62.55
67.94
70.50
67.98
67.39
66.67
67.55
68.00
67.86
69.37
71.60
77.40
77.00
74.00
72.90
73.30
76.10
76.40
74.80
76.60
73.60
71.30
73.10
78.50
83.40
82.10
72.80
71.90
72.60
69.76
71.60
68.25
66.49
65.99
64.31
66.09
63.93
60.57
59.96
57.27
55.26
54.15
54.94
53.57
51.17
49.89
47.34
47.95
45.89
43.88
42.97
44.59
44.21
42.80
43.00
41.99
42.46
43.01
42.45
41.70
41.50
41.07
41.17
41.52
41.14
42.47
43.59
44.96
46.47
49.81
53.72
57.38
57.57
56.00
55.53
54.84
51.80
60.81
62.37
60.43
59.27
60.41
60.91
59.55
58.07
57.85
60.40
62.15
64.68
64.01
63.50
63.22
63.46
63.72
91.60
91.90
92.90
94.00
94.50
94.70
94.60
94.50
94.60
94.80
94.90
95.10
95.20
95.30
95.40
95.40
95.50
95.50
95.50
95.60
95.62
95.64
95.66
95.68
95.70
95.72
95.74
95.76
95.78
95.80
96.00
96.00
96.00
96.00
95.90
95.90
95.80
95.80
95.80
95.50
94.60
89.10
82.40
78.70
75.80
74.40
73.30
70.30
68.61
65.98
65.06
61.50
60.39
59.96
59.30
57.85
56.25
56.56
55.59
54.49
53.23
52.58
52.09
51.36
52.33
52.66
52.24
52.92
53.56
54.77
56.88
57.90
58.00
56.36
57.61
60.22
62.33
62.25
61.33
62.99
63.37
63.54
64.32
70.30
75.10
75.80
76.40
77.40
77.70
77.60
77.60
77.60
77.30
77.80
77.80
78.80
78.70
79.00
80.60
82.40
84.00
85.20
85.40
86.20
86.70
87.50
88.70
89.50
90.10
90.70
91.30
91.40
91.00
90.80
90.40
90.00
90.20
90.50
91.40
90.50
89.60
89.40
90.00
90.20
88.80
87.70
85.90
83.80
81.50
79.50
77.90
74.00
71.80
68.56
65.85
64.12
61.14
58.90
57.41
54.95
52.22
51.64
50.38
49.83
48.06
45.54
45.25
44.25
43.30
43.72
41.64
41.03
39.46
40.19
39.71
40.24
40.22
40.38
40.74
40.24
41.35
42.67
44.02
45.57
48.58
49.93
51.79
53.66
54.11
54.68
57.04
55.76
53.15
56.37
60.69
66.41
66.81
67.46
68.81
72.70
74.80
73.50
72.90
73.50
74.20
76.20
76.80
77.10
75.50
74.90
73.70
71.60
72.40
73.30
74.70
73.10
70.80
69.28
72.10
79.80
80.00
81.30
80.20
79.70
79.50
77.80
81.20
81.80
84.00
85.50
86.20
86.50
87.50
87.80
88.00
88.70
89.90
91.50
91.60
92.40
92.20
91.00
89.20
87.70
84.90
81.70
81.50
83.00
81.40
80.80
78.80
76.80
73.20
70.70
69.03
66.72
63.87
63.31
62.58
60.63
60.09
57.97
58.29
57.03
53.87
50.09
50.51
54.69
52.81
49.29
46.94
46.21
46.96
48.23
47.68
50.53
48.42
47.92
50.59
51.77
52.63
54.26
55.16
57.66
58.68
61.77
62.77
64.35
62.13
65.12
63.76
66.19
64.24
65.18
66.38
70.90
73.40
74.10
73.30
74.60
73.50
74.30
72.40
72.00
74.40
76.00
77.90
78.90