86.00
85.50
84.80
84.60
84.40
83.30
82.60
81.30
80.90
82.10
82.30
84.00
86.30
87.30
85.20
84.90
84.60
85.50
86.30
86.90
86.70
88.00
89.80
88.80
87.90
88.30
86.50
83.90
82.90
82.10
82.90
81.30
79.90
79.40
79.00
78.20
77.70
77.40
76.20
76.60
76.70
76.20
73.80
72.70
71.60
72.60
72.50
67.76
66.93
67.93
67.38
65.61
66.28
61.58
59.67
59.33
60.41
60.39
58.46
60.00
58.72
59.78
58.82
58.59
58.47
56.79
56.03
53.44
54.38
57.55
61.63
63.15
66.00
68.26
69.97
71.00
71.00
71.00
71.50
74.70
76.50
77.80
79.00
78.00
76.70
77.50
78.30
79.20
80.30
81.90
83.10
83.60
83.60
84.30
85.60
87.00
87.40
81.70
77.50
77.00
77.60
79.40
79.80
80.80
81.20
81.20
81.60
82.00
82.40
82.80
83.30
84.10
84.80
84.20
85.00
85.20
84.40
83.80
84.60
85.90
85.60
86.10
85.40
84.80
82.60
78.30
76.30
77.00
77.40
75.90
72.40
72.10
71.80
71.60
70.40
70.60
71.20
68.17
68.96
66.35
63.16
62.37
62.40
61.60
60.69
60.43
56.86
54.57
53.22
53.92
52.38
51.86
51.74
51.58
51.80
50.16
49.19
48.82
48.89
49.30
52.28
51.69
57.23
60.10
61.13
63.52
68.18
70.00
71.80
72.80
75.40
78.00
79.50
81.70
84.20
84.60
84.90
83.70
81.40
81.20
83.10
84.00
82.60
83.60
86.40
89.30
91.10
90.90
88.40
82.40
83.80
82.70
84.00
84.00
86.90
90.10
90.40
89.50
88.20
89.30
90.80
90.50
89.90
89.50
89.40
88.70
87.00
86.30
86.80
88.50
87.80
86.80
86.90
86.00
87.00
86.60
85.50
84.30
83.30
81.60
78.60
77.70
75.40
73.50
71.70
70.30
68.41
66.12
64.59
63.89
61.93
61.41
58.39
57.03
55.50
54.72
53.92
52.81
51.85
52.03
52.13
51.62
51.45
50.79
49.89
49.67
49.18
49.42
50.71
50.08
48.99
49.61
49.50
50.08
47.26
48.65
49.12
49.50
50.34
51.54
52.41
53.09
53.59
55.55
56.61
55.29
55.48
55.63
63.00
66.69
62.15
67.43
71.40
75.40
76.20
75.30
74.80
80.00
80.20
80.40
78.50
79.20
80.50
80.50
80.80
84.20
85.80
83.60
82.80
78.40
77.50
81.30
85.80
87.40
87.30
86.70
86.70
85.80
84.50
84.00
84.20
85.20
86.20
87.00
85.70
85.10
85.80
86.10
86.00
86.20
86.60
87.10
86.60
84.50
82.50
79.30
78.20
76.80
74.70
74.70
72.70
72.00
70.50
69.23
69.18
68.23
68.15
66.98
65.58
64.60
62.93
62.26
61.09
58.68
58.10
57.29
57.36
56.31
54.61
55.32
52.91
52.78
52.71
52.20
52.31
50.93
50.71
48.92
50.82
52.70
50.95
51.07
55.74
56.26
61.43
64.44
65.95
68.51
71.70
71.60
70.40
72.50
75.20
76.80
78.80
81.10
80.70
80.50
78.40
74.50
71.40
71.80
73.20
74.70
76.20
76.10
75.00
76.20
76.30
80.70
84.60
86.00
85.10
85.60
85.00
82.70
84.40
84.70
87.30
87.00
88.40
88.80
89.20
87.20
87.30
87.70
90.50
89.70
88.00
88.00
87.00
86.20
81.90
81.10
81.30
82.50
82.80
83.10
81.70
82.00
80.60
78.90
77.80
75.60
78.80
79.50
76.00
74.80
71.60
70.40
69.32
67.02
63.91
60.58
58.59
58.83
58.27
55.12
53.87
53.93
53.54
53.80
53.91
53.12
53.54
53.93
53.05
52.34
50.58
50.78
49.48
48.81
48.98
48.18
46.24
46.16
48.33
47.02
50.63
51.04
56.11
58.70
64.69
71.70
72.00
72.70
74.30
76.90
77.90
77.90
79.10
78.50
80.30
80.80
83.10
83.50
79.60
74.70
72.40
71.90
72.60
75.10
78.40
81.50
82.80
84.00
84.40
85.70
85.40
85.50
87.70
87.70
87.60
87.10
89.20
89.20
88.70
89.50
90.40
89.50
89.10
89.90
88.50
88.00
88.60
89.00
90.10
91.50
91.30
88.10
85.20
86.90
88.20
88.90
90.40
90.50
88.70
88.40
89.00
88.50
83.00
80.60
78.60
76.50
77.60
77.50
76.00
74.50
73.10
73.10
70.40
68.78
71.00
70.70
71.00
69.70
66.73
65.24
65.25
65.49
64.99
66.01
67.13
64.55
62.60
62.65
61.74
62.48
60.42
60.25
59.69
58.81
56.65
57.72
56.33
56.59
58.91
58.61
59.51
60.03
61.47
63.79
66.87
69.48
72.50
75.30
76.80
77.20
80.20
82.30
86.00
85.10
88.50
91.00
85.00
83.30
83.40
86.30
87.20
86.40
86.70
86.90
85.50
85.10
87.00
85.90
85.60
85.40
83.90
83.50
83.20
81.30
81.70
84.70
86.10
84.40
86.70
88.90
88.10
88.80
89.20
88.70
88.50
88.30
87.10
84.80
85.30
84.90
85.80
85.10
84.70
85.10
86.40
87.20
87.30
87.00
87.90
85.70
83.10
82.60
82.90
81.20
79.30
79.00
78.30
77.60
76.10
74.20
73.70
71.40
70.00
71.40
72.30
71.90
70.90
70.20
67.75
67.84
67.10
67.00
66.01
65.63
66.66
66.04
65.10
62.13
62.07
62.44
63.21
62.53
63.44
64.14
67.73
70.40
71.20
70.60
73.20
76.60
75.30
75.20
77.50
78.60
79.00
82.50
77.00
76.90
77.40
77.30
78.30
80.90
79.80
82.00
82.20
84.80
86.10
86.70
87.70
86.30
82.80
83.40
82.60
84.10
87.00
85.10
83.50
84.20
84.40
84.40
85.50
84.70
85.50
86.20
85.70
86.10
86.20
85.50
84.70
85.50
85.80
86.30
87.00
87.60
88.70
87.30
87.50
87.30
87.40
86.90
86.80
86.30
86.70
85.60
82.50
81.50
78.90
78.30
78.80
77.90
77.20
76.00
74.40
72.00
67.90
68.02
67.02
67.37
66.79
66.53
64.87
64.05
64.82
64.46
63.82
62.59
61.94
61.01
60.15
61.35
58.45
57.53
57.35
62.11
61.76
62.97
62.75
73.50
73.60
77.90
79.40
80.80
80.10
79.70
81.40
82.40
82.10
83.10
84.30
85.40
86.80
85.50
85.60
85.70
86.00
86.70
85.80
85.20
84.70
81.70
81.70
83.60
82.60
81.20
82.20
82.10
81.70
80.50
81.00
81.20
81.40
82.10
82.10
82.90
83.70
84.90
86.00
86.20
86.00
85.70
86.60
84.60
79.70
81.50
83.00
84.20
85.20
86.10
87.00
86.90
86.10
86.00
86.20
86.50
86.60
86.20
85.50
85.20
82.80
82.00
81.60
80.40
78.60
77.80
77.50
76.30
76.40
75.20
73.90
72.40
73.00
72.30
71.60
72.20
73.50
72.70
72.70
71.70
69.87
69.40
68.99
68.70
69.35
68.46
72.10
75.00
75.50
78.90
79.80
82.10
83.30
82.80
84.30
84.20
86.00
87.40
87.00
86.10
85.40
85.60
87.20
88.60
88.80
86.70
87.40
88.90
89.10
88.90
88.30
87.40
88.30
88.10
86.40
85.90
85.80
86.90
87.40
87.90
87.00
85.80
84.00
83.30
83.30
83.80
82.90
83.10
83.60
83.90
84.10
84.90
84.70
85.40
86.00
86.70
86.50
86.70
87.00
86.80
86.60
86.30
86.00
86.10
86.80
88.80
89.20
88.80
88.50
88.30
88.00
88.30
88.30
87.80
87.40
87.40
87.00
87.20
86.30
86.50
85.80
85.00
84.70
84.70
87.10
89.00
88.90
88.60
92.70
94.20
93.60
94.30
94.40
94.00
93.80
94.00
93.60
93.20
93.00
92.70
92.60
91.30
90.20
89.20
88.20
86.90
85.50
81.90
81.50
79.90
80.90
79.60
81.40
81.90
82.30
83.30
85.00
89.10
92.60
93.10
93.30
94.30
93.80
94.30
94.80
94.90
94.70
94.20
94.10
94.00
94.20
93.90
93.80
94.00
93.80
93.50
93.70
93.70
93.60
93.10
92.60
92.20
92.00
91.40
91.80
91.70
91.30
91.30
91.40
91.40
92.80
93.80
93.60
93.10
93.00
93.30
93.10
93.00
94.00
93.80
94.00
94.20
94.70
94.90
94.40
93.40
94.00
94.20
94.30
94.40
94.50
94.60
94.30
93.60
93.30
92.30
92.10
91.00
90.70
89.90
88.70
88.50
89.30
87.40
85.30
84.40
83.60
84.00
84.10
84.00
84.30
84.80
85.60
87.90
89.10
86.70
86.60
86.60
86.60
87.70
89.00
88.90
88.70
89.40
90.40
89.70
89.40
90.50
90.90
89.60
89.60
88.60
87.80
87.80
89.20
89.10
88.70
89.20
89.60
88.80
88.50
88.90
88.70
89.00
89.00
88.60
89.00
89.30
88.70
89.00
88.90
87.00
86.30
86.70
86.30
85.50
86.00
86.60
87.40
87.40
87.60
87.30
86.60
86.40
86.70
85.90
85.40
85.80
86.50
86.80
87.50
87.90
88.30
88.60
89.20
89.60
89.60
89.30
89.10
88.60
88.50
88.70
88.20
89.00
89.60
89.80
89.30
89.20
88.40
87.80
87.40
87.20
87.60
86.60
85.00
81.20
81.00
80.40
80.50
81.20
81.50
82.00
82.50
79.30
77.50
75.70
74.20
73.30
72.40
72.10
71.40
70.30
70.40
69.12
67.20
65.82
64.80
62.20
60.40
61.38
61.63
61.80
61.88
60.04
59.74
59.74
59.78
59.74
58.78
58.29
59.93
59.72
59.61
61.98
63.89
66.99
67.63
68.84
70.70
70.90
70.50
71.50
72.90
72.30
73.50
74.80
75.30
77.70
81.20
84.70
85.00
85.30
84.80
85.50
87.40
88.50
89.50
90.10
90.70
91.00
90.80
88.80
86.30
86.20
87.50
87.60
86.60
87.10
87.90
89.60
93.00
94.40
94.10
92.20
93.30
93.70
93.90
94.20
94.00
93.60
94.60
95.00
94.60
93.90
93.80
92.80
94.10
92.70
94.50
93.50
92.90
92.30
92.80
92.90
92.00
92.20
91.40
90.80
91.00
91.80
91.50
90.90
91.50
91.10
90.10
90.40
90.40
89.90
88.50
89.80
87.90
85.00
85.50
83.50
83.10
83.50
84.60
83.50
82.20
80.50
79.60
79.60
80.70
80.80
80.70
83.20
84.70
86.20
87.10
88.40
89.50
90.10
90.30
91.30
91.40
91.30
90.50
89.90
89.30
88.70
89.00
88.90
87.90
87.50
87.40
86.70
86.90
87.70
86.70
90.50
93.60
94.40
94.70
94.70
94.30
92.60
93.20
93.40
94.10
94.50
94.50
94.70
94.90
94.90
95.10
95.20
95.30
95.20
95.10
95.10
95.30
95.30
95.20
94.90
94.90
94.90
94.70
94.50
94.30
94.30
94.00
93.50
93.10
92.60
92.50
92.60
91.30
89.40
87.20
84.70
83.10
81.70
79.80
78.60
77.20
74.80
74.60
74.90
75.40
74.20
74.10
73.60
70.70
69.86
69.44
68.03
68.62
67.42
66.74
66.84
67.73
65.23
63.96
64.52
64.81
65.57
67.28
68.29
70.70
69.49
67.93
74.00
82.20
83.80
86.30
85.80
86.80
86.60
87.20
88.40
88.30
85.00
84.10
91.80
94.50
94.80
95.00
95.40
95.70
95.80
95.80
95.70
95.70
95.70
95.70
95.80
95.90
96.00
96.00
96.00
96.10
96.10
96.20
96.20
96.20
96.10
95.50
94.00
93.80
94.20
94.60
94.70
95.20
95.00
94.40
94.30
94.10
93.90
93.70
93.50
93.30
92.60
91.80
91.90
91.90
90.40
88.90
87.90
88.30
87.50
86.10
86.70
85.80
85.20
84.70
84.30
83.70
81.10
79.70
77.20
74.90
74.10
71.50
69.12
69.93
70.10
69.96
69.88
69.88
66.77
67.16
68.24
67.21
66.52
65.62
65.34
65.73
64.62
65.52
63.34
64.34
63.86
62.69
62.67
62.40
62.74
63.00
62.62
62.64
63.80
65.96
67.34
69.36
70.40
73.50
77.10
78.50
80.80
80.30
79.00
78.30
79.40
81.50
81.50
78.70
75.90
77.60
79.00
80.30
79.60
76.50
74.00
74.70
79.00
81.90
82.40
82.30
84.20
85.10
85.30
85.70
85.70
86.10
86.10
85.70
86.10
86.70
86.60
87.10
87.30
87.80
88.30
89.00
89.30
89.50
90.00
90.40
90.00
89.90
90.00
90.20
88.80
88.70
88.60
88.10
87.70
86.50
84.90
84.00
82.10
80.70
79.80
79.90
78.60
77.70
76.60
75.40
74.80
72.00
71.10
73.50
77.60
88.00
89.70
90.60
91.00
90.40
87.80
85.20
80.60
77.50
78.70
74.10
71.40
71.20
69.58
65.39
64.37
64.39
64.91
65.12
66.72
67.96
67.73
67.93
67.12
68.46
68.71
70.10
73.00
75.20
74.20
71.70
72.70
73.70
79.00
85.40
88.20
89.80
89.60
90.70
91.00
90.90
90.50
90.60
90.90
91.60
89.40
88.20
88.20
88.30
88.60
89.60
90.00
90.30
90.40
90.90
91.80
91.90
91.40
90.50
90.50
90.70
91.00
90.50
89.30
90.60
90.60
91.20
92.30
93.30
93.40
92.70
92.40
93.00
93.00
93.40
92.60
90.60
88.70
87.90
86.70
85.10
83.00
82.10
82.00
81.10
79.30
77.10
73.30
74.30
72.80
72.90
69.97
70.70
71.10
68.91
62.06
58.67
60.25
59.30
60.03
59.41
62.23
64.22
71.00
66.46
62.38
61.66
61.48
60.08
63.87
66.43
66.67
68.70
75.70
71.70
71.80
74.50
71.70
78.10
80.20
81.60
84.30
86.00
86.30
85.40
87.10
87.90
87.10
86.00
87.10
86.20
84.40
83.60
83.20
83.90
84.50
85.60
87.10
87.20
87.10
87.20
87.00
87.90
87.90
86.80
87.70
89.60
90.40
89.00
89.00
88.90
87.50
87.30
88.10
88.90
90.10
91.70
92.60
93.30
93.80
93.80
94.10
94.60
94.80
95.10
95.30
95.40
95.50
95.60
95.70
95.40
92.30
91.80
91.80
90.10
87.00
83.40
82.50
81.20
76.60
73.30
73.90
71.50
72.30
70.90
71.30
69.35
65.34
65.03
65.27
67.09
65.88
64.73
62.96
60.53
64.18
64.41
64.69
71.80
71.90
72.50
72.10
69.20
68.69
65.22
61.17
57.82
58.14
58.19
57.01
58.44
59.70
59.07
57.83
57.37
58.67
60.54
63.22
64.45
65.53
65.74
64.48
64.68
64.64
68.51
71.50
70.80
81.10
86.00
84.50
85.60
87.90
86.00
89.00
90.90
87.70
84.20
83.00
83.30
83.40
84.20
86.50
88.10
89.70
90.20
90.60
91.50
92.20
92.20
93.00
93.50
93.80
94.20
94.50
94.50
94.60
94.80
95.10
95.20
93.40
92.50
92.20
91.90
91.50
90.10
88.20
87.90
87.60
85.70
83.20
80.90
78.40
77.40
75.10
74.40
72.50
70.80
69.18
68.49
66.48
62.81
60.20
57.19
57.43
57.64
57.47
56.85
56.52
57.71
57.40
58.24
57.76
58.33
57.86
55.44
55.87
54.63
53.51
53.79
52.40
53.19
54.46
53.02
51.07
50.48
54.44
55.97
57.57
58.80
60.57
62.06
61.02
61.27
63.61
65.52
66.25
66.73
67.12
65.96
65.66
67.27
67.86
70.00
70.80
70.50
70.60
69.62
68.98
68.52
68.09
68.63
70.80
75.30
78.00
78.30
76.60
75.10
77.30
76.20
76.40
78.20
78.90
78.80
80.00
79.90
81.30
79.40
78.90
79.30
80.90
82.20
83.20
84.90
85.80
86.60
87.10
86.40
86.50
85.20
84.70
86.10
87.70
86.70
86.50
87.80
86.70
85.80
85.30
86.60
89.10
89.20
86.50
87.90
88.50
87.90
86.90
85.20
82.50
78.50
77.40
75.00
73.70
71.40
74.10
74.20
71.40
70.40
70.40
69.69
66.88
66.41
69.24
67.03
64.22
62.61
59.64
54.90
60.24
60.79
60.05
58.43
59.61
61.67
60.24
60.66
63.80
65.89
68.26
67.97
68.06
73.40
76.80
78.30
77.70
80.90
75.90
76.00
77.60
78.70
79.40
80.00
81.70
82.50
82.00
81.80
82.90
84.10
85.60
87.30
88.30
88.70
90.00
89.20
90.30
91.80
92.50
92.90
89.30
88.30
90.30
92.30
93.10
92.60
92.80
92.80
92.50
91.20
91.60
91.70
91.40
90.90
90.10
91.30
92.00
91.30
91.00
90.80
92.60
93.70
93.90
92.50
88.90
86.20
83.50
83.10
84.50
81.60
79.70
78.50
77.20
76.30
75.10
71.80
69.99
69.79
69.39
69.62
69.89
73.80
73.50
73.10
75.20
74.40
74.30
72.00
72.40
70.80
71.70
70.70
69.13
67.72
64.24
62.95
63.75
64.31
62.89
61.38
63.78
65.47
64.51
66.10
72.00
73.80
75.10
71.60
75.10
78.90
78.60
82.80
86.20
86.10
87.20
87.10
87.30
87.50
86.90
87.40
88.10
88.70
89.20
89.80
91.00
91.70
91.60
89.80
90.00
90.90
91.90
92.80
93.60
94.10
93.70
93.70
94.10
94.50
94.70
95.00
95.10
95.30
95.60
95.70
95.80
95.90
96.00
96.00
96.00
96.00
96.00
95.30
92.70
91.30
91.70
93.30
94.60
94.00
92.70
87.90
81.60
80.60
79.50
79.70
78.00
77.90
76.70
73.90
72.80
71.50
70.30
69.51
69.09
69.08
67.64
66.62
67.16
65.46
64.57
63.70
63.15
61.10
59.01
57.29
57.51
56.46
56.22
54.00
55.12
56.59
54.79
55.92
55.52
56.34
59.51
58.93
57.24
57.81
58.57
58.93
64.08
65.50
69.35
71.10
72.80
74.50
72.60
73.80
73.70
73.40
73.20
73.60
75.90
79.10
84.00
83.20
83.10
84.80
82.90
84.20
82.60
80.00
78.40
78.80
80.10
82.10
85.20
87.30
87.50
85.70
84.10
83.70
84.10
86.00
86.00
85.40
87.10
86.00
83.50
83.60
84.00
85.40
86.40
86.20
86.10
86.20
87.50
87.50
86.70
86.00
85.70
85.30
84.80
83.70
83.60
82.30
80.70
78.70
77.40
77.00
76.00
73.90
72.20
69.83
69.13
67.96
66.65
65.24
63.85
62.26
60.88
61.18
59.30
59.59
58.70
58.17
56.96
56.08
55.81
56.08
56.34
55.24
55.04
52.88
51.75
52.65
51.27
50.81
51.53
51.70
53.63
53.08
54.18
52.63
53.48
52.19
53.49
56.06
57.64
60.22
61.85
63.64
62.75
64.32
62.80
67.55
69.31
67.87
74.20
74.30
72.20
75.40
79.50
74.40
74.20
79.10
78.30
80.60
81.60
83.40
81.40
85.00
89.70
89.40
89.20
90.70
91.40
91.90
89.20
88.20
87.30
84.90
84.70
88.80
90.70
91.70
90.80
91.00
91.80
91.70
91.30
89.10
91.00
88.20
87.80
86.30
87.80
86.50
89.10
83.50
81.60
80.10
76.80
77.50
74.10
69.01
71.80
69.42
70.30
66.80
64.38
65.11
64.90
64.61
60.88
62.73
61.93
57.91
57.29
58.21
59.88
59.01
56.91
56.60
56.60
55.99
57.73
56.65
54.43
49.98
49.86
50.61
51.81
51.46
49.97
52.23
52.15
51.74
52.58
48.95
53.27
61.13
64.03
66.97
69.77
72.30
74.00
74.90
76.10
76.80
78.30
79.00
78.90
80.50
81.90
81.60
84.20
85.50
84.60
86.10
85.50
85.40
85.10
88.00
89.50
89.80
90.90
91.60
91.60
92.10
91.00
89.70
90.60
90.80
91.10
91.60
90.30
90.20
90.80
90.70
91.10
91.20
92.40
93.20
93.40
93.90
94.40
94.30
93.30
93.50
93.10
92.50
92.10
90.50
86.90
88.20
89.20
88.70
87.90
88.70
88.80
88.00
86.10
83.30
80.10
77.20
77.00
74.90
71.90
72.70
74.00
73.80
72.30
72.20
69.60
68.24
66.70
64.28
62.39
61.04
66.03
65.44
64.37
67.67
66.64
66.19
65.19
65.62
66.84
70.80
73.50
73.90
72.70
72.20
71.60
72.10
72.20
72.00
76.70
81.00
81.80
82.70
84.20
85.70
87.00
86.30
86.70
85.90
85.40
86.00
87.10
87.20
88.20
88.70
89.10
89.50
90.40
91.50
90.90
90.70
90.70
91.60
91.80
92.20
90.50
89.70
90.40
91.50
90.30
90.30
89.90
90.40
89.80
90.60
91.70
87.80
88.90
91.90
90.70
88.00
90.00
91.00
92.50
92.60
91.00
91.80
93.00
93.60
93.40
94.10
93.20
89.60
89.00
90.20
91.00
90.80
90.60
89.50
86.90
87.20
87.10
85.90
84.90
84.70
85.00
84.30
83.40
84.80
84.80
85.40
86.10
86.10
85.60
83.80
83.00
82.80
81.30
79.10
78.40
77.90
77.80
74.30
75.00
75.80
74.90
70.00
68.50
67.50
68.84
70.80
70.10
70.10
71.20
71.30
71.70
74.60
76.60
79.50
81.90
83.60
85.10
86.20
86.30
87.30
87.40
87.50
87.50
87.80
88.10
88.40
88.70
89.90
90.70
90.50
90.60
90.20
90.50
90.20
90.20
90.30
90.20
90.90
91.30
91.80
91.70
92.20
92.60
93.40
93.50
93.30
93.20
93.50
93.80
93.10
93.30
92.90
92.20
92.30
92.70
93.20
92.70
92.60
93.30
93.70
93.60
93.70
93.30
93.20
91.60
90.10
88.20
87.00
87.10
85.40
83.60
79.70
79.00
78.30
84.70
91.00
92.70
93.30
93.20
93.30
93.40
92.10
92.10
92.80
92.50
91.80
90.40
90.10
88.70
87.90
86.40
85.50
85.20
85.40
85.40
84.60
84.90
85.20
85.10
86.00
85.90
83.20
83.40
84.20
84.20
84.10
85.90
87.20
88.10
88.80
89.90
91.00
91.10
91.20
91.50
92.00
92.60
92.60
92.40
92.50
92.40
92.80
92.50
92.10
92.30
92.30
92.60
92.90
93.50
93.60
94.10
94.50
94.60
94.70
94.60
94.20
93.90
94.20
94.50
94.60
94.80
94.90
94.50
94.50
94.00
94.20
94.00
94.20
94.40
92.80
92.80
93.70
94.40
94.80
94.80
94.70
94.60
94.20
93.90
94.30
93.50
93.00
92.60
92.20
91.30
91.10
89.50
88.60
87.70
86.00
83.30
81.50
78.70
79.40
80.00
80.60
80.30
79.60
78.70
78.90
79.20
79.30
77.40
76.50
74.00
73.40
73.50
70.90
69.99
70.20
69.44
69.78
79.50
80.20
82.80
83.10
86.70
91.60
92.50
93.70
94.20
94.30
94.20
94.50
94.50
94.20
94.30
94.10
94.20
94.30
94.20
94.30
94.80
94.10
93.80
93.90
94.40
94.50
93.90
93.50
93.70
93.90
94.30
94.40
94.50
94.30
94.20
93.90
93.50