86.60
86.80
87.20
87.80
88.20
89.10
89.70
90.20
90.80
91.50
91.20
91.50
91.50
91.20
91.80
92.80
93.40
93.60
96.40
96.10
95.70
95.50
95.00
94.20
95.10
96.60
96.90
97.10
97.20
96.60
95.20
92.60
86.90
81.40
77.70
74.60
73.60
71.90
69.61
68.46
66.43
63.08
61.86
59.51
57.22
58.44
56.78
52.81
49.85
49.86
48.64
46.51
46.38
46.69
46.19
47.98
46.14
46.24
45.74
43.12
47.63
48.23
50.25
50.05
50.98
55.00
57.15
59.36
60.72
61.06
62.73
66.56
66.23
60.64
62.14
65.47
64.99
65.48
68.35
69.67
70.00
70.80
72.10
73.70
74.90
75.80
76.60
76.10
76.30
76.50
75.50
76.20
78.00
79.60
80.60
81.10
81.40
82.10
83.10
83.50
83.90
84.50
83.70
83.00
82.40
82.90
83.50
84.70
80.10
85.40
86.40
87.00
86.00
92.90
91.10
89.80
91.00
90.20
88.50
89.30
89.70
92.80
89.90
84.70
87.20
85.60
87.80
88.30
87.90
84.20
81.40
77.40
72.50
70.20
72.00
74.20
74.20
72.90
70.80
68.77
66.34
63.06
61.21
58.29
52.51
50.23
50.36
48.91
46.98
43.99
43.45
43.53
43.73
42.68
40.99
38.43
37.13
37.42
36.10
36.75
35.36
38.62
39.22
37.63
34.22
34.37
35.90
41.40
46.63
43.87
45.31
48.12
52.14
54.86
56.10
57.63
58.46
59.47
60.25
60.35
60.73
60.43
58.11
58.10
62.83
68.14
66.39
64.64
64.77
64.68
64.64
62.34
61.92
62.38
64.59
65.75
68.75
67.88
70.00
69.33
67.86
71.50
73.20
71.80
67.71
65.72
65.05
67.54
64.79
63.41
61.73
67.35
68.47
74.60
73.40
68.60
73.10
74.80
76.50
80.60
84.30
83.20
79.50
75.60
69.62
67.64
64.74
60.57
58.87
54.88
53.53
53.74
54.55
55.23
51.37
51.04
48.13
46.71
44.83
41.73
40.79
38.98
35.85
33.72
33.17
33.46
33.28
31.78
32.30
31.34
30.80
29.22
29.24
29.64
29.37
29.55
30.01
30.47
31.46
32.47
33.39
34.17
34.24
34.08
36.78
40.30
40.13
37.11
36.91
37.78
40.24
42.89
43.88
45.58
46.81
48.12
47.93
48.13
44.33
43.98
42.97
45.33
47.27
48.83
50.08
49.82
52.00
55.58
58.14
60.19
61.52
61.72
61.19
63.05
64.35
59.87
57.27
57.14
59.35
63.11
66.54
67.90
71.00
76.30
82.80
82.30
79.80
74.60
68.16
63.97
65.23
64.03
64.50
64.01
65.08
61.82
61.12
62.42
62.65
61.59
61.43
61.71
61.75
61.31
58.81
58.93
57.08
56.69
54.03
51.47
51.02
49.13
45.93
40.58
39.71
36.25
31.82
31.47
29.27
29.24
29.86
30.22
30.92
30.75
30.33
30.03
28.58
28.82
29.12
29.57
30.60
29.95
29.92
31.91
34.26
37.17
39.37
39.88
39.29
38.55
40.04
43.09
46.41
47.58
46.34
43.49
41.79
41.07
40.58
40.57
40.68
38.47
37.89
37.41
37.22
38.14
37.97
38.72
42.48
46.34
48.02
49.39
50.32
51.82
53.13
58.56
62.85
64.57
64.04
65.26
64.59
66.34
65.30
65.83
66.63
64.70
63.09
63.75
66.42
67.90
65.80
64.90
64.91
63.60
65.06
67.53
67.55
68.39
69.02
66.94
66.79
68.36
67.39
65.49
64.61
64.09
64.22
64.51
63.16
59.61
56.63
54.17
54.01
52.97
51.83
49.08
46.44
44.23
42.73
39.48
38.30
38.49
37.52
35.55
33.60
33.29
33.47
32.48
30.23
31.39
31.79
31.65
32.26
31.98
32.13
32.00
32.21
32.83
34.06
34.12
35.01
37.18
39.87
41.34
42.09
43.15
44.11
45.75
48.18
48.68
48.92
48.92
49.00
48.84
48.27
47.35
47.49
48.16
48.44
47.86
47.37
48.79
53.89
56.00
55.08
54.24
55.56
56.60
56.97
55.34
53.60
52.28
51.93
59.07
70.90
70.50
69.53
70.90
67.71
62.45
62.77
63.57
63.83
66.71
66.21
66.91
66.82
65.56
65.11
64.35
64.80
63.61
64.18
64.72
65.39
67.43
68.48
67.81
68.58
68.47
66.60
66.28
66.07
65.61
64.69
63.23
62.38
61.27
57.48
56.34
53.82
50.15
47.23
43.60
41.19
40.74
39.23
36.43
34.18
34.02
32.70
31.74
31.00
29.68
31.05
30.08
29.54
25.85
25.42
26.19
26.21
25.92
26.68
26.27
27.11
28.70
32.50
33.34
36.51
38.23
38.72
41.57
43.79
41.81
41.47
42.88
42.23
41.41
42.28
41.72
41.34
41.20
43.50
45.11
46.03
46.51
47.07
46.41
46.45
45.63
45.86
49.17
51.04
49.65
52.06
55.42
56.87
60.25
62.19
61.65
61.73
63.37
68.33
70.40
71.30
72.90
71.90
72.30
74.20
75.20
73.50
71.30
69.95
69.50
70.20
71.00
69.94
69.13
68.29
69.42
71.70
73.20
72.30
71.90
72.00
71.60
69.81
68.82
68.60
67.93
67.72
64.53
61.73
62.81
61.89
59.72
56.89
53.36
49.32
46.29
46.38
44.99
43.59
40.98
41.03
39.85
40.18
40.34
38.36
37.69
37.68
36.54
34.83
34.83
34.07
34.07
33.14
32.73
32.99
33.43
34.10
35.70
37.33
39.09
40.35
41.75
43.59
46.16
47.18
47.39
47.80
48.02
48.47
48.84
49.68
49.52
49.30
50.22
49.69
49.74
49.37
49.33
48.23
48.03
47.32
48.20
50.56
51.81
53.89
54.74
54.57
55.84
58.82
60.80
62.33
63.63
66.29
69.31
71.40
70.60
69.68
70.90
70.30
70.10
70.60
71.00
71.30
71.60
72.10
74.00
76.40
80.70
80.40
79.50
79.60
80.70
79.90
78.80
77.30
75.50
75.50
75.00
73.10
70.80
70.00
69.79
70.20
67.76
63.89
61.71
61.04
59.06
59.30
57.40
54.42
50.90
48.34
42.67
40.09
39.57
38.98
37.41
35.22
34.63
34.07
33.87
33.13
32.83
32.27
31.95
31.90
33.14
32.98
32.62
33.73
34.63
36.07
38.00
39.54
41.53
42.62
45.59
44.02
42.83
41.83
41.54
40.80
41.54
41.93
46.16
49.17
48.32
48.11
46.13
50.34
55.62
61.37
61.12
61.16
62.05
62.86
63.22
62.74
61.71
60.14
60.47
59.00
58.17
58.61
64.18
76.50
79.60
81.60
80.00
76.20
69.73
68.43
71.90
76.40
83.40
86.90
86.50
84.90
85.90
84.90
81.00
76.40
74.10
75.00
73.50
77.00
76.60
80.30
88.00
92.70
94.60
92.40
89.70
89.40
86.20
81.90
79.50
77.90
77.70
75.70
74.30
73.50
71.90
68.58
66.05
63.75
61.74
60.84
57.84
56.37
55.32
54.59
55.20
55.68
54.86
54.86
55.36
54.43
53.91
54.03
54.08
54.27
54.37
55.00
57.15
57.71
58.37
59.88
59.83
57.41
58.37
60.69
63.16
65.30
67.56
69.46
71.60
73.10
73.40
74.50
75.70
76.90
77.50
79.00
80.10
81.00
81.60
82.10
83.00
83.90
85.20
86.60
87.60
87.90
88.70
89.80
90.40
90.90
91.30
92.00
92.60
92.00
92.40
92.80
93.10
93.10
92.80
93.60
94.30
95.50
94.60
94.50
94.50
94.80
94.90
95.60
95.20
95.90
96.30
96.40
96.40
96.40
96.60
96.80
97.00
96.90
96.60
96.00
94.40
94.20
93.60
93.50
92.80
92.20
92.10
92.30
92.30
92.50
92.50
92.80
92.80
92.40
91.80
91.30
90.70
90.40
89.20
88.70
88.10
86.50
86.40
86.10
84.90
85.80
86.70
86.80
86.30
84.50
84.60
84.80
84.40
84.20
84.30
84.70
85.20
85.30
86.10
86.60
86.80
87.70
87.50
86.70
86.60
87.50
87.60
87.40
86.70
86.90
86.90
88.20
89.40
88.90
89.10
89.90
89.80
89.70
89.80
90.40
90.80
91.60
92.50
93.80
94.10
95.70
96.30
96.70
97.30
98.00
98.50
98.40
98.30
98.20
97.60
98.00
98.60
99.10
99.30
99.20
99.30
99.30
99.40
99.20
99.20
99.20
99.30
99.30
99.30
99.30
99.30
99.30
99.20
98.90
98.90
98.60
98.60
98.00
96.80
96.40
96.10
95.60
94.50
94.00
94.60
96.70
97.80
96.50
95.30
93.30
91.00
93.80
91.70
90.30
88.90
87.30
86.60
88.10
88.70
87.80
91.60
91.50
87.10
85.90
87.90
90.40
89.40
87.60
87.00
88.10
88.50
88.40
90.40
95.40
96.60
97.60
97.70
97.90
98.20
98.40
98.70
98.80
98.90
99.00
99.10
99.20
99.30
99.30
99.30
99.30
99.30
99.10
99.00
99.00
99.00
99.10
99.20
99.20
99.30
99.20
99.10
99.10
99.00
99.10
99.10
99.20
99.20
99.30
99.30
99.30
99.20
99.20
99.20
99.10
99.00
99.00
99.10
99.20
99.30
99.30
99.40
99.40
99.50
99.60
99.60
99.60
99.60
99.70
99.70
99.80
99.80
99.80
99.70
99.30
98.40
97.10
95.50
93.60
89.70
89.40
90.30
89.20
89.20
88.80
88.60
87.80
87.70
85.80
86.00
85.00
84.70
84.30
83.40
81.40
77.60
75.90
75.60
74.20
73.30
71.60
72.10
69.68
70.70
68.94
68.46
68.28
69.03
69.90
71.10
70.00
70.30
72.10
75.80
77.50
79.20
79.00
78.60
79.70
78.90
77.70
75.00
75.30
75.80
77.20
78.10
78.20
81.10
84.40
81.60
78.50
82.20
86.90
87.70
90.40
88.70
89.60
89.60
90.90
92.10
90.30
90.80
92.10
92.40
93.10
94.10
93.80
93.90
93.30
93.90
94.80
95.00
95.30
95.30
95.70
96.30
96.10
96.10
96.20
96.60
96.80
97.00
97.50
98.30
99.10
99.60
99.80
99.80
99.70
99.60
99.40
97.80
93.70
90.90
88.50
85.40
85.60
83.60
81.20
78.40
75.20
71.70
70.60
67.26
66.04
65.10
63.20
60.35
59.10
56.62
54.97
53.36
52.72
52.22
50.46
49.29
47.56
45.21
44.40
43.78
43.12
41.97
42.20
42.52
41.22
42.51
45.33
46.64
49.29
51.41
52.17
52.14
53.70
54.39
55.10
56.80
56.84
57.18
57.35
57.88
58.27
60.49
60.99
62.64
64.06
63.96
66.67
67.96
69.16
70.30
70.00
71.20
72.70
73.80
75.20
77.20
77.20
76.80
75.60
75.30
75.90
76.90
79.40
84.60
90.80
93.60
92.30
86.40
84.90
83.40
84.30
84.60
84.80
84.00
82.10
79.90
81.10
81.50
80.90
82.00
85.90
88.00
87.30
87.30
91.20
90.20
88.70
86.10
81.50
77.30
69.64
65.30
66.23
67.66
65.01
61.09
56.33
54.96
53.06
52.32
50.63
50.94
49.19
47.76
46.93
46.66
46.08
43.80
42.87
42.36
41.51
40.18
39.30
38.91
37.74
36.75
32.82
35.95
38.01
37.34
36.79
37.84
40.27
41.62
44.62
44.98
46.49
47.19
48.26
48.64
49.17
51.35
50.31
57.00
61.35
62.41
64.21
65.59
66.44
67.70
68.60
69.78
72.00
74.40
75.30
71.40
67.07
66.27
66.72
68.91
71.30
69.14
67.93
68.57
68.43
69.96
72.20
73.30
76.00
77.60
80.30
82.60
85.00
87.10
88.10
88.70
90.00
91.30
92.50
93.40
94.00
93.70
93.70
93.90
94.00
93.50
94.10
95.10
95.60
95.10
93.90
92.80
92.20
91.40
90.20
88.90
86.70
83.80
81.40
81.10
79.80
78.50
75.60
73.60
73.40
70.60
69.32
67.83
68.02
67.05
65.87
65.68
64.86
63.59
65.01
64.65
63.94
62.47
62.73
64.22
64.36
64.49
64.14
64.68
64.34
64.15
64.30
64.89
64.27
68.77
71.80
73.30
75.50
77.70
78.80
80.30
82.40
83.00
82.70
83.20
83.90
84.60
85.50
86.00
86.20
86.70
87.10
86.00
86.00
87.10
88.00
88.30
88.80
89.30
90.20
90.80
91.10
91.50
90.90
91.10
91.60
91.30
91.40
90.80
90.80
92.10
93.00
93.70
94.30
95.30
96.20
97.20
97.60
98.10
98.30
98.40
98.40
98.50
98.70
98.90
99.00
99.10
98.90
98.80
99.30
99.50
99.60
99.60
99.40
98.50
95.50
89.90
85.10
81.80
77.00
75.80
75.50
72.80
70.50
69.64
67.61
66.02
65.16
64.47
65.21
63.19
61.69
60.72
60.77
59.49
59.48
58.50
55.59
54.53
54.88
55.72
54.93
53.86
53.22
52.26
51.10
51.70
50.73
49.91
50.37
51.87
50.63
53.47
54.93
58.50
59.42
59.24
59.51
61.72
62.47
67.32
75.40
70.10
71.70
74.90
75.70
74.70
75.20
76.30
79.30
79.90
79.20
79.60
78.70
79.10
80.20
81.30
82.60
84.40
85.40
85.80
85.50
85.40
84.80
84.80
85.30
86.00
86.90
85.10
84.70
85.30
86.70
90.50
93.40
94.50
94.80
96.40
97.20
97.50
97.10
96.40
95.60
94.40
94.60
93.00
93.80
93.80
92.50
92.10
92.00
90.80
89.80
90.30
85.50
81.90
77.20
71.30
70.00
68.96
66.31
63.05
59.64
56.55
55.26
51.92
49.86
48.28
45.41
45.50
43.10
42.72
41.38
39.41
38.26
38.31
36.91
36.76
37.59
34.96
37.23
38.61
37.84
38.30
38.03
38.96
40.04
42.00
40.70
42.36
48.65
51.58
52.10
50.80
48.48
48.79
47.75
50.50
52.27
65.65
75.60
76.70
79.60
87.80
90.80
92.80
93.40
93.40
93.20
93.00
92.30
92.80
92.90
91.00
90.40
91.40
89.80
89.20
88.50
95.60
97.00
96.90
96.80
96.80
96.80
97.80
98.30
98.50
98.60
98.80
99.10
99.20
99.30
99.40
99.50
99.50
99.60
99.60
99.70
99.70
99.70
99.80
99.80
99.80
99.80
99.90
99.90
99.90
99.90
99.90
99.90
99.90
99.90
99.90
99.80
99.50
98.60
95.70
91.80
91.00
91.00
91.70
90.50
90.80
91.70
91.70
91.30
91.90
92.10
92.40
92.20
91.40
90.90
86.20
85.00
84.00
84.10
83.10
81.70
81.90
81.10
80.30
79.20
77.90
79.40
81.00
83.80
85.00
85.60
87.70
88.60
90.10
89.70
90.10
89.60
89.60
90.90
92.50
91.70
90.90
91.60
90.70
90.40
91.70
93.10
92.90
92.80
92.00
88.60
86.30
84.70
87.30
87.40
87.90
90.20
91.50
89.80
89.30
89.00
88.00
88.80
88.40
89.10
89.90
89.90
90.30
91.30
90.50
90.40
89.60
88.80
89.80
90.10
89.20
89.30
89.50
90.00
91.30
90.10
86.70
85.80
85.70
85.70
83.40
81.60
80.00
77.10
74.20
73.30
71.90
70.00
66.96
65.21
62.94
61.69
59.59
55.26
53.93
52.84
52.53
49.86
48.09
48.20
47.94
48.61
47.67
48.43
45.76
44.74
46.01
45.47
44.15
44.34
45.20
42.98
44.63
45.09
46.94
48.09
50.42
52.43
56.46
58.03
58.09
57.94
61.30
62.24
63.41
65.87
64.69
64.71
65.22
63.87
64.59
66.29
66.78
70.30
71.60
69.66
68.09
66.93
65.44
66.27
67.54
68.81
70.30
73.20
73.30
73.40
70.80
68.06
67.32
67.08
69.24
71.90
73.30
75.40
77.40
79.80
80.30
80.10
79.10
81.00
82.40
81.70
82.10
82.40
82.40
82.90
83.80
84.50
83.30
83.00
82.60
82.60
83.10
84.30
86.10
84.30
81.20
80.60
80.80
79.30
77.90
75.70
73.50
68.79
66.34
62.94
61.94
60.49
57.49
56.12
55.04
52.83
50.72
52.02
52.29
50.65
50.50
48.73
48.51
47.87
46.81
46.08
47.64
46.84
48.27
47.62
48.58
48.27
47.40
47.63
49.78
51.54
54.81
57.49
59.99
61.17
62.68
64.16
62.94
62.95
63.48
64.30
69.45
69.26
67.11
66.69
67.48
68.84
69.39
67.70
69.30
70.20
71.50
73.30
73.00
72.50
70.40
70.50
71.60
72.00
67.30
65.28
71.50
75.80
78.50
78.90
78.20
77.80
77.80
78.50
80.30
84.30
89.60
90.40
89.90
88.40
87.40
87.20
90.80
91.80
91.10
88.50
88.70
88.10
88.00
88.00
85.90
86.10
87.30
89.90
89.10
91.30
89.20
85.70
84.00
80.50
76.40
74.20
73.20
72.30
70.90
67.06
65.42
62.04
61.54
58.40
57.27
56.22
54.59
53.78
52.34
51.99
50.11
49.59
49.93
48.00
47.02
47.87
46.95
47.14
47.44
48.17
46.50
46.34
47.14
47.29
44.09
46.42
50.00
54.25
54.19
56.75
59.72
61.55
63.05
63.72
63.95
63.76
62.00
60.72
60.34
61.27
62.21
62.91
68.99
73.80
75.80
76.90
77.70
78.40
77.60
74.60
72.70
73.40
71.20
71.40
71.30
72.10
73.10
74.00
75.10
75.90
76.50
77.10
77.30
77.40
77.70
78.30
78.10
78.50
79.10
80.60
81.70
82.00
82.40
82.80
82.20
83.20
84.80
85.60
85.90
86.10
85.90
85.60
85.00
84.10
81.70
79.20
78.70
78.10
76.00
74.10
72.80
73.00
70.70
68.51
66.74
64.98
63.13
61.56
57.90
56.76
54.77
53.61
52.65
53.10
52.81
51.65
49.57
47.89
45.57
44.94
44.87
44.53
45.52
45.31
45.50
42.94
43.48
43.94
43.69
44.25
45.43
45.80
47.15
50.42
52.85
51.05
53.00
54.83
55.88
54.90
54.69
53.01
51.88
52.90
54.21
57.59
65.03
66.45
64.47
66.13
66.07
67.22
67.29
63.65
62.79
64.60
65.54
67.21
66.48
65.56
66.41
65.47
64.60
65.26
74.00
73.00
73.20
74.40
74.30
75.20
76.70
77.50
77.30
80.90
81.00
81.30
82.10
83.60
84.40
84.20
83.30
83.70
83.60
83.40
82.20
82.30
85.00
87.10
85.90
86.00
86.40
85.10
81.70
80.30
80.50
78.50
76.10
73.80
69.83
68.45
67.48
66.17
69.57
72.50
72.10
75.00
87.60
90.50
92.60
93.70
92.80
90.50
90.20
89.30
83.60
82.60
83.00
83.50
82.30
82.00
82.10
82.20
82.50
82.70
80.90
78.50
78.90
79.90
82.40
81.80
80.90
82.30
82.90
82.80
82.20
82.50
82.90
84.10
84.40
84.20
85.00
85.90
86.60
87.90
88.60
88.90
89.60
91.90
92.00
93.10
93.50
94.20
94.60
95.20
95.90
96.20
96.30
96.70
96.90
97.20
97.20
97.40
97.90
98.30
98.30
98.00
98.00
97.50
97.30
97.50
97.50
98.00
98.20
98.40
98.70
98.90
99.00
98.80
98.50
98.50
98.50
98.60
98.30
98.10
97.70
97.30
97.00
96.20
94.70
92.80
91.20
88.70
86.90
87.60
85.30
84.50
83.10
81.30
78.90
75.90
71.30
68.52
66.07
64.14
62.86
63.62
62.10
60.83
60.73
59.85
60.95
55.92
55.69
55.39
53.88
53.72
50.84
49.78
49.52
49.65
49.31
50.12
50.97
53.59
55.35
55.64
57.16
58.24
58.70
58.72
60.23
60.54
60.13
66.59
67.47
65.68
65.84
67.11
67.61
65.98
64.96
65.05
65.57
66.13
66.16
66.18
66.03
66.52
70.40
73.10
70.50
71.20
72.20
71.40
70.50
70.40
70.10
72.90
74.30
76.10
77.80
79.90
79.70
80.40
80.50
83.70
91.50
91.80
94.20
93.70
93.20
90.60
88.20
89.40
84.70
74.70
73.60
75.60
75.80
74.30
75.10
76.30
77.20
77.10
75.60
74.20
73.90
75.70
78.60
79.80
80.90
84.10
85.50
86.10
87.60
90.30
90.10
90.00
91.00
90.40
90.50
90.20
89.10
87.50
88.90
89.10
88.40
86.20
85.60
86.10
85.60
83.80
81.40
79.10
77.50
74.00
73.70
74.70
77.70
79.00
82.30
82.70
83.50
84.00
80.90
80.80
81.70
81.50
82.70
82.80
81.50
82.50
82.50
83.00
82.20
83.20
83.20
82.70
84.20
83.60
82.40
80.90
80.90
82.40
81.50
79.70
79.40
79.10
79.10
78.70
77.90
77.60
77.50
78.10
79.30
80.50
81.20
81.70
82.00
82.50
82.10
82.20
81.80
81.10
81.50
82.40
82.50
82.80
83.90
84.20
83.80
84.20
84.50
84.90
84.50
83.90
83.60
83.10
83.20
83.60
82.70
78.40
72.80
66.35
64.33
64.96
64.36
63.15
57.47
55.32
51.93
49.87
48.33
49.48
48.89
49.20
49.36
48.85
48.09
47.96
45.76
43.07
41.28
42.39
39.26
39.99
41.56
40.57
42.53
43.03
41.66
41.53
40.29
42.60
42.80
42.27
41.08
41.49
43.61
45.82
48.49
51.38
52.86
52.26
54.36
58.81
63.81
65.50
65.13
66.28
65.09
65.85
66.11
64.53
63.81
63.97
64.98
65.95
65.51
66.32
67.90
68.72
69.62
68.22
69.22
70.90
70.80
71.30
71.90
72.40
73.50
73.60
72.60
73.50
73.10
73.10
72.30
70.90
71.50
71.80
71.90
72.10
73.80
74.20
75.00
74.40
75.10
76.80
79.00
79.70
80.50
80.50
80.30
79.00
79.00
79.20
75.70
73.10
71.50
66.20
63.40
59.45
57.48
55.83
54.83
53.95
57.11
55.18
49.79
45.73
43.79
41.25
42.40
40.78
39.58
37.96
37.37
36.45
36.61
35.17
35.08
34.02
34.04
33.95
33.16
33.67
32.85
32.15
32.82
32.56
33.02
32.77
32.26
33.69
36.68
39.13
41.35
43.25
42.62
43.48
43.72
45.38
49.17
50.05
52.40
56.55
58.37
59.89
60.31
60.28
60.51
62.17
62.34
61.80
62.18
62.78
63.03
63.93
64.24
64.67
65.00
65.27
65.74
67.97
69.34
69.01
69.76
70.30
70.70
70.90
71.10
71.50
71.90
72.50
73.20
73.20
71.50
71.70
71.80
72.10
73.60
75.80
76.40
75.90
76.30
75.70
76.70
77.70
77.50
77.20
75.90
74.10
73.20
72.60
70.20
68.32
66.97
65.65
63.17
60.89
58.64
55.26
53.58
51.17
48.72
46.80
44.91
42.95
41.58
39.81
35.25
35.17
33.45
32.47
31.21
32.13
32.70
33.44
32.60
32.58
31.66
32.88
32.77
32.82
33.70
34.65
34.33
33.93
34.49
34.76
35.77
36.78
39.55
41.69
42.24
43.96
46.03
46.88
47.90
48.78
50.03
51.55
53.04
53.44
54.15
55.27
56.86
58.26
59.62
61.00
62.20
63.32
64.28
65.20
65.92
66.85
68.11
69.16
69.05
68.20
67.97
68.54
68.55
67.37
67.70
68.81
70.00
70.60
70.90
71.00
71.00
71.30
71.60
71.40
72.80
73.70
73.80
75.30
75.10
76.40
76.60
76.70
77.50
78.50
78.70
77.80
76.20
73.80
70.60
68.04
66.45
64.73
61.81
58.78
56.49
54.23
53.56
52.33
50.48
49.02
47.38
46.60
43.21
44.89
43.42
43.82
43.79
41.82
41.50
41.78
40.83
41.73
42.01
43.36
43.73
42.97
43.39
43.64
45.19
46.49
46.83
47.31
46.52
43.30
44.90
46.43
49.11
52.37
55.09
55.95
57.02
57.38
57.15
56.98
58.54
62.18
64.42
64.95
65.41
64.35
63.58
63.68
63.89
65.43
66.17
66.40
67.01
68.56
69.85
68.79
71.60
71.30
71.20
72.20
72.70
75.20
79.20
82.30
83.50
82.50
82.90
83.20
84.10
84.10
84.00
83.80
84.20
84.10
84.30
85.60
87.10
88.90
89.50
89.80
89.20
87.50
88.10
89.30
90.00
89.90
89.40
88.60
86.70
84.50
81.60
80.70
79.50
76.80
74.90
73.50
71.90
69.82
67.86
66.38
63.76
61.59
58.59
56.64
55.07
53.12
52.22
51.21
50.24
46.84
46.68
46.57
45.45
44.00
43.03
45.37
44.15
43.36
44.02
43.43
45.23
44.14
46.51
48.37
49.00
49.34
50.44
52.37
54.81
57.39
60.19
62.30
63.73
65.50
67.31
69.46
71.50
72.30
72.30
72.80
73.30
73.70
74.80
76.90
77.70
78.00
79.30
79.90
81.10
81.90
83.00
84.00
84.90
84.80
85.00
86.10
86.20
86.10
87.90
87.90
87.30
88.30
88.90
89.30
89.90
90.40
91.60
92.20
92.20
92.40
93.00
94.80
96.50
97.00
97.60
96.60
94.60
96.30
96.20
97.40
97.50
97.80
97.30
96.50
95.40
93.60
92.50
89.90
86.40
83.40
82.70
80.20
78.40
76.70
73.80
72.70
70.00
69.17
66.14
62.47
61.40
62.44
60.81
60.08
56.46
52.75
46.65
42.47
41.96
38.40
38.73
38.14
37.74
37.99
37.89
37.82
38.94
43.09
43.52
44.61
44.28
43.16
46.85
50.66
55.94
58.67
60.10
62.70
64.21
65.78
67.78
67.98
68.50
68.99
68.47
69.08
70.40
70.10
71.00
70.80
71.90
71.60
71.70
71.10
71.60
72.60
75.40
77.30
78.70
78.00
78.70