95.37
95.27
95.60
95.67
95.57
95.43
95.20
95.03
94.63
94.33
94.00
93.77
94.10
94.13
94.23
94.83
95.20
95.43
95.50
95.63
95.60
95.63
95.80
95.87
95.60
95.50
95.33
94.17
93.17
92.30
91.20
89.80
86.50
84.40
83.20
82.47
80.93
79.63
77.37
75.60
75.33
74.17
73.55
73.29
71.81
71.66
68.49
67.94
68.57
68.21
64.76
63.93
64.25
64.63
62.94
63.16
62.77
62.52
64.53
64.43
61.79
63.73
61.49
60.15
59.26
58.07
58.21
61.85
66.13
67.35
68.19
68.60
71.43
76.48
78.60
80.60
81.03
79.78
80.71
81.17
83.03
83.90
82.67
82.40
83.27
84.23
85.20
84.40
85.27
86.13
87.13
87.70
87.60
88.60
89.83
89.40
89.67
90.37
91.27
92.03
92.57
92.67
92.37
92.00
92.23
92.70
93.60
93.80
93.77
93.63
93.97
94.53
94.67
95.03
95.30
95.63
96.07
93.90
93.37
93.47
93.30
92.70
91.50
89.10
87.77
86.23
85.13
84.17
83.83
83.33
82.33
81.03
80.03
79.10
76.99
75.96
74.52
72.62
72.53
72.31
71.84
70.98
71.77
71.63
70.65
70.20
70.35
70.38
70.41
70.10
69.43
76.19
76.62
70.48
68.54
68.29
68.85
69.32
70.93
71.83
70.10
71.36
72.58
72.42
73.51
72.01
73.54
73.71
74.81
75.33
74.72
76.48
77.04
77.47
80.39
84.20
85.03
84.47
85.87
87.73
85.97
83.70
83.97
83.30
83.77
84.37
83.76
84.53
85.00
83.77
84.93
86.57
87.70
86.93
86.90
87.90
87.87
87.73
88.97
89.13
89.43
90.80
91.47
91.53
91.70
91.93
92.07
92.47
92.80
92.90
92.80
92.53
92.67
92.83
92.73
92.30
92.30
92.00
91.07
89.93
88.57
88.20
87.37
86.77
85.90
83.33
81.83
80.63
78.93
77.63
77.00
75.67
74.03
73.27
71.89
70.50
70.28
68.76
68.34
66.57
65.97
65.22
65.18
64.85
66.87
69.84
69.44
68.75
70.00
68.96
69.96
69.38
68.34
67.38
68.65
68.71
69.74
72.65
73.18
73.88
78.23
78.67
80.30
80.93
82.50
82.53
78.90
85.80
86.50
86.07
85.90
86.43
86.60
87.37
88.40
90.33
90.97
91.33
91.47
91.63
92.20
92.80
91.47
91.03
92.17
93.07
93.67
93.63
93.77
93.57
93.77
94.20
94.77
94.63
94.50
93.90
93.93
93.83
93.10
93.20
93.23
93.30
93.90
94.47
94.90
94.07
93.67
93.40
93.60
93.50
93.10
92.63
92.33
91.93
91.10
90.13
87.93
87.10
85.23
83.33
81.53
81.03
80.17
78.20
76.40
75.00
73.06
70.52
68.94
67.52
66.00
64.43
63.01
61.42
60.04
58.24
57.13
57.59
58.04
56.80
58.32
59.02
57.12
56.41
56.33
58.18
58.70
59.87
57.97
60.32
63.70
64.08
64.60
65.90
66.97
65.98
62.08
61.44
61.60
63.53
66.74
70.04
71.76
70.75
70.73
71.34
72.50
73.54
73.34
75.13
74.19
73.61
74.03
75.21
76.00
77.27
79.57
80.63
81.30
81.73
82.83
81.93
82.93
83.97
84.90
85.10
84.30
84.37
84.37
83.97
83.27
84.00
84.93
85.20
87.50
89.03
89.20
89.77
88.00
87.40
87.90
88.07
87.90
88.63
90.03
89.03
88.83
88.80
88.07
87.23
86.17
84.47
82.27
82.27
80.90
79.03
75.10
70.98
69.47
68.75
66.41
65.40
61.54
60.82
60.25
58.72
59.27
58.81
57.99
56.76
56.08
54.86
56.02
55.07
53.94
53.50
53.15
52.09
50.69
50.44
50.74
49.51
49.72
49.24
48.93
48.52
48.51
46.47
45.86
46.38
46.77
47.65
54.22
55.72
55.95
57.28
59.21
60.82
62.83
65.08
67.14
69.17
70.48
71.13
71.17
70.20
69.22
70.02
69.81
70.58
71.60
72.55
73.49
72.37
72.88
77.11
76.72
77.43
78.30
77.55
77.98
78.51
81.34
81.68
87.20
87.67
81.96
80.71
82.37
80.02
79.51
84.97
80.87
79.74
80.20
87.00
86.53
84.59
85.80
84.87
83.93
83.83
82.56
84.10
87.77
86.97
83.67
81.91
81.94
81.17
77.84
74.24
68.88
65.91
64.82
62.21
60.04
59.09
56.88
56.74
56.79
55.94
53.79
53.48
52.78
51.58
50.66
50.04
49.08
48.28
49.06
47.98
47.47
47.44
46.00
47.39
46.40
45.68
44.80
44.26
44.61
45.76
45.99
45.11
45.29
46.86
46.72
48.20
49.91
50.09
50.48
52.22
53.44
54.84
57.95
59.70
62.35
63.68
63.16
64.55
65.59
65.23
66.75
67.66
69.25
70.37
70.81
72.06
72.85
72.70
71.50
69.91
70.27
72.20
73.34
72.69
70.99
71.60
71.88
73.55
76.04
78.39
81.03
83.23
84.77
85.37
86.70
85.87
85.80
87.70
88.30
86.80
85.17
86.40
88.20
88.90
89.50
89.77
89.57
90.67
90.90
89.57
88.17
86.83
83.37
79.67
77.09
76.00
75.53
75.36
74.01
73.19
70.80
65.51
65.10
62.39
60.89
60.21
60.17
59.68
59.86
58.58
58.46
58.80
58.76
58.35
57.74
58.22
58.08
58.68
58.12
58.04
58.37
58.29
57.31
56.38
56.72
57.34
57.93
58.06
58.97
57.74
58.20
58.74
58.76
59.49
60.48
61.50
63.55
66.08
66.26
67.19
68.85
71.56
75.25
77.48
78.03
77.77
77.51
79.09
81.07
81.33
81.31
81.84
82.01
80.62
80.18
80.38
79.46
78.58
80.26
80.32
81.41
80.12
81.12
83.00
82.18
81.37
80.27
80.56
80.59
80.75
81.35
82.61
83.40
83.97
85.00
86.63
86.90
87.57
88.53
88.90
88.87
89.43
89.93
89.67
89.60
89.00
87.43
84.90
83.77
82.70
81.53
80.20
79.97
78.21
77.25
74.97
73.51
72.70
71.47
70.62
70.52
70.25
70.50
70.64
70.16
70.28
67.96
65.60
65.07
63.83
64.18
63.64
62.87
61.40
61.09
60.73
60.24
59.62
59.69
57.66
57.89
60.65
60.36
62.42
63.94
65.30
69.72
68.90
69.52
70.93
72.47
72.99
74.83
76.54
76.61
77.91
79.40
79.64
79.24
78.87
79.55
80.09
82.71
83.01
81.88
81.36
80.34
80.23
80.02
79.91
80.11
80.33
79.99
80.94
80.88
80.50
80.17
80.94
81.58
81.51
81.59
82.90
83.14
85.22
85.43
85.06
84.68
85.63
88.20
88.90
90.23
89.90
91.30
91.87
93.17
93.37
93.80
94.10
94.17
94.10
93.50
92.87
91.43
90.23
89.73
88.73
87.03
85.47
84.57
83.13
81.83
81.10
79.63
77.36
75.72
74.81
74.05
72.59
71.12
70.72
69.77
69.01
68.01
67.93
67.37
65.70
64.94
63.37
61.91
61.63
62.25
57.95
57.89
57.84
57.49
55.93
56.65
56.83
60.92
65.45
66.10
67.04
68.05
68.22
68.33
68.18
68.71
69.43
70.47
71.50
72.08
71.98
72.72
73.07
73.92
74.42
74.10
72.24
71.66
71.96
71.37
71.89
72.47
73.32
75.56
76.78
78.19
81.63
81.83
82.60
83.17
82.37
82.70
83.37
84.30
84.93
86.30
86.90
87.33
87.87
87.97
87.87
88.00
88.33
88.20
88.10
88.60
89.10
89.10
89.53
89.97
90.43
91.23
91.43
91.17
90.83
90.13
90.70
91.20
90.13
88.87
87.87
86.90
85.53
83.53
82.33
81.03
79.63
77.94
76.46
75.59
74.02
73.21
72.13
69.13
68.33
67.46
67.75
66.62
66.70
69.93
72.00
73.19
71.30
70.41
70.41
72.29
71.44
70.37
71.32
73.39
71.82
73.98
75.73
77.09
76.39
76.59
77.24
76.98
76.57
76.49
76.98
79.00
80.99
82.92
84.23
85.63
86.33
87.50
89.00
89.70
93.50
94.30
95.07
95.03
95.47
95.83
95.60
95.27
95.53
95.57
95.50
95.97
96.13
95.63
95.13
95.37
95.10
94.87
94.90
95.00
95.27
95.07
95.23
95.30
95.13
95.23
95.67
95.93
96.13
96.00
95.37
94.97
95.40
95.47
95.37
95.57
95.93
96.07
96.10
95.90
95.73
95.73
95.73
95.50
94.90
92.93
90.60
90.13
90.23
90.67
89.73
87.60
86.03
83.53
82.60
81.43
79.06
78.38
78.87
78.07
74.73
73.70
74.21
73.88
74.43
72.71
72.36
70.60
70.72
73.81
73.37
74.31
77.71
78.90
79.22
79.27
76.61
75.04
72.55
73.23
73.95
74.60
75.59
77.28
77.04
76.75
78.10
79.71
81.84
82.98
83.75
83.88
84.66
83.98
83.14
82.26
84.26
84.47
84.97
86.80
87.03
87.47
87.53
88.57
88.83
89.20
89.87
90.33
90.63
91.10
91.17
91.20
91.07
90.43
90.10
90.00
90.40
92.00
92.37
92.13
92.07
91.97
92.00
91.67
91.33
91.67
92.03
92.30
93.40
93.67
94.50
94.97
95.23
95.30
95.30
95.53
95.43
94.93
94.90
95.00
94.43
94.03
93.73
92.60
90.80
89.17
87.40
86.13
84.33
83.80
84.33
84.87
84.30
84.03
82.60
83.02
82.71
80.88
79.92
79.17
78.53
77.74
76.47
75.63
73.16
72.70
71.58
70.44
68.96
67.35
66.02
64.45
64.10
68.01
69.91
71.10
70.68
69.17
68.23
67.94
68.76
70.12
71.78
72.98
74.44
76.47
76.99
79.92
82.33
82.95
84.11
84.82
85.60
86.23
86.17
86.70
87.17
87.07
87.73
88.57
88.33
89.13
88.40
88.77
89.00
89.63
90.43
91.90
91.87
92.10
92.83
93.10
93.40
92.97
92.17
90.43
90.60
90.67
92.50
92.27
93.30
94.03
94.13
94.43
94.60
95.30
95.93
96.00
96.17
96.20
96.33
96.17
96.23
96.37
95.83
95.30
95.10
93.63
91.37
90.27
88.40
86.27
84.83
83.37
82.17
79.68
77.65
77.05
75.48
76.13
75.69
74.41
73.41
71.99
70.38
69.04
68.28
66.72
65.77
65.16
65.01
64.02
62.14
61.45
60.64
65.39
66.92
69.03
68.22
68.89
70.87
71.67
73.14
74.22
75.18
74.35
74.06
75.15
77.53
78.97
82.83
84.73
86.07
87.77
87.53
88.87
89.60
90.37
91.37
91.67
91.87
91.47
91.63
91.33
91.27
90.33
88.53
89.63
91.03
90.13
89.97
89.80
90.63
91.70
91.70
92.40
92.57
92.40
93.90
95.33
94.77
94.80
95.10
95.47
95.47
95.27
95.20
95.63
95.77
95.87
95.07
94.80
94.90
94.63
93.73
93.97
94.53
94.47
94.13
94.53
95.50
95.53
94.63
93.03
91.23
89.80
87.23
86.07
84.27
83.40
82.97
82.38
81.20
80.73
81.41
81.83
81.73
82.05
82.20
81.12
79.19
78.00
76.07
75.73
74.51
74.28
73.51
72.59
72.11
71.52
70.83
71.00
70.50
69.38
70.31
70.09
69.29
67.70
65.50
65.73
66.87
67.06
66.92
67.40
67.90
68.44
69.90
71.93
71.74
73.69
75.89
76.56
76.79
77.66
79.33
78.33
78.47
80.90
81.56
81.14
82.00
82.67
82.46
82.75
82.44
82.49
82.25
82.51
82.89
83.16
83.69
83.67
83.41
83.36
82.69
82.57
83.45
84.56
87.03
89.60
90.17
91.10
91.53
91.13
91.07
92.23
92.40
92.10
91.60
90.53
88.87
88.57
88.87
90.60
91.37
90.87
89.77
88.70
86.63
84.93
82.80
82.77
82.70
82.03
80.80
79.83
78.97
77.80
76.43
73.97
73.67
72.01
70.08
69.08
68.45
68.03
65.88
65.43
64.84
63.97
62.76
62.89
64.18
64.52
65.72
65.65
65.32
63.65
63.78
62.17
61.20
62.78
63.32
63.81
64.13
64.55
66.44
67.47
66.65
68.59
72.88
73.57
75.33
77.27
78.13
74.55
74.54
74.58
75.68
75.47
76.57
78.33
81.73
84.13
84.67
83.87
86.17
88.23
88.80
88.77
89.50
90.17
90.93
91.70
92.40
92.63
91.17
88.60
86.77
87.30
88.17
88.77
89.00
89.23
89.60
90.23
91.07
91.50
91.83
92.13
91.40
90.97
91.53
91.97
93.07
93.73
94.20
94.47
94.67
94.80
94.77
94.40
93.67
93.50
92.90
92.77
91.37
89.77
87.60
87.80
88.17
89.33
90.03
89.20
87.13
86.17
84.57
82.70
79.80
78.17
76.10
74.83
73.12
72.09
72.07
72.59
71.07
69.39
66.33
65.94
66.01
65.21
64.64
63.77
65.32
69.49
71.25
72.81
73.56
73.07
73.73
74.63
74.56
75.52
72.58
72.49
73.88
75.07
78.30
80.40
82.80
84.30
85.77
86.30
87.03
87.37
87.80
90.37
92.07
92.53
92.67
92.93
92.60
92.30
91.60
90.80
90.53
90.27
89.70
89.17
89.50
90.03
90.10
90.10
89.63
89.40
89.67
89.93
90.27
90.63
91.13
91.30
91.40
92.00
92.50
92.37
91.53
91.73
91.63
91.67
91.83
91.93
91.90
91.33
90.83
90.83
90.90
90.73
90.80
90.70
90.77
90.00
89.37
88.17
87.33
86.13
84.20
82.53
80.60
79.87
78.60
78.33
78.13
78.27
77.93
76.00
75.00
73.33
73.60
73.17
70.39
69.38
68.12
67.36
66.78
65.51
64.80
63.09
61.07
60.05
58.76
60.04
61.14
60.93
61.15
60.87
61.57
61.80
61.66
64.00
64.73
64.37
64.66
66.03
69.06
71.86
73.95
75.46
75.66
75.37
77.41
80.11
81.80
82.57
83.27
82.87
81.90
81.80
83.27
85.17
85.73
86.57
87.47
88.60
89.17
89.43
90.07
90.77
90.90
90.73
90.13
90.20
89.77
87.87
87.83
88.43
88.40
88.70
89.33
90.30
91.27
91.53
91.83
92.40
92.33
92.03
92.17
92.23
92.03
92.10
92.20
91.90
91.80
91.13
90.87
90.43
90.00
89.87
89.13
88.23
87.37
86.77
85.67
85.00
84.97
84.57
82.77
81.20
80.23
78.25
77.07
77.40
76.28
75.84
74.90
74.19
73.93
72.83
72.45
72.22
70.73
68.89
68.23
67.45
68.32
68.52
66.41
65.25
64.43
64.62
62.21
62.22
61.73
61.81
62.45
62.39
63.71
64.12
65.04
71.12
72.42
73.32
75.41
76.68
77.76
79.81
79.68
81.27
81.10
81.93
84.30
85.13
85.40
85.73
86.50
86.60
87.33
87.53
87.57
88.23
89.00
89.70
90.63
91.50
92.07
92.50
92.73
91.60
90.90
90.53
89.63
90.13
91.07
91.97
92.33
92.17
92.67
91.70
90.97
91.13
91.00
91.03
91.47
91.40
91.63
91.67
91.20
91.20
91.53
91.87
90.97
89.97
89.87
89.33
87.57
86.53
84.33
82.10
80.13
79.17
77.73
76.47
74.00
72.29
71.35
71.39
69.78
69.07
68.29
67.46
66.43
67.27
69.02
68.83
69.28
68.13
70.86
69.30
66.30
72.14
72.71
74.58
75.21
73.94
74.48
79.02
76.97
76.76
78.13
79.15
79.86
81.38
80.42
79.75
83.30
84.57
85.53
89.90
90.90
90.97
90.73
90.27
90.07
89.37
89.30
89.87
90.50
88.53
89.13
90.23
90.70
88.90
89.83
92.50
93.33
93.93
93.77
94.07
94.20
95.47
95.87
95.97
95.80
95.37
95.00
94.30
93.10
93.60
93.93
94.17
94.00
94.40
94.57
94.63
94.57
94.40
94.33
94.17
94.43
94.63
94.57
94.17
93.87
93.73
93.97
93.50
92.47
91.33
90.63
88.97
87.17
86.10
83.27
81.53
78.87
78.20
77.30
76.53
75.87
74.53
73.37
73.15
71.79
71.13
72.30
73.97
71.45
68.74
65.59
64.15
66.57
68.90
67.72
67.51
68.53
69.03
67.71
66.42
65.39
62.69
59.35
61.25
67.51
68.82
66.65
65.45
65.52
66.56
67.32
66.49
66.39
67.17
68.63
71.60
73.87
75.12
75.80
77.55
80.00
80.40
81.11
82.43
83.55
84.10
83.93
84.32
84.11
84.90
85.11
85.23
85.73
86.60
85.83
85.93
86.30
85.97
85.73
85.87
85.33
84.83
86.03
86.87
86.67
87.33
87.97
88.23
88.50
88.30
88.43
88.00
87.93
88.10
87.40
87.27
88.50
89.27
90.03
90.07
89.97
90.17
89.47
89.30
88.20
88.87
88.10
86.43
85.53
84.80
82.53
80.63
79.27
77.33
75.34
73.06
72.85
72.87
72.08
71.70
71.16
72.60
73.79
72.13
69.82
69.27
68.26
66.67
65.41
65.25
63.78
63.21
61.56
60.03
59.16
58.71
58.56
57.40
58.21
58.80
59.94
60.06
60.59
60.71
61.05
62.04
63.56
65.16
65.82
65.87
65.83
70.98
73.06
74.47
74.69
75.26
75.64
74.99
72.79
72.89
76.40
78.11
79.21
79.50
80.30
83.15
84.46
84.31
83.41
83.51
83.26
82.81
82.78
83.08
83.38
85.04
85.93
85.54
86.07
85.74
85.81
87.37
89.53
89.97
90.57
91.77
91.50
90.63
91.00
91.90
92.57
93.77
94.10
94.63
95.00
95.07
94.77
93.60
92.67
92.90
92.60
91.57
89.90
89.03
87.50
85.77
83.90
79.69
78.61
77.59
76.20
75.21
75.92
74.36
72.98
71.68
70.80
68.94
68.77
68.75
69.28
67.36
67.15
67.70
65.02
66.29
63.67
63.18
62.88
61.53
62.39
61.32
61.46
59.83
60.59
62.08
63.08
67.18
67.32
66.64
65.15
65.98
65.24
66.28
68.67
71.09
72.62
73.92
74.46
74.09
74.84
76.72
77.52
78.72
79.75
80.56
79.45
80.41
80.68
80.08
80.49
80.71
80.14
80.07
81.49
85.00
86.30
84.86
84.80
85.21
85.48
86.17
86.57
86.67
86.47
86.60
86.03
85.54
85.57
86.47
86.97
86.57
86.53
86.37
86.67
86.10
86.93
87.73
87.87
87.70
88.40
89.73
91.10
91.23
90.23
91.57
91.80
90.60
89.43
88.03
85.90
84.30
82.87
82.00
82.27
81.43
79.63
77.93
75.80
73.87
73.32
70.90
69.29
69.68
67.85
66.09
64.93
64.21
65.65
64.40
64.09
65.28
65.95
64.60
63.53
60.87
59.35
58.55
57.42
56.98
54.97
54.22
53.21
52.54
52.40
51.22
51.29
49.58
51.98
51.83
52.82
53.04
55.18
55.69
59.75
61.27
62.20
64.32
66.54
67.56
71.35
74.88
73.27
73.41
74.27
75.46
76.33
76.39
78.45
80.21
82.10
82.87
83.47
83.97
83.77
84.47
84.50
84.50
84.77
85.87
86.20
87.17
86.97
87.90
88.77
88.53
88.60
87.23
88.60
87.23
87.37
87.57
89.00
91.20
92.37
92.40
92.23
91.27
91.10
91.67
91.67
91.93
92.10
92.07
92.13
91.47
90.77
89.20
88.43
87.67
86.97
85.63
83.93
82.73
81.10
80.16
77.22
74.63
73.49
73.33
72.19
70.50
68.56
66.76
65.67
65.47
65.74
65.63
64.76
63.44
63.95
65.74
65.71
64.21
62.90
63.05
63.37
64.24
64.71
66.62
67.88
69.06
70.24
70.72
71.55
71.66
71.74
71.56
73.88
77.33
80.50
81.86
82.78
84.60
85.23
86.20
87.90
89.20
90.60
90.80
90.83
90.00
89.93
88.37
89.03
88.97
89.07
89.27
90.10
90.60
90.63
90.47
90.13
88.90
88.53
87.53
86.43
86.83
88.30
89.70
91.57
92.67
92.20
90.87
90.80
91.67
91.80
92.30
92.80
92.97
93.10
92.37
91.83
92.13
92.93
93.07
92.30
92.17
92.07
90.87
90.33
89.73
87.87
85.47
84.03
81.43
80.20
78.73
76.73
75.67
75.03
74.33
72.50
72.03
68.76
68.16
67.36
66.56
65.85
65.63
65.09
64.85
62.87
61.99
61.75
62.32
60.06
59.58
61.77
64.14
66.36
67.34
69.20
72.59
73.95
72.69
71.24
70.24
70.56
74.57
77.14
78.58
79.28
80.34
83.02
86.22
87.37
88.23
88.77
89.07
89.73
89.90
89.47
89.07
88.63
89.13
89.43
90.07
90.53
90.53
91.30
92.10
92.70
93.17
93.53
93.83
93.80
92.80
91.50
95.70
93.90
94.50
95.00
94.80
95.60
95.70
95.80
95.20
95.80
96.00
96.60
96.40
96.50
96.00
96.30
96.30
96.40
96.40
96.80
96.80
97.10
97.00
96.00
96.30
96.90
96.80
97.30
97.10
96.50
96.50
96.30
96.60
95.40
93.00
91.10
91.20
89.30
87.20
86.90
85.10
83.20
83.80
82.20
81.30
77.30
75.40
75.20
75.30
75.00
74.00
71.70
71.10
69.96
68.20
66.36
64.24
62.47
60.10
60.68
59.57
58.89
62.54
65.88
77.90
79.50
78.20
80.60
83.80
88.10
89.40
89.60
88.40
88.30
89.80
92.00
92.40
92.40
93.30
93.70
94.00
94.10
93.90
93.30
92.20
91.10
91.80
92.30
92.20
92.20
91.50
90.00
88.90
88.70
86.80
86.50
86.40
87.50
88.60
89.00
88.60
89.00
88.50
88.30
88.40
88.20
88.20
88.60
89.10
88.90
89.00
89.60
90.60
91.00
91.80
92.00
92.40
91.00
91.50
92.00
92.30
91.60
91.20
90.60
90.10
88.70
88.50
87.80
87.90
86.40
86.60
85.40
85.20
84.00
82.20
80.70
79.20
77.50
75.90
76.10
75.40
72.90
71.50
73.10
73.10
71.80
71.10
69.52
70.30
71.70
70.90
69.26
69.94
81.80
82.20
77.80
75.90
74.30
79.30
82.20
82.00
82.50
80.00
77.80
76.40
75.00
73.10
70.10
72.80
75.30
79.60
81.20
83.20
84.30
88.00
89.40
92.40
92.00
92.00
91.40
89.40
90.00
92.20
93.70
94.60
95.80
96.20
96.60
96.30
95.20
94.70
92.10
92.00
88.80
88.10
88.90
89.50
89.50
88.80
88.80
89.20
89.90
89.80
89.40
89.50
90.00
90.30
91.10
92.10
93.00
93.30
93.30
93.50
93.10
92.60
92.80
92.70
92.50
92.00
91.60
91.90
91.20
91.40
91.80
91.30
91.80
88.50
87.00
84.80
86.70
89.60
90.10
84.80
81.70
79.90
77.50
77.60
76.60
74.80
68.88
71.60
77.80
85.70
90.60
89.20
88.80
87.70
88.40
86.90
86.20
86.20
87.00
84.90
81.30
80.20
75.80
75.30
76.20
78.10
77.80
77.70
78.70
79.30
78.80
80.60
83.60
86.10
88.00
89.90
90.80
90.10
90.60
91.70
92.10
91.80
91.90
92.20
90.00
90.70
89.80
89.80
89.80
89.90
89.90
89.80
89.50
90.20
90.60
90.50
90.20
89.30
87.80
87.60
87.40
87.90
88.70
89.20
89.90
89.80
90.00
90.20
90.60
90.30
89.10
91.60
93.00
95.00
95.70
97.10
97.80
98.20
98.50
98.60
98.60
98.30
96.80
95.50
93.10
91.40
89.00
86.90
83.10
82.00
80.40
76.50
74.70
73.60
73.70
73.40
72.30
71.40
72.60
74.30
73.00
70.60
70.00
67.54
65.36
67.65
67.89
67.18
69.88
74.70
77.00
73.60
70.60
68.29
67.94
65.71
65.50
64.20
64.86
61.17
61.61
62.47
70.60
80.60
81.30
79.40
82.90
85.90
86.60
89.10
86.30
90.20
91.80
88.00
88.80
90.10
89.70
90.80
88.40
88.90
89.70
90.70
91.20
93.10
95.70
96.20
95.00
95.60
96.30
95.00
97.50
97.90
97.30
96.50
96.90
97.10
97.50
97.90
98.30
98.40
98.20
97.00
97.10
98.00
98.30
98.00
97.50
97.10
97.50
98.20
98.40
98.50
98.70
98.70
98.50
98.40
98.30
98.40
98.40
97.60
96.20
96.40
95.00
93.50
90.20
87.60
85.20
84.00
82.80
81.30
78.70
77.80
77.00
76.30
74.90
71.90
71.30
68.63
67.77
68.33
67.94
66.85
66.49
68.08
66.75
64.57
63.75
63.58
63.54
62.60
61.27
60.87
62.41
62.76
62.50
64.30
66.03
64.50
65.41
67.06
67.85
68.05
71.10
70.30
69.17
70.90
75.10
80.30
84.80
85.10
83.90
83.50
84.00
89.30
90.30
88.50
89.80
90.20
88.10
87.80
89.40
90.30
89.20
88.80
88.70
88.50
88.50
87.90
87.30
86.50
87.50
89.00
91.10
91.30
91.10
91.10
90.80
91.40
91.00
90.60
91.20
92.40
92.30
92.80
92.00
92.50
92.80
91.90
91.50
92.40
92.90
93.00
92.80
92.00
91.80
91.40
91.40
90.40
88.70
88.10
87.00
85.90
84.70
86.60
87.30
87.30
89.80
87.60
81.10
77.90
80.10
80.80
81.40
78.90
77.80
78.00
76.10
75.10
73.10
72.80
74.20
71.10
72.20
74.30
74.20
74.90
74.60
72.80
75.00
74.90
75.70
77.40
77.20
77.20
76.70
76.50
77.10
77.20
78.60
81.40
83.60
84.80
86.10
87.40
88.20
89.70
91.20
93.30
91.20
91.80
92.80
92.20
92.50
92.30
92.70
92.60
93.20
94.70
94.60
93.30
93.50
92.20
92.50