95.30
94.70
94.30
94.50
94.70
94.80
94.50
94.10
93.00
94.20
94.20
95.00
95.30
95.40
95.50
95.00
94.60
94.70
94.10
94.50
94.40
94.00
93.80
93.70
93.60
93.90
94.00
93.80
94.10
93.90
93.80
94.10
93.40
93.10
92.10
90.90
90.20
90.60
90.70
89.60
88.00
87.50
87.40
89.10
86.70
87.80
87.40
88.70
89.60
89.30
88.60
88.30
84.60
82.00
80.20
79.10
78.30
75.40
71.00
70.90
70.20
71.20
72.80
74.20
77.40
80.60
82.70
83.50
84.20
85.20
85.60
87.10
88.00
88.90
88.30
86.40
87.10
88.40
88.60
89.60
90.50
90.80
90.90
91.70
92.80
92.90
92.80
92.10
91.20
91.70
92.00
91.70
91.10
90.10
90.50
91.20
91.00
91.80
92.30
93.50
93.90
94.50
94.60
94.00
93.70
93.80
94.10
94.10
94.30
94.80
95.10
95.30
95.40
95.10
94.70
94.30
94.30
94.60
94.70
95.00
95.20
95.30
93.60
91.40
91.90
92.30
92.00
92.80
93.00
93.10
93.30
93.60
93.60
93.10
92.30
90.10
88.40
87.60
86.10
87.60
87.80
85.20
82.50
80.00
80.00
79.40
79.60
81.30
87.80
90.40
82.80
74.90
73.30
74.40
71.20
68.70
71.20
68.01
66.66
66.25
66.62
67.22
67.69
68.48
69.15
69.36
75.90
81.10
81.50
81.40
86.70
89.30
89.60
90.10
89.40
90.10
89.90
88.30
87.70
89.90
90.10
89.40
89.10
90.30
91.70
91.80
90.70
93.30
93.80
94.20
94.30
94.70
94.50
94.80
95.30
95.60
95.70
95.60
95.60
95.70
95.80
95.70
95.60
95.70
95.60
95.40
95.20
95.00
95.20
95.40
95.40
95.40
95.60
95.70
95.60
95.60
95.70
95.60
95.20
94.70
93.90
92.20
91.20
91.60
90.40
90.00
89.30
88.00
87.10
86.70
85.20
83.70
81.70
79.30
78.80
76.80
77.30
78.40
77.70
76.20
77.50
78.20
75.40
72.40
72.80
73.80
73.00
70.20
72.60
70.50
69.22
68.43
69.12
67.97
67.24
65.42
65.12
65.08
64.99
64.59
63.38
66.42
68.81
69.72
71.60
71.10
70.60
72.80
72.40
72.30
76.20
74.80
76.90
79.00
79.50
80.60
80.20
79.20
80.70
80.40
81.70
82.10
82.40
83.80
84.80
85.20
85.60
84.90
84.70
84.80
85.00
85.60
87.00
87.00
87.60
89.40
89.90
90.30
90.60
89.90
90.60
91.00
91.40
92.40
93.90
94.10
94.00
93.60
93.50
93.60
93.10
93.30
93.60
93.90
94.10
93.90
93.30
93.50
92.90
92.30
90.40
88.80
86.70
84.40
83.70
80.60
76.70
76.40
76.40
78.60
82.10
85.20
91.20
92.40
92.00
93.70
94.50
94.60
94.90
95.50
95.50
95.60
95.70
95.90
96.10
96.20
96.20
96.20
96.00
95.60
95.70
95.50
95.60
95.70
95.40
95.40
95.60
95.70
95.90
96.00
96.10
96.20
96.30
96.40
96.40
96.50
96.50
96.50
96.50
96.50
96.60
96.60
96.70
96.70
96.70
96.70
96.70
96.70
96.70
96.70
96.70
96.60
96.40
96.00
95.60
94.90
94.60
94.50
94.30
94.20
93.00
92.70
92.70
92.40
92.80
93.10
93.00
93.20
92.80
93.00
92.90
93.00
93.00
93.60
94.40
94.70
94.90
95.30
95.70
95.80
95.90
95.50
95.30
95.30
95.50
95.50
95.00
93.40
93.90
94.90
95.40
95.00
94.50
93.70
92.30
90.90
90.90
90.20
89.20
89.10
89.50
89.90
88.80
86.80
86.90
84.80
84.60
85.40
86.40
86.40
87.50
87.60
87.20
87.20
87.70
87.30
87.20
87.10
86.10
86.50
85.60
85.40
86.40
87.30
87.30
86.90
87.00
88.00
88.10
88.40
89.10
89.40
88.10
86.60
86.00
86.10
85.40
85.10
84.60
87.00
88.80
88.40
87.80
88.20
88.10
87.40
87.10
87.60
87.50
86.40
85.80
85.00
85.30
84.70
82.90
82.20
82.70
82.80
82.70
83.00
83.80
84.00
83.70
84.00
84.20
84.50
84.90
85.00
85.50
85.90
86.10
86.50
86.80
87.10
87.30
87.10
87.30
87.50
87.80
87.80
87.70
87.60
87.40
87.60
87.40
86.60
85.00
84.60
83.00
82.00
81.50
80.70
81.20
80.00
80.60
81.60
81.10
81.20
79.50
79.50
79.60
80.50
78.70
77.20
75.90
73.90
75.70
75.60
74.70
75.70
76.30
76.30
77.60
77.60
77.40
78.80
80.40
81.50
82.50
82.80
84.20
85.00
86.10
86.90
86.80
87.40
88.50
89.60
90.50
90.80
92.30
93.00
92.90
93.30
93.80
93.90
94.00
94.30
94.40
94.60
94.70
94.70
94.70
94.70
94.00
93.70
93.70
92.90
92.50
92.70
93.20
92.90
92.50
91.40
91.30
90.80
91.20
91.40
91.00
90.30
89.90
89.70
89.90
90.90
91.40
92.00
92.70
93.20
93.30
93.60
94.00
93.60
92.70
91.60
90.50
89.30
88.20
85.70
82.80
79.80
76.80
72.90
71.00
67.95
65.96
63.42
62.24
59.39
56.97
55.60
55.62
53.73
53.50
52.28
52.39
50.72
49.15
49.29
49.21
49.24
50.08
47.20
48.52
48.92
50.86
49.02
49.30
47.89
49.18
46.89
47.65
48.85
47.99
49.96
50.09
52.37
54.76
56.45
57.33
58.84
60.34
62.12
63.13
66.81
69.74
70.40
71.10
70.70
72.40
73.20
73.90
74.30
76.50
76.40
77.90
77.20
77.80
78.80
77.60
78.50
80.00
80.80
81.20
81.10
80.80
82.10
82.10
82.60
82.90
83.70
84.50
84.90
86.30
86.90
87.60
87.60
88.70
88.50
88.80
88.80
89.60
91.00
91.40
91.70
91.70
90.80
91.00
91.10
90.90
89.90
88.10
85.00
82.60
79.20
76.90
72.20
69.02
66.64
63.88
60.86
59.68
55.62
53.40
53.34
52.86
50.92
49.12
47.71
48.59
48.03
46.78
45.80
44.68
43.64
45.72
44.41
45.08
44.38
46.47
45.37
45.28
44.46
46.59
44.15
44.78
45.20
44.19
45.26
45.42
47.42
49.36
50.40
52.67
54.61
55.34
56.82
58.79
62.86
62.57
60.21
60.44
61.05
62.99
63.84
63.92
64.44
67.25
69.27
69.48
72.70
75.10
74.10
73.60
76.50
77.40
79.00
81.00
81.90
80.40
81.50
81.60
82.30
83.40
84.10
85.30
85.90
86.60
87.50
87.70
88.30
88.40
89.20
89.60
90.10
90.50
90.30
90.90
91.60
92.30
91.80
92.00
92.30
90.50
90.60
89.90
88.40
86.90
85.50
82.80
78.10
74.60
70.70
68.66
65.58
63.42
60.47
59.07
56.84
55.28
53.84
52.49
50.46
50.32
50.11
49.01
49.16
47.38
46.35
43.13
43.71
45.00
43.20
43.42
42.25
42.33
43.06
43.27
42.56
41.55
42.14
45.55
44.19
43.46
44.55
45.22
45.53
46.72
49.41
51.47
53.55
54.04
56.37
57.35
58.19
59.29
61.15
62.25
64.08
64.91
64.59
66.90
68.71
67.73
66.36
66.40
69.30
71.90
73.40
74.80
74.90
74.10
74.30
75.70
76.60
76.80
78.90
80.10
81.70
82.60
82.10
81.70
82.10
82.40
81.60
83.00
83.70
84.20
84.60
85.60
86.80
87.50
87.90
88.20
88.20
89.00
89.40
89.90
90.50
91.10
91.10
90.40
89.00
86.30
84.70
83.70
82.30
79.90
77.10
75.10
72.60
69.92
69.10
67.10
63.89
61.51
62.17
60.42
59.19
59.86
58.93
58.86
58.00
57.24
55.79
55.64
54.77
51.44
52.52
49.27
43.43
38.70
42.50
40.02
42.46
43.19
41.48
41.20
40.67
40.62
41.35
44.86
45.60
46.72
48.72
49.56
51.37
50.76
49.50
51.64
57.27
60.25
62.48
52.41
51.45
53.04
54.36
58.55
59.78
61.42
65.84
68.62
68.61
69.00
69.67
73.60
75.00
75.20
74.20
75.90
76.50
76.80
76.80
78.00
78.50
80.60
81.10
79.70
79.60
79.60
79.10
78.90
81.50
83.10
82.90
82.30
83.90
86.50
89.30
91.10
91.50
89.20
88.80
86.20
86.20
87.20
86.40
84.80
84.00
82.00
82.20
80.40
78.70
74.50
71.60
72.20
67.01
62.26
61.31
59.60
58.81
55.06
53.20
53.76
53.92
52.91
53.87
52.01
52.53
51.74
50.88
50.30
49.45
47.68
49.78
50.69
47.33
43.75
41.64
41.70
43.23
44.47
44.17
44.69
43.78
43.32
42.53
43.78
44.64
48.51
51.53
57.70
60.09
61.13
61.76
62.90
65.76
67.26
65.82
66.44
68.76
66.27
67.39
69.87
69.45
66.94
67.82
70.30
72.70
72.10
73.80
72.00
69.74
71.10
71.10
71.40
79.90
83.00
78.70
81.20
81.80
80.80
80.70
80.30
81.40
82.70
83.30
83.20
82.60
82.70
81.80
81.90
81.90
83.40
85.50
86.10
88.10
85.80
85.70
87.70
90.10
89.20
90.00
87.10
83.30
85.60
83.20
78.50
75.20
72.00
72.30
71.10
67.43
65.24
62.30
61.15
60.09
58.89
59.05
59.06
58.14
57.47
55.91
55.32
54.95
51.97
51.98
53.73
52.55
51.90
49.32
46.32
45.07
44.08
45.88
47.41
47.95
47.02
48.42
48.45
48.67
48.92
47.92
47.74
49.17
48.47
48.07
49.23
50.37
52.28
54.26
57.57
59.60
63.11
66.22
66.54
64.91
65.04
66.21
65.91
67.18
69.11
67.32
66.90
69.44
68.95
67.52
69.40
69.73
71.10
71.70
72.10
68.61
73.30
74.50
75.70
76.30
77.60
82.60
84.80
82.90
83.70
84.90
84.00
82.60
83.00
84.50
85.60
86.30
85.80
86.80
87.30
87.40
89.10
88.30
87.40
87.40
89.00
89.40
89.50
88.10
85.30
87.60
86.20
82.40
77.80
75.80
73.90
71.80
68.63
67.07
62.79
60.80
61.41
61.41
59.08
60.40
59.69
57.35
55.56
55.00
53.40
53.58
51.21
51.11
49.81
49.82
49.48
49.40
48.76
48.81
48.70
48.17
46.57
47.20
47.78
48.05
46.41
46.02
46.49
46.95
47.49
47.82
46.76
46.41
46.35
51.24
59.13
62.60
63.58
64.29
63.07
64.92
67.91
66.16
66.00
65.09
65.19
68.19
69.53
70.90
69.72
69.40
70.90
72.30
71.80
74.60
77.80
74.20
71.10
71.30
73.90
75.50
75.40
76.60
79.00
82.60
83.00
83.10
84.40
83.20
81.50
82.60
86.10
90.20
91.60
92.00
89.90
88.40
89.90
87.90
87.10
87.50
89.30
90.10
86.90
84.70
80.90
80.70
82.60
81.20
79.10
76.10
72.30
62.69
61.77
58.46
58.70
58.11
58.06
56.61
54.31
52.88
53.07
52.58
49.95
49.59
48.81
48.28
47.64
48.47
48.72
49.27
48.64
48.87
48.54
48.63
47.18
47.59
48.69
45.16
42.45
45.58
43.53
42.03
40.55
44.73
49.04
53.42
54.14
56.86
56.32
58.43
60.29
60.11
60.66
62.82
62.44
61.36
60.90
60.50
59.28
64.10
62.87
61.92
63.18
63.77
65.82
71.10
72.00
73.80
73.80
71.30
73.40
76.60
76.40
76.50
76.80
75.50
77.60
80.70
81.40
82.20
79.50
77.50
77.60
78.80
79.10
80.20
81.10
85.00
83.80
83.80
82.90
80.20
83.00
82.70
75.50
74.00
80.90
79.20
77.80
77.20
75.30
77.00
76.80
75.90
71.50
71.40
70.00
68.85
65.20
61.42
57.10
53.27
52.30
52.15
51.15
49.49
46.31
44.15
44.87
43.01
45.44
41.91
40.16
40.20
40.20
39.42
39.32
38.51
39.13
39.47
38.46
40.23
40.59
38.03
38.44
40.45
40.72
44.43
42.23
41.66
48.57
52.65
57.50
59.78
60.14
58.86
57.92
59.59
64.22
64.97
68.58
72.00
74.80
76.80
78.50
79.90
81.80
82.90
83.10
83.10
84.30
85.20
86.40
86.90
87.20
87.20
87.90
87.60
88.10
88.20
89.00
89.60
89.60
90.40
90.60
90.60
90.80
91.10
91.60
91.80
92.10
92.30
92.60
92.60
92.90
93.50
93.20
93.60
93.90
93.80
94.10
93.50
93.70
89.90
89.90
90.60
87.00
83.80
81.30
77.80
75.70
74.40
72.70
74.60
72.50
69.58
66.67
67.42
67.70
67.84
67.46
67.36
66.65
66.45
64.87
64.04
64.69
63.65
64.04
63.56
62.71
61.91
61.05
60.19
59.68
58.32
57.05
57.89
57.38
56.97
57.14
56.28
57.58
58.62
60.00
60.24
62.51
62.59
63.71
66.33
67.66
66.97
67.85
67.70
65.69
63.38
61.77
60.72
61.48
61.79
65.98
68.44
67.17
70.30
73.10
75.00
75.90
76.70
77.90
77.30
77.60
77.90
76.70
75.30
72.20
71.50
72.00
72.50
71.70
70.90
71.00
74.50
82.50
88.60
88.70
90.20
89.40
88.40
86.00
85.00
85.50
86.10
85.80
85.90
87.20
87.40
88.20
93.10
94.60
95.10
95.50
95.70
95.80
91.80
87.20
85.60
80.30
76.80
76.20
74.60
70.50
73.70
73.60
71.60
67.86
68.92
66.19
66.90
65.64
63.76
63.94
60.72
61.04
60.93
61.66
60.69
59.87
57.27
57.79
57.96
58.03
57.44
57.01
58.28
58.47
60.39
61.39
62.78
63.70
65.76
64.34
65.75
67.76
70.10
72.10
72.70
73.70
74.80
76.20
76.00
75.60
76.80
78.40
79.80
79.50
81.70
83.70
84.90
86.00
86.30
86.40
87.00
86.80
86.00
86.80
87.10
87.20
88.20
88.20
88.60
87.70
87.20
87.00
86.10
87.10
87.50
88.30
89.50
91.20
91.60
92.20
93.20
93.60
93.90
94.50
94.60
94.50
95.20
95.70
95.80
95.90
96.10
96.10
95.80
94.10
92.00
91.90
90.80
88.60
86.50
84.40
81.90
79.00
76.30
73.80
69.96
67.88
64.47
65.00
63.90
60.91
57.57
58.19
59.16
59.46
60.30
59.16
57.88
58.29
56.16
55.22
56.86
55.33
54.09
53.93
53.62
53.68
52.77
54.30
54.18
53.86
56.21
57.62
59.02
58.58
62.02
64.08
64.66
64.02
65.09
67.99
69.57
68.52
67.52
65.17
64.05
62.57
62.04
64.65
66.16
63.39
63.38
63.38
63.84
66.52
68.31
69.89
72.00
74.50
72.50
69.57
69.67
69.47
71.50
72.80
73.10
74.00
77.80
80.40
78.00
78.70
79.40
80.40
80.30
80.40
81.20
83.30
84.00
82.50
82.70
83.20
86.40
86.50
87.20
88.90
90.70
91.60
90.10
90.70
91.60
91.50
93.00
93.60
92.30
88.60
85.70
81.20
80.30
78.80
79.40
77.70
72.50
68.79
65.91
64.27
62.15
63.35
65.93
68.47
68.40
66.45
64.39
60.42
62.52
61.30
61.87
61.04
58.23
57.83
57.32
55.84
54.77
55.18
55.10
54.58
51.45
48.90
49.33
49.04
48.33
49.98
52.89
55.67
55.91
52.22
52.00
51.35
51.58
53.00
57.80
59.79
61.69
66.29
65.49
63.82
65.43
66.13
65.83
65.66
67.36
68.69
69.02
70.60
72.60
72.80
71.40
71.80
69.27
70.10
72.50
77.20
79.40
80.90
80.70
81.70
83.80
85.30
85.50
86.10
86.40
87.40
88.80
89.10
90.60
91.30
91.50
91.10
89.70
88.90
89.20
90.20
90.80
91.00
89.90
89.10
89.80
90.00
89.70
89.40
87.50
83.70
79.10
77.80
77.40
74.00
74.50
73.00
71.50
69.66
68.77
68.01
65.95
64.57
64.56
64.96
62.97
62.95
62.02
60.00
60.34
56.84
56.59
57.08
56.51
57.33
56.97
55.84
55.90
55.72
53.33
52.79
53.45
51.93
53.25
53.85
53.72
54.26
55.84
56.82
57.02
57.50
59.66
62.16
64.09
66.84
66.57
68.75
67.40
68.47
69.21
69.15
68.41
68.08
70.40
72.60
74.30
75.60
76.40
77.30
79.40
79.00
79.20
79.20
79.70
80.90
81.80
83.40
85.00
85.00
86.10
86.20
88.70
89.60
89.20
88.50
89.20
88.90
88.60
88.40
88.20
87.60
84.60
83.80
84.70
85.70
86.50
86.60
87.90
87.80
87.90
87.80
87.60
88.80
91.50
88.10
87.00
84.00
82.00
79.70
78.30
75.70
74.50
73.60
73.00
73.10
71.40
69.28
67.93
66.25
64.42
62.96
63.22
60.73
60.11
60.03
59.24
59.10
59.37
60.02
62.36
62.11
62.08
60.60
55.60
55.68
56.05
56.27
58.25
69.11
78.00
76.90
75.40
74.70
71.30
73.60
72.90
72.50
65.60
72.00
72.50
73.20
71.30
68.64
62.10
69.20
77.90
83.50
80.40
78.20
77.40
76.10
75.00
78.40
83.40
82.10
80.30
79.20
83.30
87.10
83.30
82.20
83.50
81.20
83.20
84.70
85.40
87.20
86.80
87.50
87.30
87.30
87.90
87.60
87.60
88.70
89.70
91.40
92.60
92.60
93.00
93.50
94.50
94.40
92.70
92.40
90.70
89.80
88.90
89.00
87.40
86.90
86.60
82.80
84.10
86.30
83.90
81.70
78.90
76.10
75.90
76.20
76.10
73.00
69.29
69.08
67.88
65.50
64.42
63.73
63.04
61.03
60.04
58.79
55.29
56.97
57.67
55.06
53.73
54.36
54.93
53.66
53.52
52.72
52.19
52.41
53.42
54.09
57.64
58.47
57.84
59.03
58.79
58.81
59.12
59.75
57.41
56.86
59.05
59.41
60.20
63.49
74.00
73.10
68.63
70.50
72.80
72.40
75.20
77.20
78.20
76.50
77.40
78.10
78.60
78.00
79.40
80.90
82.30
81.60
83.60
83.80
84.90
84.90
85.00
87.10
86.80
86.40
86.50
86.40
87.30
87.00
87.40
88.10
88.50
88.90
89.30
89.60
90.00
89.80
88.60
88.40
89.10
89.50
90.00
90.00
89.80
88.30
86.80
85.70
82.90
80.80
80.20
81.00
80.00
77.40
76.10
75.20
74.00
73.60
69.30
68.69
67.11
67.65
66.46
64.62
63.02
62.25
64.21
64.08
69.88
70.50
67.63
69.97
65.28
64.08
66.33
68.61
69.64
73.40
76.30
75.70
73.70
74.20
76.20
77.50
77.50
78.10
76.20
79.20
79.10
76.80
78.70
79.50
76.60
77.50
78.20
79.40
80.50
80.20
81.50
83.10
82.50
82.80
84.80
85.10
84.50
83.90
83.70
83.70
83.10
82.80
81.90
82.60
83.70
85.20
86.10
86.60
87.10
87.70
89.10
90.60
90.60
90.50
90.20
90.40
89.90
90.30
90.90
91.30
91.80
92.10
91.90
91.40
90.80
90.80
90.00
89.40
89.00
89.00
88.60
89.20
89.60
89.60
89.50
89.10
88.50
87.70
87.10
85.40
83.40
81.80
82.20
82.40
83.00
83.40
84.40
84.10
83.90
83.00
82.80
82.20
80.60
79.70
77.60
76.00
75.60
76.40
74.60
74.50
73.10
73.20
73.20
72.60
74.30
73.90
76.00
75.60
76.30
76.20
76.20
74.50
74.50
74.10
74.00
75.70
78.40
77.50
79.00
79.60
80.30
79.90
81.60
88.10
88.80
89.60
91.40
92.60
91.50
91.20
92.40
93.00
92.70
93.00
93.40
93.70
94.40
94.80
94.60
94.70
94.90
95.10
95.20
95.10
95.10
95.00
95.10
94.90
94.90
94.90
95.20
95.60
95.70
95.90
95.90
96.00
96.00
96.10
96.10
96.10
96.10
96.00
96.00
96.00
96.10
96.10
96.10
96.20
96.30
96.30
96.20
96.00
95.10
93.80
92.40
85.50
85.10
84.20
81.50
82.00
83.70
81.30
76.90
76.80
75.80
73.70
70.20
66.26
65.75
65.51
63.06
59.84
57.94
57.02
57.01
59.27
60.83
56.44
55.37
57.23
55.94
56.09
55.99
55.38
56.61
55.94
54.74
54.90
55.03
54.53
59.89
58.28
58.86
58.91
58.61
58.08
60.15
67.86
66.08
62.65
60.09
68.54
74.50
70.50
74.20
76.20
78.40
79.10
79.30
79.80
79.20
84.50
84.90
84.90
84.30
83.50
83.70
85.40
84.70
85.20
86.00
86.40
87.10
87.30
88.20
89.50
89.30
89.80
89.90
89.60
90.00
90.30
90.80
92.10
92.80
93.10
92.80
92.90
92.80
91.70
89.60
89.40
89.40
89.60
89.20
89.40
87.80
85.90
84.00
84.40
83.60
82.30
81.70
82.20
79.60
77.50
75.90
73.40
74.20
74.60
72.40
71.20
70.60
65.07
62.87
61.55
61.89
59.27
55.29
54.26
56.72
57.08
55.87
52.04
48.04
49.26
55.85
54.60
54.18
55.12
56.83
54.50
53.44
59.55
63.08
65.29
69.67
73.00
73.30
75.40
76.90
77.50
76.40
75.70
76.40
74.70
73.60
74.60
73.50
72.70
71.90
71.50
75.50
78.80
81.30
82.90
84.70
86.30
87.90
89.10
90.10
90.80
91.40
91.20
91.40
91.40
89.70
89.30
89.90
90.70
91.40
91.60
91.90
92.20
92.50
92.80
92.90
92.90
93.10
93.40
93.60
93.90
93.40
93.40
93.70
93.50
93.60
93.50
93.20
93.40
93.30
92.60
91.80
91.20
90.80
89.90
88.80
87.90
87.00
85.50
84.30
82.40
82.90
82.40
81.50
79.90
79.00
76.50
75.90
75.80
73.60
76.40
75.50
72.50
72.20
71.10
70.60
69.35
68.93
69.20
68.08
67.17
67.55
67.68
66.99
66.88
68.66
68.13
65.95
66.09
67.97
67.97
69.78
70.70
70.80
71.90
72.80
72.70
72.10
72.60
72.80
74.10
72.50
72.10
74.30
79.50
79.90
80.30
83.70
84.20
84.70
85.70
86.90
86.30
87.10
88.00
89.20
90.20
90.60
90.90
91.40
91.80
92.30
92.80
93.30
93.40
93.60
94.00
93.90
94.30
94.40
94.30
94.20
94.00
94.10
94.30
94.40
94.40
94.50
94.60
94.60
94.30
94.30
94.20
93.70
93.70
93.50
93.10
92.50
91.60
89.90
85.80
80.60
76.30
75.60
74.60
75.20
73.40
71.80
71.90
70.20
70.10
68.29
67.66
64.85
61.96
60.50
58.90
57.16
55.55
52.37
53.40
50.66
52.48
52.67
52.85
50.34
49.28
50.75
55.41
55.48
56.58
57.02
58.29
60.10
60.55
62.40
63.69
66.05
68.13
71.70
73.40
73.70
73.90
75.80
78.80
80.90
82.00
82.60
82.80
83.40
83.50
84.00
83.30
83.20
84.40
85.00
84.50
83.90
84.70
85.20
86.70
86.10
85.70
83.60
83.30
83.90
84.60
85.10
85.30
86.40
85.50
85.80
87.00
88.50
88.90
89.20
88.80
88.10
87.70
84.90
83.80
84.90
85.90
88.00
90.40
91.50
91.40
92.00
93.10
93.20
92.90
92.40
92.20
91.40
90.50
89.40
89.30
88.60
88.90
87.80
84.20
81.90
81.40
78.90
78.00
76.10
75.10
75.20
73.50
72.10
72.20
71.80
71.70
71.60
70.30
72.00
71.10
68.83
69.35
70.80
70.70
70.10
70.70
70.60
70.40
66.67
66.93
68.27
69.60
70.10
70.90
69.54
71.90
73.50
75.30
76.70
78.30
77.70
77.20
78.70
80.30
81.40
83.00
83.80
84.00
84.30
84.10
84.30
85.30
86.00
86.50
87.10
88.10
88.40
89.00
89.80
89.90
90.60
91.10
91.70
91.50
91.40
91.00
90.10
89.10
88.90
89.60
90.70
90.80
91.00
91.40
92.20
92.10
91.90
92.20
91.60
90.50
90.20
90.30
90.50
90.70
91.40
92.40
92.80
92.40
92.30
92.80
93.20
93.40
93.40
93.20
92.50
91.50
90.60
89.90
89.40
88.20
87.30
86.50
85.20
84.10
83.50
82.30
81.90
82.40
81.30
81.70
80.90
81.20
81.80
80.50
80.50
80.60
81.00
77.70
76.80
78.00
75.80
75.30
76.80
74.60
70.90
71.30
73.40
71.30
72.40
74.30
75.80
76.60
76.10
76.70
78.00
79.90
80.40
79.60
80.10
81.10
82.10
81.20
81.70
84.80
85.10
88.30
90.80
91.50
92.00
92.10
92.50
93.60
94.80
95.00
95.20
95.20
94.70
93.80
93.60
92.70
92.00