97.70
97.70
97.80
97.70
97.70
97.70
97.60
97.70
97.80
97.80
97.90
97.90
98.00
97.90
98.10
98.10
98.00
97.90
97.80
97.80
97.80
97.90
97.90
98.00
98.10
98.20
98.20
98.30
98.30
98.20
98.00
96.70
92.60
89.70
88.20
88.10
86.30
84.40
81.50
79.10
77.80
75.70
75.60
73.90
71.40
71.20
69.89
68.04
68.45
66.86
60.44
60.96
63.26
62.81
58.46
58.02
59.49
59.42
59.99
59.10
54.73
56.25
55.67
56.43
55.78
56.25
56.78
64.72
75.00
72.50
71.70
72.70
76.30
79.00
81.80
84.60
85.90
84.70
85.60
84.60
83.70
84.30
84.00
84.20
84.40
84.40
84.50
85.30
87.30
88.10
88.00
87.90
87.60
87.40
88.50
89.40
89.60
90.70
92.30
93.20
93.80
94.00
94.20
94.50
94.70
95.00
95.30
96.00
96.40
96.30
96.30
96.50
96.40
96.10
96.00
96.80
97.80
91.10
89.30
89.50
89.60
88.80
85.50
81.50
81.10
78.70
76.60
76.10
75.90
76.10
76.70
75.90
73.80
71.30
66.69
65.43
61.72
58.08
59.41
59.90
58.28
57.56
57.64
57.76
56.38
56.68
56.80
57.23
56.84
57.37
56.65
56.88
57.15
54.79
54.63
55.93
58.39
60.00
64.31
63.61
62.01
64.45
65.44
65.83
75.40
70.40
73.80
74.20
76.20
76.10
64.79
64.95
64.53
67.02
79.60
86.90
85.00
83.60
85.30
87.40
88.10
83.60
80.70
79.90
83.10
87.20
88.30
88.60
88.10
83.10
83.40
85.70
86.50
82.50
82.90
85.90
85.10
84.80
88.60
88.30
88.80
92.30
92.30
92.70
94.00
94.60
94.80
95.30
95.90
96.10
96.10
96.20
96.10
95.80
95.40
94.50
94.70
94.90
94.70
94.20
92.80
91.30
89.60
87.60
85.60
81.10
80.00
77.80
75.90
75.20
75.00
72.20
72.70
71.00
68.08
66.70
65.45
62.72
64.51
63.47
61.27
61.42
59.21
56.77
57.55
56.54
55.32
51.64
57.15
54.79
54.63
55.93
58.39
60.00
64.31
63.61
62.01
64.45
65.44
65.83
75.40
70.40
73.80
74.20
76.20
76.10
64.79
83.80
85.10
83.60
82.00
81.10
80.20
81.50
84.20
89.70
91.80
92.40
92.70
92.60
92.70
93.70
91.70
90.50
93.10
94.40
94.50
94.60
92.30
91.80
91.90
93.90
95.60
95.90
95.90
95.30
94.50
93.80
92.20
92.30
92.70
92.70
93.50
94.70
95.50
93.90
92.80
92.40
93.10
93.50
93.50
93.80
93.90
93.90
93.50
92.50
88.40
86.30
83.00
80.70
79.70
80.60
79.50
78.10
76.60
75.60
72.10
68.93
68.03
67.13
63.99
62.36
59.92
60.10
59.07
55.88
54.28
55.01
56.59
55.62
55.61
55.86
53.55
54.05
55.20
57.91
58.93
62.13
62.58
68.95
77.00
77.80
76.90
77.70
76.40
76.50
72.30
74.50
79.40
81.60
83.90
84.20
83.40
80.10
79.00
80.20
82.40
83.40
84.20
85.00
83.30
81.70
80.80
82.20
82.60
82.80
83.50
84.80
85.70
86.60
87.20
87.50
88.80
89.80
91.90
93.50
93.70
93.50
94.60
94.60
92.40
93.50
94.00
94.20
95.20
94.60
96.00
96.60
96.10
95.00
95.20
96.40
95.50
96.90
97.20
97.10
97.40
97.50
97.30
96.10
94.90
91.10
89.10
92.10
88.80
85.00
79.70
73.80
73.30
73.70
72.80
73.50
67.05
65.75
66.50
67.12
69.77
69.73
66.51
64.93
63.27
60.70
64.25
62.43
61.72
61.09
62.03
61.94
58.57
57.05
58.08
54.68
56.30
56.89
56.05
54.53
54.61
52.50
50.98
51.67
51.64
54.10
72.30
76.40
76.20
75.60
76.10
76.90
78.90
80.60
82.10
83.30
84.70
86.60
86.90
86.50
87.90
88.20
88.00
89.70
90.90
92.10
91.70
91.60
91.60
90.60
91.20
91.60
91.70
93.10
94.20
94.70
95.20
95.60
96.20
96.40
96.50
96.60
96.40
96.50
95.70
96.10
96.90
97.40
97.70
97.90
98.10
98.10
98.20
98.30
98.40
98.40
98.40
98.50
98.50
98.50
98.50
98.50
98.10
97.50
94.00
85.40
75.90
71.60
72.10
71.80
68.73
67.86
67.47
66.96
67.74
65.62
64.77
64.36
64.65
64.88
62.76
61.86
58.64
57.21
58.54
57.88
56.47
58.52
54.85
55.52
55.05
53.02
49.84
50.56
51.05
51.37
51.11
53.23
54.10
54.93
56.25
61.10
62.13
62.78
65.50
67.70
67.71
68.27
68.91
68.85
69.00
68.13
68.01
70.90
70.50
70.80
69.87
75.60
81.50
83.30
82.50
81.70
81.30
82.60
83.00
81.90
81.00
83.10
82.70
83.40
85.40
87.50
89.20
90.10
91.20
92.70
92.10
91.90
91.90
90.00
88.60
86.70
86.40
87.30
90.10
91.20
92.40
94.40
95.70
96.00
96.50
96.40
96.10
95.80
95.60
94.60
93.10
92.00
90.60
88.00
86.30
84.70
83.50
82.40
80.70
81.50
78.90
71.50
71.70
69.12
68.66
69.00
68.61
67.81
66.79
65.11
63.05
64.47
65.76
68.26
68.84
69.63
69.91
71.70
72.40
72.50
72.00
71.80
70.60
71.00
72.40
74.20
75.00
76.20
80.00
79.30
82.70
84.80
84.50
84.40
84.70
85.90
86.90
86.90
86.30
85.70
85.50
86.30
88.30
88.80
89.70
90.90
91.40
91.50
91.20
92.10
93.70
94.30
95.40
95.70
95.20
94.30
93.20
92.00
93.60
94.70
95.30
95.60
95.40
95.80
96.00
93.90
90.20
90.20
91.90
92.10
92.20
91.20
90.30
89.80
90.20
89.80
89.10
88.90
90.10
90.00
90.30
93.50
94.20
91.90
90.50
90.50
90.40
90.30
90.90
89.30
88.20
87.90
88.20
85.40
84.00
82.80
81.30
82.20
80.00
80.20
81.30
82.50
81.80
80.70
79.90
80.20
80.90
80.90
82.00
82.10
81.60
82.50
81.90
78.20
79.30
79.60
79.00
78.30
76.00
74.90
75.20
77.40
78.70
78.20
77.20
77.00
78.60
80.20
80.20
82.40
85.60
86.60
88.50
91.20
90.80
90.60
92.10
91.00
91.30
92.80
94.40
93.70
94.80
94.50
92.20
92.10
93.00
92.00
89.70
88.80
88.80
90.40
91.40
93.00
93.00
92.40
91.80
92.60
93.00
93.60
94.50
94.90
94.80
95.00
94.60
94.30
94.20
94.60
95.20
95.40
95.60
96.00
96.20
96.40
96.20
96.20
96.40
96.50
96.50
96.40
95.90
94.30
92.00
91.80
91.70
90.60
88.80
88.50
87.90
86.80
85.30
84.40
82.40
82.10
80.40
79.10
78.60
77.50
75.50
73.60
70.90
69.67
69.65
69.22
67.39
66.41
65.95
64.55
63.85
64.33
64.45
61.02
61.83
61.11
61.74
58.73
60.29
62.27
70.80
81.10
83.90
88.20
87.30
88.20
90.60
92.10
93.90
94.60
94.00
94.60
94.90
94.30
94.30
94.30
93.80
92.90
92.80
92.00
93.10
93.70
91.90
91.80
92.50
92.60
94.00
92.30
91.60
91.60
92.30
93.30
93.20
91.20
91.50
91.20
91.70
92.00
93.00
94.20
95.20
95.80
96.00
96.00
96.20
96.30
96.10
95.90
96.20
96.50
96.60
96.70
96.80
97.00
97.30
97.40
97.50
97.20
96.20
95.40
95.60
95.60
94.90
93.50
92.80
92.20
91.40
90.20
89.50
88.10
86.10
84.60
83.50
81.60
79.80
79.00
74.20
71.80
71.50
71.40
67.82
71.40
86.20
91.70
92.70
89.90
89.80
89.30
87.90
83.70
80.60
78.20
78.50
76.30
69.28
68.21
64.48
62.18
61.98
61.73
61.84
60.41
62.27
61.85
63.39
65.28
69.16
70.80
71.60
71.60
76.30
79.80
82.20
93.20
94.20
95.30
94.70
95.60
96.30
95.70
94.80
95.30
95.60
96.00
96.40
96.70
95.20
93.60
94.40
93.90
93.00
92.80
93.10
93.70
92.80
93.50
93.90
93.60
94.20
95.50
96.10
96.50
96.50
94.70
93.20
94.20
94.80
95.10
95.30
96.40
96.50
96.70
96.70
96.60
96.40
96.60
96.70
96.30
96.40
96.10
95.50
95.20
94.60
93.90
93.20
91.80
89.70
86.60
82.60
80.40
79.70
77.00
74.50
73.20
73.40
71.80
71.80
71.50
68.04
67.75
67.22
66.36
76.30
78.20
80.80
88.80
92.30
91.80
91.80
84.80
81.20
75.70
76.80
80.80
83.60
86.10
88.40
89.20
89.60
90.00
90.40
91.80
93.20
94.10
95.00
95.20
93.70
91.00
89.30
91.10
92.20
90.90
90.70
90.60
91.80
92.30
94.60
94.50
94.10
94.80
95.10
95.40
96.10
96.50
96.60
96.50
96.40
96.60
97.10
97.30
97.30
97.30
97.50
97.50
97.50
97.60
97.60
97.60
97.50
97.30
97.20
97.10
96.70
96.70
97.10
97.30
97.50
97.60
97.60
97.60
97.60
97.50
97.70
97.70
97.50
96.90
95.60
94.40
92.40
90.60
90.50
89.90
88.00
87.70
88.90
89.30
89.70
90.60
91.60
93.70
93.30
92.40
90.90
89.40
87.70
85.80
84.70
84.50
83.70
83.10
81.40
79.00
77.40
76.50
74.60
73.50
72.30
69.12
70.90
70.20
66.59
66.17
67.36
66.95
72.60
77.80
79.70
82.60
83.30
82.40
87.70
87.40
88.20
88.70
89.90
90.60
91.50
92.40
94.00
94.70
94.30
94.70
94.70
94.00
94.80
95.20
95.20
95.50
96.30
96.80
97.00
97.40
97.60
97.70
97.80
97.80
97.90
97.90
98.00
98.10
98.10
98.10
98.20
98.20
98.20
98.30
98.30
98.30
98.20
98.10
98.10
98.00
97.90
97.90
97.90
98.00
98.10
98.00
97.90
97.70
96.20
93.70
92.20
90.30
86.70
83.10
81.40
82.10
81.30
80.20
79.10
77.80
77.60
76.60
74.90
72.00
72.00
70.10
67.67
66.31
65.34
64.96
63.94
61.68
61.34
61.28
61.09
61.88
74.70
79.60
85.80
82.40
82.80
81.10
80.20
83.10
84.50
84.10
84.20
83.70
83.50
83.60
84.70
86.10
85.60
87.90
89.70
90.80
92.00
93.30
95.00
95.60
95.60
96.10
95.30
94.60
94.50
95.50
96.10
94.00
94.10
94.10
92.40
92.30
93.00
94.30
94.60
96.00
96.50
96.40
96.90
97.20
97.20
97.00
96.60
96.70
97.00
96.70
96.90
97.20
97.50
97.40
96.80
95.50
94.70
94.90
95.10
95.30
95.60
96.50
96.90
97.20
97.20
97.20
97.30
96.90
95.70
94.10
93.30
92.30
89.40
84.10
83.00
83.40
83.30
81.20
84.60
91.70
93.00
95.40
96.40
96.80
97.00
95.80
91.40
89.50
88.60
88.10
87.30
88.90
88.10
86.50
83.70
83.70
82.40
80.70
77.70
77.50
76.70
75.80
73.80
71.60
72.00
74.40
74.70
74.60
76.50
77.00
78.90
80.30
81.90
80.80
82.80
83.60
85.10
85.80
87.50
89.20
89.10
90.40
91.60
92.80
93.30
93.40
93.40
93.80
93.10
93.40
94.50
94.50
95.00
94.60
94.70
95.20
95.90
95.70
95.30
95.40
94.90
94.70
95.10
95.80
95.90
95.70
95.40
95.90
96.60
96.80
96.70
95.50
93.10
92.10
91.20
89.80
89.70
90.10
91.10
92.10
91.80
91.40
91.60
90.70
90.30
89.90
90.70
91.20
91.30
91.20
89.10
86.80
85.70
83.20
81.70
79.00
77.60
76.60
76.30
74.50
72.90
71.70
71.00
70.50
69.81
67.86
67.73
65.72
65.56
65.21
64.08
64.93
62.86
61.93
60.71
61.16
61.39
59.81
59.72
63.63
68.07
67.04
69.18
71.40
72.70
76.20
74.50
79.00
83.30
85.20
83.80
83.80
85.00
82.80
80.70
79.40
79.50
85.60
90.30
90.10
88.00
91.00
93.70
95.00
94.20
94.00
94.60
95.50
96.10
96.20
95.80
94.90
94.20
91.90
93.60
95.10
95.60
95.80
95.50
96.00
96.10
95.90
96.20
96.40
96.70
96.90
96.70
97.20
97.30
97.80
98.10
98.20
98.30
98.30
98.30
98.40
98.40
98.30
98.30
98.30
98.40
98.50
98.50
98.40
98.30
98.30
98.10
97.70
96.60
95.50
94.50
93.80
92.10
88.00
86.30
85.10
84.30
83.40
81.90
80.30
80.90
79.00
77.20
74.20
74.20
74.70
73.70
71.90
69.58
67.78
67.51
68.30
69.65
71.80
71.00
72.30
73.20
73.60
77.20
70.20
68.36
69.65
71.00
73.60
75.50
79.30
81.70
83.90
84.90
84.80
85.50
86.30
87.40
88.50
88.90
89.50
90.30
90.50
90.30
88.70
87.40
87.30
86.10
84.80
83.90
83.60
84.40
84.40
84.60
85.20
85.50
85.70
85.50
85.00
84.80
85.30
85.50
85.70
86.80
87.70
88.30
89.10
89.30
88.80
88.50
88.70
88.10
87.80
87.40
86.70
87.00
87.20
87.10
87.40
87.20
87.20
86.40
85.30
83.30
82.70
82.00
81.10
80.70
78.50
77.30
76.70
75.50
75.60
76.80
77.40
77.40
77.00
75.90
75.00
74.60
72.20
71.40
70.70
70.50
70.50
68.95
68.71
68.56
68.73
68.41
67.06
67.41
68.12
68.38
66.93
65.88
67.56
68.85
71.70
81.30
85.90
85.80
84.00
85.20
87.00
90.90
92.10
94.10
93.60
90.20
91.90
92.40
92.40
91.90
92.80
93.50
93.50
93.20
94.20
94.90
94.50
94.50
93.60
92.60
92.20
91.40
91.30
91.50
91.40
91.10
90.00
90.60
92.10
91.50
91.50
91.50
91.50
92.20
92.80
93.40
93.60
93.90
94.30
94.70
94.60
94.10
93.80
93.70
93.70
93.80
93.90
93.50
93.00
91.90
91.70
91.50
90.80
90.60
89.90
88.90
88.50
87.70
85.10
83.00
82.20
81.70
78.40
76.00
74.10
72.40
69.87
70.40
70.10
70.60
69.05
67.96
67.43
66.03
65.00
65.91
64.21
60.76
60.83
59.89
62.81
66.27
61.38
61.63
60.49
62.47
59.46
59.94
59.94
59.67
59.62
57.45
60.08
61.31
63.18
64.57
65.08
65.21
67.84
69.80
71.40
71.90
71.80
73.20
74.50
75.40
77.40
78.70
79.00
80.40
83.30
84.60
85.50
86.30
87.10
87.60
88.20
88.00
88.00
88.70
89.60
90.30
89.60
89.60
89.10
88.30
84.60
84.60
86.30
88.20
89.00
88.60
89.10
89.10
88.10
87.50
86.50
87.30
89.50
89.60
90.20
91.30
91.60
91.50
91.00
90.90
90.10
88.40
87.10
86.60
85.00
85.10
83.70
82.70
80.50
79.30
78.80
79.20
75.30
73.30
73.50
72.80
71.40
70.60
69.39
69.95
67.75
71.30
76.00
77.50
79.40
78.50
85.30
81.30
73.50
72.70
68.66
68.23
67.03
67.70
74.60
87.30
88.30
90.60
93.70
95.20
95.80
95.50
96.10
96.20
96.30
96.30
96.10
96.00
95.40
94.60
95.00
95.00
94.10
92.80
92.60
93.50
94.00
94.30
95.00
95.50
95.50
93.40
93.70
93.30
93.30
94.10
95.20
95.50
96.20
96.60
96.60
96.40
95.50
94.80
94.80
94.60
94.60
95.10
96.00
96.20
95.70
95.80
95.70
95.70
95.60
96.00
96.00
95.80
95.80
95.90
96.00
95.80
95.30
95.20
95.40
95.30
94.20
93.80
93.00
91.00
90.60
90.40
89.50
87.70
85.80
83.90
82.30
78.80
78.00
77.00
77.10
78.80
76.50
77.10
82.70
87.70
79.80
74.70
72.50
74.70
78.70
81.70
80.60
84.10
87.30
86.90
84.70
84.60
81.40
75.50
70.40
73.60
84.30
83.70
76.30
70.80
69.74
71.40
73.70
74.80
75.60
76.50
77.40
79.40
81.40
82.40
82.10
86.70
92.70
94.10
94.40
94.40
95.10
95.40
95.20
95.40
95.50
95.80
96.00
95.00
94.90
95.10
94.20
93.90
94.00
94.10
94.00
94.00
94.10
94.60
94.80
94.80
94.90
95.40
95.50
95.20
95.40
96.10
96.60
96.70
96.70
96.70
96.70
96.30
95.90
95.40
95.00
95.20
95.80
95.80
95.50
95.70
95.30
95.00
94.90
94.70
93.70
93.10
91.30
91.40
90.80
89.00
87.30
86.00
84.30
83.40
80.60
78.40
76.90
82.20
87.30
86.70
82.90
79.80
77.40
75.00
71.70
71.30
68.74
70.30
69.97
68.74
68.35
68.61
67.34
66.90
66.40
65.55
67.27
64.91
67.35
66.28
65.56
66.16
66.33
67.09
66.92
67.59
65.70
66.62
68.02
69.22
71.00
72.20
74.90
76.00
75.70
77.90
86.90
88.30
88.80
88.80
91.90
95.20
95.70
97.30
97.40
96.90
97.10
97.30
97.20
96.90
96.50
96.80
97.00
97.20
96.90
96.60
96.60
96.80
97.10
97.00
95.30
95.60
95.80
95.10
94.90
95.40
95.00
94.90
95.10
95.60
96.20
95.80
94.70
94.60
93.60
93.90
94.10
94.00
93.20
92.70
92.70
92.20
92.30
91.90
93.00
93.00
91.60
90.50
91.80
89.00
88.20
88.40
86.90
86.10
86.60
91.10
93.20
94.50
94.30
94.20
90.40
89.90
87.00
86.60
85.60
82.70
82.60
80.00
78.20
77.40
78.70
79.40
79.70
80.60
79.20
79.40
79.80
81.10
80.90
82.90
84.70
85.70
87.60
89.50
90.70
91.00
91.80
93.20
94.40
96.70
97.40
97.60
97.80
97.80
97.90
98.00
98.00
98.00
98.00
98.00
98.10
98.10
98.10
98.30
98.30
98.40
98.40
98.30
98.30
98.20
98.10
98.00
98.10
98.10
98.10
98.10
98.10
98.00
97.90
97.90
97.90
97.80
97.90
97.90
97.90
97.90
97.90
98.00
98.00
98.10
98.00
98.00
97.90
97.80
97.60
97.20
96.40
96.00
94.80
93.30
92.00
90.10
87.40
85.40
81.90
81.60
81.90
80.90
79.00
79.90
77.90
76.70
76.70
76.40
83.10
82.80
87.40
90.60
90.50
90.90
85.70
80.70
79.00
75.10
73.30
71.80
68.69
65.46
62.47
62.03
61.37
59.61
58.99
54.17
57.93
58.27
57.90
58.91
59.99
57.41
64.05
69.16
70.60
73.00
76.30
77.40
80.50
82.10
82.80
84.70
87.50
88.00
89.50
90.70
91.70
91.70
91.20
92.20
93.20
93.80
94.50
94.80
94.50
94.50
94.50
94.50
94.60
94.60
91.70
92.70
95.00
94.70
95.60
95.50
96.20
96.50
96.50
96.40
95.90
96.50
96.90
96.60
96.20
96.70
97.30
97.20
96.90
97.10
97.40
97.60
97.60
97.70
97.70
97.70
97.70
97.60
97.60
97.40
96.90
96.70
95.20
94.80
93.50
92.70
90.80
91.30
89.90
87.10
86.40
83.90
83.30
82.50
81.10
79.70
78.70
78.00
77.80
78.60
78.50
77.50
75.70
76.70
76.40
74.80
75.80
77.60
78.50
80.50
79.70
80.00
81.10
80.30
81.30
83.10
85.60
87.60
90.60
90.70
91.10
92.10
91.10
90.10
92.40
93.80
95.40
95.70
95.40
94.80
96.50
95.40
96.10
96.20
96.20
95.80
96.80
96.40
95.70
95.80
96.20
96.20
95.70
95.30
95.50
95.40
95.70
95.90
96.10
96.60
97.00
97.10
97.10
97.00
96.80
96.90
97.30
97.40
97.20
96.60
96.50
96.30
96.60
96.60
96.60
97.10
96.50
92.80
91.40
91.60
90.20
89.00
87.90
84.00
82.50
80.80
78.00
76.90
76.40
75.40
73.20
72.90
68.08
68.30
67.86
68.03
66.88
66.16
63.75
67.39
65.13
66.42
66.06
66.94
62.43
61.38
62.81
59.08
60.39
64.06
65.77
69.82
69.83
67.50
66.27
65.75
67.41
75.40
79.10
84.50
88.20
92.30
94.70
97.60
98.00
98.00
98.20
98.30
98.30
98.00
98.00
98.10
98.00
97.70
97.80
97.90
98.00
98.10
98.10
98.30
98.30
98.30
98.40
98.40
98.40
98.40
98.40
98.40
98.50
98.50
98.50
98.40
98.30
98.10
98.00
97.90
97.90
98.00
98.10
98.00
97.90
97.40
97.20
97.20
96.80
96.80
96.60
96.30
96.60
97.00
96.80
97.10
97.30
97.40
97.30
97.20
96.20
94.80
93.60
92.00
89.80
88.70
87.20
85.40
82.70
81.50
81.00
80.30
79.00
79.10
79.10
77.80
76.10
76.20
74.20
72.70
71.90
70.60
69.36
70.40
77.40
86.70
87.10
88.40
90.00
90.50
89.50
89.30
89.10
88.30
90.10
90.30
90.60
90.50
93.60
97.30
97.60
97.50
97.40
97.50
97.80
97.90
97.90
98.00
98.00
98.00
98.10
98.10
98.10
98.20
98.20
98.20
98.30
98.30
98.30
98.20
98.20
98.20
98.20
98.10
98.00
98.00
98.00
98.00
97.90
97.90
97.80
97.80
97.70
97.70
97.70
97.80
97.80
97.90
98.00
98.10
98.10
98.00
97.90
98.00
97.90
97.80
97.80
97.90
98.00
98.00
97.90
97.90
97.80
97.70
97.30
96.70
96.10
95.10
93.70
91.50
89.40
87.50
86.30
85.10
84.10
83.90
82.90
81.80
79.90
78.50
76.30
76.20
73.10
75.80
75.90
73.40
70.30
71.40
73.20
80.00
83.60
85.70
87.00
86.90
88.90
88.90
87.90
88.10
87.00
86.10
87.20
88.30
88.70
90.10
89.50
89.00
88.20
87.60
86.30
89.10
90.60
91.80
92.90
93.50
92.70
91.20
91.30
92.00
92.10
93.20
94.00
94.50
94.80
95.40
95.90
96.00
95.50
95.30
95.50
95.40
95.70
95.90
96.30
95.90
94.90
95.00
95.40
96.00
96.20
96.20
95.70
95.30
95.70
95.90
96.30
96.50
96.10
96.00
96.10
95.80
96.00
96.20
96.30
96.20
94.40
93.80
94.10
96.80
97.40
97.50
97.20
97.30
96.90
96.10
96.10
95.30
93.60
93.60
93.60
91.60
90.60
90.00
88.50
85.90
82.50
82.50
81.90
78.60
85.80
84.60
84.60
84.90
87.40
88.50
89.60
92.70
94.30
93.00
92.00
91.10
91.00
87.20
84.90
82.50
81.20
83.60
85.10
87.30
88.90
89.60
90.90
89.70
88.90
90.20
92.20
92.70
93.50
93.50
94.10
95.50
96.00
96.00
96.20
96.10
96.20
95.80
95.60
95.30
95.70
96.10
96.40
96.70
96.90
97.00
96.50
96.20
96.00
96.50
96.90
97.20
97.20
97.40
96.00
94.30
94.60
93.60
95.40
95.10
94.90
95.20
95.70
95.80
95.40
95.70
95.90
95.60
96.00
96.80
97.20
97.40
97.50
97.30
96.90
96.70
96.40
95.40
94.20
93.00
92.00
91.70
91.90
90.10
89.20
88.70
88.40
88.60
88.30
87.70
86.90
85.30
83.30
80.80
80.30
80.50
79.70
78.40
77.00
74.90
73.30
72.90
74.70
76.30
77.40
74.90
73.30
74.20
75.10
73.10
75.80
76.10
76.40
77.00
78.50
80.40
80.70
81.50
82.50
83.30
85.60
86.70
87.20
87.50
87.20
85.10
84.50
85.70
87.00
88.00
88.00
88.20
89.20
90.30
91.00
91.40
91.10
91.60
91.50
90.80
89.60
89.00
88.80
88.50
88.10
88.40
88.60
88.80
89.20
88.30
87.90
88.30
88.70
88.70
89.50
90.30
90.80
90.90
90.10
89.80
90.50
91.60
92.30
93.30
95.00
95.80
94.70
94.30
93.90
94.00
93.70
93.00
92.20
91.40
90.70
90.00
88.90
88.20
86.70
85.30
84.00
83.60
83.90
83.20
81.20
90.90
93.80
91.70
88.80
90.80
94.90
90.80
87.60
84.10
80.80
78.20
77.80
76.10
75.40
74.30
72.00
72.10
74.50
79.30
78.70
77.50
76.10
72.40
74.90
77.80
81.80
82.20
77.70
77.50
78.20
81.00
81.30
81.60
82.10
85.40
86.10
87.50
88.80
86.30
88.90
90.80
91.70
91.80
90.40
91.20
92.10
93.10
94.40
94.20
93.00
93.10
94.20
94.60
94.70
95.40
95.30
95.20
95.70
96.10
96.60
96.80
96.90
97.10
97.30
97.30
97.40
97.50
97.60
97.70
97.70
97.70
97.70
97.80
97.80
97.80
97.50
97.10
96.70
96.80
96.90
97.20
97.50
97.60
97.60
97.40
97.00
96.30
95.40
94.80
93.80
91.40
89.10
88.00
87.50
88.50
88.70
89.00
88.50
86.40
85.30
83.30
82.00
78.60
78.50
85.80
83.90
78.80
88.90
94.80
95.80
95.90
96.00
95.60
94.70
93.70
87.50
82.20
84.90
87.70
89.50
91.10
91.40
91.80
92.30
93.10
93.20
93.10
93.30
92.30
91.90
91.90
92.20
93.10
93.80
90.20
88.70
90.60
91.70
94.10
95.00
95.10
95.10
95.70
96.40
96.30
96.20
96.50
96.60
97.00
97.40
97.50
97.50
97.40
97.70