86.00
86.70
86.60
87.00
87.70
87.80
87.60
88.20
89.00
89.00
89.00
88.90
88.90
89.30
89.20
89.40
89.60
90.40
91.00
91.30
91.60
92.30
92.60
92.30
92.50
92.80
93.00
92.40
90.80
89.00
85.00
83.70
82.40
81.30
80.20
79.60
79.50
78.80
78.10
76.60
75.70
74.40
73.20
72.00
70.70
69.43
68.95
67.84
65.54
64.37
64.85
64.66
64.87
65.55
67.19
66.88
68.06
68.43
68.11
67.72
69.23
69.35
69.70
68.46
68.15
68.41
71.30
72.30
73.30
74.50
75.90
77.80
79.60
82.20
83.80
83.70
83.50
83.50
83.20
83.00
83.90
86.30
87.60
87.50
88.70
88.90
88.60
88.40
89.20
89.30
89.00
89.00
88.20
86.60
88.40
88.50
87.90
88.00
88.20
88.10
88.30
88.40
88.80
89.20
89.10
88.90
89.50
89.70
89.60
88.60
89.40
89.50
90.00
90.70
88.50
88.80
88.70
89.30
90.20
91.10
91.40
90.30
89.30
91.20
90.30
91.20
90.70
87.80
87.90
85.60
83.70
78.70
78.30
75.90
72.60
71.90
70.70
69.85
66.81
65.27
64.15
61.11
61.39
60.80
58.35
56.33
57.12
55.91
55.42
54.66
54.30
55.20
53.54
53.60
52.79
52.81
52.84
52.40
53.11
53.60
55.91
54.96
55.87
58.56
60.36
63.01
65.89
69.15
71.00
72.20
72.90
75.70
76.70
77.20
78.50
79.40
80.40
81.60
82.00
82.80
83.50
83.80
84.00
84.10
85.10
85.90
86.60
86.70
86.50
86.50
87.20
88.00
88.60
89.30
89.00
88.60
88.30
88.10
88.80
89.50
89.40
89.30
88.70
87.70
88.40
88.90
88.90
88.40
89.10
88.50
87.70
86.20
86.30
87.10
88.20
93.10
94.60
94.30
94.20
93.40
92.10
90.70
88.10
84.30
82.20
78.80
74.80
74.80
71.00
72.40
67.62
65.94
66.75
66.75
65.00
64.05
61.70
61.17
59.70
57.58
56.98
54.73
54.44
53.90
52.46
51.50
51.15
50.47
51.12
51.65
51.19
49.99
50.44
48.56
46.95
50.42
51.26
50.01
50.72
51.66
53.54
53.22
55.99
57.12
56.72
58.25
59.31
59.25
59.55
61.69
62.04
62.66
65.67
66.21
66.03
66.52
67.46
66.62
67.07
64.60
64.38
65.16
65.91
63.91
62.21
63.20
66.51
69.35
69.34
67.98
68.99
70.30
71.10
74.00
75.60
78.50
80.10
80.70
80.80
78.90
76.10
78.70
81.30
83.50
84.40
82.90
86.80
88.10
86.70
86.70
87.30
88.80
90.50
90.00
88.20
87.70
88.40
87.00
85.20
83.30
81.40
78.60
77.30
74.00
71.80
71.60
70.20
69.21
67.37
64.67
64.27
62.49
61.15
59.92
58.53
57.88
55.21
52.30
51.19
49.67
48.16
49.22
52.27
50.85
51.26
54.49
52.85
55.53
59.84
58.58
56.11
57.57
60.51
61.56
63.09
62.79
62.77
64.48
66.09
67.71
70.60
71.90
72.60
74.10
75.20
76.80
78.50
80.00
81.20
82.40
82.80
82.20
81.90
82.50
83.60
84.30
84.30
85.00
84.90
84.50
84.40
85.00
86.00
86.40
86.30
86.80
87.10
87.30
87.10
85.70
85.00
85.50
86.30
84.40
83.90
84.50
84.80
85.20
85.70
85.90
86.10
86.30
86.90
87.50
88.30
90.10
92.30
93.80
94.80
95.40
95.80
95.90
95.60
95.30
95.50
95.40
95.20
95.30
95.50
95.20
95.30
95.20
94.60
93.10
87.70
83.50
76.70
73.40
69.95
69.48
68.95
68.71
66.53
69.67
69.62
68.48
67.42
66.21
65.51
65.84
66.27
66.99
72.00
74.30
74.20
74.80
75.80
76.70
77.20
78.10
79.40
79.70
80.20
81.60
82.20
82.90
83.40
84.60
84.50
84.60
84.70
84.60
85.80
86.60
86.80
86.30
86.90
88.20
88.80
89.00
89.40
89.00
88.90
89.20
89.10
89.20
90.30
90.20
90.00
89.70
89.90
89.80
90.00
90.20
90.30
91.00
91.30
91.80
92.00
91.40
91.80
92.10
91.90
92.00
91.80
90.70
91.40
92.20
92.30
92.20
92.30
92.50
92.70
92.80
93.10
93.60
93.20
92.50
90.80
89.10
88.00
85.50
82.60
80.70
78.00
75.20
73.70
72.20
69.68
68.91
67.32
66.82
66.21
65.29
65.06
63.68
62.36
62.12
59.59
58.62
57.70
57.25
56.54
56.69
56.01
55.37
54.33
55.98
54.99
55.00
55.45
57.10
57.80
57.05
56.43
55.87
55.43
56.22
57.76
60.28
62.56
63.30
63.59
67.53
69.77
66.15
64.97
72.10
74.50
72.80
72.10
71.10
71.90
72.60
72.60
74.80
76.10
76.20
76.10
77.50
77.00
77.70
78.10
78.20
78.00
77.10
79.20
79.30
77.20
75.40
73.80
74.30
75.40
76.70
77.90
78.40
78.80
77.40
77.20
77.00
76.20
75.60
75.70
76.30
76.90
77.20
76.50
77.00
78.20
78.30
79.00
80.60
85.10
87.50
87.90
87.10
84.20
80.20
75.90
74.70
68.22
67.40
67.57
62.48
60.98
59.52
60.25
58.84
60.47
59.64
59.44
60.67
60.02
59.88
59.38
58.63
58.32
57.81
57.54
55.16
54.35
53.28
54.16
54.37
55.32
54.44
54.13
53.80
53.25
53.50
56.05
58.98
61.16
63.16
64.88
66.48
66.15
66.49
67.51
68.34
72.40
73.10
74.00
75.50
77.20
77.20
76.50
76.60
76.60
77.10
77.10
76.30
74.60
74.20
77.40
77.60
80.20
81.90
82.20
83.60
83.70
83.90
84.10
84.50
84.60
84.30
84.70
84.20
84.40
83.80
84.10
85.20
85.40
86.10
86.50
86.50
86.30
86.40
86.20
85.80
85.80
87.00
89.50
91.00
91.80
92.20
91.40
90.50
86.50
86.50
87.30
87.50
88.30
87.20
81.10
76.50
76.30
75.30
73.40
72.20
73.40
72.50
69.35
66.78
64.30
62.63
60.38
59.54
55.91
55.11
52.92
47.87
45.04
46.20
44.16
42.91
43.20
43.92
44.19
43.56
40.87
40.60
41.46
43.85
44.79
45.64
47.03
47.79
48.63
49.51
50.67
51.57
53.21
55.12
57.49
60.03
62.94
64.27
66.97
69.89
71.70
72.10
72.90
74.50
75.80
75.90
76.20
77.00
78.10
79.60
80.60
81.30
82.30
83.00
83.50
83.50
83.60
83.80
84.20
84.60
85.00
85.20
85.60
86.60
87.20
87.60
88.30
88.80
89.00
88.80
88.00
88.80
89.40
89.50
89.90
89.40
89.60
89.00
88.30
89.10
87.20
88.10
89.40
90.60
90.60
89.70
88.90
89.50
90.10
87.60
83.80
81.70
79.80
77.00
73.40
72.80
70.10
68.44
66.25
64.54
62.79
62.80
60.78
58.64
58.09
56.84
58.76
56.44
56.50
54.90
54.59
54.45
55.04
54.49
54.79
53.96
54.34
52.79
52.53
52.55
52.66
53.47
53.43
54.24
55.52
57.00
58.21
60.73
63.72
64.83
65.61
68.52
70.80
72.10
73.60
74.70
75.00
73.70
74.60
74.80
75.40
75.90
76.50
76.80
77.30
78.20
79.40
80.80
82.60
83.80
84.90
85.70
85.30
85.00
84.70
84.80
85.80
85.60
85.00
86.00
87.60
88.40
88.90
89.00
88.80
89.00
89.00
89.10
89.30
89.40
89.90
90.30
90.90
91.80
92.20
91.90
91.60
91.50
91.50
92.00
92.10
91.70
91.50
90.60
88.70
85.80
82.80
82.10
79.20
76.70
74.40
70.40
68.48
66.27
64.48
61.63
61.15
59.53
57.40
56.54
55.38
54.49
54.69
54.57
53.35
52.39
53.32
54.62
53.01
53.97
53.99
53.61
52.13
48.69
46.27
45.22
43.75
46.24
47.70
49.66
51.15
53.33
55.34
62.70
67.60
69.24
70.70
72.50
73.80
74.00
73.80
74.00
74.90
75.60
77.00
77.90
78.40
79.20
79.10
79.50
80.60
81.10
81.50
82.30
83.30
84.00
84.80
85.60
86.30
86.90
87.60
87.90
88.20
88.50
89.00
89.70
90.20
90.50
91.00
91.30
91.40
91.50
92.10
93.70
92.50
90.50
90.40
89.90
92.60
92.60
93.90
94.70
95.20
95.40
95.50
95.60
95.50
95.40
94.80
93.70
92.70
91.50
89.50
88.00
85.10
83.20
81.10
78.90
77.10
74.50
72.40
70.80
69.22
66.79
64.49
63.14
62.09
59.69
59.34
57.48
57.50
57.00
55.23
51.85
48.73
48.66
48.16
47.51
47.92
46.84
47.56
48.42
49.39
49.40
50.68
50.51
50.08
51.10
51.34
52.00
53.03
55.60
57.76
61.02
64.36
64.71
67.85
67.88
66.10
66.50
68.33
70.20
71.60
73.40
74.40
75.80
77.20
78.40
78.50
78.30
78.30
78.70
78.00
76.70
76.30
75.20
75.50
76.30
76.80
77.90
77.20
77.60
76.60
76.70
83.30
84.90
83.40
81.90
81.70
81.90
82.00
84.80
86.20
89.50
91.40
89.20
85.30
84.30
84.80
81.90
77.30
77.10
78.30
79.90
80.80
81.70
81.60
81.60
81.00
80.70
77.00
74.40
70.70
69.82
68.33
65.72
63.15
58.02
54.29
52.25
52.24
52.62
51.52
51.33
49.70
48.61
47.03
47.21
44.49
42.26
40.91
41.15
40.74
40.21
39.69
39.36
38.38
37.42
37.16
37.92
40.40
41.66
35.99
34.66
36.23
40.17
44.37
47.27
51.38
51.99
51.86
54.95
52.76
55.00
54.13
53.73
52.86
52.22
50.54
49.82
48.81
51.19
52.32
51.63
51.95
51.94
54.16
56.03
60.88
64.24
62.94
64.27
63.06
65.19
67.34
67.73
69.64
71.80
73.10
74.20
74.40
74.80
75.40
77.90
78.60
79.10
80.20
80.40
79.00
79.10
78.50
77.60
76.80
76.80
77.30
77.10
79.40
80.40
81.40
81.10
80.70
77.70
76.50
73.50
71.80
72.20
71.10
68.08
67.36
65.78
63.45
61.34
59.49
56.99
55.76
51.02
48.27
48.41
46.27
44.91
46.36
45.88
45.33
44.76
43.40
43.56
43.57
44.26
43.16
42.26
38.87
39.10
38.47
34.66
40.61
40.39
41.71
44.78
48.03
47.97
45.05
45.36
44.40
42.20
40.53
40.53
42.65
41.66
44.00
47.63
49.23
54.77
58.87
57.90
58.85
58.05
60.68
61.86
62.56
65.54
66.24
63.40
64.39
66.06
69.42
67.78
64.26
58.33
56.45
53.18
53.66
52.22
54.73
58.64
64.34
67.08
65.00
67.73
69.60
66.59
63.96
63.28
63.01
65.94
69.13
65.62
60.88
59.74
59.46
63.19
73.50
84.30
86.60
88.30
88.80
88.70
86.90
86.00
82.80
79.60
75.90
72.60
71.10
68.88
63.88
61.17
57.35
51.16
53.07
50.83
48.80
47.23
48.56
46.65
43.41
43.94
41.90
40.54
37.90
37.78
37.49
35.43
34.39
32.76
32.04
31.90
31.27
31.35
32.27
31.63
32.29
33.19
34.49
34.99
37.24
39.19
38.22
38.00
36.22
37.13
40.16
38.72
40.41
41.54
45.24
51.12
50.52
49.52
50.56
52.71
55.33
54.11
51.01
49.10
47.92
47.69
47.35
45.70
48.10
56.05
58.45
59.51
59.78
59.96
60.28
61.48
64.19
66.65
67.95
71.30
76.80
79.20
83.30
82.70
84.70
84.40
82.00
79.40
74.00
70.30
69.69
72.70
73.30
73.00
69.99
70.10
70.20
68.84
66.57
67.30
66.94
67.97
68.24
67.42
67.99
68.35
68.65
68.36
67.96
66.17
65.08
62.43
60.43
57.74
55.73
55.17
53.71
51.70
48.99
44.76
44.21
43.76
42.53
40.02
38.99
40.48
37.91
37.15
36.72
38.14
36.24
34.68
34.55
34.82
35.14
35.86
34.04
35.07
35.83
37.15
41.07
41.43
39.86
40.03
46.37
50.56
51.67
50.58
49.46
48.06
47.17
47.66
46.69
42.64
36.66
47.64
56.89
58.34
56.52
57.07
57.42
58.87
60.71
56.22
55.72
57.47
56.88
57.59
59.00
63.58
65.71
64.12
63.21
63.86
63.86
63.88
63.26
63.34
64.62
65.19
65.79
65.98
67.00
69.38
73.70
76.10
79.60
83.50
86.20
86.30
86.40
85.50
82.00
79.50
73.80
70.80
70.60
70.60
70.70
70.00
69.46
70.60
70.40
68.50
65.05
63.54
63.05
61.14
60.55
56.52
55.33
55.09
51.52
51.20
49.12
48.18
46.90
45.45
43.39
41.57
40.70
39.99
39.12
38.98
36.71
35.50
35.92
34.70
34.76
35.63
36.10
34.30
35.15
36.38
38.25
40.16
40.37
42.90
43.21
42.07
45.51
47.99
48.63
47.41
47.19
45.39
42.80
44.95
43.06
41.07
42.70
46.69
45.40
43.28
42.72
40.16
38.98
37.57
43.20
41.27
53.42
63.13
62.49
64.07
64.89
65.11
66.55
66.12
66.09
65.51
62.12
62.55
61.93
63.01
64.74
66.56
70.20
75.40
79.60
81.60
83.50
84.10
85.60
87.40
87.70
87.40
86.60
85.70
85.70
87.30
89.50
87.80
84.90
80.80
76.30
71.00
70.60
69.96
68.90
68.84
68.44
67.48
65.96
62.54
61.17
58.48
56.62
54.70
53.31
53.91
53.03
53.30
52.85
50.52
48.81
44.70
43.97
43.62
42.40
41.80
38.58
39.85
37.04
36.21
38.35
37.94
37.48
37.47
37.42
39.86
41.53
42.51
44.44
45.31
45.24
46.18
47.11
48.09
48.75
49.83
51.71
52.64
53.95
53.97
53.21
54.19
54.66
55.08
54.72
56.16
54.99
53.33
52.36
49.94
48.06
49.36
51.91
54.73
55.68
58.40
62.72
64.27
62.37
62.23
63.19
64.10
65.42
66.21
67.92
68.03
68.19
70.20
70.50
72.80
76.80
83.00
84.40
84.10
84.00
82.30
84.60
82.10
79.30
76.20
75.70
74.60
71.60
70.10
71.80
70.30
68.50
66.89
66.22
68.18
70.70
70.20
67.28
64.73
62.48
59.68
56.39
56.03
53.31
50.87
47.04
43.03
42.70
39.23
37.03
38.77
37.60
34.89
35.04
34.04
33.74
34.69
34.92
35.90
35.75
35.66
36.87
37.58
38.44
38.81
38.49
38.38
39.58
40.72
41.60
41.02
43.52
43.27
45.63
47.28
46.57
46.52
47.27
47.27
47.75
47.45
48.97
47.97
45.70
45.03
45.77
46.69
47.59
48.32
49.65
52.43
56.58
56.67
56.52
55.73
55.39
56.47
57.36
60.11
62.77
61.49
60.27
59.99
61.83
61.55
61.85
61.94
63.87
65.02
63.82
66.85
70.50
70.70
69.75
70.40
71.90
72.70
72.40
73.60
74.50
74.40
74.60
75.20
76.40
77.30
79.90
80.90
79.00
77.80
75.70
72.00
69.04
68.57
69.21
66.20
62.96
59.89
59.90
56.69
53.92
51.11
50.68
48.93
50.22
46.75
45.79
44.82
43.67
42.33
42.03
37.82
35.53
34.96
33.16
31.63
32.29
31.79
31.18
31.66
30.63
31.68
32.05
33.29
34.60
37.06
37.37
38.81
41.00
42.04
43.37
45.25
47.19
45.24
44.22
43.38
43.81
44.36
44.84
45.06
45.85
46.04
47.14
48.03
47.73
48.14
49.32
50.47
51.98
53.32
54.80
55.81
55.56
56.99
58.22
57.83
58.43
60.69
63.27
65.97
68.75
73.20
72.10
69.85
66.86
66.71
66.67
65.48
62.63
62.64
64.82
65.65
64.94
66.42
68.28
70.20
70.10
67.11
64.53
64.33
66.88
65.06
66.94
66.73
65.91
64.68
64.83
66.08
66.10
65.61
65.07
64.45
62.79
60.59
59.59
56.88
53.18
50.87
50.20
47.07
45.33
43.97
43.19
42.55
39.67
36.73
36.61
37.03
35.36
36.57
35.29
34.57
35.04
34.56
34.75
36.09
37.27
38.44
39.24
39.63
39.57
40.24
43.01
46.05
46.88
48.70
50.20
50.60
50.24
51.30
52.56
52.87
52.64
51.74
51.05
52.12
52.48
51.15
51.05
51.91
53.57
53.39
56.71
60.65
61.53
63.29
66.54
68.79
66.22
68.45
69.08
69.00
69.65
70.80
73.20
76.30
78.00
77.50
74.70
70.50
69.69
70.30
69.15
69.84
69.86
69.05
70.10
70.20
70.20
71.60
74.70
77.80
79.90
82.70
85.50
85.90
86.00
85.10
85.30
86.40
87.60
85.20
82.10
79.00
75.40
72.80
71.60
71.40
68.57
65.16
60.53
58.21
58.21
57.64
56.55
54.54
53.75
51.07
49.59
48.88
47.69
44.94
43.80
41.58
41.49
39.86
37.91
37.37
36.82
35.07
36.85
36.68
36.91
36.96
36.47
37.17
38.04
39.29
39.75
41.09
39.92
42.35
42.07
41.50
43.16
44.82
42.49
45.05
50.49
53.23
50.50
49.57
51.89
51.18
51.56
55.93
58.23
58.97
63.36
66.97
65.28
67.05
64.04
63.89
67.71
67.73
59.94
59.34
60.59
58.72
58.65
59.43
58.95
59.76
60.71
63.56
65.77
65.67
68.04
67.53
65.99
63.73
62.58
62.81
64.82
63.75
66.92
63.79
66.74
66.78
65.04
59.87
58.71
63.99
64.62
69.04
74.60
79.10
78.80
74.80
71.30
70.10
70.10
67.58
66.82
65.62
62.08
61.45
59.99
58.91
56.49
56.12
54.38
53.95
51.27
50.59
50.35
47.51
47.46
48.47
50.98
51.21
51.17
52.22
50.74
51.06
52.85
54.69
56.77
56.68
58.03
60.12
61.83
64.05
65.29
61.61
61.65
60.81
62.37
65.55
64.33
65.69
68.42
68.73
70.10
70.20
72.10
72.40
73.20
73.00
74.50
75.30
76.30
77.90
79.30
80.80
81.80
83.20
83.20
81.80
80.20
79.70
79.20
77.00
76.50
77.40
80.30
82.00
82.30
82.60
84.70
85.10
86.60
85.40
89.50
91.20
90.80
90.60
90.40
91.20
92.40
92.90
94.10
94.40
94.90
94.70
93.50
90.60
89.30
89.80
91.30
93.40
92.40
91.00
88.90
88.10
86.60
85.40
83.80
80.50
78.00
76.30
74.20
74.10
72.70
70.70
66.84
64.44
62.86
60.63
56.55
54.45
55.36
55.50
54.29
52.57
53.53
48.65
46.90
42.51
40.39
39.52
38.41
37.57
33.09
32.42
33.21
34.01
34.52
37.15
40.30
41.98
45.41
39.09
39.10
39.17
38.00
38.54
36.50
35.48
39.71
39.04
37.61
36.22
37.72
32.67
32.52
32.44
31.36
35.46
39.81
39.85
42.91
44.29
48.10
54.05
57.13
61.53
66.26
69.05
71.60
71.80
71.00
73.10
75.10
76.50
78.00
79.40
75.20
82.80
81.30
75.40
71.70
70.90
70.60
70.40
70.60
71.20
71.30
72.60
69.89
69.76
70.10
71.40
71.90
72.50
72.00
71.80
70.70
70.30
67.47
64.71
62.51
58.76
58.55
58.02
58.99
58.96
56.29
55.23
52.12
50.17
49.08
45.25
41.37
40.45
40.31
39.88
36.76
34.12
30.35
29.35
28.32
27.72
27.34
27.86
27.94
27.61
28.29
28.07
29.38
29.11
29.23
30.10
31.69
32.91
33.68
34.43
34.39
32.97
33.37
33.75
35.53
37.90
36.52
35.29
34.92
34.12
34.59
36.27
34.08
34.28
37.27
42.84
41.19
40.89
41.43
41.18
42.03
42.29
44.79
45.91
45.72
47.20
47.39
47.93
49.46
54.79
56.98
59.21
62.71
66.10
65.79
66.02
66.84
66.63
67.17
68.93
71.00
73.70
77.00
76.30
73.20
72.10
72.30
71.70
68.58
68.71
70.10
71.90
72.10
72.50
69.65
70.60
68.84
69.40
69.90
70.90
71.20
69.96
67.79
64.77
61.04
56.99
56.72
54.32
54.16
54.69
54.74
53.97
51.79
52.16
52.18
50.89
49.69
47.85
44.11
44.93
43.08
44.08
42.30
39.50
39.54
39.73
39.12
38.90
39.28
39.44
40.91
41.36
42.45
43.40
45.40
46.72
46.52
49.47
51.34
53.25
54.47
53.64
53.10
56.64
58.04
54.37
52.53
54.56
58.18
61.10
61.66
62.53
63.20
60.85
61.89
62.24
62.06
62.61
61.06
61.54
61.13
63.37
64.92
66.42
68.85
70.70
70.70
71.60
73.60
76.00
77.50
79.70
79.10
77.20
75.60
72.30
72.70
74.90
68.95
64.26
68.56
62.61
67.72
66.88
71.70
69.02
57.41
61.45
76.90
80.80
83.30
83.80
82.10
80.30
78.90
77.60
74.90
72.00
71.30
70.00
68.31
65.89
63.28
61.02
60.14
56.89
54.21
51.81
51.95
50.31
45.47
44.10
43.28
42.59
38.80
36.79
36.36
36.64
36.76
34.86
33.26
33.15
32.00
32.67
31.50
32.51
33.73
33.42
33.88
36.41
35.93
35.75
37.19
37.33
37.24
39.98
40.69
43.95
45.24
49.33
48.14
45.50
46.17
45.62
47.58
46.39
44.26
43.31
49.55
44.28
44.25
45.38
42.67
42.80
45.86
47.97
45.18
47.60
54.47
55.55
57.26
59.74
62.87
65.05
65.92
66.90
68.29
70.50
72.80
76.50
76.50
76.40
75.40
69.10
67.58
68.13
70.60
70.80
70.60
71.10
72.90
72.30
68.01
66.54
66.86
67.90
69.89
68.12
67.66
68.82
66.22
64.49
62.43
64.29
61.68
60.35
60.95
58.65
56.84
54.70
50.80
48.91
47.84
47.13
45.14
41.29
39.96
39.28
38.45
37.97
34.91
33.04
32.06
32.16
32.15
33.07
31.28
30.92
30.55
30.24
29.89
31.13
30.36
29.37
31.15
34.17
35.28
33.56
34.23
37.39
37.87
38.95
41.09
41.75
48.86
47.95
49.97
50.18
50.23
51.40
52.27
52.47
53.51
53.40
54.17
53.45
53.33
54.52
55.59
56.12
61.33
66.77
67.36
65.84
62.93
63.91
65.95
66.71
65.71
66.54
65.91
66.17
66.84
68.08
68.28
68.69
68.10
69.35
71.70
73.50
74.60
75.40
74.90
72.70
74.10
78.70
78.80
80.00
80.60
81.00
81.70
82.60
83.50
83.80
84.00
84.70
84.50
83.70
80.40
77.60
76.30
75.70
74.90
73.50
72.70
71.20
69.78
67.61
67.01
66.41
65.53
64.18
63.19
61.61
61.01
60.27
59.50
58.89
58.63
57.27
55.84
55.10
54.01
54.15
54.80
54.04
54.08
54.41
54.10
54.07
54.92
55.33
56.55
57.48
59.46
62.30
65.93
71.00
73.80
75.50
75.50
76.60
78.20
80.20
81.30
81.70
82.30
83.00
83.70
84.70
86.10
87.30
88.00
88.90
89.80
90.80
91.30
91.10
91.40
91.90
92.10
92.00
91.40
91.10
90.50
90.40
90.70
91.10
90.60
88.20
88.60
88.60
89.70
90.50
90.30
91.10
92.10
92.30
92.60
92.40
92.40
92.30
92.00
92.80
92.30
90.20
90.70
91.20
91.80
92.20
92.60
93.20
94.20
94.80
94.70
94.40
93.60
92.90
91.80
90.90
90.80
89.70
88.90
88.90
88.70
87.00
87.50
89.00
88.00
87.20
87.80
85.70
83.60
84.60
84.80
82.90
80.70
79.60
79.60
79.70
76.30
76.50
76.00
74.40
74.30
74.10
74.10
75.00
75.80
76.40
77.30
79.70
82.00
82.90
84.60
85.40
86.50
86.70
86.10
85.60
86.00
85.90
84.90
85.70
86.70
87.00
86.50
87.10
88.70
88.20
87.90
87.50
83.80
83.40
81.70
83.40
85.00
86.50
85.70
84.90
87.70
89.50
90.50
88.50
89.20
89.80
86.30
86.30
86.10
87.50
88.00
86.80
87.20
93.50
95.60
96.20
96.50
96.70
96.60
96.60
96.70
96.80
97.00
97.10
97.10
97.10
96.90
97.00
96.80
96.30
95.60
95.60
94.90
92.00
85.30
80.80
78.40
75.60
71.60
70.00
67.60
65.14
62.83
60.53
57.60
56.35
52.96
50.66
48.37
46.96
45.50
44.25
41.67
39.33
40.09
38.71
38.03
37.82
38.53
37.96
36.86
36.70
37.21
38.05
39.30
40.03
40.45
44.64
49.26
53.65
57.16
59.70
61.03
60.10
60.67
60.85
60.86
59.45
58.59
60.97
62.33
60.15
59.30
63.33
67.62
72.50
73.90
76.40
76.70
77.30
78.90
79.60
79.60
79.20