70.20
69.03
71.50
78.80
81.90
80.50
79.50
80.60
81.00
82.30
83.70
85.30
85.50
85.30
85.40
86.70
86.30
86.20
87.40
88.00
86.50
86.90
87.80
90.10
91.10
92.10
94.60
96.00
95.20
91.70
89.50
89.10
89.10
88.70
86.60
88.00
87.60
84.90
83.50
80.40
70.70
68.37
63.91
57.80
53.04
50.67
50.01
51.27
49.41
49.51
48.72
46.57
46.51
43.82
44.39
41.68
39.57
37.15
37.92
38.45
36.89
34.94
34.02
33.33
33.69
34.66
36.79
40.21
42.52
44.32
45.20
46.89
48.34
50.32
50.48
51.79
51.97
53.16
53.79
54.46
57.68
59.96
63.07
63.53
63.69
65.10
66.24
68.01
70.30
71.00
70.50
70.90
72.10
72.30
73.60
74.80
75.00
76.50
78.10
76.60
76.40
77.30
77.90
75.90
67.57
66.20
68.37
71.50
73.70
75.40
76.60
79.20
79.60
75.80
76.80
76.00
77.40
77.80
76.30
74.50
73.00
73.50
74.50
74.50
75.40
73.30
71.20
69.16
70.90
71.20
69.45
65.78
68.59
66.97
60.87
56.48
54.62
53.34
53.64
52.98
52.09
47.91
42.92
40.68
41.39
41.50
38.90
36.92
35.17
34.68
34.80
33.33
32.04
31.23
31.74
32.37
31.16
32.46
31.40
30.30
30.45
31.00
31.88
32.98
35.04
34.30
37.22
43.31
48.39
47.94
46.46
44.40
43.87
44.41
46.61
50.77
52.09
49.03
49.72
49.14
49.89
51.77
58.13
59.34
58.42
61.75
64.55
67.75
66.78
66.98
66.80
72.20
74.70
77.50
79.40
82.00
82.70
81.50
81.40
82.00
81.10
80.90
79.90
81.10
80.30
78.10
79.10
81.10
88.70
91.40
93.00
94.60
95.00
94.20
92.60
92.00
92.90
91.10
91.60
94.80
94.40
92.50
91.20
89.10
85.80
85.30
81.40
72.10
67.28
60.41
58.20
58.13
55.48
52.21
51.74
47.72
45.48
45.31
45.79
44.59
42.76
41.50
39.61
37.89
36.95
35.73
34.95
34.52
33.79
34.09
31.85
32.62
32.38
30.51
30.10
29.16
28.92
31.03
30.71
30.49
32.43
34.59
38.42
33.01
31.46
35.09
35.51
37.28
33.57
35.90
38.17
38.06
44.68
55.60
61.01
61.96
61.19
60.98
61.54
62.47
62.96
64.82
66.41
68.64
68.33
67.31
67.21
67.08
67.48
70.70
71.10
72.50
67.86
66.13
64.14
65.58
73.80
75.10
76.20
80.70
86.40
89.90
91.10
88.20
83.80
80.90
77.80
79.90
81.70
81.90
82.50
80.70
80.70
81.70
82.80
81.50
83.60
87.50
87.20
85.70
81.10
79.60
77.30
76.00
73.50
70.90
68.61
63.66
58.88
54.46
54.02
53.08
47.08
44.95
43.17
40.89
41.16
39.28
38.48
38.20
37.78
37.32
36.81
35.86
32.17
32.15
31.72
29.74
30.01
29.71
29.06
27.83
27.43
28.10
28.96
28.75
32.92
27.91
31.34
41.83
40.10
39.05
40.76
44.51
46.80
48.22
45.97
44.17
42.57
44.11
48.30
51.19
52.81
52.28
52.79
52.99
56.29
57.29
54.31
54.39
54.90
55.84
57.72
61.59
60.89
63.69
58.40
60.63
64.55
65.34
68.07
69.24
72.90
78.00
81.00
79.30
81.10
82.00
81.70
83.80
81.60
80.30
78.40
79.40
78.00
82.20
84.50
83.60
82.10
76.00
80.70
78.30
75.70
79.80
81.50
81.70
79.20
76.60
71.20
69.42
67.32
62.44
58.78
57.85
54.67
48.90
46.05
41.06
41.20
39.88
39.65
35.64
35.63
36.09
35.83
35.53
35.17
34.21
33.80
33.81
33.31
32.89
32.69
30.98
31.86
31.86
30.99
31.41
31.81
31.90
33.46
34.44
36.87
38.75
40.06
42.23
45.77
44.23
44.56
46.11
45.85
46.19
46.20
43.80
43.76
48.92
51.60
53.70
52.74
52.90
50.97
50.75
52.17
53.02
54.05
54.75
55.77
57.15
58.14
57.15
58.04
57.19
55.86
54.17
54.65
56.29
57.90
58.63
60.16
62.65
63.93
64.37
63.44
62.04
58.97
58.36
60.55
62.60
65.79
67.82
76.60
81.10
76.70
73.00
72.10
75.30
75.40
73.10
68.31
68.63
64.70
60.14
57.03
55.65
55.70
54.84
54.59
51.90
48.96
46.56
46.70
45.80
44.03
43.71
43.09
41.67
36.83
34.23
33.02
32.44
32.27
31.76
29.71
29.44
29.51
28.00
27.17
26.85
27.40
27.17
27.59
27.19
28.01
28.48
29.17
30.04
30.79
32.15
33.22
34.30
36.77
38.61
39.33
40.11
40.17
40.30
40.92
43.06
44.15
42.08
47.23
48.11
43.19
42.48
47.70
46.53
47.61
49.23
50.08
49.09
49.03
49.24
51.12
50.54
52.83
54.60
57.39
57.56
55.66
54.09
53.34
49.42
46.71
49.03
49.93
48.68
50.28
51.03
51.37
51.55
49.81
51.54
54.62
54.77
52.88
53.67
65.82
75.80
79.70
78.50
76.10
72.20
68.40
69.21
72.10
70.10
70.40
72.40
68.39
69.23
68.33
69.21
69.44
70.60
72.90
72.80
71.10
69.68
68.38
67.17
63.24
59.80
58.39
50.88
49.65
48.09
43.38
41.59
40.94
39.57
39.84
38.52
36.64
35.91
33.30
33.34
31.98
31.23
32.90
33.52
33.91
35.62
37.44
41.01
41.35
40.21
39.77
42.62
43.90
40.90
39.75
36.50
36.94
37.70
35.95
36.72
40.05
40.69
40.81
40.48
40.70
40.00
38.09
35.19
41.09
47.91
50.20
53.40
55.58
58.21
57.97
57.89
56.04
53.85
54.79
56.47
52.39
54.41
55.78
54.47
52.77
53.87
54.98
57.52
59.94
64.42
64.25
71.40
71.10
80.20
82.00
78.50
78.20
79.80
82.10
82.40
76.20
76.10
76.40
75.10
72.30
72.60
71.40
69.56
70.40
65.72
61.89
59.14
59.35
58.55
58.22
55.43
53.36
50.38
49.63
48.68
46.37
45.02
44.87
45.12
41.68
39.10
38.11
35.54
35.01
34.30
34.20
32.73
33.21
31.87
32.52
32.06
30.76
30.02
29.50
30.27
30.02
31.09
33.03
34.08
34.43
34.78
38.89
40.08
39.36
40.11
43.09
42.56
43.84
42.82
45.22
47.65
46.25
46.12
46.64
47.87
59.80
63.59
67.20
69.89
72.10
73.80
75.20
76.30
77.00
78.90
79.90
80.80
80.50
79.90
79.60
80.80
81.00
80.60
81.00
80.80
79.20
78.20
79.20
80.50
81.10
81.70
82.80
83.10
84.00
84.80
85.40
86.40
86.60
88.40
89.50
90.60
91.50
91.50
91.40
91.70
91.20
90.10
87.90
82.30
80.50
79.90
77.30
74.90
70.80
69.65
69.85
69.42
70.20
65.61
62.66
60.33
57.30
56.04
55.15
50.38
47.87
46.73
45.62
44.23
42.09
41.58
36.88
34.84
32.71
32.16
32.13
31.82
32.05
32.55
31.75
31.96
31.07
31.65
33.09
35.19
37.20
38.35
38.58
39.70
36.95
37.41
37.94
35.87
47.75
58.09
49.24
47.01
45.15
47.52
49.38
54.33
56.70
54.96
56.41
55.87
57.82
60.53
62.85
64.28
66.93
68.39
71.80
74.80
75.40
76.00
74.10
75.10
76.60
78.30
78.30
81.50
84.20
83.90
83.30
83.30
80.40
77.20
70.90
80.70
86.30
81.10
75.20
77.00
81.30
80.50
82.00
86.00
85.40
83.80
81.90
81.10
79.10
78.30
75.90
73.60
71.50
69.72
69.74
71.00
69.65
66.51
64.30
63.03
59.69
57.80
54.76
50.26
46.00
41.80
39.24
35.63
35.53
34.78
34.11
33.75
34.84
33.28
32.67
32.24
32.99
30.96
32.11
32.22
30.00
28.27
30.13
30.12
29.60
29.90
30.85
32.15
33.21
34.42
36.50
37.82
38.18
36.99
39.24
42.59
43.70
41.69
41.14
41.69
40.95
41.37
43.60
45.79
46.86
48.39
50.60
52.93
54.86
56.41
58.30
59.55
60.00
59.32
61.82
61.58
63.17
64.29
66.63
67.00
67.77
70.30
70.10
69.82
69.39
69.71
68.62
70.20
72.00
73.50
73.70
70.70
70.60
73.00
74.60
76.30
74.50
73.90
75.90
78.80
83.10
85.40
84.80
80.60
76.70
72.20
69.39
68.28
65.69
64.09
62.42
59.50
56.01
54.56
52.88
51.41
48.95
47.76
44.40
41.15
36.51
34.20
34.15
32.13
31.60
32.08
31.01
29.90
29.76
29.17
30.07
30.28
31.81
31.21
31.70
30.63
29.48
28.60
28.48
28.78
28.70
29.22
30.45
32.66
34.46
35.30
39.15
40.09
38.08
38.18
43.83
42.94
38.62
42.58
42.39
48.05
53.69
59.29
59.21
55.75
56.06
56.56
56.75
55.37
56.07
57.90
57.93
57.78
57.81
55.29
55.67
55.62
58.52
59.04
60.85
61.00
59.63
60.45
56.09
58.94
58.09
62.74
58.20
54.76
52.78
53.70
55.01
58.79
61.54
62.02
66.27
71.20
73.60
75.40
77.90
77.50
74.20
71.10
70.50
65.70
63.80
66.03
65.53
61.65
58.41
58.37
59.94
58.38
56.68
56.62
55.07
55.33
54.23
52.84
49.46
48.08
47.23
46.03
43.62
42.62
39.56
39.64
39.11
35.14
31.16
31.61
29.62
28.16
26.46
26.60
27.34
26.94
27.49
26.53
27.18
28.05
29.03
31.37
31.35
32.43
34.15
34.29
35.03
35.26
39.04
39.61
36.18
34.88
37.56
42.01
42.36
44.38
43.84
43.01
43.09
42.92
43.39
41.00
41.26
42.45
43.78
44.80
45.65
46.96
47.01
47.02
47.82
49.36
51.52
51.34
50.44
50.59
50.53
50.60
49.42
51.18
54.83
56.84
57.23
62.86
71.80
74.10
76.20
74.30
70.20
66.37
63.51
62.18
60.49
60.38
57.29
57.95
71.20
78.10
77.90
74.80
71.40
69.18
69.75
69.11
67.73
66.77
65.45
63.63
62.58
61.01
59.39
57.67
55.10
53.70
50.08
46.04
45.26
43.90
40.18
40.31
34.88
31.89
31.87
31.73
29.77
29.33
29.34
30.02
28.05
30.85
28.84
27.04
26.32
27.85
27.15
26.98
29.98
29.07
29.07
30.45
33.05
34.29
35.54
35.17
35.68
37.45
37.22
37.62
39.33
38.29
40.51
44.23
45.40
44.38
43.71
45.51
45.77
46.18
47.94
48.92
48.64
48.14
48.90
48.32
45.88
44.99
45.79
46.00
46.79
49.12
53.23
55.79
57.97
57.71
55.98
54.02
53.62
52.69
52.73
55.18
54.13
56.93
60.43
62.95
62.65
64.71
67.61
66.15
65.61
69.91
72.40
72.20
71.20
69.77
70.90
67.16
66.80
64.98
69.23
68.77
63.94
62.73
61.69
60.89
61.31
59.13
57.45
55.83
55.52
52.84
51.33
48.07
44.51
42.94
39.21
37.10
37.70
35.30
35.73
35.02
35.04
33.78
33.99
33.60
33.26
32.51
32.55
32.03
31.67
31.09
31.93
28.87
28.75
28.10
28.07
29.15
30.76
32.36
34.32
36.36
38.81
41.61
40.99
40.93
41.47
43.06
46.46
48.29
45.28
49.27
45.16
44.68
47.98
48.97
50.05
46.48
50.01
51.30
51.66
53.69
53.91
58.56
60.24
59.98
58.01
58.74
58.65
57.00
58.71
60.62
57.77
59.45
59.77
61.32
62.78
62.64
60.59
65.74
65.37
66.25
68.51
68.07
68.79
68.24
65.09
62.27
63.97
64.78
63.36
61.87
63.93
64.84
61.77
60.29
57.97
56.31
55.05
52.21
51.91
51.78
48.20
43.65
38.42
36.57
38.27
39.88
39.88
37.69
36.27
33.74
32.38
31.48
29.12
28.29
26.23
23.99
22.10
22.14
24.20
25.68
24.94
25.10
24.94
24.57
24.39
25.36
25.05
24.51
25.18
23.71
23.24
24.97
25.25
26.39
27.14
27.83
28.74
30.83
32.83
34.91
35.17
35.39
35.77
36.62
34.90
37.27
39.10
39.10
38.98
39.68
41.04
42.96
43.84
45.56
48.49
51.49
50.34
47.70
58.40
57.01
54.35
52.80
51.91
53.66
53.34
50.61
46.22
43.22
44.08
47.14
48.84
51.15
53.89
55.39
55.81
58.07
60.27
62.33
64.11
66.82
69.78
73.80
75.90
74.70
72.50
72.00
71.10
70.10
69.10
66.69
65.87
66.89
68.31
70.00
69.79
65.51
64.67
65.15
62.72
58.00
54.55
52.19
52.22
52.18
50.38
49.42
45.73
44.00
41.37
40.31
38.49
37.18
33.83
32.32
31.92
32.42
32.24
31.65
30.73
31.42
31.45
31.55
31.41
31.29
30.32
30.93
30.21
32.48
33.49
35.36
36.75
39.47
40.52
40.95
40.23
40.13
40.97
41.13
41.63
44.29
50.97
53.90
53.63
54.22
53.67
55.81
57.08
56.85
57.22
58.81
58.68
59.18
60.65
61.67
60.27
62.60
64.96
65.84
66.84
70.60
73.10
72.30
70.10
68.32
69.88
72.90
75.70
76.80
77.70
77.20
78.30
78.40
80.40
82.60
83.50
84.90
85.90
87.30
83.10
77.90
79.20
78.90
76.90
74.20
72.10
70.50
67.89
67.81
68.18
68.11
66.96
64.07
61.19
59.30
55.80
50.05
47.74
45.18
44.12
42.28
40.25
38.95
35.17
33.70
32.96
33.01
33.81
33.36
33.07
33.39
30.19
30.92
30.25
31.27
30.46
30.63
30.58
30.88
30.05
30.54
30.79
30.56
31.61
32.81
32.99
33.94
35.36
38.53
39.02
37.77
40.49
43.60
43.46
43.93
46.67
47.69
47.47
45.69
46.13
47.85
47.32
44.86
46.46
48.69
47.04
48.43
47.10
50.31
50.08
50.37
47.49
51.42
52.16
49.53
46.79
48.84
51.85
51.40
53.07
55.76
60.21
62.88
66.20
69.77
68.60
64.94
65.01
65.08
64.21
70.90
78.30
74.10
76.30
76.90
78.40
79.40
80.30
81.80
82.80
86.10
85.40
83.70
80.50
74.70
72.30
67.37
61.74
63.68
62.24
61.14
60.84
55.22
53.71
52.15
49.80
49.38
46.38
45.38
42.35
40.95
39.22
34.94
33.50
30.06
30.28
27.66
25.77
24.37
24.81
24.76
26.15
24.96
24.03
24.12
23.35
22.26
23.15
23.73
24.75
26.94
26.08
25.07
27.47
29.42
30.99
31.24
33.45
35.57
35.05
34.04
34.49
37.98
44.05
44.05
40.71
40.47
41.18
51.77
52.72
47.72
48.88
54.15
54.64
50.55
51.32
55.19
58.35
60.68
63.38
63.82
62.66
62.16
61.11
60.79
60.62
63.63
65.56
65.44
66.23
65.92
68.28
71.20
71.30
73.00
76.90
78.60
78.70
78.20
77.50
80.40
80.00
79.20
78.60
77.00
81.30
80.10
77.20
73.50
76.00
78.30
77.10
74.50
71.50
68.82
64.53
59.95
56.76
55.65
53.32
51.80
50.31
48.70
46.36
44.55
42.90
42.10
40.83
40.07
36.97
34.83
33.36
32.73
32.01
31.37
30.74
30.45
30.54
30.31
29.76
29.56
29.91
30.42
30.55
31.17
32.30
33.70
35.03
36.62
39.40
42.77
45.66
47.32
47.34
48.15
50.18
50.52
47.33
46.01
45.42
46.85
47.84
45.50
46.02
48.84
47.54
46.79
48.12
50.49
50.76
50.79
51.05
50.44
51.58
53.10
53.82
53.42
51.58
50.87
52.76
54.59
60.93
68.71
72.70
74.10
73.70
72.60
73.20
72.50
71.70
71.20
73.20
74.80
76.60
76.30
77.40
75.30
76.20
76.40
76.00
74.80
74.90
77.30
77.20
74.60
71.60
67.99
64.82
62.02
60.41
57.22
60.27
59.54
54.66
51.91
51.69
48.46
47.94
44.14
41.87
40.27
39.23
38.15
37.13
35.43
33.78
33.71
32.31
31.87
30.62
30.36
29.27
28.66
28.75
29.05
29.77
30.40
29.54
29.28
29.31
30.88
32.90
34.53
36.59
37.62
35.94
37.57
40.06
40.53
40.41
40.76
39.43
39.51
38.66
39.54
44.12
46.67
47.38
48.64
52.08
53.18
52.26
52.04
53.66
53.88
57.77
61.03
62.60
63.78
65.11
63.56
62.56
60.84
58.16
57.25
57.33
57.82
56.93
55.94
55.97
56.74
59.68
60.60
59.89
59.47
60.61
64.03
70.30
78.10
83.80
87.40
86.40
79.90
83.00
82.40
78.30
76.30
74.40
68.83
66.61
64.34
65.72
65.71
65.11
65.66
63.53
59.89
58.03
56.88
55.25
53.27
50.38
47.39
41.47
39.53
37.04
35.00
33.14
32.89
31.95
30.76
29.60
27.67
26.86
25.11
25.67
25.45
25.59
24.55
24.53
24.85
27.34
26.62
27.90
28.55
28.10
29.15
30.42
32.03
33.39
34.34
34.22
33.64
35.29
35.11
33.92
33.08
31.14
27.63
32.62
31.54
32.67
33.91
34.61
33.64
33.43
36.87
42.64
43.59
42.59
43.59
46.37
45.17
45.34
48.50
50.00
50.00
48.77
48.45
51.47
55.33
57.97
60.73
65.33
71.10
73.30
73.90
70.90
68.20
66.42
63.28
56.71
56.30
56.42
56.13
59.12
58.28
59.59
59.11
58.77
61.81
61.83
59.26
58.40
55.51
54.94
55.18
55.41
55.21
55.57
55.44
56.04
54.92
55.35
56.06
55.41
54.42
52.61
50.39
48.24
46.97
43.86
40.56
38.87
35.82
34.50
36.04
32.74
32.63
30.70
30.71
31.92
32.23
32.61
34.32
37.08
38.25
38.61
38.81
40.30
37.47
37.44
37.64
37.90
38.69
40.74
42.24
43.74
45.41
43.87
45.45
45.12
45.23
45.10
46.62
47.72
46.76
46.73
47.81
48.91
51.35
54.35
55.46
56.30
58.36
63.34
64.54
62.66
63.47
62.06
62.59
64.24
62.78
61.09
59.36
59.48
60.76
61.93
64.14
65.64
66.90
68.42
68.21
73.00
76.70
78.10
76.10
78.30
77.90
76.90
74.70
73.10
71.50
72.80
72.10
71.30
72.80
75.80
78.70
77.50
76.30
76.60
74.00
71.80
69.20
66.90
66.04
64.91
62.91
59.21
54.92
52.71
50.25
45.95
42.67
40.20
35.85
34.24
30.17
28.89
27.34
27.76
26.33
26.43
25.85
25.91
24.89
24.92
25.63
25.58
25.96
25.25
25.67
24.73
26.05
26.16
26.74
28.80
28.49
29.32
30.09
30.67
31.04
31.30
29.59
29.45
33.40
41.83
40.35
38.95
37.26
37.31
38.39
38.67
37.80
39.65
38.35
40.11
42.67
47.28
50.60
53.20
54.84
56.60
54.61
56.13
58.05
59.05
60.46
59.36
59.16
55.78
54.52
54.51
55.61
58.26
58.46
61.08
65.02
65.86
64.68
64.96
67.33
67.79
72.70
75.80
80.40
85.20
87.20
84.60
84.10
83.00
79.80
79.10
73.40
69.94
69.07
67.78
63.43
63.88
63.01
60.41
60.30
62.04
57.04
56.14
54.08
52.58
49.90
47.75
43.04
41.23
40.02
35.16
33.76
32.85
33.80
30.89
29.54
29.23
28.76
26.99
26.32
25.65
26.15
25.71
25.03
24.75
25.12
26.90
25.24
24.13
24.69
26.80
26.60
26.91
28.36
29.79
31.94
34.22
35.66
36.89
38.82
38.24
37.50
41.19
42.73
45.63
48.04
48.27
47.85
47.80
50.83
52.60
54.31
57.51
63.86
68.86
73.00
76.70
80.10
83.20
86.10
88.60
90.70
92.30
93.80
94.80
95.50
96.00
96.30
96.70
96.40
96.10
96.30
96.90
97.20
96.80
96.60
96.30
96.20
95.90
96.00
95.90
95.70
95.70
95.70
95.40
95.20
94.50
94.40
94.50
94.40
94.60
94.20
93.60
93.30
92.20
91.30
90.90
91.10
89.40
87.00
83.80
80.60
80.90
75.60
73.50
72.70
73.60
70.40
71.20
68.26
69.44
68.59
67.54
65.32
65.23
63.60
62.72
61.70
60.30
60.28
59.99
59.32
58.60
58.72
59.08
59.46
59.82
60.74
61.63
62.79
64.18
65.95
68.05
69.76
71.80
73.00
74.40
75.00
76.10
77.40
78.60
80.40
81.90
82.60
83.20
83.80
82.90
82.60
83.40
85.40
86.60
87.10
87.30
87.50
89.30
91.10
92.40
93.70
94.30
96.60
96.90
97.30
97.60
97.70
97.70
97.70
97.90
98.10
98.10
98.10
98.40
98.70
98.80
98.80
98.70
98.50
98.30
98.50
98.50
98.60
98.70
98.80
99.00
99.20
99.30
99.40
99.40
99.50
99.50
99.50
99.40
99.00
98.20
95.10
88.20
83.90
79.10
73.90
73.50
71.20
69.03
68.86
67.54
66.24
64.93
63.60
61.49
58.92
58.42
54.79
54.11
53.31
50.27
47.53
45.36
43.39
40.10
39.12
37.21
38.18
37.00
36.55
36.62
36.24
37.15
38.95
42.74
46.21
48.10
51.55
51.36
50.95
52.28
50.16
52.19
49.02
50.00
56.77
58.41
57.33
51.66
52.44
55.69
58.31
59.92
60.98
62.45
61.15
64.51
67.46
69.95
76.30
80.00
81.40
81.60
82.40
82.40
81.70
80.60
78.30
74.30
72.30
74.50
76.30
79.10
80.60
82.60
81.70
78.80
78.70
79.40
78.70
77.80
76.80
76.20
80.50
90.90
95.50
96.50
95.80
94.70
93.20
91.90
88.30
84.40
80.40
81.30
78.90
75.20
70.90
69.52
69.23
64.30
62.20
58.96
52.18
49.19
46.21
42.38
39.88
35.73
33.96
33.78
33.18
29.17
26.52
26.39
23.90
19.69
19.45
20.25
19.10
19.05
18.99
18.86
19.00
20.35
20.78
19.78
21.22
22.98
24.18
23.93
24.75
26.03
28.99
27.93
25.64
25.27
23.61
22.81
22.35
34.96
50.74
36.84
28.72
29.93
32.66
36.37
36.91
40.24
42.43
41.11
41.15
42.87
44.91
45.90
49.49
55.87
58.49
56.36
52.33
52.56
54.61
54.37
53.37
53.94
53.67
54.84
56.65
65.16
72.70
76.00
76.10
77.10
78.50
78.20
77.90
76.80
76.70
76.30
76.40
73.00
72.60
70.40
67.54
71.30
72.90
70.60
69.84
65.46
62.26
60.86
61.35
59.06
58.00
56.58
54.93
51.34
43.32
39.26
41.61
37.02
34.72
33.87
35.19
33.43
32.22
32.90
31.22
30.12
27.98
26.75
22.55
22.80
22.17
22.92
21.76
21.93
22.65
22.33
21.56
22.84
22.76
23.02
24.07
23.89
26.04
26.91
26.96
27.11
27.67
28.15
27.65
27.31
27.74
27.98
28.67
33.56
32.72
31.62
30.83
31.27
31.23
31.68
31.94
29.53
29.27
29.59
29.46
28.83
29.61
30.87
31.72
32.71
33.98
35.72
37.27
36.89
34.90
34.07
33.12
32.76
32.53
34.37
43.93
54.38
55.01
55.27
57.27
58.89
58.90
57.47
55.99
54.68
55.21
56.66
57.66
53.54
51.39
51.22
52.16
50.14
48.90
48.12
47.54
47.09
47.10
47.40
47.90
45.94
47.18
48.19
47.51
45.68
45.39
43.15
42.33
40.82
39.49
41.37
38.58
38.64
37.30
38.66
35.80
34.40
33.51
32.96
32.81
32.57
31.73
31.79
29.15
27.11
26.59
27.19
24.49
26.02
25.23
24.93
24.27
26.39
28.23
29.00
29.72
30.18
29.63
29.89
29.63
31.50
31.35
32.14
32.59
34.59
35.38
36.24
38.93
40.78
42.68
44.09
40.22
42.78
44.58
50.27
49.44
49.82
46.91
43.48
43.94
43.73
41.35
38.77
35.57
36.90
37.99
40.95
45.51
48.04
51.01
54.65
55.64
58.29
58.84
59.67
60.69
61.32
63.09
67.02
71.10
74.30
76.30
76.40
80.70
83.00
84.90
81.70
76.20
62.48
58.19
59.87
59.61
61.29
62.79
60.84
58.56
60.68
60.98
57.66
54.86
51.32
49.70
48.36
46.87
44.58
45.20
42.15
36.70
36.41
34.62
33.16
31.39
31.46
30.91
30.64
30.35
28.10
27.04
26.19
25.29
24.51
24.37
23.15
22.90
24.98
24.35
25.64
26.81
27.73
29.13
29.96
29.84
28.50
32.49
36.10
38.68
38.81
37.77
37.76
37.19
36.35
34.83
34.62
36.62
38.01
34.16
34.04
34.93
42.41
40.63
36.51
34.82
46.25
52.62
51.60
49.87
54.12
57.52
59.17
61.41
61.73
58.20
54.95
52.63
48.77
49.85
50.73
50.30
50.06
50.68
54.14
70.20
75.50
72.60
70.20
71.30
66.70
62.90
62.30
61.81
62.01
59.73
58.71
58.31
59.40
58.85
59.24
59.94
61.25
60.83
56.97
55.99
57.25
59.06
57.87
51.26
49.75
44.88
42.00
40.14
37.62
35.74
32.14
29.44
27.46
26.55
26.17
25.49
24.94
25.18
25.54
24.06
23.84
23.93
23.08
23.05
23.24
22.67
23.13
21.81
22.85
22.37
22.97
23.94
25.33
27.38
29.01
29.64
30.54
33.09
35.86
35.90
33.53
32.75
32.50
33.68
32.75
31.29
32.22
32.68
32.27
33.92
35.92
40.02
40.58
45.18
55.04
47.13
43.11
43.44
48.93
48.66
50.41
52.65