69.94
71.70
72.20
71.00
71.80
73.10
74.10
74.80
77.80
80.80
79.70
79.50
79.60
81.60
88.80
92.30
87.90
88.60
89.70
90.20
89.90
88.40
87.50
86.40
87.60
90.30
91.70
90.60
88.70
87.30
83.60
81.00
78.40
74.00
69.47
65.54
63.56
60.88
59.35
56.46
55.58
51.52
46.18
42.68
39.01
39.30
39.47
36.56
34.94
32.17
29.96
28.03
27.29
26.64
26.62
25.91
26.01
27.00
25.93
25.30
24.36
23.86
22.81
24.05
26.83
27.70
29.22
31.19
30.11
28.20
25.98
27.85
27.18
24.95
25.12
25.89
25.40
24.85
24.91
25.74
28.33
30.08
32.41
33.35
35.15
36.23
37.19
37.50
37.72
38.44
39.67
40.76
42.68
43.07
41.70
41.74
45.48
47.53
49.35
48.27
47.83
46.19
45.43
47.25
49.90
49.97
46.94
46.78
48.91
50.09
48.51
47.83
54.02
61.67
64.57
63.38
71.30
73.40
67.28
63.62
64.88
63.57
59.46
54.71
56.54
56.04
56.62
53.33
56.94
54.83
52.60
47.20
39.89
36.25
35.62
35.57
32.80
30.70
29.15
26.26
26.01
23.60
22.55
21.89
20.22
19.00
18.11
16.74
16.96
16.92
17.03
18.15
18.76
17.61
16.30
16.96
15.99
16.57
16.89
17.61
17.32
18.53
18.23
19.79
20.93
21.46
21.83
22.47
22.10
21.76
21.23
21.37
21.63
21.20
23.13
22.85
22.49
22.23
22.54
23.34
22.31
22.68
23.76
31.36
36.66
36.55
35.42
35.32
36.66
36.31
36.30
41.89
48.11
49.52
47.90
46.00
46.95
47.75
46.56
44.59
41.77
41.47
42.83
44.64
48.27
51.27
49.52
44.22
41.63
43.14
44.08
43.73
42.08
43.08
44.65
45.95
46.67
48.50
48.69
46.58
46.54
45.08
49.38
53.15
53.37
50.10
46.36
44.13
41.84
40.39
39.18
33.72
32.65
31.37
30.29
29.22
27.02
26.90
25.45
24.37
23.82
23.15
20.88
20.69
21.13
21.73
21.68
21.20
20.61
20.30
20.28
19.76
20.08
19.96
19.81
20.24
20.67
21.32
22.24
22.95
23.99
23.91
24.42
24.39
25.52
25.15
25.25
30.09
29.85
29.34
28.22
26.75
25.63
24.54
25.12
26.73
34.42
40.67
36.07
34.06
35.12
35.56
37.23
38.47
38.93
40.55
41.78
42.97
44.20
44.42
44.24
48.04
51.50
54.52
55.59
55.81
54.36
51.07
50.25
50.05
48.60
49.79
48.74
50.21
48.44
44.37
44.80
44.42
46.97
49.23
52.41
56.22
56.15
53.52
51.61
57.27
57.36
53.60
54.16
50.10
48.74
49.80
52.80
49.98
47.94
44.54
40.11
37.07
36.67
29.24
27.46
26.47
26.00
25.48
24.77
24.07
23.60
23.16
22.95
22.71
21.79
21.55
21.72
21.59
21.14
21.82
21.35
20.93
21.42
22.13
21.39
21.93
23.96
21.12
20.32
19.32
18.78
24.45
25.12
21.92
22.11
23.27
26.93
29.23
39.13
46.67
45.74
48.15
50.33
50.86
53.00
58.43
65.17
68.54
69.83
70.10
68.25
67.31
67.70
66.54
65.48
64.31
64.50
64.89
65.18
64.52
62.33
61.38
61.68
62.49
63.47
64.35
65.14
68.44
77.30
80.30
80.50
80.20
78.60
74.00
73.90
71.90
71.40
72.00
75.50
75.40
81.60
84.10
78.90
76.90
75.30
75.60
74.20
75.00
71.70
66.19
63.68
60.17
57.21
55.87
54.98
54.19
52.93
53.63
52.52
52.41
51.85
51.47
48.66
49.00
46.72
47.09
46.30
46.05
45.67
44.36
44.28
47.89
47.92
47.85
47.76
47.54
47.15
46.93
47.20
47.85
48.00
48.74
48.76
49.17
50.96
52.14
53.27
53.94
56.51
58.16
59.22
60.55
61.84
62.66
62.95
62.38
63.34
64.11
64.93
65.43
65.56
65.49
64.61
63.31
63.00
63.26
64.10
64.92
65.93
66.81
67.59
68.19
69.15
69.89
70.40
70.40
69.85
69.37
67.17
65.69
65.29
62.64
59.11
57.71
56.74
56.46
56.26
57.13
58.47
59.33
60.16
61.00
60.26
59.46
59.18
59.51
60.13
60.55
60.75
60.46
61.31
61.81
61.07
61.14
61.94
61.81
60.44
63.34
71.10
75.50
74.30
73.80
71.20
66.26
71.10
69.62
67.50
67.65
68.21
70.20
70.70
71.40
71.30
70.90
69.07
70.70
71.40
72.10
72.30
73.00
73.20
71.70
70.70
70.30
69.12
68.90
70.10
70.10
69.58
70.20
71.60
72.00
72.20
73.10
74.70
75.40
76.30
77.60
78.60
79.90
81.00
82.60
83.60
82.50
82.30
82.50
83.00
83.40
84.10
85.00
84.80
85.30
85.80
86.00
87.40
88.90
89.60
90.40
90.80
90.90
91.30
91.30
91.40
91.50
92.00
92.60
92.30
93.20
93.90
94.80
95.40
95.80
96.00
96.20
96.30
96.50
96.80
97.10
97.20
96.50
96.60
96.70
96.60
96.90
97.20
97.20
97.00
96.00
94.30
89.80
82.80
77.40
74.30
72.60
69.83
67.12
65.33
63.38
61.74
60.40
60.20
59.03
57.88
58.01
56.39
55.02
53.71
52.64
53.13
52.92
50.74
50.76
49.03
46.86
46.91
45.47
45.37
45.10
44.72
44.31
43.71
44.28
44.58
45.15
45.33
45.35
46.39
49.32
51.70
53.73
55.70
57.26
59.12
60.47
62.05
64.02
65.99
66.99
67.80
69.14
70.20
71.30
71.80
72.10
71.60
70.70
69.97
69.29
69.15
68.37
68.10
68.71
68.67
68.36
68.54
70.50
70.00
69.07
69.46
71.10
71.10
71.60
72.10
73.10
74.00
75.50
75.40
76.20
78.10
78.80
79.60
80.60
82.00
82.30
82.40
81.90
83.30
82.60
83.60
85.50
88.10
89.40
89.80
88.70
88.30
84.30
77.70
72.80
69.63
65.51
59.42
57.12
54.25
53.92
52.12
50.79
48.75
48.23
45.21
46.10
46.46
45.31
45.22
44.65
43.49
42.64
41.83
41.45
40.60
41.19
39.21
38.10
38.59
37.72
37.52
37.89
37.69
38.06
37.03
38.52
38.99
39.59
40.56
41.82
43.33
44.66
45.94
47.55
49.51
50.97
52.41
54.35
56.11
57.40
58.55
59.42
59.93
60.79
62.18
63.88
64.43
65.31
66.72
67.83
68.72
69.96
70.80
70.50
71.80
72.30
73.00
72.20
71.30
72.00
72.40
72.90
74.30
75.10
73.50
79.30
84.80
85.10
84.80
87.90
89.90
90.00
89.30
88.20
87.00
87.50
87.90
86.80
86.10
86.60
87.60
87.70
88.90
89.10
88.30
85.20
83.00
81.10
78.80
76.70
74.50
72.60
69.45
65.08
62.28
61.04
58.47
56.36
55.55
52.48
51.54
50.95
46.27
46.44
45.01
44.82
42.66
39.89
37.41
35.97
35.10
33.91
32.88
30.57
30.58
28.71
27.61
27.42
27.24
27.51
27.81
27.53
28.04
29.52
30.90
31.43
31.84
32.02
31.91
33.33
35.14
37.27
36.50
38.27
39.11
40.69
43.92
46.22
46.19
45.63
46.59
48.37
49.39
50.58
51.20
52.62
52.87
53.38
55.75
56.42
56.62
58.00
59.31
59.32
59.44
60.29
60.80
59.99
65.64
72.60
75.30
80.70
84.30
82.20
78.50
77.40
77.70
78.90
78.70
75.50
70.60
67.59
68.97
66.92
64.65
63.31
59.88
54.18
51.66
54.60
59.64
59.98
61.22
68.92
71.70
67.80
63.38
60.63
58.69
59.68
58.41
55.42
51.90
42.90
43.00
40.53
40.10
38.01
35.56
34.81
33.37
30.65
28.73
28.16
28.06
27.91
25.63
24.89
24.22
22.46
21.21
20.93
20.96
24.31
21.76
23.46
25.29
33.16
35.04
27.53
26.58
29.18
29.80
34.53
38.88
32.46
32.50
31.68
36.44
37.40
41.81
49.56
45.60
41.21
42.77
44.77
44.46
44.80
47.50
48.07
55.27
56.03
53.09
51.34
52.19
53.86
58.82
59.62
56.47
54.62
55.98
56.70
57.48
60.37
63.83
64.54
63.23
63.91
63.16
65.98
68.99
68.51
70.60
70.80
68.30
65.15
65.45
62.36
60.18
58.81
57.10
60.42
60.17
58.79
62.60
65.25
66.89
66.81
68.48
71.10
68.17
66.14
68.41
67.82
65.73
62.75
60.66
58.98
56.50
54.37
51.91
48.97
48.79
45.71
43.48
42.23
41.21
38.95
37.88
37.73
36.62
34.84
33.25
32.12
30.97
30.28
29.48
28.08
27.71
29.57
28.13
28.27
28.34
29.92
28.39
28.84
36.56
29.44
31.34
31.28
41.37
34.44
37.50
45.39
45.78
44.89
42.82
47.03
50.47
52.42
54.24
55.96
55.35
57.74
57.67
57.46
56.88
56.90
57.45
61.96
66.15
60.69
59.35
61.32
62.48
62.53
68.38
75.80
81.50
81.20
81.30
79.30
76.00
73.90
77.40
81.80
80.90
77.50
75.50
73.80
71.30
73.00
69.91
69.46
79.00
81.30
79.50
75.50
78.10
71.00
68.56
68.01
68.85
72.90
74.30
74.90
76.60
76.90
74.20
72.00
71.60
70.00
69.36
68.89
68.38
67.22
65.15
58.24
55.83
54.46
56.38
58.12
56.05
52.66
52.35
52.15
54.12
53.39
53.27
48.77
49.97
49.67
48.30
49.83
48.98
49.14
48.43
49.09
51.99
54.45
56.70
58.27
58.41
57.80
59.10
61.70
63.10
63.33
63.31
63.48
64.10
63.31
61.93
62.09
64.29
65.71
67.33
68.49
68.40
69.41
70.00
69.95
71.70
72.90
74.00
74.90
75.50
74.90
74.10
74.10
74.50
74.80
75.20
75.40
75.40
75.70
76.10
77.00
77.60
78.50
79.30
79.70
80.40
81.00
81.80
82.70
83.80
85.10
86.20
87.30
87.70
88.50
88.90
89.00
89.10
89.30
89.70
90.10
90.40
90.50
90.80
90.80
91.00
90.90
91.10
91.60
92.20
92.00
90.70
90.10
88.60
88.10
87.50
86.00
85.00
83.90
82.20
78.20
79.60
78.40
80.10
81.00
80.20
78.10
77.80
79.40
78.30
77.80
79.20
78.20
76.40
76.30
77.70
78.30
79.20
81.30
82.20
82.00
81.90
82.20
83.00
84.00
85.70
86.70
87.00
87.20
87.90
88.70
89.10
87.40
86.30
86.10
85.70
86.10
86.60
86.80
87.10
88.10
88.20
88.10
88.60
89.90
90.20
90.90
90.70
90.80
91.60
91.90
92.40
92.70
92.80
92.90
92.30
91.40
91.40
91.40
91.40
91.60
91.80
91.90
92.60
93.00
93.60
93.90
93.80
94.40
95.20
95.60
95.80
96.10
96.50
96.70
96.90
97.10
96.80
95.50
94.20
92.40
90.80
89.90
87.40
85.50
84.10
82.70
81.10
79.10
77.80
76.50
75.00
73.40
71.70
70.00
68.80
67.28
65.89
64.11
62.83
61.98
59.79
59.33
57.88
57.82
56.82
55.48
55.06
53.63
52.46
52.57
52.08
54.80
55.73
55.46
55.63
55.76
56.90
58.39
59.25
60.86
62.46
64.00
65.68
67.12
67.72
68.53
69.38
70.00
69.33
69.14
69.52
70.00
70.90
72.30
73.50
74.60
75.40
76.30
76.80
77.50
77.80
77.10
77.30
77.20
78.20
79.00
79.30
79.40
79.40
80.10
81.20
82.20
82.50
82.50
81.90
81.50
82.30
83.70
82.30
80.60
79.80
79.10
77.90
77.90
77.40
77.80
77.70
77.00
76.60
76.60
76.20
75.70
75.10
74.40
73.40
72.40
70.70
69.54
68.49
66.01
63.13
60.35
58.73
57.51
55.44
54.06
51.97
51.18
49.79
48.45
47.10
45.29
44.40
42.96
41.98
42.34
41.10
41.69
41.21
39.65
41.13
40.94
44.28
45.96
46.61
45.39
45.69
46.35
46.37
47.21
47.99
48.22
48.57
49.03
50.14
50.77
51.52
52.38
53.39
53.94
53.77
54.77
56.44
55.05
50.19
47.23
46.53
46.39
46.86
47.39
46.54
45.98
45.74
46.05
46.41
46.92
47.29
47.32
47.50
47.45
47.04
46.20
44.77
43.68
43.37
43.29
42.75
42.67
42.96
43.46
43.92
44.36
44.80
45.01
44.61
44.62
44.70
45.45
46.55
47.57
48.48
49.36
49.72
50.02
50.54
50.69
50.51
50.53
51.04
50.86
50.96
50.11
48.47
46.55
44.89
45.09
44.92
41.79
38.84
35.63
34.88
32.91
32.72
31.32
30.79
31.54
30.82
29.95
29.90
29.32
28.95
29.25
28.26
28.18
28.24
27.12
27.33
27.15
28.21
29.65
31.32
30.56
30.60
29.44
28.10
31.34
33.06
33.51
33.39
33.73
34.15
34.28
34.07
33.99
34.32
35.23
36.87
38.12
39.06
40.39
42.25
44.07
44.95
44.50
44.10
42.63
40.78
40.08
39.90
39.68
39.60
39.99
40.61
40.16
40.07
40.49
41.03
41.54
41.97
42.94
44.26
45.19
46.08
46.60
46.73
47.54
47.93
48.57
48.57
49.08
49.65
50.09
52.82
62.26
64.80
67.15
71.30
70.10
63.15
58.19
58.70
63.62
68.25
76.60
76.70
73.30
71.70
70.20
65.08
61.03
58.91
53.83
50.65
44.43
41.44
40.10
42.20
42.15
41.87
41.01
38.50
37.98
38.23
37.62
36.70
34.73
34.44
34.19
33.28
33.56
33.29
33.00
32.87
32.44
32.22
31.13
30.67
30.50
31.81
31.39
31.35
32.44
33.11
35.42
36.56
38.12
40.10
41.66
42.63
43.96
44.85
45.52
46.65
47.70
48.60
49.27
50.20
50.29
50.70
52.20
53.21
53.73
54.57
55.24
55.93
57.02
57.50
56.75
57.41
58.26
58.72
58.60
58.00
57.81
58.22
59.42
59.78
57.79
57.20
57.97
57.80
57.57
56.67
57.45
58.90
59.49
62.09
63.79
64.71
65.11
69.07
72.30
73.40
74.40
75.60
74.50
81.40
81.30
77.10
79.20
84.00
81.40
77.70
72.50
70.50
68.96
66.22
64.97
64.45
62.17
59.63
58.46
58.67
55.69
53.53
48.38
46.81
46.52
44.57
43.78
41.42
40.34
38.05
39.11
37.35
34.59
33.71
32.77
31.59
31.65
32.29
32.34
33.76
32.87
33.62
34.36
35.92
38.25
40.04
41.24
38.34
41.32
41.58
41.16
41.91
42.89
38.15
36.67
41.58
42.06
39.81
39.92
41.12
39.02
40.91
40.78
41.58
43.70
46.42
46.42
50.37
50.84
50.91
51.19
51.51
52.55
53.88
54.11
54.86
56.28
58.24
59.83
61.89
63.01
62.78
63.77
65.56
67.01
68.13
68.24
67.83
67.60
67.72
69.47
71.60
72.60
72.00
71.50
77.30
77.20
76.40
75.50
77.50
82.00
82.60
80.70
74.90
71.80
74.60
73.40
71.20
70.70
67.90
65.98
61.77
57.61
54.71
52.89
50.14
46.04
42.89
36.08
34.10
33.37
34.41
33.66
33.23
32.35
31.78
30.87
30.02
28.90
29.28
28.59
30.02
27.98
28.32
30.17
28.89
28.42
28.38
31.11
29.41
29.40
31.40
29.48
28.69
28.34
36.45
38.69
39.69
39.61
39.17
40.61
45.02
43.71
43.74
43.08
43.81
45.73
48.07
50.38
51.00
50.96
53.24
55.02
55.11
54.73
55.09
56.57
53.94
51.96
51.13
50.60
50.01
49.08
51.99
55.75
57.84
58.96
60.30
61.87
63.34
64.06
64.53
65.33
65.78
65.80
66.71
67.78
67.85
67.94
68.33
69.07
69.32
69.85
71.20
72.00
73.10
73.60
74.10
74.80
75.40
75.60
75.80
74.80
75.70
75.70
73.70
72.40
70.00
68.52
68.28
68.44
68.97
67.85
66.81
67.72
67.64
66.63
65.53
64.15
64.60
67.14
67.25
68.94
68.93
69.28
77.70
85.60
85.50
85.20
80.20
76.90
81.40
82.90
84.50
84.70
84.70
84.30
84.70
85.10
83.70
82.20
82.30
82.10
81.50
81.30
81.10
80.10
80.50
82.90
86.70
89.10
90.90
92.90
93.50
93.50
94.80
95.40
95.70
96.30
96.80
97.20
97.50
97.50
97.10
96.90
97.00
97.30
97.40
97.60
97.70
97.70
97.80
97.70
97.70
97.80
97.80
96.90
96.30
96.10
96.10
96.00
96.20
96.50
96.80
97.00
96.80
96.30
95.80
95.60
96.10
96.50
96.70
97.20
97.40
97.40
97.40
97.30
97.30
97.30
97.00
96.30
95.90
95.00
93.60
90.70
90.50
90.00
89.30
88.70
87.90
87.10
85.10
84.60
81.30
79.60
80.90
80.50
75.70
77.90
78.90
77.20
75.10
73.20
73.10
72.90
72.40
73.10
71.10
73.40
71.30
72.10
71.50
68.47
68.21
68.65
71.90
73.20
74.90
76.10
76.30
78.90
80.50
81.40
83.60
83.60
84.80
85.50
84.10
79.60
82.60
80.70
78.40
78.00
82.10
84.00
81.00
80.90
81.40
82.80
85.40
85.80
81.30
78.90
78.30
76.30
75.50
74.20
75.10
75.70
75.90
77.30
77.00
78.90
79.70
80.60
80.90
82.40
82.10
82.90
82.40
82.50
82.50
83.80
85.40
85.10
86.80
86.60
86.80
86.40
86.00
86.70
87.20
86.00
85.60
84.30
82.60
80.10
78.60
76.20
74.30
71.30
65.62
63.87
62.46
57.89
56.47
51.91
51.14
49.14
49.28
47.12
45.49
44.39
42.48
40.84
42.61
42.75
44.06
42.30
38.71
38.45
39.90
40.81
42.66
43.48
44.70
43.23
39.81
39.79
41.30
39.16
40.89
43.48
44.78
47.03
48.64
49.86
50.75
49.86
50.05
51.86
52.25
54.61
53.07
54.05
54.82
57.51
59.74
60.02
61.20
64.17
63.43
65.08
63.76
71.40
70.90
68.65
67.97
60.99
54.28
53.13
57.18
61.73
62.78
62.41
61.18
61.63
61.37
61.54
61.08
61.01
63.03
62.89
67.72
73.50
75.40
77.30
81.40
82.40
81.60
83.30
84.50
85.90
89.10
88.60
87.80
85.40
82.50
79.80
76.40
73.90
72.80
70.00
64.21
55.96
48.20
45.78
44.90
39.87
37.55
34.40
32.22
29.30
29.06
27.95
26.90
25.65
24.25
23.63
23.10
22.17
21.66
20.93
19.99
19.43
18.82
18.77
16.96
17.75
16.15
15.77
15.52
14.63
15.06
15.13
14.51
14.61
15.36
15.19
17.01
18.62
20.23
23.22
25.63
24.95
24.03
24.42
24.68
25.56
26.68
26.55
27.24
28.12
28.46
28.44
27.95
28.41
29.76
31.42
33.19
32.92
32.95
33.05
31.71
32.14
32.50
33.86
34.19
32.56
31.24
31.59
31.11
31.35
32.47
32.48
33.99
34.63
36.14
36.42
37.71
38.21
39.36
41.64
44.34
44.74
46.43
49.21
49.08
50.48
53.50
55.73
55.86
55.16
53.85
54.28
53.96
54.15
53.12
51.02
46.78
43.10
37.83
35.10
34.54
32.52
30.24
28.88
26.21
25.70
24.97
20.70
18.79
18.10
17.71
16.15
14.73
15.01
14.06
13.06
13.71
13.95
12.60
13.41
13.39
13.18
12.69
13.14
13.38
13.80
13.34
13.47
13.58
13.61
13.66
14.52
15.78
16.09
16.52
15.19
18.15
18.72
21.09
21.83
22.12
20.82
23.22
22.92
22.78
23.44
23.62
24.50
25.72
27.03
28.83
30.84
32.94
34.20
35.68
37.06
38.21
38.26
39.04
38.03
38.61
40.70
43.22
44.25
42.96
41.57
41.47
41.56
44.40
44.08
45.55
44.67
46.31
48.68
47.73
47.07
50.30
52.22
50.02
49.79
53.02
55.51
57.74
59.08
59.81
58.30
56.68
55.14
51.50
50.30
51.53
49.84
48.05
43.79
40.63
38.72
36.92
33.82
31.22
29.97
26.50
25.03
20.87
20.29
19.78
20.39
19.93
18.97
18.39
18.56
17.60
17.37
17.25
17.21
16.96
16.25
16.02
16.78
16.18
15.57
15.68
16.53
17.38
18.53
19.24
19.94
20.65
21.35
22.06
22.76
23.47
24.17
24.83
26.36
27.21
27.69
28.13
28.18
27.90
27.53
28.00
28.56
29.83
31.25
32.32
33.48
34.67
35.83
37.49
38.44
39.50
41.02
42.35
43.37
44.35
45.50
46.07
46.99
47.55
47.56
49.93
51.26
54.40
55.20
62.75
55.86
54.73
55.66
57.15
58.64
62.80
64.43
65.60
69.20
73.90
74.90
75.70
77.80
76.30
74.20
72.80
71.80
71.60
71.90
72.40
73.70
73.00
72.40
70.10
64.75
59.19
56.70
53.46
49.68
48.76
46.19
43.58
43.29
42.50
37.75
32.68
31.28
31.13
30.02
27.50
27.05
25.72
25.47
26.47
26.15
26.11
24.21
24.57
23.28
22.89
22.88
24.32
23.03
21.72
21.58
23.01
23.98
26.01
26.55
27.48
27.18
29.35
28.11
29.08
29.52
29.38
29.06
33.17
33.30
34.38
34.89
36.06
37.55
40.19
41.08
42.44
44.85
46.82
47.59
48.29
48.44
47.74
46.99
47.57
47.19
47.17
48.31
49.01
47.87
47.10
48.84
49.65
49.96
50.96
51.44
52.62
53.61
53.80
54.34
54.85
55.48
56.36
57.59
58.13
58.83
60.41
61.73
64.24
67.43
70.50
72.00
70.10
69.82
68.07
68.89
68.36
69.29
67.89
66.59
63.62
58.34
55.03
49.39
50.49
50.77
49.49
46.24
45.80
44.91
42.41
37.81
33.43
31.57
31.72
30.16
28.31
29.45
28.08
26.12
26.29
24.12
23.87
25.23
24.75
25.22
24.23
24.26
24.21
23.60
23.84
24.50
25.28
25.07
24.63
24.25
24.56
26.57
30.76
33.01
33.39
32.74
34.54
35.51
37.06
39.32
42.46
43.60
43.75
44.68
46.46
48.52
48.65
49.34
50.50
49.31
47.26
45.80
47.07
50.32
54.45
53.95
52.11
51.04
51.25
50.30
49.70
52.04
55.53
63.50
64.53
63.75
61.49
61.62
59.68
59.36
61.59
64.38
64.29
63.68
62.17
68.27
71.10
73.80
75.50
74.70
74.10
75.00
74.80
72.20
72.60
70.60
74.80
74.80
73.20
72.10
69.11
66.45
60.02
57.59
58.01
52.36
46.39
46.67
45.06
42.40
42.83
36.66
35.04
33.30
33.58
32.01
31.42
30.81
28.54
28.15
27.27
27.10
27.21
26.69
26.69
28.06
29.57
28.53
29.48
31.75
30.16
31.83
32.20
34.35
33.34
33.89
34.64
34.01
33.43
33.99
33.85
33.77
33.19
33.69
33.06
36.54
38.87
35.38
33.94
34.75
37.70
37.16
46.04
44.48
43.10
44.54
45.83
45.83
44.90
45.49
46.76
49.72
52.93
56.75
56.08
56.68
57.03
58.46
58.97
58.99
59.80
60.79
62.22
63.93
64.80
65.71
66.47
67.36
68.59
68.60
68.57
69.61
70.60
71.40
72.10
73.00
73.70
74.70
75.10
75.20
75.00
74.70
74.00
73.30
71.30
68.87
67.50
65.85
64.28
62.02
58.82
56.66
54.17
53.36
51.94
49.01
47.48
45.89
45.34
43.97
42.09
39.72
38.51
37.00
35.15
34.60
34.65
33.41
33.70
32.89
31.45
31.40
30.19
29.10
28.31
26.88
27.36
28.09
33.75
36.88
38.09
40.18
42.88
44.14
45.32
45.99
47.31
48.38
49.69
48.60
47.86
48.04
50.02
59.07
56.03
54.88
53.57
51.06
51.47
54.36
58.31
59.49
66.26
66.04
62.18
60.07
60.04
59.00
59.82
61.48
59.60
61.75
61.43
60.86
63.29
63.80
64.70
65.08
63.90
62.99
63.75
64.98
66.69
67.88
66.55
66.48
70.70
73.00
71.90
71.50
72.30
73.30
74.50
73.90
73.60
73.20
72.30
73.50
74.20
73.90
74.70
71.20
66.84
64.09
62.91
64.75
64.74
64.30
61.89
57.62
51.18
49.01
48.53
48.27
47.90
47.30
47.03
45.50
44.52
43.83
42.38
42.66
41.88
41.00
39.76
39.58
38.48
38.67
38.62
39.20
42.75
46.55
52.21
60.86
72.00
76.90
78.90
74.00
70.20
66.45
66.09
69.39
71.60
72.40
72.80
72.70
73.30
72.60
74.80
79.10
80.00
80.50
81.10
79.50
74.60
69.27
66.35
65.10
65.33
67.74
72.00
76.00
78.40
78.60
78.50
80.40