95.40
95.80
95.90
96.30
96.50
96.30
95.80
95.80
96.30
96.60
97.20
97.40
96.90
96.60
96.10
96.30
96.80
96.10
95.70
95.30
95.70
96.20
95.70
96.40
95.90
95.40
94.50
92.80
90.60
86.60
84.00
83.60
83.30
81.30
80.20
78.60
78.00
76.40
74.90
73.60
71.80
70.80
68.69
67.58
67.01
66.06
64.37
63.53
63.92
62.23
60.23
63.29
61.63
62.87
65.28
59.70
58.69
68.82
70.40
71.20
72.70
68.61
63.89
63.01
64.64
69.92
66.63
70.20
72.80
73.50
75.70
73.30
74.00
77.50
78.80
78.70
80.70
79.80
81.70
83.70
85.60
87.30
87.10
88.40
87.80
87.30
86.60
86.60
88.10
88.90
88.10
88.30
89.70
88.90
89.20
90.70
90.60
89.90
88.80
90.20
91.00
90.00
90.30
88.90
91.10
92.80
94.20
96.10
97.40
97.10
95.80
95.90
96.50
97.00
97.50
98.10
98.60
98.70
98.70
98.80
98.90
99.00
99.10
99.10
99.10
98.10
90.20
86.80
84.00
80.50
76.80
74.90
73.50
75.30
74.30
71.90
71.20
67.51
68.16
68.32
67.94
67.07
67.15
64.71
65.23
65.80
65.84
62.50
59.15
57.56
48.19
47.46
45.65
44.38
45.40
47.98
47.05
45.38
46.83
49.21
48.59
51.12
51.72
51.27
50.34
49.13
53.83
57.03
65.03
69.44
68.65
66.28
65.66
66.06
67.46
69.79
68.71
67.81
66.55
67.79
67.60
66.89
68.63
68.77
71.00
71.70
71.90
65.57
63.93
63.68
70.20
74.00
76.00
76.60
76.80
76.90
77.40
79.40
79.20
77.10
76.80
80.60
85.30
89.60
88.30
89.90
89.90
89.60
93.20
93.90
93.80
95.50
96.50
97.40
97.60
97.90
98.20
98.10
97.60
96.90
94.20
92.10
89.50
86.20
83.70
81.50
78.30
78.40
76.00
77.80
73.80
72.10
71.40
71.40
68.67
69.01
70.80
70.10
67.94
66.69
65.59
67.19
66.71
63.78
59.58
59.29
58.67
59.61
62.82
62.62
59.02
56.56
53.42
53.28
53.13
50.69
51.47
51.40
50.66
53.80
53.61
56.88
65.65
70.40
73.50
79.10
81.80
81.40
79.80
82.60
83.00
84.70
84.30
85.50
84.90
81.30
84.00
84.20
84.90
87.30
86.50
87.20
87.90
88.20
90.20
91.60
92.30
91.20
89.50
88.70
87.70
87.70
89.30
89.40
88.60
88.10
90.90
90.60
90.80
90.50
90.00
89.00
90.20
90.60
88.70
88.90
88.60
87.30
87.90
90.20
89.10
87.10
88.70
91.50
91.20
91.60
93.00
93.40
92.80
91.70
89.00
88.00
85.00
80.60
80.40
81.60
78.90
77.30
72.90
69.79
65.35
65.89
65.94
65.46
65.13
65.67
64.03
62.62
61.24
60.14
57.96
58.31
55.91
58.74
55.42
54.11
52.97
57.19
56.83
56.07
60.60
62.14
62.96
65.03
66.85
67.53
67.76
68.97
68.95
72.10
73.10
76.10
76.10
78.20
78.50
76.30
76.00
78.30
80.60
81.10
82.50
83.50
74.00
64.03
71.40
82.20
77.70
88.50
91.90
90.30
89.30
89.50
92.10
93.00
91.60
93.10
93.80
90.60
91.00
91.00
91.10
91.50
91.80
91.40
93.00
93.40
93.80
93.20
94.00
94.30
94.50
94.70
94.20
94.00
92.80
93.60
94.80
95.00
94.10
92.50
91.10
89.30
88.90
89.90
90.70
92.20
92.40
91.70
89.40
86.80
84.70
84.10
83.00
80.00
77.50
75.90
74.70
73.40
71.60
69.09
67.58
66.13
67.00
66.25
66.09
67.05
67.02
67.99
68.66
69.42
69.55
68.17
68.00
67.08
66.71
66.58
66.28
65.21
66.11
67.94
69.03
70.50
71.80
73.90
76.90
79.40
81.30
81.40
82.10
83.10
83.30
85.30
84.30
75.00
73.90
80.00
83.60
85.60
86.70
87.80
89.00
88.90
89.30
88.30
89.60
90.10
88.50
89.10
91.70
92.80
93.20
94.40
95.20
95.60
96.30
96.50
96.20
96.80
95.30
95.30
95.40
96.30
95.90
96.40
96.10
94.80
95.10
96.30
96.00
95.60
95.40
96.50
96.60
96.70
97.50
98.10
98.20
97.70
95.40
92.60
90.70
91.00
90.30
90.70
86.60
88.00
86.80
83.70
81.10
78.50
76.90
73.40
73.70
72.40
72.50
69.81
69.40
69.33
67.51
65.70
63.66
63.23
63.79
63.51
63.07
62.04
62.60
62.41
61.38
60.78
59.89
63.21
61.74
57.46
60.97
62.03
62.17
63.42
63.61
63.42
70.00
68.05
67.30
68.05
71.90
74.20
70.60
75.60
80.60
78.80
76.70
78.10
77.20
82.10
81.70
82.10
86.60
87.00
85.10
82.30
82.50
83.30
83.80
84.60
84.10
85.50
89.60
92.10
93.50
95.30
95.80
96.10
95.80
94.50
94.40
95.10
94.70
94.80
95.70
96.70
97.30
97.50
97.80
98.00
98.40
98.50
98.30
98.10
98.10
98.20
98.20
98.20
98.40
98.30
97.40
97.30
96.90
95.00
93.20
91.70
91.20
88.90
88.60
88.90
85.60
81.30
79.10
78.50
77.10
74.50
75.50
71.70
70.80
70.30
70.80
69.23
70.20
68.89
67.06
64.50
61.55
63.14
62.07
61.04
62.84
60.26
59.89
56.73
57.06
59.74
61.90
68.24
72.60
80.80
87.00
89.10
88.80
90.90
92.80
88.20
88.90
90.80
93.80
94.20
93.50
94.10
94.70
92.20
93.20
94.20
95.20
96.00
96.20
94.20
95.50
96.00
95.70
95.30
94.70
95.60
96.50
96.60
96.70
97.50
97.50
98.00
98.20
98.10
98.40
98.50
98.70
98.80
98.80
98.10
97.70
97.90
97.90
98.00
97.70
97.30
97.50
97.50
97.50
97.40
97.50
97.60
98.00
97.60
97.50
97.60
97.70
97.00
93.30
92.50
89.40
84.50
83.40
77.80
78.30
80.70
80.20
77.90
74.70
70.40
68.60
69.38
66.84
64.89
62.98
62.48
58.96
60.77
61.36
60.16
62.06
63.78
63.94
62.83
62.66
63.94
64.87
63.65
63.40
62.80
62.40
65.44
67.17
69.95
70.20
73.80
77.40
76.70
78.90
80.80
82.70
85.00
86.70
87.30
87.50
88.80
87.70
86.70
85.90
86.60
87.90
89.60
90.00
90.00
91.80
91.60
92.50
92.60
92.70
92.70
93.40
94.30
94.80
93.80
93.90
94.20
94.70
95.10
94.90
95.30
95.40
95.20
95.40
95.40
95.10
95.20
95.60
95.90
96.30
96.90
97.00
96.70
96.80
96.90
96.80
96.50
96.00
95.80
95.00
95.70
95.40
94.60
93.60
90.10
88.70
86.20
83.80
78.60
78.00
77.90
77.70
75.30
73.70
70.30
71.80
69.53
66.85
64.44
62.29
62.14
60.58
60.38
60.73
59.93
57.52
60.30
58.42
58.30
59.67
58.96
59.55
59.65
60.04
59.59
60.39
59.37
60.21
61.74
62.98
63.32
64.56
65.83
69.63
74.90
77.30
77.90
79.20
77.10
77.90
79.00
81.60
78.40
74.20
77.30
78.50
76.60
76.30
75.80
79.20
78.30
80.50
81.50
85.50
85.80
85.20
84.40
84.80
86.50
88.80
88.10
88.90
88.20
88.60
87.60
87.40
87.70
86.60
87.40
91.00
92.10
92.70
90.60
89.10
89.50
90.00
90.60
91.20
93.70
94.20
92.80
95.40
96.90
96.90
96.20
96.10
96.80
97.40
95.60
90.10
88.50
87.40
86.20
80.00
77.60
73.20
72.30
72.30
70.60
69.53
68.15
67.84
65.41
67.03
66.63
68.64
68.14
68.68
66.69
67.40
68.43
65.93
65.45
64.37
62.63
67.09
64.32
62.59
63.25
62.67
59.34
61.60
62.05
58.58
60.34
60.33
57.71
62.20
62.38
62.23
63.75
66.08
68.86
72.50
73.40
75.60
78.30
80.10
79.80
81.20
83.80
85.50
85.70
86.00
86.40
87.60
87.20
86.90
88.10
87.80
87.30
86.90
87.80
87.50
89.00
88.50
85.80
84.70
83.40
83.20
85.60
85.80
88.00
86.60
85.20
86.90
88.10
89.40
89.10
89.70
88.40
89.50
89.80
89.70
89.60
89.40
90.10
91.10
92.40
92.40
92.10
94.00
93.30
92.60
91.50
88.60
89.50
87.50
86.30
83.50
79.20
77.50
78.90
79.90
79.70
77.20
76.10
75.50
73.30
72.80
71.90
70.60
68.36
67.06
66.83
65.50
66.13
65.41
65.51
65.99
68.44
82.40
80.70
74.70
69.91
68.37
71.50
71.40
66.54
65.12
65.07
65.26
68.65
67.18
65.02
65.20
66.34
68.21
70.40
72.20
70.00
71.90
73.00
75.00
77.50
82.70
83.10
84.10
85.80
88.60
90.00
88.70
91.50
93.00
94.50
94.30
95.40
97.00
97.70
98.00
97.90
97.10
97.20
96.10
96.40
95.90
95.90
96.20
96.00
95.00
94.00
93.60
94.20
93.80
94.80
94.00
94.40
94.60
94.90
95.60
96.10
95.90
95.80
96.00
96.30
97.00
97.80
98.20
98.40
97.80
96.20
93.20
90.90
89.90
88.00
84.60
82.70
80.20
78.60
77.20
75.90
74.60
73.80
72.70
71.60
71.10
69.74
68.85
65.90
63.39
61.97
63.21
61.50
59.76
60.45
59.96
58.64
58.20
57.16
56.73
56.91
58.73
62.61
64.95
64.59
64.25
65.79
67.66
69.63
70.40
69.28
69.59
71.70
75.40
80.20
81.40
78.60
75.30
81.60
83.50
82.40
80.20
81.60
85.40
85.00
85.10
88.10
88.20
88.90
88.90
89.70
90.10
91.00
91.80
92.50
93.40
93.30
94.40
94.50
92.10
91.30
92.70
93.90
93.50
93.50
94.00
92.40
92.60
93.30
93.80
95.10
96.20
94.60
95.10
94.70
95.10
96.30
97.00
97.20
96.80
97.00
95.60
94.90
93.80
94.70
94.40
93.90
93.80
93.10
92.70
92.50
91.60
90.10
90.10
89.10
87.60
87.60
85.90
83.80
76.90
74.10
72.50
70.40
67.06
66.24
66.73
63.00
62.93
63.23
63.21
63.07
64.05
62.81
62.70
62.78
62.98
61.91
61.12
60.28
60.78
60.06
59.24
61.14
64.41
68.89
69.36
69.40
73.00
76.40
78.30
76.00
73.00
76.20
77.10
75.90
76.10
83.20
85.40
85.30
82.90
81.20
82.30
85.80
88.30
88.60
89.50
91.50
92.60
93.60
93.70
94.00
90.90
89.80
89.70
90.80
92.10
93.90
93.80
95.20
96.40
97.20
97.70
98.00
98.20
97.80
97.90
97.70
96.90
93.20
93.30
94.30
95.70
94.10
92.90
93.60
95.20
95.60
93.70
92.60
94.80
94.80
93.60
93.30
91.00
90.30
89.60
87.70
83.10
81.30
78.20
77.10
76.90
76.20
73.80
72.70
72.00
70.90
69.43
68.12
66.26
64.21
62.58
61.38
62.10
60.59
60.13
59.55
59.16
57.10
57.24
59.00
57.94
55.12
54.76
54.88
54.20
54.84
55.51
53.70
54.67
54.55
57.27
58.95
60.06
65.12
67.17
64.87
62.99
65.31
67.74
69.08
71.30
70.90
70.30
70.90
71.90
72.20
72.80
72.50
76.50
76.40
77.20
78.60
77.80
78.20
78.90
80.30
78.70
77.90
83.60
87.50
92.80
93.90
94.80
95.80
96.00
96.10
95.90
93.80
94.70
96.10
96.80
95.90
94.60
92.90
91.70
94.20
96.30
96.60
96.90
96.40
95.50
94.30
94.60
95.30
95.40
94.70
93.90
92.60
89.70
86.70
82.20
78.40
76.50
77.50
79.00
78.30
78.30
76.90
75.20
73.50
69.40
66.62
66.56
65.34
65.00
63.75
64.76
60.25
61.15
60.19
57.42
55.60
53.11
51.47
51.17
51.95
48.34
50.00
47.45
46.10
46.12
45.72
53.04
56.26
60.08
59.77
59.56
61.31
60.89
62.42
63.33
66.17
67.91
63.88
61.70
61.61
63.75
64.80
66.58
71.40
70.90
72.70
73.90
76.70
76.30
75.10
74.40
77.20
80.20
79.00
79.90
81.70
82.00
79.00
81.70
91.80
92.30
92.90
93.90
95.20
94.10
93.00
92.50
94.40
94.40
95.30
95.50
94.30
92.60
91.40
89.30
89.80
92.20
96.00
94.70
91.10
92.70
95.60
95.80
96.50
98.00
98.00
98.10
98.50
98.30
97.10
95.50
93.10
90.00
85.60
84.10
85.30
83.80
81.30
77.40
72.40
72.10
68.37
67.67
65.71
64.97
62.66
58.82
59.13
56.78
58.70
54.53
57.34
55.46
53.42
51.29
49.16
48.64
49.01
47.19
51.92
58.21
57.96
58.74
58.87
60.55
59.41
60.10
60.78
62.81
64.40
66.55
70.40
71.70
72.90
72.30
72.20
72.50
70.30
69.17
70.30
69.01
70.80
71.90
73.10
74.20
74.00
77.80
78.50
73.70
70.70
76.90
80.20
74.60
74.20
78.60
80.40
83.40
87.40
87.90
89.10
88.30
89.80
91.80
91.00
89.80
92.40
92.40
91.50
91.70
92.90
93.90
92.80
95.30
93.30
93.20
94.50
94.90
95.30
96.40
97.00
96.70
94.40
93.80
92.80
89.30
91.10
85.90
81.80
82.90
83.20
80.40
78.30
78.30
76.30
74.40
72.40
69.78
67.84
64.87
61.86
60.17
58.16
59.10
61.52
59.54
59.18
59.69
58.13
56.60
56.90
56.31
55.96
56.40
56.35
55.42
55.05
51.30
48.95
48.12
47.88
46.46
49.01
52.67
63.61
66.34
67.11
69.08
68.82
71.50
71.90
73.50
75.30
75.50
77.10
72.20
72.00
71.30
73.80
75.40
75.80
75.50
77.90
78.80
79.30
81.20
81.30
80.80
80.50
81.20
80.40
78.70
79.40
81.10
80.70
80.70
81.20
79.80
79.30
84.90
91.60
94.20
94.60
95.40
96.70
96.60
97.00
97.50
97.40
94.90
94.50
95.20
95.80
97.00
95.90
95.40
96.10
96.10
96.40
96.60
95.00
91.40
89.20
85.60
82.00
79.30
77.10
75.10
73.00
69.65
70.60
69.60
69.31
66.86
66.32
64.95
61.04
59.42
57.13
58.82
62.15
62.27
61.56
59.89
57.05
60.53
60.83
60.25
56.03
53.27
54.43
53.35
53.75
55.28
55.48
57.16
57.54
56.54
59.71
60.29
62.26
62.42
64.15
64.34
65.43
61.51
61.68
64.32
64.39
62.51
60.51
65.35
81.70
84.20
83.90
84.80
86.50
86.70
86.10
86.70
88.80
89.10
89.10
90.10
88.30
88.90
89.30
90.00
90.10
91.40
91.30
89.80
90.80
90.80
91.60
91.80
93.10
94.40
95.70
97.10
97.00
95.30
94.60
94.70
95.20
94.50
93.20
93.60
94.00
93.90
95.00
95.30
95.50
96.20
96.00
94.30
93.70
90.80
89.00
86.90
84.20
82.90
81.90
82.50
80.10
79.40
79.10
77.70
75.40
74.10
72.10
70.30
69.72
67.37
67.88
66.90
69.02
66.94
63.78
62.63
65.33
63.68
60.01
57.90
57.43
58.01
55.68
53.72
55.32
54.65
54.18
56.97
57.09
57.61
56.66
59.31
59.59
58.50
65.58
67.15
64.48
64.38
64.02
78.30
88.30
83.50
83.20
81.90
79.00
77.90
80.30
84.60
83.00
85.60
89.70
91.80
93.30
93.70
95.20
96.40
96.40
95.40
95.80
96.60
96.40
97.30
96.60
96.20
95.90
96.40
97.00
97.30
97.50
97.50
97.60
97.60
97.30
96.90
96.30
95.70
94.90
93.70
93.30
93.30
92.80
93.20
94.00
94.90
95.30
95.30
93.60
90.80
89.30
89.70
87.40
85.00
84.50
84.90
83.00
81.00
79.50
75.30
74.30
73.70
74.20
75.00
73.80
72.20
70.10
68.30
67.61
67.09
63.72
62.83
61.39
60.64
60.52
60.51
58.99
55.99
54.99
54.31
59.75
59.47
60.06
63.95
58.18
54.32
55.25
58.94
58.63
68.19
91.10
95.90
96.40
97.00
95.00
93.50
92.30
91.50
93.80
94.40
94.90
94.90
94.60
95.80
97.00
97.70
96.90
97.20
97.00
96.70
97.40
97.80
97.80
98.00
98.10
97.70
97.70
97.80
97.90
97.20
97.50
98.10
98.30
98.30
98.20
98.10
98.70
98.90
99.00
98.80
98.80
98.90
99.10
99.30
99.40
99.10
98.60
98.50
98.70
98.90
97.50
96.40
97.20
98.00
98.50
99.00
99.20
99.20
98.50
96.00
86.40
84.10
82.20
79.20
78.40
76.40
76.10
74.30
73.90
75.40
75.20
72.50
69.80
71.10
66.70
64.32
65.87
65.76
64.35
65.79
66.28
65.50
63.78
63.20
62.06
61.62
62.24
63.23
61.30
61.56
61.36
60.77
62.26
61.81
61.20
64.04
66.07
67.00
65.35
75.60
82.80
85.70
85.70
87.80
87.50
86.90
86.10
85.20
87.00
90.90
89.20
88.50
85.20
83.50
85.90
86.10
88.30
89.00
88.20
89.30
93.50
93.00
92.70
95.00
96.40
97.30
94.10
94.00
94.00
94.40
95.20
94.80
94.10
92.90
92.90
93.30
94.50
94.70
94.60
95.70
96.00
96.20
95.90
96.10
95.50
96.40
97.10
97.10
97.20
97.20
97.20
97.00
97.30
95.80
94.80
92.50
84.10
85.30
83.90
84.70
88.30
89.00
88.10
83.90
80.60
76.10
76.00
73.40
71.00
66.40
66.67
67.53
66.94
64.69
65.45
66.15
67.14
63.15
61.35
59.29
60.30
60.80
59.12
57.49
56.92
57.67
59.75
58.55
58.01
58.07
59.45
63.40
79.70
79.10
87.60
94.00
91.90
90.30
88.40
85.80
87.70
93.80
87.40
89.20
95.80
86.00
83.80
96.70
97.60
97.80
97.40
96.20
96.20
96.10
97.00
97.20
97.20
97.30
97.40
97.90
97.60
97.50
97.60
97.80
98.00
98.30
98.70
98.80
98.90
99.10
99.10
99.10
99.00
98.80
98.50
97.70
96.60
95.30
95.10
95.90
96.50
95.10
94.50
95.40
94.90
95.10
94.50
93.00
91.20
90.20
89.70
88.00
85.80
83.20
81.30
80.10
82.30
82.50
81.30
79.80
80.10
79.60
78.60
76.00
73.50
71.60
70.50
69.33
67.64
68.51
68.12
66.20
67.63
65.61
63.58
64.20
63.33
61.12
61.25
60.60
59.92
57.74
58.96
58.80
55.78
56.53
59.73
60.84
61.65
63.68
63.16
64.16
65.33
66.15
71.00
75.00
75.90
74.10
74.30
76.80
81.10
81.80
80.80
82.80
82.80
84.20
83.10
82.10
82.60
84.30
84.60
85.00
87.20
90.70
91.00
91.70
91.70
91.60
91.50
92.80
93.10
93.70
95.30
96.70
96.40
96.10
95.30
95.00
95.00
94.70
94.80
94.30
94.10
93.60
93.60
94.00
93.60
93.40
93.20
93.70
92.70
91.30
90.80
89.90
89.80
87.10
85.70
84.10
83.80
82.90
81.60
81.80
81.60
79.40
77.90
75.60
73.90
71.30
69.18
67.58
66.24
64.59
63.66
63.11
62.35
62.05
61.09
60.57
61.35
59.36
58.53
57.64
56.96
55.86
56.14
54.90
54.87
54.30
54.94
56.94
57.85
56.46
57.31
59.69
59.36
59.23
59.03
59.16
62.15
73.70
69.68
72.20
75.70
73.60
75.20
79.30
81.90
83.70
82.60
81.20
82.60
83.70
87.50
88.20
88.40
88.30
89.70
90.20
90.20
89.70
89.70
90.70
91.50
91.00
91.10
91.90
93.10
92.90
93.50
94.40
93.60
93.40
93.60
92.10
92.30
93.10
91.80
93.20
91.60
89.00
89.10
91.10
91.90
92.10
93.00
93.40
93.40
92.70
93.70
93.10
90.30
88.60
86.20
83.90
81.90
81.60
79.60
78.00
77.40
78.30
76.50
74.50
71.60
70.70
69.06
68.01
66.18
63.91
60.94
60.28
59.72
58.81
58.93
57.94
56.87
56.59
55.44
56.87
57.17
61.17
61.69
64.47
69.82
67.66
69.48
74.80
79.70
79.00
79.70
75.20
71.50
70.90
71.70
76.60
76.80
84.40
84.60
83.70
85.50
84.40
84.30
84.40
83.40
83.20
83.00
82.90
83.80
86.70
88.80
90.40
90.50
89.80
90.60
90.90
87.40
86.00
85.80
86.10
83.70
83.70
86.50
88.20
87.00
86.90
88.70
89.30
89.70
89.20
87.90
85.80
85.50
86.60
87.80
90.30
91.50
92.10
92.40
92.70
93.20
93.00
92.70
93.00
93.80
93.70
93.80
93.70
92.20
89.50
87.90
86.80
84.40
82.30
81.50
80.00
80.10
79.10
77.50
75.90
74.80
73.80
72.20
71.70
70.60
69.55
68.58
67.11
65.64
64.32
66.22
71.50
72.30
63.62
61.49
61.26
62.15
61.95
60.75
61.00
61.53
61.49
64.43
77.90
80.50
77.90
77.60
78.90
80.60
80.10
79.90
82.30
83.10
83.80
85.20
86.70
86.60
88.60
91.00
92.30
92.20
91.30
87.30
87.00
86.10
91.00
93.40
93.50
95.20
94.20
94.20
94.70
94.80
94.50
94.70
94.20
93.90
93.90
93.70
92.90
91.60
90.80
89.30
89.30
89.90
91.10
91.80
92.40
90.80
91.60
95.80
96.60
96.90
97.10
97.50
97.20
96.50
96.10
95.40
96.00
97.20
98.00
98.60
98.10
96.60
97.00
97.30
96.70
95.70
95.20
93.90
92.80
90.40
89.40
90.20
90.20
89.80
90.10
90.70
89.10
87.20
84.10
86.80
88.90
92.30
92.20
92.20
87.20
85.30
87.40
93.60
95.50
94.60
95.90
94.60
94.60
96.00
93.70
90.00
90.20
92.00
93.60
93.50
92.40
92.20
92.00
92.20
92.40
93.30
93.50
94.00
95.50
95.50
94.90
94.40
94.10
94.40
94.60
94.70
94.90
95.20
95.00
95.20
95.40
95.20
94.90
94.40
93.80
93.80
93.70
92.90
92.80
92.60
92.20
92.10
92.80
92.20
91.80
90.90
90.50
89.80
89.30
88.60
87.90
87.70
86.60
86.10
85.70
86.70
87.50
87.50
88.50
88.50
88.60
88.20
88.40
88.50
89.00
89.10
88.20
88.00
86.50
83.80
80.90
77.70
75.70
73.00
72.40
72.00
70.50
70.50
69.39
68.99
66.71
66.37
66.62
65.43
63.94
63.80
64.58
64.18
64.03
64.03
64.50
63.48
65.80
64.93
63.28
64.59
65.60
66.62
66.38
66.23
67.71
67.35
67.85
68.69
69.76
70.30
71.30
72.40
74.20
75.70
78.20
81.10
83.10
84.80
83.60
83.10
83.60
84.20
84.50
85.60
88.10
89.20
89.70
89.00
88.50
88.30
89.00
89.50
89.70
90.50
91.10
90.40
89.10
88.60
89.00
89.90
90.70
91.30
92.00
92.70
93.40
93.00
93.00
93.10
93.10
93.10
92.60
92.40
92.00
91.80
91.90
91.60
90.70
90.90
91.30
91.80
91.70
91.60
92.00
92.20
92.10
93.30
93.10
91.60
89.80
88.20
86.70
85.40
84.00
82.40
81.50
80.80
80.50
79.20
77.70
76.90
75.30
74.80
73.30
72.80
70.90
70.20
68.82
68.54
67.67
69.18
70.10
69.39
72.20
72.80
73.20
72.40
73.40
74.20
74.40
74.20
74.10
72.70
72.00
72.10
71.70
72.00
72.40
73.70
74.50
76.00
78.00
79.60
81.30
81.20
81.40
82.10
83.50
83.30
83.80
84.90
85.00
85.30
84.90
85.80
87.10
88.40
89.20
90.70
91.60
92.50
92.90
91.80
91.50
91.30
91.00
91.50
90.80
91.30
91.70
92.10
93.40
93.50
94.10
94.70
94.40
94.20
94.80
95.20
95.70
94.70
95.50
96.10
97.20
98.50
98.90
98.90
98.70
98.30
97.80
97.40
97.90
98.30
98.40
98.00
97.10
95.20
92.80
90.00
88.80
87.70
85.50
85.40
83.60
85.50
83.90
82.50
80.60
78.80
77.60
74.10
72.60
70.90
69.56
70.10
68.19
67.51
66.74
65.64
64.85
64.09
63.28
62.91
61.19
60.06
59.15
59.73
56.46
56.06
56.00
58.00
57.50
60.33
61.98
61.40
62.48
65.47
66.09
67.42
68.75
67.50
66.97
66.01
68.52
72.10
71.90
71.10
78.60
82.50
79.40
78.50
78.30
79.50
84.50
82.10
82.50
82.70
87.50
88.50
89.50
88.50
89.10
89.90