80.80
82.20
80.90
80.60
81.20
80.70
77.40
77.40
75.80
76.20
76.90
76.30
76.10
75.20
79.10
79.50
75.80
75.20
74.90
75.10
76.70
77.80
78.60
77.00
76.90
76.50
73.00
72.20
75.20
76.30
74.20
71.30
69.42
64.30
63.70
62.56
61.25
60.75
57.95
54.44
50.92
47.93
48.25
48.07
46.04
42.30
43.13
41.86
39.91
39.29
38.14
37.37
37.12
33.24
33.12
30.67
29.00
27.43
26.97
25.06
26.02
26.79
25.23
24.25
25.01
27.84
30.22
30.36
29.78
26.95
29.33
32.77
36.57
31.02
30.81
31.83
31.96
36.40
44.15
42.11
39.01
42.29
44.33
39.79
39.33
41.69
43.14
41.60
43.57
46.09
52.02
47.58
46.73
50.08
47.85
49.17
48.41
48.91
50.32
52.99
57.28
61.40
62.31
63.23
62.57
63.69
66.50
63.92
64.22
66.34
66.98
70.40
70.50
71.80
73.00
72.00
72.30
76.10
78.10
77.30
76.80
78.10
76.70
73.30
71.40
69.90
69.50
67.08
65.34
65.04
63.83
61.50
58.27
54.02
50.97
49.02
45.74
44.65
43.21
41.32
39.67
39.55
39.79
38.78
38.78
37.37
36.71
34.18
33.41
32.08
31.15
29.36
29.87
29.94
28.50
28.60
29.09
28.13
28.06
30.28
30.44
29.23
32.95
34.23
33.72
33.90
32.37
33.03
33.99
33.73
32.52
31.30
30.37
38.20
39.68
44.54
49.72
47.46
46.79
46.84
49.63
50.34
50.78
47.40
48.09
47.35
48.29
48.37
47.09
46.34
47.68
45.95
54.72
65.78
67.40
63.39
58.65
52.30
58.01
57.55
60.41
63.09
64.81
72.30
70.20
73.30
74.60
76.80
74.90
78.00
82.70
83.40
81.60
83.00
83.90
84.10
83.70
79.60
79.80
78.10
81.80
78.00
74.90
75.50
75.80
73.70
69.13
66.10
61.85
58.98
59.88
62.01
60.77
57.51
55.68
54.54
49.33
44.84
43.54
44.60
42.07
40.88
36.96
32.73
35.56
36.58
33.83
34.46
33.80
30.90
30.68
30.81
31.00
30.02
28.61
29.52
29.41
28.59
28.49
30.81
35.49
34.42
33.66
33.68
33.74
32.00
33.33
34.29
36.64
39.43
40.67
40.39
38.77
34.38
43.28
43.75
44.06
45.90
43.16
45.35
45.92
47.76
49.54
49.63
43.27
46.40
49.60
50.36
50.26
50.11
53.96
56.44
58.51
59.22
57.52
58.88
60.55
60.09
58.81
60.44
61.06
60.84
60.69
60.65
62.66
64.64
60.24
61.35
73.20
74.40
73.10
70.90
69.15
66.97
66.11
61.19
57.96
58.91
57.56
60.85
63.52
66.38
65.18
63.84
61.35
58.25
54.05
52.21
49.63
49.22
49.41
48.32
45.15
44.98
41.62
41.74
40.66
38.87
39.21
39.05
35.74
34.57
33.10
33.00
33.04
34.47
33.59
32.37
34.47
32.57
33.34
33.86
32.99
33.60
37.13
38.56
40.22
41.57
39.94
39.99
41.62
42.39
36.14
30.98
32.79
32.37
47.00
51.75
49.87
46.23
46.80
46.80
47.41
48.27
47.94
49.54
51.25
51.51
51.28
50.20
52.50
51.72
54.94
56.49
56.64
59.18
60.91
60.96
56.96
54.11
52.96
51.53
52.80
55.86
57.47
58.37
59.00
57.90
57.10
58.96
63.25
64.09
65.73
64.75
64.82
63.74
68.72
69.56
69.73
71.20
69.03
66.46
68.29
70.20
71.30
70.90
70.20
69.59
67.53
64.20
62.55
62.16
56.59
54.52
54.48
53.92
52.40
50.10
49.05
47.57
42.32
40.18
38.12
37.46
36.07
36.29
35.05
34.71
32.00
30.31
29.57
27.89
28.02
27.71
28.52
28.42
28.93
31.01
31.53
32.71
35.23
36.33
38.13
40.10
40.16
38.08
37.18
32.41
30.31
29.56
28.36
36.09
42.20
43.29
41.25
44.69
44.87
45.88
45.64
45.73
44.08
41.42
40.45
40.73
40.04
42.42
45.10
44.55
45.70
44.05
43.31
45.86
48.72
50.28
52.38
53.21
51.54
51.08
53.12
55.00
56.39
58.91
59.42
60.63
64.35
66.08
66.90
66.16
67.01
69.79
72.00
72.90
72.80
70.40
67.80
64.48
61.88
59.18
59.20
61.32
61.47
57.74
55.89
55.94
54.39
55.70
57.46
56.96
54.87
55.03
53.38
44.04
44.63
45.20
47.15
44.70
44.47
42.53
46.22
42.91
43.18
38.57
35.22
34.23
34.17
29.99
29.40
29.44
29.37
30.82
30.47
31.41
31.50
31.57
32.39
35.32
36.89
34.94
32.21
32.87
33.18
33.45
36.17
40.17
41.58
42.43
41.97
43.41
45.79
46.11
47.58
48.94
50.68
54.06
61.04
60.81
58.09
59.00
57.40
58.44
59.61
57.87
60.20
62.75
63.52
62.47
63.43
60.12
57.53
61.38
59.29
60.56
61.23
64.90
66.20
62.15
71.90
76.60
65.81
66.11
62.89
59.77
60.33
58.16
57.16
56.88
55.98
55.20
54.61
55.36
53.36
52.72
53.91
54.36
55.70
56.85
57.89
57.60
55.97
55.71
56.38
58.60
57.91
56.44
54.02
52.63
50.63
47.07
47.58
44.73
41.67
38.53
35.16
33.94
32.85
31.64
31.32
30.91
30.01
28.68
28.04
27.95
26.81
25.48
25.49
26.58
26.78
27.40
26.54
28.79
31.59
30.21
30.88
30.89
31.47
31.38
34.39
37.94
40.91
40.92
40.85
40.75
38.80
37.91
40.31
39.19
38.07
37.50
44.65
40.56
35.89
38.93
44.00
45.18
47.01
49.49
50.41
49.65
50.87
53.02
57.36
57.53
56.74
58.89
58.50
57.98
59.69
59.88
61.06
63.75
64.02
63.11
64.37
63.44
61.12
61.16
58.79
58.95
60.69
61.62
65.59
72.20
75.20
75.90
75.90
76.60
78.00
75.20
74.10
75.40
73.10
74.80
72.90
70.20
67.71
66.05
62.59
58.16
56.24
57.03
54.71
54.68
54.98
54.41
54.43
48.58
47.75
43.78
43.93
40.90
38.89
35.23
33.19
32.57
31.08
29.97
29.48
29.48
29.32
28.83
28.86
28.06
28.89
28.10
30.53
29.79
29.79
30.29
32.19
32.24
33.81
32.66
31.92
32.08
32.45
32.39
33.21
32.86
36.05
38.12
40.26
42.42
45.49
46.38
45.64
47.13
46.71
46.87
47.18
50.20
64.19
69.75
67.03
67.11
66.86
61.57
58.14
54.50
54.61
54.94
54.63
52.82
53.38
57.15
55.83
54.16
55.91
56.60
57.28
57.96
59.47
61.27
61.95
63.26
64.89
65.27
67.73
70.20
70.40
70.70
72.10
73.30
73.70
72.00
73.00
73.90
75.60
77.30
76.50
74.40
75.50
76.20
74.80
72.00
68.26
64.63
61.04
56.71
53.33
52.55
50.75
47.50
46.17
45.24
41.91
41.11
38.24
35.86
33.11
32.27
32.18
30.77
30.86
29.89
30.15
28.71
29.02
28.80
28.81
28.22
27.70
27.15
28.13
29.53
31.41
31.53
32.05
31.37
31.54
38.80
39.56
38.12
37.11
38.40
39.63
40.62
45.11
51.84
54.04
56.40
58.57
60.09
60.98
61.88
63.01
62.93
62.71
63.59
63.88
64.71
65.23
66.45
67.01
68.16
68.28
69.17
69.18
68.08
67.68
67.54
68.45
69.07
69.94
71.90
75.10
77.80
78.40
78.70
77.90
74.40
72.70
72.00
71.70
71.40
71.90
73.20
73.00
72.70
72.10
74.70
84.40
84.80
84.40
82.70
80.50
77.90
74.60
71.80
69.28
67.73
65.24
61.65
58.82
51.39
48.65
48.14
50.30
50.72
47.99
49.34
50.52
44.56
37.12
36.71
36.78
36.91
35.81
34.00
33.77
32.49
32.23
31.78
31.23
31.13
29.93
29.13
28.68
28.66
30.70
32.52
45.35
49.53
52.24
55.32
58.08
59.73
61.21
61.14
61.61
62.51
63.23
64.77
65.55
64.44
67.21
70.20
71.70
72.90
74.00
74.60
73.90
74.50
75.00
74.70
75.20
75.60
75.40
75.60
76.60
77.30
77.80
78.40
79.60
80.10
82.00
83.90
83.70
84.30
83.90
83.00
80.40
80.10
82.30
87.60
89.40
91.60
90.40
90.90
91.90
92.00
90.90
88.50
87.00
86.30
86.20
85.40
86.00
88.90
90.30
90.90
90.20
88.00
85.70
83.30
79.20
74.60
69.49
67.78
64.47
62.29
62.53
61.47
61.14
59.85
58.09
55.97
54.43
52.23
49.67
47.48
46.27
44.54
43.17
41.62
39.31
38.70
39.22
35.71
32.32
30.37
28.34
29.36
29.44
30.27
30.03
32.49
34.01
34.08
37.18
39.11
40.18
39.00
40.40
41.41
40.08
37.77
38.81
42.38
44.03
42.83
43.60
44.74
46.80
46.94
46.53
49.06
49.52
48.69
51.74
54.66
55.14
59.63
61.76
61.91
61.67
60.00
57.61
56.52
57.66
58.07
59.84
61.29
61.64
62.41
63.71
63.51
64.10
64.20
62.67
62.83
63.20
64.03
65.31
66.11
66.92
68.47
70.10
69.97
68.83
68.89
68.36
66.74
66.76
67.52
67.73
67.76
68.11
68.65
69.26
70.40
68.51
65.70
63.56
62.93
60.61
58.94
58.09
55.62
53.93
51.29
46.74
44.41
42.12
40.36
41.03
40.45
39.15
37.59
39.05
39.50
39.13
36.81
36.47
36.68
35.47
37.14
38.39
38.65
40.69
39.98
39.65
38.43
40.22
41.41
41.64
41.85
42.81
42.91
43.53
43.94
42.60
42.96
45.20
47.35
46.02
45.60
46.20
46.80
47.70
46.92
46.65
47.65
47.54
46.34
47.65
46.74
49.23
67.18
72.90
77.20
79.40
80.70
81.70
82.40
82.80
83.20
83.30
82.60
80.80
78.90
77.90
76.70
77.30
77.30
76.50
74.30
73.50
74.50
74.20
74.60
74.70
75.30
73.90
73.00
74.00
74.60
73.90
73.70
73.10
71.90
69.85
70.90
71.10
70.60
69.61
69.44
69.46
69.67
69.25
69.51
68.47
68.02
67.33
66.57
66.11
65.16
65.29
63.58
64.37
64.78
65.21
64.66
65.85
70.80
73.50
69.01
64.83
62.86
62.70
61.82
59.23
58.97
58.68
58.51
57.19
57.76
58.55
60.68
62.20
63.09
65.43
68.56
69.79
71.10
72.50
73.90
74.90
74.70
75.80
77.10
77.60
78.80
78.20
78.00
79.40
80.60
80.50
75.50
73.30
73.50
72.70
73.80
74.00
74.80
75.50
76.10
77.50
78.20
78.70
79.20
79.40
80.30
81.50
80.50
79.10
80.30
82.30
82.20
82.40
83.10
84.40
84.50
82.60
82.40
82.40
83.50
84.40
85.00
85.30
86.20
87.00
87.50
88.20
88.40
88.40
88.20
87.60
86.50
84.70
81.50
79.40
78.20
77.30
75.30
74.50
71.90
69.78
68.29
67.13
65.71
64.93
64.64
63.71
63.22
60.76
64.04
64.97
64.80
63.77
63.46
62.36
61.77
62.04
63.61
62.64
62.30
60.30
58.50
59.01
59.03
58.35
57.87
57.79
58.74
60.28
64.23
66.84
68.78
69.95
70.60
71.50
72.60
73.80
73.90
73.90
74.60
75.50
76.50
77.60
78.30
79.30
80.20
81.10
81.50
81.80
82.10
82.40
83.10
83.70
84.00
84.30
84.70
84.60
85.50
86.30
86.90
87.60
87.40
86.90
87.30
86.60
86.90
87.50
86.90
86.50
86.50
87.20
87.60
88.10
88.80
89.00
88.60
90.10
89.70
89.50
90.20
90.50
90.90
91.70
92.10
91.80
92.00
91.80
91.40
90.60
86.60
82.50
77.80
71.90
69.72
67.68
64.58
62.07
61.66
59.72
57.84
57.34
56.40
55.02
54.17
53.05
52.40
51.53
50.51
49.56
48.79
48.32
47.60
46.84
47.64
47.17
47.28
47.25
48.01
48.64
46.94
47.14
47.77
48.91
50.45
51.78
52.16
54.58
61.09
63.37
64.30
65.87
67.28
67.93
67.28
66.67
63.83
62.36
63.29
64.85
66.76
69.75
73.90
78.70
80.00
80.30
80.50
81.70
83.10
83.50
83.70
83.70
83.90
84.20
84.60
85.10
86.10
86.60
87.20
86.70
86.10
85.80
84.50
84.90
88.30
89.50
90.20
90.50
90.90
90.80
90.80
90.00
89.30
89.40
89.70
89.30
89.40
89.90
89.70
89.60
89.40
88.20
88.00
88.00
88.20
88.10
88.20
88.00
87.90
87.70
87.40
87.30
87.40
86.30
86.00
85.70
85.40
84.80
84.10
83.30
81.80
81.00
80.60
80.50
79.50
78.80
78.80
79.00
79.30
79.20
79.60
80.30
80.10
80.20
79.40
79.30
79.40
80.70
82.10
83.10
83.40
83.80
83.20
83.00
83.00
82.80
83.70
84.00
85.20
86.90
86.40
86.20
86.90
86.80
87.40
87.70
88.00
88.60
89.60
90.80
91.90
92.90
93.10
92.30
90.90
90.70
90.30
90.00
90.70
91.40
91.30
92.30
92.80
93.40
94.00
94.50
94.60
94.60
95.20
95.20
94.70
94.20
94.50
94.90
94.70
94.70
94.50
94.40
94.20
94.50
94.90
95.10
95.20
95.50
95.80
96.00
96.10
95.80
95.90
96.00
95.90
95.80
95.40
95.40
95.30
94.40
94.20
94.00
93.60
94.20
94.10
93.90
93.50
91.20
92.00
92.30
91.80
90.40
91.00
91.00
89.90
89.40
88.60
88.90
88.20
88.20
88.10
87.80
86.80
87.30
86.60
85.90
86.10
85.00
84.90
85.60
85.90
86.20
88.40
90.50
92.00
93.20
94.00
94.50
94.80
95.20
95.20
95.50
95.70
95.80
96.00
96.00
96.10
96.20
96.20
96.30
96.20
95.90
95.90
96.20
96.20
95.30
95.70
96.30
96.20
95.70
95.90
96.20
96.30
96.00
95.50
95.30
95.30
95.60
95.80
96.00
96.20
96.20
96.00
96.20
96.30
96.40
96.50
96.60
96.70
96.70
96.70
96.80
96.80
96.90
96.90
96.90
96.90
96.90
96.90
96.80
96.80
96.70
96.60
96.50
96.30
95.90
95.20
93.80
93.20
90.70
90.00
88.50
89.20
89.20
90.30
89.60
89.10
89.30
89.00
87.30
86.30
86.30
85.40
85.10
85.50
86.90
84.30
81.90
83.20
82.70
82.10
83.60
85.50
85.00
84.90
85.00
83.70
84.50
86.30
87.10
87.50
88.50
89.20
89.60
89.30
89.60
90.70
91.40
91.80
91.70
91.50
91.70
90.60
90.90
91.40
91.80
92.10
91.20
91.50
92.00
90.70
90.10
91.10
90.90
91.40
91.20
89.80
91.10
91.40
91.10
91.30
91.40
90.20
90.10
90.20
91.50
92.50
92.90
92.80
92.80
92.30
92.30
91.60
88.80
87.90
87.90
88.70
89.80
89.60
89.50
90.00
90.50
91.10
91.50
91.90
91.50
91.10
91.20
91.30
90.50
89.90
89.40
88.60
88.10
87.90
88.20
88.20
88.00
87.90
86.30
86.30
86.90
87.90
88.40
87.80
85.40
84.10
82.60
80.00
78.30
75.90
74.10
73.60
74.20
72.60
74.90
74.10
73.40
72.40
71.40
73.30
72.40
71.70
72.20
73.60
74.10
74.30
79.30
81.90
83.10
83.40
83.80
84.70
85.80
87.40
87.70
88.80
88.90
88.50
88.00
87.20
87.00
87.70
88.80
90.20
90.40
90.20
91.40
92.40
93.50
92.50
91.20
91.20
91.60
92.80
92.10
90.40
90.80
90.90
91.00
91.50
93.00
94.10
93.30
93.80
93.90
93.80
93.70
94.00
94.60
95.00
95.60
95.90
95.30
95.20
95.20
95.20
94.10
93.80
93.90
93.20
92.40
89.10
87.00
83.70
81.10
78.70
76.80
74.60
72.00
70.20
69.22
68.31
67.52
65.29
64.01
63.04
61.45
60.45
58.27
56.73
56.74
56.29
54.85
54.64
53.32
52.33
51.41
51.08
49.52
49.10
48.90
48.78
47.71
47.52
47.37
47.76
47.91
47.31
47.32
47.35
46.43
46.03
47.56
49.11
49.68
49.93
49.23
49.07
49.11
50.90
52.09
53.62
56.31
56.43
59.64
64.09
69.05
71.80
73.90
75.80
76.40
77.20
75.30
73.80
73.90
75.50
75.80
75.80
77.70
79.50
80.60
80.10
78.50
77.20
78.00
78.70
79.40
79.00
77.90
79.40
82.10
83.60
83.70
84.60
85.90
86.70
86.70
85.70
86.20
87.10
87.00
83.30
80.90
79.60
79.90
79.40
78.50
77.40
74.40
72.70
72.50
70.50
68.19
65.85
63.27
61.01
57.65
54.80
53.20
50.84
47.28
44.95
42.81
38.79
35.97
34.66
33.04
32.52
31.75
30.62
29.90
29.00
28.45
29.13
29.37
29.50
28.91
28.86
29.34
29.20
28.82
29.21
28.99
29.42
30.55
31.07
32.04
33.09
34.35
34.45
34.43
33.88
33.65
33.77
33.66
33.25
33.07
34.12
36.70
38.26
40.19
41.88
42.72
40.72
39.79
38.38
39.46
39.29
39.99
41.01
42.72
44.23
49.27
56.03
56.48
54.78
54.89
55.49
55.99
57.80
59.26
59.59
60.07
63.99
62.29
60.01
55.89
56.27
55.70
55.54
57.02
59.96
59.00
58.59
60.49
60.40
59.85
60.60
62.60
63.46
65.74
62.16
58.93
59.90
62.72
62.94
64.15
63.23
64.62
62.81
62.25
61.14
60.80
59.95
58.09
57.52
57.04
56.88
55.77
54.81
53.65
52.18
51.33
50.24
48.83
48.23
46.56
46.15
45.40
44.23
44.30
44.20
44.21
43.52
42.36
42.52
43.02
41.22
41.51
41.17
41.48
42.55
43.14
45.80
47.27
47.91
49.44
49.30
52.85
53.75
52.39
52.92
58.71
62.87
63.99
64.10
66.60
70.20
68.93
69.25
68.73
69.52
71.10
73.10
72.50
73.30
72.80
72.10
71.80
71.90
72.00
72.10
71.90
73.50
74.40
75.00
75.90
75.30
75.80
76.40
76.00
77.30
79.60
80.90
81.80
81.40
82.40
86.20
87.20
87.90
87.90
88.20
88.70
89.00
90.10
90.90
91.50
91.50
90.70
89.70
87.50
85.40
83.10
81.10
78.80
76.40
74.40
72.90
71.20
69.92
68.98
67.68
66.54
66.52
64.49
63.15
62.06
61.30
59.72
58.58
57.55
59.10
59.06
57.52
58.05
57.44
56.38
56.46
56.07
56.49
56.76
56.63
56.98
57.77
58.27
58.76
59.66
60.77
61.97
63.73
65.62
67.02
68.66
70.10
71.10
71.40
71.80
72.20
72.60
73.00
74.50
76.20
77.00
76.70
77.90
79.40
79.30
79.00
79.70
80.00
80.90
81.90
81.40
81.00
81.90
82.80
83.50
83.80
83.60
83.70
84.30
84.30
83.40
86.30
91.00
93.70
93.70
93.70
93.60
94.20
94.10
93.40
92.90
94.00
94.90
94.30
93.60
94.50
95.10
95.70
96.00
96.00
96.20
96.50
96.50
96.30
91.80
88.70
85.60
81.10
80.00
76.50
72.30
69.34
69.81
67.99
66.95
66.08
65.15
63.09
61.71
59.22
54.19
50.57
48.42
46.19
43.98
42.85
42.71
41.35
40.07
40.40
38.29
36.83
34.96
34.33
32.13
30.81
31.20
31.32
31.13
31.49
31.78
32.52
32.55
32.13
32.97
32.25
32.94
35.90
33.92
37.65
39.66
38.99
34.59
35.74
37.82
38.04
40.07
46.57
46.17
48.05
50.26
51.42
51.01
53.99
54.84
56.46
56.86
55.33
60.71
66.74
69.64
68.05
68.47
53.98
51.09
50.44
49.57
46.29
43.77
41.45
40.74
39.40
39.20
40.85
41.62
43.16
43.03
43.28
42.54
43.08
43.46
44.49
48.20
50.69
52.59
53.70
52.76
50.80
49.85
47.67
47.98
49.05
49.06
48.73
49.77
49.44
45.53
44.34
42.37
38.53
34.82
32.74
31.26
29.92
28.27
25.03
24.08
25.19
23.48
24.02
23.16
23.63
22.36
21.17
20.43
18.33
18.22
17.07
16.31
16.92
17.60
17.78
17.98
18.48
19.45
18.83
18.17
19.38
19.65
20.66
19.90
20.18
20.56
20.99
21.11
21.99
23.44
24.60
25.51
24.99
26.73
26.80
26.51
26.96
28.30
28.94
33.43
38.36
33.25
28.98
24.98
27.65
30.19
31.28
35.97
37.60
35.04
34.38
36.60
39.17
38.46
44.96
53.64
67.65
70.80
75.30
75.80
76.20
77.40
78.50
79.50
81.00
83.00
85.20
87.00
88.60
89.50
89.80
90.00
90.10
92.30
92.80
92.50
91.90
90.40
86.70
87.10
87.40
85.60
80.70
80.30
78.90
77.80
75.60
73.50
71.80
70.60
69.04
65.41
66.19
62.72
61.14
59.72
60.10
58.80
59.00
59.39
59.78
59.25
58.92
56.70
56.15
54.86
53.82
53.39
53.25
53.14
52.74
52.58
53.14
53.95
55.29
56.18
57.46
58.81
60.41
62.74
64.49
64.36
65.80
68.08
69.81
68.57
66.97
67.49
69.11
71.10
72.50
73.60
74.70
75.00
76.00
77.50
78.30
79.00
78.30
78.40
78.90
78.90
79.70
80.30
80.80
80.60
81.00
81.40
82.60
83.50
82.50
82.60
82.80
83.00
83.40
84.10
84.50
85.00
85.90
86.60
90.10
92.10
91.40
92.50
93.80
94.40
93.70
94.60
94.50
94.50
93.50
92.60
92.10
91.80
90.10
88.40
85.60
82.30
79.00
76.60
74.40
72.30
69.91
67.42
67.10
65.98
65.87
64.70
62.27
61.28
60.92
60.75
58.12
55.57
55.41
52.42
50.08
49.44
48.22
46.99
45.36
42.28
41.14
40.72
39.26
37.40
34.35
37.89
36.34
33.66
33.65
32.31
32.36
31.62
32.41
31.78
31.90
41.75
48.20
47.22
43.70
43.91
47.66
55.14
53.97
52.37
52.14
55.23
54.91
56.27
56.40
53.69
54.65
55.39
55.72
58.21
64.65
71.00
65.21
70.80
79.40
83.20
81.90
80.90
78.90
78.80
77.60
80.00
77.10
80.80
81.20
76.10
71.30
65.32
64.33
69.65
75.60
79.70
81.60
79.70
79.40
80.30
79.50
79.10
76.70
78.80
82.70
85.80
86.70
86.10
85.30
84.30
81.70
79.20
75.60
72.50
70.80
70.90
64.24
58.38
53.95
49.22
46.98
45.10
42.70
38.91
39.62
37.75
36.02
33.60
32.79
32.67
32.79
32.41
32.88
31.13
29.25
28.53
26.84
25.66
24.61
26.49
26.28
25.97
25.78
24.67
23.06
23.90
24.56
25.29
27.04
30.55
31.69
35.37
36.40
37.64
38.17
38.60
37.17
36.28
37.50
38.73
40.51
39.52
42.07
43.04
42.64
42.85
44.49
46.85
47.06
47.63
47.22
47.57
47.75
46.78
45.81
41.71
44.78
44.75
47.27
49.25
53.56
57.29
62.87
63.83
64.36
64.98
64.54
62.98
60.39
57.97
60.31
60.28
63.76
68.76
68.73
69.36
69.19
69.96
70.30
71.20
77.50
76.10
70.80
69.04
68.46
64.87
63.10
59.58
55.40
52.02
48.18
46.01
47.52
47.57
46.23
45.91
44.46
43.01
41.94
41.31
41.46
38.82
37.33
35.88
33.87
32.61
31.99
32.53
30.72
30.79
29.08
29.81
28.24
25.91
24.23
24.26
25.27
26.07
26.66
26.10
26.27
27.22
28.49
28.97
28.01
28.53
30.22
31.34
33.04
34.43
33.99
33.95
33.92
35.50
38.00
41.32
40.75
40.02
39.34
36.98
36.51
37.50
39.61
38.64
38.01
38.19
38.25
38.44
38.95
41.98
44.80
46.18
45.55
43.73
43.10
44.33
45.50
46.86
47.16
49.68
50.95
51.61
52.03
53.36
53.36
57.39
63.42
67.04
68.13
68.13
68.84
68.44
65.48
63.41
63.71
63.22
62.82
62.97
62.05
59.49
57.64
57.99
57.49
55.43
53.93
50.83
49.76
48.12
48.22
45.40
45.44
45.14
41.95
39.90
38.31
36.39
34.36
33.18
31.20
29.94
29.08
28.80
29.19
30.16
28.78
27.44
27.38
26.00
26.03
26.25
26.40
25.48
25.89
26.46
26.29
26.29
26.53
27.67
29.17
30.51
31.85
32.33
32.25
31.17
31.87
31.72
32.17
31.84
31.79
31.33
31.87
32.73
32.74
33.28
34.25
34.48
34.91
35.90
39.94
39.35
39.73
45.48
49.22
49.16
48.57
49.97
51.10
49.96
49.35
48.40
47.29
46.78
47.52
48.20
49.94
51.28
53.49
55.58
56.02
56.53
57.66
58.76
59.15
59.58
59.93
61.19
62.02
62.87
62.66
63.22
63.34
63.36
64.16
64.94
65.65
64.07
62.23
61.21
60.86
59.51
59.75
58.12
55.07
53.54
49.47
48.90
47.36
46.40
41.57
37.87
35.63
33.99
33.05
31.94
31.08
31.11
30.63
30.26
28.94
27.92
28.12
27.99
27.39
27.44
27.75
27.58
27.06
26.64
27.13
26.22
25.58
27.55
27.33
27.94
28.12
29.71
29.65
29.70
29.21
29.45
29.95
32.09
32.00
32.77
34.82
36.68
37.15
36.65
37.91
40.49
40.72
43.41
43.43
39.79
38.90
38.86
40.74
42.40
43.13
44.56
43.00
43.73
44.42