85.17
85.73
85.23
85.73
85.90
85.37
84.83
85.87
85.60
85.97
85.83
86.17
85.63
85.83
87.20
88.07
88.50
89.20
89.07
89.13
88.80
86.70
86.37
87.43
87.63
87.17
87.43
88.23
87.30
86.17
85.03
82.93
82.00
80.03
78.49
75.14
73.99
72.47
69.94
68.87
67.67
66.36
65.03
64.16
63.04
61.15
60.72
60.87
59.58
59.26
59.66
59.22
58.95
58.44
57.65
58.09
57.64
58.05
57.68
57.76
56.67
57.12
57.87
58.44
60.24
60.15
60.96
62.09
64.27
66.98
69.27
71.29
72.68
73.53
74.03
75.14
76.86
77.67
79.56
79.28
79.87
80.45
81.07
82.10
83.23
84.10
84.63
83.90
83.93
84.77
85.43
85.80
86.10
86.33
86.27
86.23
85.97
86.47
87.57
88.27
88.00
87.47
88.17
88.37
87.97
88.10
87.87
87.43
87.43
87.43
87.23
87.67
88.27
88.53
88.67
88.67
88.70
88.57
88.60
90.47
91.27
91.40
91.73
91.23
90.30
89.10
87.70
85.17
83.50
80.90
78.47
77.00
74.82
74.34
71.51
70.44
70.27
69.22
66.91
65.00
63.01
63.36
62.81
61.40
60.41
59.00
58.64
57.28
55.82
55.49
55.02
53.84
54.11
53.90
53.35
52.92
53.40
52.25
52.09
53.66
54.37
54.68
55.22
56.43
58.06
59.22
61.46
62.56
62.84
64.30
64.59
64.88
64.73
66.52
66.95
67.73
69.35
70.92
71.92
72.44
73.08
72.77
73.25
72.94
74.05
74.91
75.44
75.07
75.00
74.98
75.98
76.47
73.79
74.27
74.85
77.31
78.70
78.96
79.50
80.09
80.98
81.53
81.52
81.39
81.07
84.03
84.83
84.53
84.43
84.03
86.33
86.93
85.77
86.27
85.63
85.40
86.60
88.03
89.07
88.20
85.37
84.43
83.53
80.92
79.47
75.98
73.60
71.26
69.04
68.46
66.37
64.45
63.33
61.30
60.08
58.94
58.19
57.49
56.33
55.41
53.76
52.84
51.72
50.51
49.50
50.36
51.32
50.39
50.41
50.98
50.52
52.05
53.18
52.38
51.69
52.03
53.03
53.65
54.76
55.72
56.38
58.18
59.65
61.67
64.34
66.66
67.09
67.57
68.11
69.28
68.90
72.70
73.39
72.68
71.96
71.97
72.64
72.92
72.86
73.15
73.87
74.75
75.29
74.74
74.13
74.24
75.02
75.17
75.52
76.10
76.64
76.97
78.03
78.23
78.63
78.57
78.70
78.57
78.80
80.03
80.53
81.30
82.33
83.03
83.63
84.10
83.33
84.60
85.47
85.50
86.43
87.70
88.97
89.37
89.97
89.27
89.10
88.47
86.87
84.93
83.00
81.80
80.90
79.11
76.99
75.46
74.11
72.33
69.32
67.35
64.34
61.51
58.95
59.39
59.03
59.08
57.97
59.34
59.07
58.49
58.23
57.48
56.57
56.80
56.51
55.86
58.57
59.24
59.09
59.73
59.73
59.99
60.54
60.99
61.74
61.94
63.77
66.73
67.88
68.95
70.29
71.36
71.51
73.43
74.63
75.20
77.07
78.27
78.17
78.17
79.47
80.37
81.03
81.03
81.23
81.23
81.00
80.57
80.73
80.60
81.30
82.53
83.13
83.13
82.97
83.27
85.17
85.57
85.70
86.13
86.40
86.87
86.93
86.23
87.20
87.63
87.60
86.87
87.47
88.73
91.07
93.00
93.13
93.30
93.50
93.33
92.90
92.87
92.13
91.53
91.43
91.17
90.50
89.63
88.63
87.27
85.33
82.87
79.83
78.37
76.43
74.83
72.72
71.73
70.34
68.80
67.29
65.23
63.88
62.59
61.44
59.75
57.97
56.61
56.32
55.29
53.99
53.12
52.56
52.64
51.36
51.01
50.64
50.06
49.86
50.69
51.27
51.10
51.34
51.71
52.10
53.60
56.69
58.91
61.14
62.82
63.89
66.24
67.91
67.13
66.31
70.90
72.80
70.55
69.77
69.49
69.04
69.19
69.43
71.54
73.65
72.96
74.32
76.25
77.40
78.90
80.70
81.50
81.20
80.10
80.63
79.90
78.97
79.17
79.00
79.93
81.07
82.30
83.83
84.13
84.40
84.63
85.70
86.63
86.73
86.27
86.57
87.33
87.17
85.27
84.17
83.17
83.93
85.33
83.73
82.47
82.23
84.33
85.40
86.17
84.57
81.03
76.13
74.53
71.74
69.80
68.37
66.51
65.43
64.68
64.66
63.73
63.04
62.09
61.01
60.47
59.88
58.69
57.73
56.56
56.24
56.68
54.94
53.45
52.77
51.50
52.36
53.46
54.36
54.44
53.78
53.78
54.37
54.53
55.36
56.19
58.09
59.29
60.40
62.49
64.40
65.54
66.71
67.61
70.10
70.07
71.09
73.08
74.00
74.37
75.27
76.37
75.60
76.20
77.37
78.10
78.07
78.53
80.70
80.77
80.80
81.30
81.73
81.60
81.63
82.67
83.23
84.13
83.93
83.47
84.10
83.77
85.83
87.17
87.57
87.30
88.47
89.10
89.60
89.67
89.90
89.93
89.63
89.77
89.60
89.97
91.37
92.40
92.97
93.33
93.17
92.17
90.80
91.13
90.73
90.27
89.43
88.43
85.87
83.27
80.10
79.33
78.47
77.40
76.63
74.65
72.10
68.22
65.01
62.70
59.37
58.60
56.12
54.44
52.44
49.66
47.71
46.98
46.07
44.84
44.52
44.31
43.09
42.06
41.39
40.63
41.04
42.27
42.95
42.85
43.40
45.15
46.59
48.67
49.64
49.03
52.17
52.57
50.92
54.25
54.40
52.52
52.86
58.68
59.76
60.61
61.58
63.49
65.08
65.14
65.84
66.35
66.95
66.89
67.57
66.58
66.23
66.77
68.53
67.98
67.73
68.52
68.96
69.04
69.41
69.24
72.55
78.76
82.03
82.63
83.10
84.37
84.80
84.40
82.17
82.27
83.47
84.43
84.47
84.10
84.50
84.33
83.73
84.93
84.17
84.53
86.60
87.43
88.60
89.20
88.10
86.97
84.70
82.40
79.97
77.53
75.67
74.23
71.27
70.59
67.97
66.61
63.84
61.91
59.55
57.94
56.76
55.31
54.58
52.26
52.18
50.94
50.09
49.10
49.05
47.36
46.78
45.93
45.09
44.55
43.97
43.16
43.88
43.49
43.72
43.39
44.22
45.10
46.55
49.10
49.49
51.26
53.13
53.35
53.23
55.06
56.74
56.97
56.85
58.91
62.45
62.85
64.36
64.35
65.82
70.06
71.20
70.45
70.92
70.78
72.06
74.32
75.20
74.24
74.68
75.14
74.22
75.20
76.36
76.97
78.30
79.10
79.07
78.52
79.30
80.50
80.53
82.67
84.90
86.67
87.07
87.43
87.47
88.00
87.20
87.63
89.00
89.50
88.13
87.80
87.20
87.80
88.37
87.87
85.77
84.50
82.37
80.63
77.33
75.09
74.45
73.75
72.68
71.37
69.13
67.45
65.65
63.42
61.92
59.96
58.87
57.42
55.52
54.27
52.28
50.69
50.14
49.05
47.86
46.30
45.82
46.58
45.47
45.38
45.34
44.21
43.34
42.78
41.81
41.41
41.12
42.30
42.96
44.81
46.43
49.42
52.51
55.81
58.06
59.28
59.98
61.73
61.64
60.74
59.51
60.42
64.61
66.43
65.23
69.20
69.29
72.30
72.42
72.60
73.09
74.27
75.02
75.07
75.49
76.37
76.56
77.51
78.01
78.65
79.40
80.06
81.39
82.34
83.27
84.23
85.50
86.93
88.07
89.30
89.87
89.43
89.60
90.60
90.90
88.67
89.83
91.17
91.47
90.87
90.33
89.63
88.73
89.20
88.50
89.23
89.10
88.73
87.60
86.37
85.30
84.40
82.89
81.69
80.59
79.34
77.55
75.82
74.90
72.92
71.33
69.44
68.17
66.41
65.45
64.35
63.24
61.36
60.12
59.17
57.68
56.56
56.64
55.52
54.04
53.86
54.34
54.30
54.49
55.21
55.11
56.18
56.28
56.68
57.69
57.87
58.17
58.75
59.46
60.40
60.79
62.04
62.88
64.25
66.14
66.73
68.53
69.11
70.28
70.96
72.07
73.07
73.74
74.32
74.21
74.37
74.52
75.43
75.73
75.34
75.98
76.41
76.54
76.49
77.77
78.64
79.40
80.70
80.53
79.33
78.07
77.20
75.57
73.60
75.69
76.28
76.21
76.32
76.53
78.40
79.63
81.50
82.70
84.97
87.00
87.50
86.47
85.57
84.87
83.93
82.43
82.30
81.83
82.07
82.47
82.67
81.93
80.63
79.73
79.03
76.37
74.67
72.57
71.32
70.65
70.08
68.96
66.78
65.02
63.08
61.69
61.45
59.80
59.18
57.80
56.64
56.28
56.46
55.19
54.61
54.55
54.91
54.46
54.11
54.10
53.38
53.50
53.26
53.68
53.96
54.77
55.78
55.62
56.37
57.66
59.53
61.82
62.95
64.82
65.55
66.47
67.94
67.31
68.37
68.64
68.62
69.17
69.16
68.64
68.00
67.72
68.42
69.24
69.21
69.24
69.54
70.72
71.82
73.46
75.48
76.21
77.72
77.95
78.66
79.41
79.44
80.35
81.27
82.20
83.17
83.93
84.87
85.80
87.03
87.90
88.57
89.70
90.03
89.57
89.70
89.83
89.97
89.90
90.03
89.40
86.90
84.87
85.30
86.30
85.67
84.03
82.53
81.27
79.20
78.50
77.93
76.85
75.52
75.31
73.53
72.68
71.36
69.44
67.07
64.82
61.46
59.22
58.46
57.01
56.76
56.86
55.54
55.13
54.59
53.42
53.50
53.28
53.08
52.38
51.08
50.32
50.89
50.58
49.67
52.33
52.72
53.10
55.11
56.74
57.26
56.90
56.70
56.80
56.00
54.45
54.02
55.42
54.87
58.02
60.16
62.48
65.36
66.98
65.57
64.82
65.34
66.28
65.67
66.15
67.95
72.06
73.62
73.74
73.98
75.07
74.86
73.61
72.00
72.03
71.57
72.12
71.56
88.60
90.70
91.80
92.00
92.20
93.00
93.60
94.30
94.90
95.50
95.90
96.10
96.10
96.60
97.10
97.30
97.80
98.10
98.40
98.60
98.80
98.90
99.00
99.00
99.00
99.00
98.90
98.70
97.10
93.50
93.40
92.30
90.20
88.70
88.40
85.10
84.70
84.40
82.90
79.00
78.10
76.50
78.10
76.70
76.80
75.90
75.70
76.40
75.90
75.90
75.10
75.10
75.10
74.50
74.80
76.40
76.20
77.80
78.90
78.90
79.90
80.20
82.10
83.20
84.90
86.40
87.80
89.50
90.70
91.80
93.00
93.90
95.00
95.60
96.30
97.00
97.20
97.10
97.30
97.40
97.30
97.30
97.40
97.30
97.50
97.70
97.50
97.70
97.80
97.90
98.10
98.30
98.40
98.50
98.60
98.60
98.60
98.60
98.70
98.70
98.70
98.70
98.90
99.00
98.90
99.00
99.10
99.10
99.10
99.10
99.20
99.30
99.30
99.30
99.40
99.40
99.40
99.50
99.50
99.50
99.50
99.60
99.60
99.50
99.50
99.50
99.50
99.50
99.50
99.40
99.30
99.30
99.00
98.80
96.70
93.40
91.30
89.60
88.20
84.40
80.60
78.70
75.80
73.70
71.70
69.15
68.80
66.58
63.71
63.94
61.37
61.04
61.15
60.15
61.17
60.78
61.21
61.73
62.22
63.97
66.15
69.23
71.00
70.80
72.60
75.30
72.20
70.10
70.20
70.30
68.42
67.82
66.13
65.94
67.50
70.40
70.80
69.96
67.81
69.14
73.20
75.00
76.10
82.60
86.80
87.30
89.00
90.00
89.60
88.90
88.60
88.70
88.30
88.40
89.10
89.70
91.20
91.50
91.00
90.40
89.90
90.10
91.40
92.60
93.20
93.70
94.80
95.40
95.80
96.30
96.60
97.50
98.00
98.30
98.50
98.50
98.30
97.40
88.80
82.20
80.00
78.60
78.10
78.90
77.30
75.90
72.30
69.63
67.15
65.20
61.68
61.68
57.00
50.76
52.19
50.45
51.28
49.89
47.72
44.21
42.20
40.36
39.78
39.35
38.38
38.63
39.37
39.85
36.44
37.65
37.42
39.23
40.11
44.04
45.83
46.95
46.47
48.38
55.50
57.58
57.12
56.05
56.21
59.00
66.83
70.80
72.50
73.30
76.20
77.50
77.40
78.80
81.50
82.30
84.00
85.60
85.90
84.90
85.00
85.90
85.70
85.10
85.90
84.90
83.80
84.10
84.90
86.50
88.60
89.50
88.70
87.70
86.70
86.60
87.10
87.10
87.20
87.10
87.40
87.40
87.10
87.10
87.50
87.50
87.80
86.70
83.80
83.20
83.30
83.30
82.50
81.80
81.30
80.60
81.30
79.00
73.60
68.42
66.48
64.82
61.56
61.45
60.65
59.58
59.62
58.58
58.19
56.30
55.26
53.13
51.41
52.28
50.32
50.88
51.13
51.01
50.78
51.03
50.99
51.56
51.25
50.82
51.27
51.63
51.43
51.86
52.33
52.63
53.03
53.50
53.81
55.34
57.40
60.10
62.64
64.88
67.79
67.63
68.96
71.40
73.30
74.50
76.10
76.40
76.70
79.60
79.10
79.20
79.90
80.50
81.60
83.10
84.30
83.50
83.20
83.20
84.20
85.00
85.90
86.60
87.70
88.60
88.60
89.60
89.70
89.00
87.40
87.60
87.60
87.20
89.00
89.20
89.40
89.30
90.80
91.80
94.30
95.30
95.90
95.80
93.40
90.30
90.20
94.30
91.70
93.00
94.00
93.10
92.60
91.30
87.90
84.20
77.50
67.95
66.41
63.72
63.02
62.25
58.56
57.00
53.77
52.42
52.63
52.43
52.46
50.88
51.91
49.22
47.50
47.96
48.26
48.38
47.13
47.19
48.13
46.77
46.47
47.15
47.67
47.47
46.70
48.71
48.90
48.05
48.42
50.09
52.10
53.67
56.48
58.08
59.77
60.34
61.45
61.16
62.89
63.25
64.06
63.62
64.13
64.73
65.96
67.09
66.58
67.78
71.40
71.80
71.70
73.20
71.50
72.80
76.00
78.10
79.90
82.20
82.20
82.50
82.40
82.80
84.50
86.20
86.60
85.80
84.70
84.40
85.20
86.10
86.30
88.20
89.40
90.20
91.80
91.80
92.10
91.80
92.00
93.10
95.10
95.90
96.00
96.30
96.10
95.30
95.20
94.40
93.90
93.50
92.20
90.10
86.20
82.50
77.30
77.20
75.80
72.00
70.90
69.63
67.68
67.90
65.73
64.15
63.65
60.98
60.03
58.04
56.59
55.63
55.60
55.49
54.78
53.52
52.61
51.74
49.97
48.67
47.40
46.67
46.22
46.70
46.96
46.14
47.22
45.96
47.32
47.97
49.84
50.18
50.81
51.59
51.65
52.69
53.56
58.11
59.46
60.30
64.04
65.82
67.83
68.98
67.43
66.76
66.86
67.84
66.71
68.19
67.50
70.10
71.60
73.30
73.10
74.60
73.30
72.10
74.10
75.50
75.40
77.30
77.70
78.10
78.00
78.30
79.00
79.50
80.20
81.90
83.90
86.20
88.70
90.00
92.50
93.10
93.90
95.60
96.80
96.60
96.90
95.90
95.30
95.40
93.70
90.80
88.30
86.50
84.00
82.90
80.80
78.90
78.10
76.30
72.90
69.90
70.70
66.94
66.04
64.28
62.17
59.83
58.43
57.16
55.56
52.65
50.82
50.28
49.70
46.72
45.00
40.94
40.54
41.23
40.91
40.96
41.25
40.36
40.68
42.04
43.02
42.61
43.79
45.58
47.61
49.29
50.21
51.90
53.55
54.68
56.25
56.91
53.76
56.07
57.29
56.85
59.29
60.27
62.58
62.49
62.79
62.10
63.30
65.95
67.31
67.88
66.73
66.21
67.38
70.00
72.40
74.90
75.90
76.70
78.00
78.80
78.90
79.90
80.00
80.20
79.70
79.80
80.40
80.90
83.70
86.00
87.00
88.20
88.30
86.70
87.00
87.30
87.00
83.70
82.10
81.50
81.80
80.80
80.30
80.70
80.00
78.50
78.40
77.20
76.30
77.00
74.00
73.10
72.20
70.20
68.61
67.93
67.83
64.72
61.23
59.78
57.06
55.51
51.73
51.11
50.23
51.19
51.50
51.25
50.06
49.51
51.03
51.03
50.68
49.79
50.85
50.83
50.43
50.77
50.15
50.24
50.76
51.69
51.85
51.90
53.74
55.71
57.82
59.32
61.33
63.66
65.76
69.06
71.60
73.50
75.20
77.10
78.50
80.70
80.70
81.50
81.70
83.30
84.40
85.20
84.40
83.70
85.10
86.90
88.40
89.50
90.00
90.80
91.70
92.20
92.50
93.20
94.10
94.30
94.20
94.50
94.80
95.30
95.70
96.00
96.10
96.30
96.30
94.90
92.30
91.30
90.20
88.20
88.40
88.90
89.00
88.70
87.60
87.40
87.00
86.40
86.40
86.50
87.60
87.80
88.20
88.60
88.90
88.50
86.40
84.30
83.80
82.70
82.00
79.00
81.20
82.90
83.50
82.90
83.70
82.40
82.30
82.20
81.60
81.40
81.40
84.50
84.20
83.60
83.90
85.00
85.10
84.70
85.10
85.70
85.40
84.90
84.10
83.70
85.90
86.40
85.90
88.20
88.60
88.60
88.80
88.80
88.70
88.50
88.40
88.40
88.70
88.60
89.60
90.20
90.90
92.30
93.40
94.30
94.40
93.50
92.20
91.10
91.80
91.60
91.00
90.80
90.20
88.50
88.80
88.80
88.80
87.90
87.40
87.30
87.40
87.70
88.50
88.30
88.90
88.60
89.00
89.40
89.70
90.00
90.10
89.10
89.30
89.50
90.40
90.90
90.90
90.10
89.60
89.80
90.80
91.10
91.40
91.90
93.20
94.50
94.70
93.10
90.40
89.00
88.20
87.30
85.70
85.20
84.80
84.00
82.50
81.70
81.20
80.50
79.90
80.30
79.80
78.80
78.80
79.50
79.80
79.00
78.50
78.20
78.90
80.90
80.80
80.50
80.20
80.40
80.70
81.10
82.30
83.60
84.80
85.00
85.90
86.30
87.40
88.30
89.10
89.80
90.70
91.60
91.40
91.30
91.00
91.20
91.70
92.40
92.50
92.80
93.10
92.70
92.10
92.10
92.50
92.90
92.70
91.70
90.80
89.90
89.70
90.50
90.60
90.50
89.60
89.00
89.00
89.20
89.20
89.50
89.80
89.80
90.20
91.20
92.00
92.90
93.30
93.50
93.70
94.80
95.60
95.60
95.60
95.00
94.90
95.30
95.70
95.80
96.10
96.80
97.20
97.30
97.10
96.80
96.50
95.20
94.00
92.70
91.60
89.80
88.00
86.10
83.70
80.90
80.70
78.90
78.30
76.90
76.30
76.00
74.80
73.90
75.40
75.20
74.00
74.00
72.30
73.00
74.40
74.00
74.30
74.00
73.70
71.10
72.30
72.30
72.10
75.00
74.80
73.70
75.00
77.40
78.30
81.30
84.20
86.20
87.80
89.50
90.80
91.30
91.50
92.30
92.70
92.90
93.80
94.50
94.90
94.70
95.00
95.40
95.40
95.70
95.60
95.00
94.20
94.00
94.20
94.90
95.60
95.20
95.10
95.30
95.60
96.20
96.40
96.50
96.70
96.40
95.90
95.40
95.00
94.30
94.00
93.60
93.40
93.60
93.40
93.20
92.70
92.30
92.10
92.30
93.10
93.00
92.90
92.80
93.00
92.60
92.10
92.20
91.10
89.00
86.10
84.60
81.90
79.30
79.10
75.60
76.60
76.00
71.70
70.40
70.10
69.83
70.60
70.00
68.72
67.66
68.11
67.76
67.24
66.12
66.76
66.63
66.13
65.75
64.97
66.24
66.26
66.43
65.90
65.32
66.23
66.62
66.55
66.38
66.94
68.19
69.39
71.50
73.90
76.20
77.60
79.50
81.50
83.50
84.00
84.60
85.00
85.60
86.30
86.80
87.70
89.10
90.40
91.20
91.60
91.90
92.80
93.60
93.90
94.20
93.70
93.00
92.30
91.80
92.90
92.90
93.40
94.00
94.80
94.80
95.00
95.50
95.80
95.90
95.80
95.80
95.80
95.70
96.10
96.30
96.70
96.90
97.10
97.30
97.50
97.50
97.70
97.70
97.80
97.80
97.80
98.10
97.90
97.00
91.80
91.30
89.10
88.20
86.80
86.40
83.60
81.80
81.00
79.40
77.80
74.50
75.10
72.60
69.43
71.00
71.70
71.50
69.13
69.10
68.05
67.31
66.14
64.57
65.49
64.86
63.79
62.33
61.95
62.48
61.46
63.16
61.84
63.03
63.57
63.66
64.66
65.73
67.32
69.70
71.60
72.60
73.50
75.00
74.00
73.70
73.00
72.60
74.60
77.80
79.00
80.60
82.60
82.90
85.90
88.00
87.70
87.90
89.00
89.50
90.50
91.90
92.70
93.40
93.90
94.60
94.50
94.00
94.00
94.00
93.70
93.10
93.90
94.70
95.00
95.20
95.30
95.00
95.50
96.30
96.30
97.20
97.60
97.60
97.80
97.90
98.10
98.40
98.60
98.50
98.60
98.80
98.90
98.90
99.10
99.20
99.20
99.00
97.90
92.00
88.80
87.80
83.70
81.30
78.40
76.40
74.10
71.40
71.40
68.73
66.50
65.11
65.13
64.29
61.68
59.93
58.32
56.68
56.01
51.83
48.60
47.40
46.02
45.15
46.35
47.13
45.54
46.89
45.17
45.91
46.56
44.67
45.60
46.29
46.52
47.09
48.53
50.64
56.03
59.23
59.45
60.99
61.36
60.95
61.91
64.22
65.00
67.98
65.80
67.03
65.76
67.52
70.90
71.40
71.20
71.40
71.20
74.70
72.40
71.70
72.70
73.00
74.00
74.90
75.50
78.80
80.10
77.30
80.30
84.20
87.80
89.90
88.90
87.50
87.30
86.40
85.10
84.10
83.50
83.60
83.70
83.30
83.60
84.50
85.30
84.80
86.60
90.30
91.60
91.50
91.60
91.50
91.40
90.80
90.50
90.30
89.30
86.00
83.80
83.50
83.20
81.30
80.60
79.60
80.10
78.10
72.80
68.01
62.78
59.33
59.29
56.57
57.04
59.22
58.24
58.94
61.04
61.88
61.01
59.10
58.34
59.38
58.58
58.56
57.08
57.49
57.16
58.55
63.40
67.70
70.30
69.69
71.40
72.70
74.70
76.80
78.10
79.80
82.20
83.40
84.40
84.30
84.30
84.40
84.20
85.60
86.70
87.30
88.20
88.90
89.40
90.10
90.80
91.70
93.30
94.10
94.30
94.10
94.10
94.20
93.90
94.40
94.40
94.10
94.30
94.60
94.60
94.90
95.10
95.10
95.40
95.90
96.20
96.70
97.20
97.40
97.40
97.70
97.80
97.80
98.00
98.10
98.10
98.20
98.40
98.50
98.10
95.80
91.00
87.80
85.00
83.10
80.70
79.10
78.40
77.00
77.20
75.80
75.10
73.70
73.00
70.70
70.40
69.31
68.76
66.69
68.73
68.62
67.09
68.02
67.29
66.62
65.04
64.07
63.72
63.74
64.30
63.74
64.77
65.16
66.38
66.38
66.96
67.22
67.97
71.30
73.30
75.30
78.20
82.10
84.60
85.10
85.40
86.20
86.60
87.40
88.60
88.40
88.00
88.10
88.30
88.30
89.30
91.20
91.90
91.80
93.70
93.90
92.20
91.30
90.30
90.30
88.50
88.20
89.00
89.20
89.70
90.50
90.90
92.00
92.50
93.00
93.70
94.10
94.40
95.00
95.60
96.20
96.70
96.80
97.20
97.30
97.20
96.90
96.50
96.70
97.30
97.30
97.60
97.70
97.60
97.60
97.50
96.80
96.40
95.90
94.70
91.00
86.40
85.10
83.80
79.90
75.60
72.80
70.10
67.53
65.13
64.68
65.59
62.83
63.95
64.30
64.65
62.37
64.15
60.84
59.24
54.82
53.29
50.85
51.45
50.81
53.97
54.56
56.25
57.12
56.78
58.51
58.55
58.65
59.85
60.97
61.81
63.91
66.48
68.74
70.20
72.00
73.40
74.30
75.50
76.60
79.80
82.20
81.60
82.70
84.50
85.20
86.50
87.70
88.60
88.90
88.10
87.70
87.50
87.20
87.70
88.30
89.10
89.70
90.50
91.50
92.00
93.20
94.40
94.60
95.00
94.90
95.70
95.20
94.40
95.30
95.80
96.20
97.10
96.90
96.70
97.10
97.80
98.60
98.80
98.90
98.90
98.90
99.10
99.20
99.30
99.20
99.20
99.20
98.90
97.90
94.60
88.40
85.20
82.90
78.80
75.20
73.00
70.70
69.17
66.83
62.86
62.14
60.03
59.18
57.71
54.66
54.76
50.93
50.28
48.26
45.59
46.28
44.99
46.23
45.72
42.62
41.25
41.94
43.06
43.03
42.24
43.27
43.66
42.27
40.73
42.91
46.96
46.57
48.44
47.35
47.85
49.99
50.80
64.06
58.33
56.73
57.11
54.61
58.01
60.26
59.90
61.66
64.35
65.53
67.96
70.50
68.22
68.55
71.60
72.40
73.80
72.00
71.50
72.90