89.90
90.80
91.40
91.70
91.90
92.00
91.50
91.40
92.20
93.00
93.20
93.30
93.90
94.10
94.20
94.30
94.60
94.90
95.00
95.00
94.90
94.60
94.80
93.80
92.30
90.90
90.30
89.70
88.60
89.50
89.30
89.30
86.10
83.10
78.00
74.00
71.50
70.00
70.40
66.34
64.45
63.30
63.36
60.62
59.76
58.98
57.21
55.41
57.14
61.89
59.37
59.34
59.45
56.84
53.94
56.51
53.03
53.96
50.71
51.92
48.40
46.62
52.25
65.93
68.88
69.93
72.80
79.20
87.60
86.90
87.80
90.50
92.40
93.90
94.40
93.80
92.80
92.20
92.20
92.90
92.70
94.10
94.10
94.30
93.00
91.80
89.90
92.30
93.20
94.40
94.90
95.20
95.80
96.00
95.90
95.40
95.20
95.00
95.30
95.10
94.70
94.80
95.00
94.40
94.50
94.60
94.60
94.80
94.90
94.90
95.30
95.50
95.60
95.50
95.50
95.50
95.10
94.90
94.80
94.40
94.00
94.10
94.20
93.80
93.20
92.70
92.00
89.80
87.00
86.30
86.50
85.10
84.20
81.70
81.10
77.00
76.00
74.40
73.70
73.10
72.60
72.40
73.00
72.60
72.40
69.72
67.13
61.05
60.10
59.08
58.31
54.73
53.78
52.87
52.86
52.59
49.56
51.25
49.92
59.34
78.40
87.80
86.00
90.00
90.00
90.60
91.80
92.50
92.20
93.90
91.60
92.10
94.20
94.80
94.80
94.90
95.10
95.40
95.30
95.60
95.80
96.00
96.10
96.10
96.10
96.10
95.90
95.80
95.90
95.90
95.90
95.80
95.70
95.70
95.80
96.10
96.10
95.90
95.70
95.50
95.50
95.70
95.80
95.90
96.00
96.10
96.20
96.20
96.20
96.30
96.40
96.50
96.50
96.50
96.50
96.40
96.30
96.30
96.30
96.30
96.30
96.20
94.80
91.10
89.80
88.70
86.20
85.60
85.60
86.00
86.50
84.50
82.70
81.20
79.60
78.20
76.00
72.20
71.20
68.19
65.68
64.56
66.49
66.22
66.24
68.57
68.10
66.91
65.32
65.36
64.64
64.79
63.10
62.60
61.40
60.11
61.32
60.84
60.13
61.31
61.93
61.46
62.08
63.81
66.64
70.00
72.20
72.80
72.80
73.30
74.10
74.60
75.80
77.70
78.10
77.60
76.50
76.50
77.10
75.50
77.40
86.40
84.20
81.60
81.60
81.20
82.30
85.50
90.30
90.20
89.80
89.30
88.40
88.70
88.90
89.60
90.80
91.10
91.60
92.10
91.70
92.00
93.10
93.70
93.90
94.40
94.80
95.00
94.50
93.20
92.90
93.00
93.00
93.10
92.70
92.70
91.90
90.60
89.70
87.50
85.20
83.10
81.80
79.70
78.20
77.60
76.30
79.30
78.50
75.90
75.20
72.60
70.80
67.84
65.59
63.60
61.22
59.32
58.92
58.26
56.60
60.01
58.54
56.99
56.01
54.85
53.58
52.40
52.63
51.85
51.19
49.92
52.27
59.93
66.82
67.88
70.80
71.30
70.70
73.30
73.60
73.10
75.10
84.60
85.70
83.90
83.10
83.60
86.40
88.70
89.60
90.80
92.00
91.30
90.50
89.10
88.80
88.50
91.30
93.40
94.40
94.60
94.60
94.00
93.90
94.20
94.60
94.90
95.20
95.20
95.20
95.40
95.40
95.40
95.40
95.40
95.30
95.00
94.90
95.10
95.30
95.50
95.20
95.20
95.30
95.40
95.20
94.90
95.10
95.00
93.30
92.10
91.30
89.50
86.60
84.40
81.80
81.00
77.50
76.40
72.90
72.60
71.00
69.68
68.31
65.18
63.80
62.89
62.67
62.30
62.86
63.65
61.64
61.12
60.29
63.24
71.50
84.30
86.80
89.30
90.00
89.20
88.40
88.60
86.60
86.70
88.00
87.70
88.60
88.90
89.40
89.00
88.90
85.60
83.30
83.40
83.80
84.50
86.80
88.10
88.70
89.40
89.40
88.40
90.50
90.30
88.80
87.40
88.80
89.70
90.10
89.30
90.60
91.30
93.00
92.50
92.30
92.80
92.80
93.40
93.60
94.40
95.00
95.40
95.50
95.70
95.90
95.60
94.10
93.30
92.00
91.90
91.80
92.30
93.20
93.20
94.00
94.70
94.80
95.00
95.40
95.50
95.40
95.30
94.90
94.30
93.70
92.60
90.20
87.90
86.40
84.10
83.60
83.30
81.00
76.30
71.90
69.58
67.69
65.90
64.45
62.11
61.70
60.77
60.57
60.93
60.74
59.17
59.22
59.48
58.76
57.04
66.71
71.70
69.86
74.00
72.70
74.40
74.90
72.80
67.82
65.77
64.71
59.62
56.74
55.37
51.97
57.37
70.20
74.10
76.60
77.40
78.30
77.10
78.70
81.20
83.10
84.90
85.70
84.20
83.90
84.30
84.00
82.30
80.90
82.60
83.40
83.40
84.10
84.40
84.40
83.30
84.70
82.80
84.10
87.10
85.70
82.60
83.70
82.90
83.90
83.40
81.20
81.40
83.60
86.20
89.30
91.00
91.10
90.90
91.20
91.20
91.30
91.40
91.90
92.70
93.50
93.40
93.90
94.30
94.50
94.60
94.20
93.70
93.00
91.90
91.10
87.70
84.30
84.90
81.20
80.60
79.90
78.30
76.20
75.00
72.60
70.80
67.12
69.37
64.44
63.48
59.58
59.23
60.07
58.92
58.08
57.08
56.81
56.10
54.59
54.90
54.79
52.51
53.93
52.26
51.18
50.85
49.84
50.70
50.22
50.49
58.96
59.64
57.62
57.52
58.90
58.98
60.85
62.87
66.58
67.54
69.16
71.10
71.40
71.00
69.13
69.72
72.50
76.80
82.60
81.60
79.00
78.80
82.20
83.90
85.70
86.60
85.90
84.80
85.80
86.20
86.60
87.70
88.50
88.70
89.10
88.90
90.10
91.80
92.70
92.90
92.70
88.70
82.00
81.80
82.60
84.30
81.60
80.10
81.60
82.20
82.30
82.90
83.00
83.70
85.00
86.20
86.50
86.80
86.50
85.70
84.50
83.30
81.90
81.10
80.50
80.00
77.70
76.30
74.10
70.00
68.09
65.15
62.93
61.98
60.91
60.16
60.71
61.34
60.95
61.62
58.34
58.28
57.44
57.47
59.38
60.09
57.15
56.66
56.83
57.29
69.84
75.40
83.00
83.40
83.80
84.80
86.00
87.40
86.40
85.50
85.70
86.30
86.70
87.50
88.40
88.80
89.30
89.70
90.30
90.00
90.50
91.60
92.30
92.00
92.20
92.50
92.60
91.50
90.50
91.70
92.00
92.00
91.80
92.20
93.00
93.60
94.10
94.60
95.30
95.50
95.40
95.60
95.60
95.60
95.60
95.90
96.10
95.90
95.50
95.40
95.40
95.30
94.90
94.60
93.60
93.50
93.90
94.10
94.10
94.60
94.70
94.40
94.20
93.20
92.70
92.00
91.10
89.90
88.30
87.30
85.50
84.70
83.50
82.00
81.20
80.50
79.50
75.30
72.10
71.00
70.20
70.30
68.78
69.17
66.62
66.16
64.52
63.61
63.24
61.50
60.42
60.28
59.11
60.27
60.06
58.67
58.95
58.79
59.08
57.93
60.65
58.04
57.14
57.58
56.98
56.52
57.52
58.07
57.72
59.44
61.53
66.48
73.00
71.30
70.10
73.10
78.10
79.50
79.50
77.40
82.40
87.10
85.90
84.50
88.80
90.60
90.30
91.80
93.80
95.30
95.70
95.90
96.10
96.20
96.30
96.30
96.30
96.30
96.30
96.40
96.40
96.40
96.50
96.50
96.50
96.50
96.50
96.50
96.50
96.60
96.50
96.50
96.50
96.50
96.50
96.60
96.60
96.60
96.60
96.60
96.60
96.50
96.10
95.20
94.40
93.10
91.10
89.50
88.20
88.30
87.10
85.10
82.80
82.50
81.40
80.00
79.10
76.60
74.60
73.70
72.60
71.40
70.40
69.41
65.93
64.84
62.53
61.76
61.86
60.96
62.23
60.55
61.33
61.19
60.03
61.81
61.46
60.20
61.06
60.54
59.47
59.91
59.47
60.73
63.07
66.22
71.10
70.70
70.20
71.80
72.50
74.00
75.40
76.60
77.60
78.40
79.90
78.70
78.40
78.70
78.90
79.60
79.50
79.70
79.70
80.40
81.70
83.90
85.60
87.40
88.30
87.80
89.30
90.20
90.40
90.60
90.50
89.10
87.60
87.30
86.00
85.80
84.40
83.00
85.00
87.00
87.70
87.70
89.50
89.20
88.60
87.60
88.10
88.50
87.30
87.00
85.40
83.40
82.80
79.90
76.90
72.80
72.90
69.72
68.90
67.39
67.26
64.58
63.96
63.95
62.10
60.44
60.20
59.17
59.47
60.01
60.07
59.09
59.12
59.94
54.05
57.34
55.37
56.10
55.60
54.12
55.41
57.85
57.49
55.13
69.71
70.90
67.91
70.50
74.30
75.10
77.30
79.30
81.30
81.30
80.90
84.20
89.00
89.30
89.00
89.20
87.10
85.80
84.00
83.50
85.40
88.00
88.90
88.00
87.50
87.90
88.60
88.70
88.80
88.80
88.70
90.00
90.80
91.00
91.10
91.40
91.60
92.20
92.40
92.50
92.60
93.40
94.00
94.40
94.10
93.40
91.90
91.10
91.10
90.70
91.30
92.00
93.30
93.90
93.80
93.40
92.70
91.60
91.60
91.50
91.30
91.00
92.10
91.50
86.70
84.70
85.70
85.40
85.50
87.20
87.50
84.30
89.90
91.50
91.10
89.50
87.40
85.40
85.40
81.00
77.00
76.40
74.80
69.88
69.71
68.59
72.00
73.60
68.13
65.25
64.49
61.61
60.56
62.56
64.00
64.55
63.64
65.14
67.29
68.63
70.10
71.10
68.16
66.29
67.43
66.13
69.83
72.70
75.00
76.60
78.10
79.10
80.20
81.00
86.60
89.40
90.40
91.20
92.10
92.60
92.30
92.80
93.70
94.00
94.10
94.40
94.60
94.80
94.90
95.10
95.20
95.20
95.10
95.20
95.50
95.60
95.80
95.90
96.10
96.10
96.30
96.40
96.50
96.50
96.50
96.40
96.40
96.40
96.30
96.30
96.30
96.30
96.30
96.20
96.20
96.20
96.10
96.10
95.90
95.20
93.50
92.30
90.30
89.80
87.90
86.10
87.60
86.40
85.10
82.40
80.40
79.80
76.10
77.20
79.40
77.80
76.30
76.10
74.40
73.90
71.80
69.45
69.39
68.72
69.83
68.44
68.27
70.10
70.60
68.75
68.09
70.90
80.90
78.80
76.90
73.90
72.60
75.70
77.30
78.30
78.60
77.40
79.00
84.90
85.50
84.30
85.00
85.30
86.50
88.10
87.10
87.40
88.40
88.80
88.00
87.90
89.20
91.20
92.10
92.30
92.40
92.10
92.20
92.60
92.30
92.30
93.40
93.60
93.40
93.90
94.60
94.90
94.90
94.70
94.80
94.90
94.90
95.00
94.80
94.70
94.90
94.90
94.40
92.90
92.00
92.00
91.40
91.00
92.00
93.00
93.90
93.90
92.60
91.00
90.90
90.50
89.30
88.20
87.70
87.30
87.20
87.10
87.40
86.60
87.20
87.90
89.70
88.70
86.70
84.80
83.70
81.50
77.40
78.70
87.30
87.90
83.50
84.10
86.20
89.50
89.30
91.70
92.50
93.90
94.90
95.20
95.50
95.60
95.50
95.20
95.30
95.10
94.60
94.90
94.60
94.30
93.20
92.30
93.00
92.50
93.00
94.10
94.80
95.10
95.30
95.20
95.30
95.40
95.50
95.40
95.50
95.70
95.60
95.60
95.60
95.50
95.50
95.70
95.80
95.90
96.00
95.90
95.70
95.60
95.70
95.80
95.90
96.10
96.30
96.40
96.50
96.50
96.50
96.50
96.50
96.60
96.60
96.60
96.60
96.50
96.50
96.60
96.60
96.60
96.60
96.40
96.40
96.20
96.10
96.10
96.30
96.40
96.30
95.80
90.80
88.60
87.70
88.40
88.10
87.80
85.50
82.00
80.50
78.00
73.80
73.00
70.40
70.40
68.92
68.78
69.64
69.28
69.12
68.75
63.96
66.34
65.36
64.74
68.61
70.30
71.70
72.00
72.90
75.60
76.50
75.50
73.90
72.10
69.70
66.40
65.10
70.20
72.80
76.40
81.30
85.90
91.00
90.80
92.20
92.80
91.90
93.40
93.00
93.40
93.90
94.80
95.40
94.80
95.10
95.40
95.60
95.80
96.00
96.10
96.20
96.30
96.30
96.30
96.40
96.40
96.50
96.50
96.60
96.60
96.60
96.60
96.70
96.70
96.80
96.80
96.80
96.90
96.90
96.90
96.90
96.80
96.80
96.70
96.60
96.60
96.60
96.60
96.60
96.60
96.60
96.60
96.60
96.60
96.30
95.70
94.80
93.60
92.80
92.20
89.90
87.90
86.20
84.20
83.30
81.90
79.90
81.00
86.40
85.50
80.90
78.70
78.10
75.40
75.70
74.70
77.40
87.50
86.80
84.30
83.40
84.10
86.00
87.60
89.10
92.60
94.30
94.80
94.70
95.70
96.10
96.30
96.40
96.40
96.50
96.60
96.60
96.70
96.70
96.80
96.80
96.80
96.80
96.80
96.80
96.80
96.80
96.80
96.90
96.90
96.90
96.90
96.90
96.90
96.90
96.90
96.90
96.90
96.80
96.80
96.80
96.80
96.80
96.90
96.90
96.80
96.80
96.80
96.70
96.70
96.80
96.70
96.70
96.60
96.50
96.50
96.50
96.50
96.50
96.50
96.50
96.60
96.60
96.60
96.60
96.60
96.60
96.50
96.10
95.70
95.00
94.80
94.20
93.70
92.40
90.70
88.20
85.90
85.40
84.30
82.90
81.60
81.90
81.40
80.10
80.20
77.70
74.10
74.70
72.10
73.90
72.10
78.10
89.30
92.10
91.60
91.10
89.50
89.40
87.60
83.70
81.20
79.50
79.00
80.50
80.20
80.10
78.60
78.50
78.00
79.60
79.80
82.50
83.20
84.10
85.20
86.00
86.70
86.40
87.30
88.80
89.80
90.60
91.40
91.80
90.80
90.30
92.30
93.80
94.30
94.70
94.80
94.30
94.60
95.00
95.50
95.70
95.70
95.80
96.00
96.10
96.20
96.20
96.30
96.20
96.20
96.30
96.30
96.40
96.40
96.40
96.40
96.40
96.30
96.10
95.80
95.10
94.50
94.30
94.40
94.70
94.90
95.00
94.80
94.60
94.00
93.60
93.50
92.40
91.10
89.80
87.60
84.60
83.00
82.70
81.20
78.50
77.70
76.40
74.70
75.30
74.00
70.80
69.88
68.12
68.36
67.55
66.70
65.04
64.85
62.74
62.17
62.70
64.12
64.16
62.67
62.41
61.27
60.24
59.32
60.54
60.44
61.67
59.46
58.20
58.66
59.83
57.79
58.06
62.02
66.41
66.74
69.50
74.20
77.80
77.40
83.00
84.40
85.10
88.60
89.30
89.00
88.80
88.50
90.10
90.80
89.90
89.10
89.20
93.00
94.00
93.90
93.90
93.70
93.00
91.80
92.20
92.90
93.40
94.10
95.00
95.40
95.50
94.90
95.10
95.40
95.90
95.90
95.80
95.80
95.90
96.10
96.30
96.50
96.50
96.50
96.60
96.70
96.60
95.80
89.70
85.80
83.50
78.60
80.00
78.60
74.90
71.50
69.64
67.24
67.98
67.60
67.37
65.33
65.94
65.00
63.25
63.24
62.07
62.02
61.33
58.59
58.07
57.16
56.45
58.23
56.16
55.30
53.40
52.41
51.97
51.32
54.57
52.88
52.91
51.65
52.06
57.71
67.39
73.50
75.00
79.40
81.20
80.80
79.80
80.00
77.70
77.20
77.30
81.30
81.50
82.20
81.70
81.80
83.10
84.90
85.80
85.90
86.40
87.40
87.50
88.50
90.50
91.60
91.40
92.40
93.10
93.80
93.60
93.40
92.80
92.80
93.40
94.10
95.70
95.80
95.70
95.60
95.80
96.00
95.00
95.70
96.40
96.60
96.70
96.80
96.80
96.90
96.90
96.90
97.00
97.00
97.00
97.10
97.00
97.10
97.10
97.10
96.90
96.00
89.40
80.30
75.90
74.70
71.80
70.50
67.58
65.39
64.13
64.20
63.04
62.58
61.61
60.14
59.63
58.54
56.23
56.09
53.59
53.88
53.03
52.25
52.07
51.24
50.80
49.55
49.93
48.25
48.32
47.65
49.29
52.28
57.86
65.25
73.30
85.20
85.80
85.30
85.40
86.80
85.70
85.00
89.50
91.70
91.60
90.80
91.70
92.70
92.70
92.60
93.00
92.80
92.00
92.40
93.40
92.00
88.90
90.30
90.80
91.50
92.20
91.80
92.00
92.50
92.00
91.90
91.50
91.60
91.40
91.80
92.90
93.70
94.20
95.00
95.30
95.30
95.30
94.90
94.90
95.30
95.20
93.90
93.40
93.70
94.70
95.30
95.30
95.50
95.20
95.00
94.80
94.70
93.80
93.90
89.00
83.30
82.60
79.90
77.90
76.20
74.70
73.90
73.60
71.20
68.25
65.92
63.79
59.86
58.81
57.77
57.38
53.75
53.64
54.15
53.60
54.58
54.02
53.11
54.08
52.66
53.25
57.11
58.02
62.68
67.81
72.80
74.90
75.60
75.70
76.00
78.10
75.80
74.70
75.20
76.30
77.30
77.80
77.10
75.80
74.30
77.70
84.30
85.20
86.80
88.80
89.90
89.60
90.00
90.10
90.80
91.30
91.00
88.40
87.90
86.20
87.00
87.60
89.00
90.40
91.30
91.10
91.00
90.10
90.70
91.50
92.00
91.60
92.60
93.80
94.30
94.70
94.60
94.60
94.40
92.80
93.10
93.50
93.20
92.30
91.40
91.20
90.90
91.90
93.00
92.20
91.50
88.50
86.90
84.80
82.80
81.60
79.30
77.40
77.30
77.00
76.00
76.90
76.50
74.90
74.20
73.60
72.10
71.40
70.40
69.08
67.21
66.23
64.62
62.43
63.00
61.19
60.64
59.91
58.51
57.32
54.97
54.35
54.87
55.59
58.10
56.09
54.08
55.75
57.90
60.41
62.41
66.99
66.29
64.80
65.01
72.50
75.20
77.50
79.20
80.70
80.60
77.40
78.70
83.10
86.60
87.70
87.10
86.90
85.70
87.00
86.10
85.50
85.90
87.30
87.10
88.10
90.80
93.10
92.80
92.60
92.40
92.30
92.90
93.20
93.00
93.80
93.90
93.30
93.60
93.50
92.70
91.10
91.40
91.30
91.20
91.30
91.40
90.80
91.00
91.00
91.60
92.00
92.30
91.90
92.70
93.90
94.30
94.20
94.30
94.30
94.20
94.30
94.00
91.80
89.10
83.40
82.70
84.10
81.20
75.00
73.90
71.80
68.15
67.44
66.69
61.46
62.56
59.07
59.41
58.38
58.80
57.86
58.32
59.20
57.86
58.12
58.05
62.72
66.90
62.06
74.50
73.70
67.13
62.19
71.50
76.90
77.80
77.80
74.30
73.30
75.00
76.70
78.00
78.40
79.90
84.20
84.00
84.30
83.20
83.90
84.40
84.60
84.50
85.90
85.80
85.30
86.60
86.80
87.90
89.00
90.00
90.20
89.80
89.90
90.50
90.60
90.10
90.40
91.50
92.10
91.60
90.70
91.20
92.00
92.00
92.20
92.00
92.70
92.80
92.80
84.80
88.80
92.50
93.70
94.90
95.10
95.40
95.60
95.70
96.00
96.00
95.80
95.60
95.10
94.90
95.10
95.30
95.60
95.30
94.50
94.20
94.40
94.20
94.00
93.50
93.30
93.60
92.80
90.80
90.40
89.10
86.60
83.50
81.30
78.00
78.40
77.90
76.70
76.80
72.80
70.30
70.40
70.40
69.16
67.54
68.73
66.20
64.17
65.35
66.02
64.29
64.76
65.38
67.03
66.64
63.97
62.31
64.68
66.52
70.00
75.80
79.00
81.40
83.10
85.20
86.80
86.90
86.50
87.00
86.60
86.70
85.20
83.90
84.90
85.70
86.60
86.30
86.40
86.70
87.30
88.40
89.30
89.50
89.90
91.00
91.70
92.50
93.10
93.40
93.90
94.50
95.00
95.00
95.20
95.40
95.60
90.90
90.80
91.40
91.80
91.80
92.90
93.00
94.30
95.20
95.20
95.30
95.40
95.20
95.00
94.90
94.60
94.80
94.20
93.60
91.80
90.00
88.50
88.60
86.90
86.70
86.40
84.70
81.00
78.20
79.00
78.90
77.20
76.50
76.80
76.50
73.50
73.60
72.20
69.92
68.41
64.39
65.32
66.21
62.58
60.77
61.47
63.94
68.74
69.07
68.22
65.63
68.15
66.95
65.84
65.80
67.47
75.20
77.80
77.90
79.00
79.50
82.40
83.10
85.60
85.60
83.00
81.10
82.70
84.40
84.90
88.10
91.00
91.50
92.40
92.40
89.10
89.90
90.30
91.30
92.60
94.00
89.30
88.50
88.90
90.70
93.90
94.00
93.80
91.70
92.30
90.50
90.90
92.10
93.40
93.70
93.80
94.00
94.30
94.30
93.90
94.90
95.00
95.00
94.90
94.70
94.70
94.90
95.10
94.60
93.80
93.40
92.40
91.50
91.20
91.00
90.60
90.10
88.00
85.40
83.30
83.80
84.50
89.20
90.90
91.40
94.10
94.70
94.50
94.80
94.60
94.90
95.30
95.00
94.50
94.50
93.50
93.20
91.80
90.20
87.70
83.40
83.10
80.80
77.90
74.40
71.20
69.17
67.04
70.50
70.70
72.60
73.70
75.40
75.80
78.90
80.70
79.90
82.60
86.20
86.70
83.10
81.50
85.70
83.00
84.20
85.40
82.10
84.00
89.50
93.20
94.30
93.70
93.40
91.70
90.50
90.40
90.60
92.10
93.70
94.30
91.80
91.20
92.10
93.50
94.70
95.00
95.40
95.90
96.10
96.20
96.20
95.60
94.70
93.30
92.30
91.70
90.40
90.10
92.10
92.30
92.80
93.60
94.20
93.70
93.30
91.00
88.70
89.60
90.00
90.50
90.20
90.80
88.90
88.20
88.70
89.90
90.30
89.50
90.10
90.70
89.30
86.40
79.80
78.90
77.10
75.80
72.80
70.80
71.70
72.20
70.60
69.67
70.10
68.75
68.85
68.19
64.24
62.73
61.75
59.83
59.10
59.40
59.62
61.25
63.73
64.39
63.47
63.88
69.06
71.00
75.20
77.80
80.60
82.10
82.40
83.80
85.10
86.30
87.10
88.60
90.30
91.20
91.90
92.80
93.50
93.70
93.50
92.70
92.40
92.40
92.70
93.20
93.60
93.90
94.10
94.40
94.50
94.60
94.70
95.00
95.40
95.50
95.60
95.70
95.60
95.50
95.60
95.90
96.10
96.10
96.20
96.20
96.20
96.20
96.30
96.30
96.00
95.70
95.80
95.80
96.00
96.00
95.80
95.50
95.10
94.70
92.90
90.90
89.20
87.70
85.70
79.30
76.60
74.30
70.60
70.90
70.30
70.80
69.83
69.45
68.00
67.93
64.78
63.81
63.16
62.82
62.03
59.36
60.68
60.34
58.84
57.62
55.43
52.06
54.02
54.98
52.58
51.06
51.35
51.46
53.56
52.59
54.67
64.41
70.10
71.60
69.62
68.33
71.50
74.40
75.60
76.90
76.60
79.30
80.90
81.70
83.50
84.30
84.50
84.90
86.80
88.80
89.90
90.10
90.90
92.40
92.40
90.90
90.60
89.60
89.10