83.00
86.90
89.60
91.70
90.20
88.60
89.90
91.20
89.90
90.50
90.70
91.60
92.60
93.60
94.00
94.20
94.30
94.40
94.30
93.10
91.20
90.30
90.10
89.10
88.90
89.90
88.70
88.40
86.40
80.40
81.60
78.50
70.50
64.06
61.37
64.67
63.58
60.98
60.06
56.77
57.27
57.39
56.02
53.17
50.84
51.28
49.01
48.83
48.37
47.70
48.18
45.21
46.09
45.84
45.85
36.95
39.53
38.84
41.65
42.34
42.77
43.49
43.68
45.53
48.37
50.89
52.40
51.67
54.48
56.22
60.46
54.68
48.88
51.52
52.59
55.96
59.94
65.02
71.00
76.40
80.10
80.90
80.60
76.50
76.40
77.90
78.50
78.30
80.00
80.00
78.20
77.10
78.40
76.50
74.70
74.80
74.30
76.90
78.50
75.20
73.50
72.90
76.40
78.50
80.30
81.50
83.50
87.60
90.30
90.80
90.50
90.30
92.20
89.00
85.70
88.40
84.40
83.40
83.70
79.30
84.50
83.50
83.50
83.70
83.80
83.70
81.30
78.50
75.20
73.50
72.10
71.00
68.26
63.36
59.95
59.86
57.45
55.26
54.03
52.40
49.97
50.40
49.06
49.30
49.53
48.44
49.31
47.84
47.12
48.73
48.34
48.00
46.28
43.55
41.86
42.49
43.50
45.86
45.92
46.27
43.93
47.42
48.75
50.99
50.68
49.09
48.68
54.08
57.54
60.88
59.89
60.98
61.25
58.38
57.70
56.25
54.90
56.06
60.25
67.32
68.73
66.86
68.77
67.21
64.30
65.12
68.30
73.10
74.50
76.80
77.30
79.20
81.70
83.60
83.80
84.40
83.20
81.20
80.90
80.30
80.50
84.10
86.60
87.20
85.90
88.70
91.00
88.30
84.00
83.20
82.20
82.80
85.50
84.40
85.60
87.80
89.90
91.20
92.20
91.30
89.80
88.40
89.30
89.70
86.30
84.70
83.20
79.50
76.00
69.76
61.72
59.34
55.58
56.70
54.36
46.66
45.42
42.23
39.63
41.57
42.59
44.33
47.42
46.44
40.74
48.33
48.05
45.62
37.45
39.30
37.40
45.27
45.35
45.22
49.28
47.84
47.72
49.33
54.15
57.02
59.67
61.68
61.32
63.77
65.59
68.85
72.00
75.20
74.50
75.60
73.30
73.70
73.70
73.50
75.00
77.20
77.00
76.50
77.00
77.80
77.40
77.00
78.00
78.20
77.90
77.00
76.70
75.70
74.80
73.80
73.70
73.00
71.20
70.50
71.40
73.90
74.80
76.20
74.00
75.20
77.10
78.10
78.10
78.10
78.70
80.80
82.40
85.00
87.20
89.70
90.80
92.00
92.80
92.80
93.10
92.40
89.70
87.00
79.90
78.30
77.20
73.00
72.00
71.80
69.04
69.78
68.41
64.43
64.05
61.95
63.62
63.78
60.60
60.04
59.56
60.11
59.85
60.31
58.55
56.43
57.30
58.08
57.61
58.41
58.38
57.86
57.97
54.10
56.72
53.36
50.22
51.86
54.72
56.21
53.81
53.32
61.28
57.77
57.07
61.71
63.62
67.18
72.50
71.00
72.70
71.80
71.90
74.50
74.70
75.10
73.50
71.90
73.40
74.30
76.10
74.50
73.30
73.80
74.50
76.90
78.90
79.70
79.20
79.80
81.30
83.00
84.90
87.10
87.80
88.00
88.30
88.60
89.10
89.60
89.60
90.00
92.00
93.00
93.50
93.90
93.90
93.70
93.50
93.40
92.80
90.70
89.40
88.90
87.80
87.40
85.70
86.90
89.60
88.20
89.60
88.80
88.90
90.80
92.30
92.10
91.60
90.40
89.10
88.50
84.30
80.80
77.70
75.70
71.60
71.20
71.70
71.30
73.40
70.70
72.70
70.10
68.87
67.42
66.34
65.82
65.07
65.86
64.65
64.84
64.55
63.19
63.17
63.46
62.65
59.81
62.86
67.03
69.75
71.80
74.70
77.60
81.40
83.10
84.00
84.90
86.20
85.40
85.50
85.10
84.50
84.80
83.10
83.40
84.60
83.40
84.10
84.20
86.10
85.90
86.20
84.80
86.50
86.00
85.90
85.70
86.70
88.70
89.80
90.80
90.70
91.80
91.80
92.80
93.00
93.60
93.70
93.70
93.90
94.10
93.90
94.10
94.40
94.40
94.50
94.60
94.70
94.80
95.00
95.10
95.10
95.20
95.20
95.20
95.20
95.30
95.30
95.30
95.10
92.50
85.50
82.10
79.80
76.80
73.10
71.40
70.90
68.29
66.36
64.39
61.67
61.85
60.04
59.66
58.54
57.32
58.15
56.35
57.47
54.20
54.31
52.09
52.50
53.21
52.20
50.27
50.04
51.32
49.97
46.92
49.90
53.38
51.19
54.32
54.04
53.00
57.79
62.11
64.86
67.54
70.20
68.78
72.10
73.10
73.20
70.10
71.80
74.30
74.80
76.00
75.00
76.50
79.40
77.60
78.60
77.90
78.30
80.80
83.10
82.60
82.40
82.60
83.40
82.10
82.20
84.10
83.70
83.00
83.40
82.80
85.30
87.30
88.30
88.50
89.50
88.10
89.00
90.90
91.60
92.80
93.20
93.00
93.40
93.80
94.00
94.10
93.20
92.20
91.90
91.30
88.90
87.60
85.20
82.90
78.40
75.40
72.90
72.40
71.40
70.30
68.61
66.88
65.65
63.61
63.02
60.36
59.99
59.14
57.90
58.91
56.72
54.21
52.86
52.09
50.52
50.64
49.34
48.99
49.52
48.14
47.02
45.22
46.30
48.86
48.55
48.80
46.50
48.40
51.38
57.85
62.70
64.10
60.26
61.13
64.95
62.87
65.06
67.25
69.48
69.97
69.18
65.60
65.82
66.00
67.72
70.60
74.20
77.80
77.70
77.80
77.20
74.20
78.90
78.20
76.10
75.90
78.00
78.90
81.10
82.70
81.10
76.30
77.60
81.30
81.00
83.30
83.30
83.50
84.80
86.50
86.50
85.50
85.90
87.20
88.40
89.60
90.80
92.00
92.20
92.60
92.70
92.30
92.20
92.10
91.20
90.50
88.60
84.90
79.60
73.40
70.60
69.75
67.95
68.00
67.94
65.68
64.98
63.28
63.52
63.39
61.43
60.20
58.27
57.83
57.97
56.90
56.11
53.99
51.73
52.51
49.82
48.42
50.09
49.86
46.75
45.71
44.77
46.99
48.61
47.97
48.80
46.99
48.59
49.77
51.91
56.37
55.91
55.40
56.29
61.42
63.34
65.93
67.28
68.65
68.93
68.68
69.27
68.69
70.90
71.50
72.40
77.50
78.40
77.10
77.80
78.70
79.90
77.60
75.80
76.40
80.00
79.00
75.90
76.50
76.80
76.70
78.00
78.30
79.00
78.00
80.70
86.40
86.30
88.30
88.40
89.10
90.20
90.00
87.90
88.70
87.90
87.70
87.00
85.50
85.60
86.10
87.00
87.30
87.90
89.20
90.40
88.70
86.00
83.00
82.90
79.70
79.10
74.10
70.50
68.79
69.65
68.77
67.14
66.97
65.55
64.82
63.47
61.68
58.03
54.89
55.53
56.55
55.78
55.21
54.22
50.63
50.74
52.20
50.53
50.16
48.26
49.40
49.86
50.42
48.63
48.85
50.24
51.53
52.95
53.51
54.53
54.56
57.29
58.30
60.01
61.73
60.42
60.72
61.94
61.33
59.73
57.90
56.95
56.72
57.48
58.63
60.14
61.66
63.71
66.52
67.25
69.23
68.54
67.44
66.10
65.59
67.26
69.33
70.90
71.40
70.10
70.10
71.90
74.80
78.10
79.20
80.60
81.50
83.10
83.80
84.00
84.10
83.40
83.40
84.10
82.90
82.70
81.20
80.80
81.20
83.40
84.10
86.60
88.50
88.90
88.60
89.30
87.80
83.80
80.50
78.50
77.30
77.40
76.10
75.30
74.60
74.20
73.50
72.30
71.00
70.50
69.60
68.05
66.81
65.29
65.03
62.70
62.40
59.93
59.02
57.35
57.07
56.47
54.91
54.84
53.81
53.20
51.97
50.92
52.73
51.88
50.61
50.00
53.04
56.23
60.62
64.90
67.59
66.48
68.20
67.44
73.10
68.47
69.45
72.10
74.30
75.20
76.60
77.80
79.50
80.20
80.30
80.40
81.00
80.50
79.40
80.30
81.20
84.10
84.50
85.90
83.30
83.60
84.70
83.70
83.50
83.50
84.70
85.70
86.50
86.60
88.10
89.20
90.60
92.00
92.10
91.90
92.70
92.70
93.20
93.90
94.10
94.20
94.30
94.30
94.10
93.90
92.70
90.40
87.10
87.90
87.30
86.50
85.60
85.20
81.70
79.50
79.00
78.20
76.00
75.60
73.80
73.80
70.60
68.72
66.92
65.51
65.18
64.72
63.78
63.30
61.93
61.48
59.97
58.69
57.75
56.25
54.85
53.56
53.22
52.64
51.97
51.95
51.37
50.81
50.37
49.51
49.73
50.21
51.79
55.73
60.32
62.41
61.58
62.39
64.02
65.40
70.70
73.40
72.90
73.60
75.60
77.60
79.50
80.80
82.00
83.90
85.90
85.40
85.60
86.80
86.60
85.90
86.20
87.20
86.00
86.40
85.90
86.70
88.20
88.10
88.30
89.80
91.00
90.60
88.10
88.30
89.90
91.20
92.70
92.80
92.90
93.20
93.60
94.00
94.00
93.70
93.30
94.00
94.00
93.80
93.00
91.80
92.70
93.20
93.60
89.60
89.50
89.30
88.80
85.60
84.40
81.80
79.40
75.80
73.60
72.90
71.20
69.87
68.61
68.31
66.78
66.32
66.14
65.48
63.63
62.14
62.12
60.80
60.06
58.77
57.40
55.90
54.51
55.47
54.08
53.98
54.00
53.81
53.19
53.80
54.89
55.88
55.37
60.02
61.63
64.70
62.45
59.40
64.56
68.37
70.00
69.58
72.30
76.00
74.50
75.90
76.80
80.90
80.40
80.50
80.00
81.40
82.50
82.50
81.60
82.70
84.30
87.50
88.90
90.50
87.70
85.80
89.30
90.00
90.70
92.10
91.60
90.70
91.30
92.30
91.90
90.40
89.60
89.60
89.30
89.50
89.50
87.60
87.10
89.60
89.80
90.00
90.30
91.30
91.20
89.70
87.90
87.10
87.20
87.10
86.80
86.80
85.90
86.70
86.60
85.40
85.20
85.00
85.80
83.80
82.60
80.70
80.40
80.40
79.60
78.70
77.50
75.10
71.80
71.80
71.10
72.10
71.40
70.50
70.60
70.30
68.77
68.92
65.45
65.77
64.22
64.17
65.85
67.64
67.24
63.42
59.51
59.36
59.09
58.22
58.86
59.17
62.92
64.67
65.90
67.77
68.24
66.95
71.10
73.20
74.90
78.80
80.00
78.00
78.70
83.80
85.10
87.10
88.70
87.00
86.90
84.30
88.70
90.90
92.00
92.10
91.90
91.40
90.50
90.60
91.10
89.50
88.80
88.40
86.50
87.10
87.10
87.40
88.40
89.40
89.10
88.70
88.30
88.50
88.70
88.20
89.00
90.70
90.60
91.00
91.80
91.80
92.30
93.60
94.10
94.10
94.20
94.10
91.50
88.10
87.20
87.30
86.30
85.90
84.50
83.50
85.40
85.80
85.30
81.80
80.30
78.10
75.90
73.60
72.30
72.20
73.00
72.40
69.30
67.65
67.43
66.97
69.52
69.96
69.64
70.70
80.20
86.50
89.00
91.30
91.90
92.40
92.30
93.20
93.10
93.40
93.60
93.70
93.00
92.70
91.50
91.90
92.50
92.30
92.90
92.80
92.90
93.60
93.60
92.80
91.50
91.50
91.50
92.50
93.50
92.20
92.60
92.60
93.50
94.00
94.40
94.70
94.80
94.90
94.90
94.90
94.90
94.90
95.00
95.00
95.00
95.00
95.00
94.90
93.90
93.50
94.20
93.70
93.60
93.70
93.50
93.30
93.50
93.80
93.70
93.30
93.50
94.00
94.30
94.40
94.10
93.70
93.50
93.50
93.50
93.80
93.30
93.40
93.70
93.40
93.30
93.30
93.10
93.10
93.60
93.90
93.60
93.40
93.00
92.40
91.30
87.80
86.40
87.50
88.20
89.10
90.70
88.10
85.70
86.00
87.60
88.00
86.60
85.70
84.60
83.60
83.00
84.70
83.90
83.80
84.70
85.00
84.90
84.90
84.80
85.70
85.50
85.70
86.70
85.00
87.70
91.30
92.10
91.30
89.50
90.00
90.50
90.90
91.20
91.20
91.60
91.90
91.30
91.90
91.70
91.00
90.90
90.70
91.50
90.80
89.40
89.00
89.40
89.90
89.60
89.50
89.00
89.30
89.50
90.20
89.80
90.20
90.00
90.10
90.40
90.80
90.10
89.80
90.50
90.30
90.00
90.30
90.30
90.30
90.40
90.80
90.30
89.70
90.30
90.80
90.70
91.10
91.50
91.40
90.70
90.10
88.50
86.70
83.70
82.00
81.10
78.70
76.90
75.10
73.80
72.30
72.80
71.30
70.20
69.36
68.78
70.80
70.10
67.50
67.99
67.47
67.63
69.92
70.90
72.00
70.80
70.00
67.39
66.68
68.01
67.23
69.99
69.72
71.30
71.20
71.90
73.80
75.80
77.50
78.20
79.40
79.80
83.10
82.00
83.30
84.30
85.00
85.40
86.10
86.50
86.80
86.50
87.40
88.30
89.80
91.00
91.40
91.70
91.80
91.30
91.50
91.80
91.80
92.30
92.50
92.60
92.30
91.80
92.00
93.00
93.70
93.90
94.10
94.50
94.70
94.80
94.90
95.00
95.10
95.10
95.30
95.40
95.40
95.50
95.50
95.50
95.50
95.60
95.60
95.60
95.70
95.70
95.70
95.70
95.70
95.70
95.70
95.70
95.70
95.70
95.50
93.80
83.40
82.40
81.90
80.30
78.40
76.80
76.40
76.20
73.60
73.30
71.70
70.70
70.00
69.83
68.42
65.85
66.19
66.46
66.33
67.63
66.46
66.41
65.13
65.41
63.75
64.23
65.19
63.46
63.59
62.88
63.03
63.57
64.03
66.69
65.83
66.99
67.89
68.53
68.83
71.90
76.90
75.70
77.50
80.40
81.10
80.20
79.70
80.00
78.80
80.60
81.10
82.00
81.70
83.20
82.40
82.40
82.00
81.50
82.30
80.80
80.10
80.70
80.50
79.60
80.50
80.60
81.50
82.00
83.00
84.90
86.30
87.70
87.60
88.00
89.10
89.40
90.00
90.80
90.80
90.90
90.70
91.30
91.60
91.90
92.30
92.30
92.60
92.10
89.00
86.70
85.60
84.30
83.80
81.20
81.30
80.50
79.30
78.40
76.60
76.00
76.40
74.80
70.60
66.30
63.39
65.89
61.88
60.61
59.32
53.87
52.73
51.75
52.45
53.06
53.43
51.09
51.33
50.96
50.82
50.19
48.26
47.65
46.84
46.72
47.98
49.75
55.16
60.63
62.09
63.48
65.59
68.85
69.27
69.72
71.20
70.20
72.20
76.40
78.10
79.80
80.20
80.60
81.40
82.40
83.20
85.00
84.80
84.40
84.00
83.40
82.30
81.30
82.50
81.60
82.10
82.60
82.70
83.30
85.60
85.10
85.80
86.30
85.30
86.60
85.80
85.90
87.60
88.80
89.00
90.10
90.00
89.00
88.30
89.30
88.90
89.40
90.80
91.70
91.90
91.60
92.30
92.50
91.10
89.20
85.70
83.40
82.70
80.90
78.90
77.80
74.90
73.50
71.70
70.50
68.40
66.87
65.50
63.59
60.88
60.44
59.36
56.34
56.35
56.16
56.26
54.02
53.47
52.45
51.34
49.46
49.89
50.00
49.52
48.06
48.65
48.35
45.35
46.58
48.31
48.64
50.53
50.73
53.30
55.38
55.15
56.11
57.03
59.02
58.86
58.72
59.26
63.89
66.78
69.85
68.15
67.27
67.56
68.40
68.33
67.97
68.30
69.27
71.20
70.00
69.94
72.40
75.80
77.30
77.90
78.60
79.90
77.80
78.40
81.50
81.90
81.00
80.00
80.80
80.90
79.50
79.80
78.80
82.30
88.80
87.50
85.90
87.50
90.40
91.90
91.60
91.90
91.30
90.80
90.00
90.00
89.10
89.30
89.00
88.40
87.10
85.20
83.60
80.60
78.60
78.70
76.20
73.30
70.20
70.60
68.61
66.10
65.61
64.96
63.95
62.79
61.77
60.53
59.07
59.02
57.63
56.65
55.44
55.15
55.10
54.22
51.59
50.47
50.13
50.96
48.88
48.45
47.09
45.94
46.50
47.37
47.18
48.48
49.09
50.63
51.91
52.31
53.51
54.63
56.97
63.32
63.52
63.59
63.00
65.32
64.79
65.59
69.30
69.55
66.78
65.71
68.34
70.20
72.90
76.90
76.90
77.00
77.60
75.80
73.30
71.50
71.30
70.70
72.40
72.20
72.00
71.50
72.50
73.90
72.30
74.80
77.60
80.10
82.00
82.20
82.00
80.50
80.10
81.00
81.30
80.70
80.40
79.80
79.90
80.40
80.10
81.40
82.70
84.20
84.30
83.10
85.50
84.90
82.40
80.00
84.30
83.50
76.20
73.30
69.40
68.66
70.10
71.00
68.23
62.82
59.67
57.58
56.92
54.17
53.01
53.17
53.99
52.79
51.77
50.33
50.26
49.66
49.42
49.65
49.51
49.47
48.20
49.07
49.52
49.71
49.40
50.51
51.87
50.93
51.72
54.21
55.75
56.77
58.10
60.79
62.81
63.78
63.29
63.84
64.10
67.56
68.43
67.67
69.11
71.20
74.10
73.80
70.90
72.80
75.40
76.10
76.10
76.20
76.60
77.80
76.80
74.50
75.20
77.10
76.60
76.90
77.70
77.60
80.30
82.00
81.10
80.70
81.90
82.60
82.60
83.40
84.10
84.90
85.50
86.30
87.80
89.30
88.80
89.00
88.10
88.00
88.70
88.50
88.30
87.00
86.00
85.90
86.90
86.30
84.70
83.60
82.00
80.00
77.80
75.70
72.50
71.30
71.50
70.80
69.62
66.48
66.25
63.42
62.03
59.30
58.47
57.94
57.23
56.30
55.29
53.93
53.60
53.42
52.78
52.28
52.05
51.11
51.92
51.09
51.81
50.37
51.97
53.46
52.62
52.34
53.94
55.43
57.87
60.40
62.64
64.49
67.08
67.19
67.77
70.10
71.80
72.30
73.50
74.10
72.30
73.80
72.40
72.80
71.00
71.80
73.50
73.00
73.70
74.50
75.30
75.60
74.10
72.70
73.40
75.40
76.90
78.20
77.80
77.30
77.40
76.80
76.50
77.00
77.90
80.50
82.80
84.50
86.80
87.30
87.80
88.70
89.50
89.70
89.60
89.50
89.10
89.80
86.00
85.50
86.50
86.80
87.50
88.10
88.20
87.40
87.50
87.70
84.10
80.80
77.10
74.80
71.80
69.85
68.88
67.64
66.69
64.86
62.44
60.76
60.67
59.69
59.73
58.47
57.50
57.98
56.50
56.84
57.64
57.88
57.67
53.32
52.14
52.12
51.84
52.16
51.67
52.73
52.02
51.04
53.01
55.45
56.74
58.40
60.09
62.69
64.28
65.77
66.67
67.93
69.74
68.67
68.66
69.02
70.60
71.80
71.60
70.70
70.80
71.00
70.80
70.20
70.50
68.23
68.36
71.20
73.20
73.40
74.20
75.40
75.00
74.70
73.40
75.50
77.00
79.70
80.70
80.80
81.50
83.00
83.60
84.00
84.40
84.40
83.70
84.70
86.50
87.80
87.90
88.60
89.80
90.00
91.40
92.60
93.00
92.80
92.40
91.70
91.60
90.90
89.70
87.30
84.60
83.10
81.30
78.70
76.30
75.60
72.90
71.60
70.20
69.30
67.82
64.77
61.92
62.23
60.76
60.13
59.32
57.82
55.83
55.11
55.63
54.25
54.14
52.79
52.96
54.18
57.17
57.97
58.44
58.44
55.76
53.96
53.55
54.39
52.69
53.23
52.71
53.36
55.84
59.00
59.24
57.63
58.51
59.35
58.71
64.48
62.23
58.67
59.94
60.33
66.49
71.30
73.80
81.80
83.80
81.10
76.50
75.30
81.30
79.80
80.10
79.20
79.70
80.10
80.90
79.70
80.00
81.70
82.90
83.30
84.30
83.90
84.50
85.70
86.80
88.10
88.50
89.40
89.10
88.00
88.20
89.20
89.90
89.70
91.00
91.20
90.20
89.50
89.10
89.30
89.30
89.30
88.80
88.60
86.80
85.00
83.60
82.40
81.10
79.20
77.30
75.30
73.10
72.00
70.90
69.76
69.71
67.41
65.22
62.39
59.67
58.02
57.40
56.36
56.30
56.35
56.10
54.79
54.41
54.19
52.90
53.31
53.76
51.78
50.78
51.00
49.50
49.95
51.10
51.87
52.55
52.43
52.19
53.65
54.99
56.64
57.36
59.58
62.07
62.48
67.43
69.94
68.45
68.39
70.10
72.50
73.80
75.20
77.30
78.60
79.70
80.00
80.30
80.90
80.90
80.50
80.60
81.60
82.90
83.90
83.20
83.90
85.80
85.10
85.00
86.60
87.90
88.70
89.00
90.20
89.30
88.80
90.00
89.10
86.60
86.30
85.90
86.90
87.10
86.70
88.80
89.20
87.10
87.20
88.20
88.60
89.50
89.10
88.90
88.20
87.00
86.00
84.60
83.40
82.00
79.50
78.30
75.80
74.20
72.80
71.90
70.20
69.58
68.39
66.14
63.93
62.36
61.50
59.77
58.49
58.21
56.30
56.08
54.37
53.71
52.84
53.06
51.71
51.94
52.12
50.79
50.90
49.66
50.09
51.28
52.62
55.56
57.38
60.76
64.21
63.61
66.00
65.91
66.85
70.10
70.40
74.30
75.90
74.80
75.50
76.30
77.60
79.00
78.50
77.40
78.20
78.80
79.40
81.60
79.90
81.90
83.70
83.70
86.60
86.10
87.90
88.80
87.50
87.70
89.50
89.50
89.70
90.60
89.30
88.80
87.10
88.80
89.50
89.90
90.80
90.20
89.10
88.50
89.20
90.00
90.10
89.90
90.20
90.90
90.60
90.30
91.10
91.10
91.10
91.10
92.00
92.30
91.00
91.00
90.30
88.10
85.70
82.90
81.30
76.60
75.70
74.10
73.60
72.50
72.10
71.00
68.76
64.34
61.63
58.37
58.00
57.94
58.22
56.35
55.71
54.55
54.52
53.74
54.15
52.98
52.07
54.78
54.65
54.62
55.39
55.90
57.92
62.06
64.54
69.79
69.83
70.70
72.80
75.00
76.20
76.20
75.20
74.50
78.10
80.90
80.10
77.80
77.40
79.50
80.50
80.80
82.70
81.80
79.80
78.80
81.60
85.80
86.90
87.40
87.80
87.30
85.80
85.30
83.30
82.70
81.70
82.70
84.10
83.60
84.10
85.70
88.60
89.30
87.90
89.40
89.90
91.50
93.10
93.60
93.80
94.10
94.10
93.90
92.60
90.50
89.90
90.10
89.70
89.90
88.90
89.90
89.10
89.30
89.10
87.90
85.90
83.00
80.00
77.70
75.40
71.10
72.00
70.20
67.53
65.79
64.42
62.89
61.86
61.67
59.44
57.42
56.08
53.27
53.98
55.52
54.61
52.26
51.01
51.16
53.75
52.20
58.71
65.57
64.36
66.22
72.30
75.70
77.40
78.10
80.70
82.40
82.70
83.00
83.60
84.40
85.80
86.60
87.50
88.90
90.40
91.50
92.10
91.90
91.80
91.90
92.50
92.10
92.30
92.50
91.70
91.30
91.70
91.60
91.90
92.40
92.30
92.10
92.50
92.70
92.30
91.40
91.80
91.70
91.20
91.50
91.70
92.90
93.20
93.10
92.40
92.60
93.00
93.10
92.80
92.90
93.30
93.80
94.00
93.10
92.60
93.40
93.70
94.10
94.70
95.00
95.10
95.10
95.20
95.20
95.10
95.00
95.00
94.90
94.90
94.90
95.10
95.00
94.80
94.30
93.90
93.50
92.60
91.60
91.90
91.80
90.70
88.60
88.20
88.70
88.20
88.80
87.40
87.30
87.10
85.60
84.90
84.10
84.20
84.50
84.00
84.70
85.20
85.50
85.30
86.30
86.90
87.50
88.10
89.10
89.80
90.10
90.90
91.60
92.60
93.40
93.60
93.80
94.00
94.20
94.40
94.60
94.70
94.70
94.90
94.90
94.80
94.50
94.40
94.30
94.20
94.30
94.30
94.30
94.50
94.70
94.90
95.00
95.10
95.20
95.30
95.30
95.40
95.40
95.40
95.30
95.40
95.50
95.60
95.60
95.60
95.60
95.60
95.50
95.50
95.40
95.30
95.20
95.00
95.00
95.10
95.20
95.30
95.30
95.40
95.50
95.50
95.40
95.40
95.30
95.10
94.20
92.60
92.20
91.10
90.70
89.40
87.70
86.40
86.10
84.00
84.90
84.90
82.40
80.30
79.10
79.60
79.10
78.20
78.60
79.90
81.70
81.30
81.20
79.60
81.20
82.50
83.70
85.00
85.30
85.70
85.90
86.10
86.30
86.40
86.80
88.50
89.80
90.30
91.50
92.40
93.40
93.80
94.20
94.40
94.50
94.30
93.80
93.60
93.30
93.40
93.30
93.40
93.30
93.50
93.20
93.10
93.40
93.00
93.00
92.70
92.60
92.50
91.70
91.40
91.20
91.70
92.10
92.30
92.50
92.60
92.80
93.30
93.50
93.10
93.20
93.50
93.50
93.60
93.80
94.00
93.80
93.70
93.70
94.10
94.70
95.00
95.20
95.20
95.20
95.20
95.20
95.10
94.70
93.70
91.70
89.60
88.70
89.20
88.70
88.10
89.50
89.90
85.60
83.70
82.80
81.90
82.10
82.30
81.90
79.80
78.80
78.70
78.60
77.30
78.20
81.50
80.80
81.30
81.20
82.50
83.90
84.30
84.60
82.80
85.60
87.80
89.20
90.90
92.80
92.80
91.80
91.00
90.50
88.90
88.60
88.60
88.20
88.40
89.00
89.40
89.40
89.00
89.20
89.50
89.50
90.00
90.00
90.00
89.80
89.20
88.30
88.70
87.40
87.20
87.30
87.70
88.30
88.80
89.10