80.40
80.80
81.30
81.10
81.10
82.30
84.90
86.60
85.80
84.80
84.80
86.60
88.50
89.60
90.20
91.00
92.00
92.30
92.50
92.80
93.30
93.60
94.10
94.20
94.20
94.10
91.70
91.10
91.40
90.50
88.70
86.00
84.20
82.70
81.30
79.30
78.20
74.70
72.20
71.30
69.31
64.77
64.68
62.11
58.25
56.87
55.26
54.67
51.65
49.93
48.82
48.17
47.10
46.79
45.05
44.19
42.92
42.47
41.73
42.04
42.11
42.10
41.78
41.32
41.26
42.00
43.11
44.89
47.49
48.69
48.47
49.81
49.08
51.19
53.29
54.04
54.13
55.44
55.15
57.44
63.06
65.98
66.98
67.19
66.77
67.54
69.23
68.70
69.37
71.00
70.40
71.00
72.50
71.10
72.80
73.60
74.90
76.10
77.60
77.40
76.80
76.70
77.60
78.80
78.80
77.00
75.90
76.50
75.60
75.00
74.70
72.40
72.80
82.00
86.40
86.90
87.10
86.70
85.70
83.60
80.70
81.20
82.40
83.30
83.20
83.50
83.70
82.90
83.30
81.60
76.50
72.50
68.45
67.94
65.66
64.52
61.50
60.13
59.98
55.93
54.46
51.56
48.06
46.42
44.64
38.44
37.56
36.20
36.88
35.29
34.20
32.32
32.76
36.10
37.68
35.31
33.96
35.64
35.66
37.77
39.10
39.79
43.53
44.47
43.64
43.36
44.06
47.81
51.54
45.79
51.88
60.43
58.76
68.66
63.55
64.08
65.90
66.34
67.40
67.49
68.41
67.46
68.46
70.50
71.50
71.70
71.70
71.50
72.60
73.20
71.40
72.30
74.70
77.20
78.90
80.20
78.90
78.80
79.80
79.50
79.00
78.30
76.60
74.00
74.00
75.10
77.80
80.70
82.80
85.00
86.50
87.90
89.90
91.00
90.90
90.10
90.20
90.10
90.40
89.20
87.00
89.30
87.70
84.50
80.10
75.90
71.10
71.60
67.48
66.72
66.19
63.76
63.70
61.42
58.58
55.62
54.64
52.12
49.97
48.55
45.12
44.39
43.18
42.57
41.15
39.38
36.92
35.51
34.29
34.74
34.70
33.84
34.71
35.21
34.21
38.04
38.63
40.38
41.99
44.90
50.65
53.97
47.72
49.57
51.68
54.65
56.66
58.79
58.23
61.85
59.32
60.34
62.11
59.77
58.49
58.41
61.05
58.64
56.22
52.96
53.80
53.75
52.80
51.04
50.79
52.81
51.89
51.82
55.03
62.73
67.06
68.49
70.00
71.20
72.30
73.40
73.50
72.00
75.00
76.40
77.20
77.90
81.50
86.60
88.00
87.80
88.10
88.10
86.90
85.75
84.65
83.45
82.35
81.25
80.75
78.95
77.80
73.10
86.20
84.30
81.80
77.40
75.10
72.10
68.59
64.30
62.16
61.13
59.68
56.28
52.88
51.13
51.81
51.71
49.88
48.17
46.32
44.80
41.61
40.49
39.09
34.07
33.70
30.48
30.17
29.71
30.77
30.29
30.98
34.91
36.13
35.77
36.65
38.22
38.70
37.06
41.99
37.92
40.51
42.09
40.73
40.30
43.42
43.48
47.94
52.77
53.42
52.41
51.08
49.13
47.32
47.94
48.18
49.05
50.80
50.79
51.02
51.84
51.75
51.12
53.76
54.90
54.30
58.59
60.38
60.70
63.36
61.35
61.87
64.66
67.74
68.15
68.72
72.00
75.00
76.40
77.20
77.90
81.50
86.60
88.00
87.80
88.10
88.10
86.90
85.75
84.65
83.45
82.35
81.25
80.75
78.95
77.80
73.10
71.40
70.10
67.94
63.28
67.75
66.02
63.44
64.34
62.98
62.29
60.70
57.11
55.97
50.33
49.37
49.02
48.59
47.07
45.76
43.24
41.80
40.79
39.40
39.69
38.79
38.41
39.62
40.07
39.54
38.29
38.53
37.90
38.11
39.51
39.13
40.25
40.97
43.42
46.00
46.57
48.77
49.53
49.61
50.16
51.29
53.39
56.34
56.95
59.23
58.88
59.05
57.35
55.59
55.05
56.56
57.72
58.53
57.90
57.47
58.66
57.45
56.96
58.93
60.80
62.56
64.32
67.40
69.69
71.80
72.00
68.33
64.66
67.74
68.15
68.72
72.00
75.00
76.40
77.20
77.90
81.50
86.60
88.00
87.80
88.10
88.10
86.90
85.75
84.65
83.45
82.35
81.25
80.75
78.95
77.80
73.10
71.40
82.00
80.20
76.60
73.30
70.60
67.39
65.94
64.88
62.16
61.73
59.79
54.72
52.62
51.99
50.45
48.74
46.42
45.79
43.98
42.72
41.44
39.83
38.76
37.13
37.26
38.06
36.92
37.19
37.18
37.33
36.41
36.24
37.49
38.94
38.24
37.56
41.61
42.85
47.61
49.24
50.03
47.62
47.65
43.92
43.92
46.19
50.64
53.42
55.56
56.87
57.27
56.86
59.13
58.81
56.55
56.53
55.59
56.14
55.80
57.38
58.23
58.69
60.04
61.30
61.95
63.20
63.48
65.80
67.33
67.37
66.56
69.00
72.10
72.40
70.20
69.27
67.50
67.79
68.51
69.88
70.35
70.85
71.35
71.81
72.25
72.75
73.25
73.74
74.25
74.75
75.15
75.67
76.15
76.65
77.75
77.60
75.80
74.10
69.48
65.91
66.02
67.70
66.87
67.99
64.52
61.97
60.77
61.50
56.48
56.15
56.72
55.92
52.73
51.40
47.25
44.36
42.47
40.73
39.53
38.96
38.90
39.38
37.88
39.01
39.84
38.31
37.25
36.94
30.23
31.62
31.98
33.00
34.04
35.01
35.81
38.25
40.90
42.47
42.81
42.94
43.02
42.73
43.27
44.71
43.60
44.87
45.28
45.84
44.26
44.32
44.93
46.61
47.48
48.14
48.93
50.00
50.23
51.96
52.77
54.92
55.99
57.65
59.08
58.83
58.57
59.77
59.54
59.72
61.13
61.21
60.90
61.65
61.52
61.03
61.24
59.97
60.70
62.47
63.46
64.96
68.86
73.81
77.07
78.40
78.60
78.00
75.40
73.27
73.37
73.57
73.30
72.13
71.13
68.70
68.36
67.04
65.04
63.19
63.11
62.88
62.18
61.79
60.50
59.08
55.55
53.11
48.75
47.47
43.78
42.51
40.24
37.26
36.26
35.36
34.47
34.15
33.61
32.74
32.23
31.35
31.51
31.28
30.65
32.39
32.65
33.26
34.64
36.39
38.26
39.26
39.49
38.57
39.18
39.39
38.28
37.92
36.97
38.31
40.66
41.79
42.49
44.55
44.40
45.60
47.74
49.59
49.33
48.81
49.15
56.05
60.29
59.99
60.74
60.86
60.08
58.37
56.85
56.42
57.66
61.97
62.96
62.46
63.85
62.60
59.45
59.04
60.79
62.89
66.29
68.77
70.73
70.37
73.52
73.63
75.49
75.38
74.27
74.53
74.67
77.07
77.43
76.73
78.70
80.70
81.20
80.10
79.87
79.10
76.72
75.93
73.81
71.53
69.61
67.77
65.83
64.25
61.35
58.42
56.33
54.71
52.64
51.13
49.37
47.72
47.18
44.84
43.39
42.30
40.89
40.68
40.14
39.83
38.84
39.13
38.22
38.60
38.41
38.19
38.46
38.30
38.60
39.34
40.15
40.62
41.33
42.39
43.10
45.24
48.81
49.46
49.94
51.10
51.45
52.66
53.05
55.74
59.00
59.76
60.87
62.07
63.19
67.63
69.49
71.37
72.67
73.80
75.00
75.66
76.57
77.34
78.58
79.27
80.09
80.26
80.56
80.26
80.43
80.49
80.41
80.85
80.89
80.91
81.47
83.27
84.30
84.67
84.97
85.17
84.13
84.10
84.00
84.33
84.70
84.97
86.00
86.30
86.63
86.80
87.73
90.90
91.03
90.53
89.07
87.53
84.60
82.87
81.50
79.59
78.24
76.11
74.53
73.72
71.10
70.55
68.85
68.45
67.62
65.53
65.36
65.36
61.38
57.90
57.18
56.30
55.85
54.67
53.49
52.15
51.34
50.58
50.08
49.29
49.18
48.93
48.69
48.21
48.31
48.82
49.79
54.58
56.94
58.68
60.16
61.45
62.31
61.62
61.72
62.35
61.99
66.13
69.85
67.23
66.12
66.85
69.04
69.99
72.11
73.53
73.12
73.34
73.39
74.41
75.34
76.55
77.46
78.71
79.36
81.37
82.80
83.30
83.90
83.90
84.57
85.67
86.83
86.73
87.80
88.70
88.50
87.60
87.57
87.30
88.03
86.53
90.57
91.97
90.40
88.77
89.43
90.50
89.43
89.43
90.53
90.30
89.47
88.93
89.63
89.33
89.27
88.03
86.13
84.53
83.04
81.51
80.03
77.71
76.30
75.16
74.37
72.91
71.52
69.73
67.04
65.96
63.16
61.32
58.92
57.50
56.29
56.16
55.66
55.27
55.50
54.49
52.68
52.70
51.52
51.61
50.66
48.65
48.21
49.22
49.63
49.34
50.93
53.42
54.28
56.00
57.08
58.19
58.34
58.99
59.03
59.37
59.75
60.50
61.06
61.46
61.27
61.28
61.80
63.23
64.01
64.16
65.48
66.37
66.87
68.57
70.09
70.88
72.83
73.65
73.44
74.20
73.53
73.29
73.30
74.50
74.76
75.64
76.96
77.01
77.14
77.43
77.47
77.27
77.80
77.89
78.48
78.70
78.01
78.40
79.50
80.31
81.42
81.40
81.16
81.44
82.43
83.72
83.95
83.79
82.64
81.41
79.89
78.93
78.44
77.35
76.66
74.84
71.63
69.66
69.26
67.56
66.52
65.28
63.99
62.04
60.05
56.35
54.87
53.76
52.40
52.31
51.98
50.52
48.36
48.24
48.09
47.80
46.80
46.63
46.66
45.62
46.16
45.60
45.24
45.82
45.93
46.08
46.25
46.89
48.12
49.40
50.98
53.15
54.07
53.54
53.57
55.38
54.93
53.84
54.98
54.57
56.48
59.03
61.40
61.70
61.26
62.37
61.94
60.93
61.30
63.54
64.11
65.85
71.22
73.44
74.03
75.32
76.14
76.84
77.41
78.58
78.87
78.68
79.05
76.90
77.25
76.43
77.78
76.77
75.69
74.86
74.43
74.74
76.53
77.28
77.57
79.06
81.03
81.43
81.80
83.13
83.47
82.40
81.47
81.13
79.13
77.78
78.84
78.68
76.68
73.91
72.90
72.63
71.15
70.51
69.91
68.25
67.25
65.59
63.70
62.06
60.17
59.52
58.24
57.06
55.92
54.62
53.64
53.31
53.10
52.46
50.95
48.30
46.77
45.57
44.54
43.66
43.23
43.10
42.34
42.19
42.78
42.93
44.85
46.29
47.39
49.62
51.42
52.33
52.83
55.08
55.97
55.39
55.46
56.73
58.76
59.10
60.35
60.10
60.50
61.16
62.05
62.65
60.15
60.41
61.30
61.88
62.97
63.22
64.32
65.07
65.64
66.84
68.25
69.14
69.11
68.48
68.73
69.31
69.33
69.31
72.03
75.98
77.55
77.31
77.45
80.37
80.67
81.03
80.43
79.13
77.96
76.67
75.69
75.63
76.03
75.06
75.82
81.77
84.83
84.53
83.43
83.40
81.96
81.05
78.90
76.21
74.09
70.80
68.08
67.77
66.86
64.73
62.35
59.52
58.12
56.02
54.33
53.20
52.69
50.04
50.70
48.93
47.78
47.24
46.33
45.00
44.49
44.30
44.60
43.33
44.02
42.29
40.76
39.38
40.94
41.17
40.73
41.52
41.88
43.21
45.43
48.17
49.35
50.66
50.99
51.81
52.90
53.40
54.29
54.51
56.63
59.12
61.05
62.40
62.76
63.15
64.47
65.16
65.82
67.25
68.47
68.78
67.55
66.56
66.20
65.63
66.20
67.23
66.88
67.01
68.20
69.75
71.05
72.36
72.77
72.86
72.84
73.81
74.06
74.74
76.26
76.48
77.74
79.51
81.02
81.38
82.24
83.90
83.18
82.94
84.67
85.63
85.53
85.67
85.66
86.10
84.75
84.17
83.06
84.01
82.26
78.88
76.48
73.43
71.47
70.13
68.27
66.44
65.33
63.61
61.43
60.69
58.36
56.28
54.98
53.43
52.18
51.70
50.50
50.05
49.13
49.46
48.68
48.26
47.90
47.72
48.00
48.05
48.18
48.15
47.57
47.80
46.93
47.32
47.81
48.04
50.03
52.38
55.58
57.73
59.45
61.16
63.06
63.77
63.74
63.61
63.36
64.24
65.39
65.21
67.34
67.04
68.43
71.26
71.66
72.12
71.36
73.24
74.23
74.65
75.56
75.94
77.75
78.51
78.69
78.00
78.65
78.95
78.50
78.94
79.17
78.12
78.68
79.22
81.11
82.19
82.71
82.43
84.61
84.59
85.05
85.60
85.26
85.53
85.48
84.36
83.52
84.29
84.53
83.95
83.36
83.81
84.11
83.12
82.70
81.82
81.00
79.52
76.67
74.90
73.66
70.83
68.95
66.74
65.12
64.82
64.97
64.10
62.60
61.58
60.00
59.53
58.42
57.10
56.17
55.27
54.09
53.53
53.31
53.00
53.27
53.37
53.64
53.36
52.61
52.30
52.34
52.28
52.77
53.00
52.34
52.47
53.35
52.96
54.29
54.96
56.68
57.39
58.42
59.75
61.01
61.28
63.20
65.99
64.71
64.77
66.72
67.80
67.80
68.33
69.29
71.08
71.99
71.78
72.02
72.63
73.63
73.51
73.23
77.47
77.57
77.35
77.13
76.94
77.69
77.55
76.67
75.37
74.81
75.39
75.65
75.91
76.98
78.50
80.20
81.30
82.36
83.16
84.31
85.27
86.41
87.33
88.47
89.00
88.30
87.70
87.03
86.90
86.60
85.87
84.90
84.56
84.36
84.50
85.20
83.23
80.54
78.62
76.68
75.64
73.69
71.59
69.58
67.69
66.91
65.98
64.38
62.00
61.09
59.26
58.57
57.00
56.17
54.70
53.31
52.79
52.94
52.32
51.74
51.87
50.99
51.53
52.09
51.42
51.50
51.32
51.93
52.15
54.29
54.90
56.57
59.53
61.68
62.37
62.18
61.30
61.37
61.41
62.44
63.23
68.65
74.19
75.57
76.48
79.41
80.26
81.60
82.13
82.05
82.21
82.67
82.09
82.56
83.28
82.96
82.12
83.30
83.65
83.78
83.78
87.23
88.47
88.17
87.50
86.97
87.56
88.97
90.07
90.43
90.83
90.77
91.27
91.37
92.10
92.90
93.23
93.70
94.10
94.57
93.23
91.50
91.93
91.87
91.20
90.30
89.57
89.07
88.16
88.10
88.19
88.10
87.59
86.39
84.96
84.13
82.10
79.85
78.28
76.69
75.04
74.53
73.62
73.25
71.66
71.17
70.65
70.34
70.47
70.22
70.09
70.43
69.76
68.87
67.68
66.89
66.05
65.58
66.09
66.49
65.58
65.78
65.63
64.85
65.10
65.67
66.50
67.48
69.22
70.91
71.41
71.59
72.90
74.80
74.85
75.28
75.99
76.26
76.69
76.26
76.24
76.72
76.91
75.89
76.02
77.30
77.38
77.34
76.67
77.80
76.53
76.02
74.46
76.17
76.89
76.28
76.03
77.21
77.68
76.97
77.39
77.99
80.17
81.26
82.73
84.16
83.77
82.51
82.87
82.39
81.14
82.80
85.00
84.20
85.40
85.23
85.73
86.30
86.93
88.07
88.13
88.23
87.57
86.83
85.80
83.13
81.47
79.09
76.08
75.49
74.55
73.65
73.01
70.13
68.97
67.66
65.93
65.09
62.85
62.40
61.20
60.43
58.16
55.71
54.77
52.67
52.40
50.41
49.43
47.91
47.92
47.79
48.84
47.74
47.26
47.24
45.91
46.73
46.88
47.46
48.35
50.32
50.87
51.94
54.93
56.47
57.34
58.65
59.83
61.23
62.24
62.04
62.30
64.00
65.61
65.71
65.00
64.82
66.16
70.36
70.39
68.67
68.74
69.93
70.77
70.16
71.21
72.66
74.25
75.06
76.13
75.81
74.27
73.29
73.00
73.64
74.51
76.14
77.99
78.98
79.78
80.01
80.76
81.37
82.00
83.13
84.40
85.23
85.57
85.50
85.23
86.47
86.57
85.90
85.23
84.47
85.93
85.47
84.63
82.90
82.43
81.07
79.60
78.00
75.87
73.77
70.74
67.88
64.92
63.43
61.26
59.68
58.27
56.41
54.64
53.35
51.33
49.85
49.86
49.55
47.49
46.66
45.14
44.52
43.76
43.09
42.11
42.40
42.09
42.45
41.70
41.89
41.85
41.86
42.03
42.75
43.72
45.29
46.32
47.55
49.38
51.52
53.17
53.40
53.17
53.57
54.53
56.96
56.23
55.58
56.14
56.92
58.77
59.66
60.92
63.31
63.88
64.70
65.94
66.90
66.19
65.00
65.15
65.85
66.46
65.40
65.60
68.14
69.33
69.82
70.05
70.00
72.24
75.07
76.87
77.80
78.63
80.53
81.90
82.00
81.27
81.07
82.10
84.10
85.03
84.37
84.03
83.70
83.77
82.57
81.63
80.10
80.30
81.33
81.87
80.37
79.10
76.63
74.34
72.17
69.70
66.49
65.91
64.58
61.54
59.20
57.32
54.91
52.42
50.21
47.69
45.44
43.81
42.47
41.32
40.10
39.17
38.15
37.27
36.93
35.69
35.50
35.50
35.04
34.93
35.12
35.76
35.37
34.90
35.21
35.20
34.80
36.62
38.53
40.96
41.63
42.35
43.91
45.35
45.82
45.93
46.16
45.62
44.92
44.15
44.67
47.36
49.05
50.16
53.17
56.20
56.57
56.32
56.04
57.17
56.92
57.45
58.25
59.57
59.74
61.93
63.63
63.71
62.91
62.35
62.61
63.07
64.04
64.43
64.28
64.48
66.14
66.76
66.24
64.76
64.95
65.64
67.09
69.77
73.49
75.20
76.06
76.70
75.03
76.15
76.30
75.67
75.22
75.25
72.00
69.88
68.65
69.21
69.12
69.12
68.30
67.42
65.17
64.43
62.91
61.52
59.99
57.82
56.01
53.36
51.44
49.86
48.19
46.80
45.91
45.46
44.60
43.36
41.82
40.44
38.94
38.67
38.18
38.14
38.09
38.02
37.96
37.55
37.54
38.29
37.82
37.95
38.58
39.23
40.58
42.32
44.33
44.18
44.85
46.52
46.76
47.22
47.17
45.51
44.14
48.08
49.54
51.42
54.35
55.89
56.10
56.16
57.40
59.53
60.13
59.11
59.83
61.16
61.34
61.78
62.36
62.45
62.77
62.08
61.72
62.88
67.61
68.46
69.64
71.88
73.57
74.77
75.67
74.80
74.27
75.64
75.06
73.27
73.27
74.14
75.58
76.84
76.49
77.06
76.97
76.96
77.67
78.08
78.39
79.00
77.64
77.21
77.09
76.00
74.10
72.99
72.35
71.11
69.14
67.85
66.26
65.02
63.94
62.59
62.55
62.43
61.86
61.12
63.77
63.81
63.24
62.64
62.47
60.26
60.64
59.69
57.28
57.52
57.56
57.50
57.69
58.38
58.95
59.19
59.31
59.99
58.71
58.07
58.43
59.15
60.62
61.50
62.29
63.89
65.11
65.11
65.92
66.24
66.51
67.00
67.74
68.17
68.25
69.04
70.20
71.27
72.22
73.72
74.82
75.83
76.45
78.71
79.35
79.25
79.99
79.55
79.83
80.78
80.63
80.43
80.02
80.09
80.55
81.21
82.11
82.45
83.83
85.81
86.64
88.07
89.23
89.73
89.27
90.13
89.83
89.40
89.13
88.97
88.27
88.40
88.37
88.30
89.00
90.13
91.00
90.60
90.17
90.13
89.10
86.60
84.20
81.77
79.45
77.87
75.44
73.04
69.85
69.01
67.11
64.73
62.55
60.42
56.75
54.82
51.82
49.07
46.92
46.60
44.87
43.75
43.14
42.82
42.40
40.30
40.57
39.75
38.89
37.98
36.95
35.55
35.46
35.67
35.79
36.68
36.98
38.23
39.32
39.62
40.11
40.84
40.18
40.37
43.18
45.43
46.04
48.40
47.91
45.86
46.66
47.87
47.82
48.57
49.96
50.44
52.10
54.56
56.06
56.80
58.29
59.32
60.49
62.03
61.29
63.65
66.47
66.80
65.90
64.88
59.53
59.50
60.12
61.31
60.85
61.58
62.06
62.33
61.53
62.62
66.56
67.07
70.02
70.84
72.29
72.78
72.83
72.49
71.10
68.63
68.03
69.10
67.63
65.67
64.99
64.64
62.77
62.99
62.55
61.22
60.98
62.50
61.69
60.49
59.77
59.68
57.98
56.22
54.46
54.26
53.35
51.14
49.93
49.11
49.83
48.19
47.55
46.63
47.10
46.15
45.30
44.09
43.36
43.34
42.57
41.62
41.15
41.20
40.17
38.70
38.96
40.32
41.04
41.36
43.35
44.05
45.37
46.04
45.58
46.08
47.17
46.95
47.40
49.14
49.61
51.21
51.84
52.67
52.28
52.50
53.66
54.53
55.82
58.18
61.54
61.00
60.96
61.36
63.08
64.36
65.59
67.89
69.13
68.68
68.69
69.67
70.72
70.85
73.52
76.95
81.75
82.87
84.53
85.07
85.17
85.47
85.63
85.63
86.23
87.10
87.90
88.57
89.40
89.80
89.77
89.87
89.93
90.57
90.57
90.30
89.97
89.37
88.03
88.10
87.80
85.40
81.60
79.18
78.11
77.39
75.65
73.48
69.96
68.94
65.52
62.93
62.41
61.93
60.14
60.04
59.24
59.03
58.56
58.30
56.95
55.85
54.60
53.94
52.37
51.72
51.89
51.32
51.70
51.59
51.04
51.06
50.96
52.12
52.94
53.36
53.78
54.83
56.66
58.87
60.91
62.51
63.89
64.91
66.39
67.83
69.39
70.53
71.55
73.09
73.40
74.22
74.87
74.14
74.14
74.96
76.23
77.18
76.97
77.34
78.10
78.97
80.14
80.31
81.24
81.93
82.80
83.20
83.93
84.50
84.57
84.63
84.37
84.80
84.87
85.10
84.97
84.77
85.37
85.73
86.93
87.63
87.90
88.33
89.10
89.10
89.13
90.03
90.77
91.07
91.07
90.80
90.60
90.07
89.53
89.03
86.93
84.93
83.17
80.33
77.63
73.32
70.43
67.45
65.28
64.48
64.73
62.97
60.31
58.18
56.98
55.64
54.71
52.61
51.30
49.60
47.41
46.67
46.05
44.14
42.66
40.55
39.52
38.26
37.18
36.09
35.13
35.68
35.24
34.28
34.30
34.08
34.52
36.02
38.43
39.67
41.60
45.45
47.26
47.66
45.86
47.16
48.62
51.73
54.38
55.78
55.95
55.59
55.89
57.41
58.41
58.59
59.32
59.88
59.68
61.83
65.05
68.29
68.58
71.82
75.27
76.69
76.68
77.09
76.65
76.14
75.22
74.87
73.37
75.40
76.20
75.57
74.60
73.47
73.08
73.88
75.27
76.93
77.37
76.53
76.60
77.43
78.80
81.97
82.83
83.67
85.07
86.07
85.80
85.07
83.17
80.93
78.43
77.70
74.90
72.01
69.56
68.69
65.55
61.19
58.26
54.48
50.91
48.49
45.88
42.70
41.47
38.81
37.19
35.73
33.74
32.34
30.92
30.42
29.33
27.65
27.13
27.41
26.18
25.76
25.09
26.08
26.02
26.38
26.75
26.37
26.20
26.94
27.74
27.99
29.19
31.12
33.41
35.00
34.76
35.62
35.94
36.10
35.81
40.01
46.09
42.37
40.76
40.96
42.96
44.89
45.47
47.12
48.85
49.65
50.14
51.27
52.14
52.89
54.39
56.50
57.47
55.74
55.39
55.17
56.62
57.39
58.49
59.53
61.41
62.49
63.67
66.91
69.38
69.99
69.16
68.79
70.14
69.96
71.49
73.09
73.08
73.65
73.56
73.12
73.17
72.77
74.18
75.30
74.13
72.48
71.50
68.04
65.32
62.83
61.07
58.60
56.00
53.79
52.98
51.05
47.70
45.83
45.52
43.02
41.35
40.59
39.95
39.05
37.66
37.53
36.29
34.85
33.82
33.69
31.37
31.77
31.09
32.03
31.24
30.27
30.09
30.08
30.67
31.80
32.08
32.14
32.29
31.47
33.14
34.10
34.69
36.00
37.66
38.48
39.24
39.71
39.63
39.64
40.38
43.75
45.05
45.96
45.66
45.21
44.72
44.11
44.11
44.15
45.02
44.88
44.83
45.19
45.90
46.03
47.42
48.66
49.99
51.37
51.84
51.94
52.40
53.57
54.04
54.04
54.20
55.75
59.66
63.36
63.68
64.14
64.94
66.79
68.87
70.04
70.41
70.57
71.18
71.63
70.78
68.15
67.73
67.91
68.33
67.67
66.78
65.40
63.96
63.19
62.06
61.18
60.44
57.86
57.28
56.60
55.88
53.63
52.90
51.56
49.35
47.44
45.46
44.80
42.67
41.65
40.24
39.94
38.37
36.68
36.46
36.56
35.68
34.67
34.05
34.39
33.11
32.24
32.34
32.03
31.87
32.21
32.68
33.20
33.27
34.47
35.95
37.29
38.79
39.97
40.69
41.12
41.74
42.91
43.61
44.48
45.29
46.07
46.52
47.26
48.32
49.25
50.58
51.82
50.94
52.23
54.61
56.51
56.76
59.07
59.71
58.88
59.14
59.50
59.15
58.28
57.04
57.13
57.73
58.54
60.11
61.51
63.28
65.08
66.34
68.09
68.82
69.47
70.18
70.83
71.75
73.80
75.84
77.50
78.64
78.62
79.32
80.84
81.48
80.82
79.29
75.07
73.71
73.48
72.41
72.03
72.05
70.08
68.24
67.40
66.25
63.80
60.91
58.97
56.95
55.82
52.81
50.54
48.99
46.20
43.72
43.60
42.17
41.45
39.49
38.16
35.50
33.68
33.48
31.50
31.05
30.59
30.26
30.03
29.77
29.20
29.66
31.43
31.15
32.60
32.81
32.94
34.70
36.78
38.48
38.96
40.60
42.75
44.28
45.56
45.85
46.17
46.84
47.34
46.82
46.78
48.31
49.53
48.63
49.42
50.09
51.27
50.41
48.82
49.05
53.75
57.05
57.82
57.19
58.62
60.21