84.60
84.80
86.50
88.20
88.40
88.60
88.10
87.80
88.70
90.50
91.30
91.20
88.80
89.00
89.20
89.50
89.60
89.80
90.00
90.60
91.10
92.30
92.40
92.60
92.40
91.50
89.20
85.70
83.40
81.90
80.00
78.10
77.40
75.10
73.40
72.70
71.60
70.50
68.18
67.90
67.86
66.62
66.57
66.93
66.30
66.00
64.55
64.05
64.45
62.99
62.13
61.54
60.62
60.14
58.95
58.94
59.95
61.43
70.40
76.60
77.90
77.20
76.40
75.20
73.00
76.50
84.20
85.70
84.70
85.30
85.50
84.60
84.90
87.10
88.70
89.30
89.00
89.30
90.50
91.50
92.20
90.80
89.40
90.70
91.00
89.10
88.90
91.20
90.80
90.60
89.90
87.10
87.00
87.60
89.40
90.60
92.00
93.60
93.90
94.20
95.10
93.40
91.00
89.40
89.20
89.80
90.70
91.30
91.80
92.20
92.80
93.80
94.30
94.30
94.60
95.20
94.30
92.70
89.70
89.40
89.90
89.90
89.90
90.40
87.10
84.50
82.50
80.70
78.20
75.70
73.20
72.70
71.70
71.00
71.50
71.90
71.50
70.30
70.50
70.70
68.75
66.55
65.58
65.57
64.02
63.12
62.92
63.45
61.25
60.87
61.05
61.39
59.37
59.32
57.92
58.01
63.90
76.90
78.70
74.30
75.30
85.10
90.80
91.10
86.80
85.60
87.60
88.40
87.90
89.30
90.50
90.20
89.00
89.60
89.90
92.10
94.00
94.10
91.00
89.60
90.10
91.50
91.90
91.50
91.40
92.20
91.80
88.80
86.00
86.40
86.90
89.50
90.70
93.70
94.90
94.60
94.20
95.00
95.00
95.20
96.00
96.00
96.30
96.30
96.60
96.80
95.80
96.00
96.10
96.20
97.00
97.40
97.40
97.30
97.20
97.30
97.20
96.30
95.10
92.50
91.50
89.60
88.10
86.70
86.70
85.80
85.20
81.30
78.20
78.50
77.70
76.70
73.40
69.84
72.40
71.10
71.10
68.64
69.89
73.90
71.40
69.81
67.30
70.70
67.49
67.18
68.95
60.91
62.36
70.30
67.39
65.78
63.35
59.87
60.06
54.99
63.05
71.30
76.20
80.00
84.20
84.80
85.70
86.20
85.50
86.10
85.50
86.10
86.60
87.90
88.10
88.40
88.00
87.20
85.90
85.90
86.10
85.80
84.80
85.40
86.60
87.50
89.70
90.80
91.50
92.20
92.20
92.20
92.50
91.60
92.40
92.20
92.10
92.30
92.10
93.00
93.80
92.80
93.50
93.80
94.00
93.80
93.70
94.10
93.60
94.60
94.30
95.40
96.00
96.40
97.10
97.60
97.90
97.80
95.60
91.80
91.40
87.40
83.90
81.80
81.20
79.20
77.80
77.80
76.30
74.90
74.30
72.70
71.70
71.30
70.10
69.04
71.00
70.70
65.58
58.84
53.23
54.44
56.66
52.88
52.95
49.99
48.75
52.85
50.91
54.05
58.02
56.77
55.29
59.78
70.60
76.20
77.00
76.60
72.50
77.30
77.30
77.80
78.30
79.50
79.00
79.80
81.10
79.50
78.30
79.60
81.70
83.60
84.60
86.20
88.20
87.30
87.80
87.60
88.40
88.00
88.30
88.70
90.70
91.60
92.00
92.10
92.00
93.40
95.40
96.40
96.50
95.70
96.00
96.00
95.40
95.30
94.40
93.50
94.30
94.40
94.30
93.90
93.30
92.50
92.10
92.50
93.80
94.80
94.20
92.80
91.60
92.10
91.40
88.70
89.90
91.10
90.30
87.60
86.50
84.40
81.90
81.30
79.80
78.00
77.80
74.50
73.10
72.10
72.70
75.00
75.70
71.30
67.54
65.76
65.29
65.48
65.52
62.25
63.18
63.48
62.12
60.36
58.67
56.64
55.05
51.01
51.82
52.77
54.12
59.62
59.46
57.51
60.52
62.45
62.90
61.42
61.74
66.40
67.03
68.27
74.20
77.20
79.70
82.00
83.00
83.70
81.80
81.40
84.00
85.80
88.80
88.40
86.50
86.60
86.90
86.40
84.90
85.00
85.40
86.20
85.80
85.30
86.60
87.90
89.60
90.10
88.10
90.40
91.10
89.60
90.10
90.60
91.00
91.20
92.00
92.60
91.90
93.00
93.10
93.00
93.80
94.00
94.60
95.10
95.40
96.00
96.40
96.60
96.20
95.70
95.60
93.70
88.30
83.70
79.30
76.80
74.40
72.70
70.90
69.01
68.38
67.43
66.79
66.48
67.40
65.67
65.35
63.58
61.51
62.23
61.79
60.25
57.90
58.27
59.08
58.09
58.78
58.00
55.07
53.56
52.40
52.62
50.11
50.33
50.37
49.95
46.49
46.96
44.93
44.55
46.76
46.91
50.10
57.06
56.73
58.75
59.69
55.30
62.56
66.10
64.96
64.30
60.55
59.28
66.06
77.70
67.23
63.23
63.04
64.84
72.70
75.70
76.40
78.70
79.60
73.90
71.50
71.10
71.40
71.30
69.41
69.43
71.50
74.10
76.50
79.30
81.60
84.50
86.20
88.00
92.50
94.10
95.10
94.70
95.40
94.20
93.00
92.10
93.00
91.10
91.10
90.50
91.90
92.80
94.30
94.20
89.90
86.00
81.50
80.80
77.50
74.80
73.30
72.50
73.20
72.50
68.89
68.38
68.36
65.93
65.12
63.69
62.23
62.49
60.31
59.72
58.58
57.86
55.20
54.99
54.44
53.17
52.04
51.14
51.28
50.24
50.07
49.92
47.40
49.80
52.80
55.79
59.97
62.46
64.84
69.33
68.29
69.82
69.62
73.00
74.50
77.50
75.10
79.60
80.60
77.80
80.30
79.60
80.60
83.40
84.70
87.70
87.40
86.00
89.60
88.30
86.80
87.00
89.50
90.90
90.60
90.20
91.70
93.80
90.30
90.60
91.80
91.30
91.00
92.30
93.10
92.50
93.70
93.90
93.40
94.20
94.20
95.00
95.10
94.70
95.80
96.40
96.70
97.00
96.70
95.70
96.10
96.50
96.30
96.90
97.00
97.00
96.70
96.30
92.30
88.70
87.00
84.20
82.20
79.20
74.60
73.20
72.30
69.74
69.06
67.53
66.28
65.46
63.63
62.78
61.61
58.55
59.43
59.69
58.48
57.56
57.98
57.08
57.53
55.82
55.97
55.62
54.07
53.23
51.69
51.87
51.99
53.60
52.76
53.16
55.14
59.21
63.39
64.55
69.08
73.60
74.80
76.80
79.20
81.80
83.40
85.40
85.90
86.50
86.40
88.30
90.10
87.90
84.60
84.50
84.30
84.90
83.90
85.70
84.60
84.20
85.30
83.80
81.60
80.00
81.60
83.00
84.20
85.30
84.90
83.50
83.50
84.20
85.70
89.00
88.80
89.70
85.40
82.60
83.00
84.40
86.50
87.50
87.90
86.70
88.80
89.90
87.50
87.10
86.90
88.50
89.10
87.60
87.00
86.30
84.60
82.60
81.40
79.30
77.20
75.70
73.50
71.70
72.30
69.31
68.99
66.64
65.92
64.53
63.98
63.44
62.98
63.09
61.04
59.83
59.81
58.92
55.54
56.63
55.80
56.01
54.89
55.69
60.17
76.30
69.05
74.90
74.50
75.20
77.40
81.20
85.40
86.50
84.40
84.20
86.30
86.10
85.80
84.60
83.60
85.90
88.60
88.80
90.30
90.10
90.30
89.70
87.80
86.20
88.70
91.30
92.80
94.10
94.30
93.70
93.70
91.80
90.40
90.40
90.40
90.00
90.70
91.60
91.00
89.50
89.90
89.30
89.60
90.30
91.00
91.80
92.40
93.40
94.30
95.10
95.60
95.90
96.00
95.70
96.00
96.80
96.00
95.50
95.00
95.90
97.10
97.00
96.50
95.00
91.90
90.80
84.00
85.70
84.30
81.60
80.80
79.70
75.70
73.90
70.90
70.50
70.20
68.69
66.16
65.53
64.67
61.78
60.65
62.26
61.77
62.19
61.72
60.32
61.56
61.40
59.73
61.65
60.09
59.75
60.24
58.51
59.03
59.37
59.67
59.85
68.70
70.60
74.60
76.90
77.10
77.20
72.50
64.94
62.12
67.09
75.80
82.80
81.00
83.70
84.20
84.00
84.80
84.50
83.80
84.10
85.90
87.80
88.00
89.00
89.40
89.30
89.30
88.70
88.20
88.90
88.10
89.80
89.90
90.90
91.20
93.40
93.30
93.10
95.40
95.80
95.60
95.30
95.30
94.60
93.60
92.60
91.30
91.30
92.30
93.30
94.40
93.60
93.80
94.10
91.20
91.40
92.10
92.00
90.10
90.20
89.90
90.40
88.80
87.60
85.40
83.80
83.60
82.60
80.60
78.10
76.60
75.60
73.30
70.60
70.20
69.72
68.96
65.84
64.70
61.54
61.86
62.17
59.71
58.99
58.47
55.10
54.34
53.27
59.21
64.56
67.60
69.00
64.22
64.21
63.25
69.18
75.00
73.20
71.00
61.20
63.04
62.12
63.41
67.69
71.60
74.60
77.30
80.00
81.20
83.10
84.60
85.00
86.00
87.20
87.20
87.60
89.70
90.20
90.90
91.10
91.80
92.20
91.70
92.70
93.10
94.10
94.90
94.30
94.80
94.90
94.10
92.20
89.60
88.50
92.20
93.80
96.20
96.90
98.10
97.10
97.20
97.90
98.30
97.70
98.00
97.60
97.80
98.20
98.70
98.30
96.60
96.10
96.50
97.00
97.70
98.30
98.10
98.20
98.40
97.50
97.10
97.50
97.80
97.80
97.90
97.70
97.30
96.70
96.70
94.40
93.00
91.60
88.20
85.50
83.10
80.40
78.70
77.80
74.30
75.70
77.80
79.30
77.70
77.10
76.70
74.80
70.70
73.10
72.80
72.40
69.43
69.65
68.38
66.14
67.56
69.55
68.82
69.70
70.20
71.60
70.30
77.80
74.50
73.90
73.00
77.20
85.70
87.00
90.40
86.70
87.90
83.70
87.40
85.00
89.00
89.20
91.50
94.50
94.60
95.10
96.40
96.90
97.30
97.40
97.80
98.20
98.30
98.30
98.30
98.30
98.30
98.10
97.30
94.80
93.40
91.20
90.80
91.20
92.80
94.20
94.00
93.70
93.30
92.60
92.70
94.20
95.00
96.10
95.90
94.40
95.30
96.60
96.10
96.70
97.70
97.90
97.70
96.70
95.20
92.50
91.70
89.70
86.70
80.90
75.20
73.70
73.20
73.50
73.30
75.80
73.00
73.70
70.60
68.18
67.58
68.35
66.55
65.67
65.52
64.44
62.67
62.40
61.64
60.10
59.72
62.37
61.07
62.99
63.49
63.66
65.13
65.93
68.20
71.50
71.90
72.70
76.40
73.20
77.30
78.90
82.00
83.80
83.40
86.80
89.30
89.70
91.50
92.80
93.60
94.30
92.20
90.40
90.80
91.20
92.60
92.30
91.00
93.70
93.90
89.90
88.70
88.40
89.10
91.00
91.90
93.30
92.90
93.60
93.10
94.30
94.10
93.70
93.40
94.80
95.30
95.90
96.70
97.00
97.50
97.40
96.50
95.70
95.90
93.50
93.60
95.10
93.60
92.60
90.80
90.60
87.60
86.00
87.90
89.70
88.90
86.40
85.30
83.90
80.80
80.10
79.00
77.70
76.30
74.40
73.20
72.10
69.69
67.88
66.87
66.04
66.28
64.18
62.69
61.54
60.78
60.07
60.65
59.87
59.59
59.31
58.36
58.79
57.64
57.39
56.64
56.39
57.18
58.13
58.07
59.10
59.66
59.97
60.01
63.59
67.32
70.50
70.50
71.60
73.30
75.00
75.20
77.10
73.50
74.60
79.00
80.40
84.50
86.90
86.20
85.00
87.10
89.70
88.40
89.40
90.80
92.70
92.60
92.60
91.60
91.80
92.80
90.90
90.20
94.50
95.00
97.30
97.50
96.70
94.20
95.10
96.20
96.10
96.20
96.70
95.90
96.20
96.20
96.20
96.50
96.20
96.20
94.90
94.40
95.50
95.20
95.00
94.80
95.50
95.20
95.00
94.70
94.30
93.90
94.80
94.70
94.70
93.80
93.60
94.00
94.00
93.50
92.60
91.90
90.50
85.40
82.60
81.60
78.10
78.20
74.80
75.00
74.90
74.90
74.50
69.97
69.88
69.83
67.50
67.80
69.43
70.20
69.11
71.60
75.50
78.10
80.10
81.20
83.50
86.00
84.50
86.60
88.40
89.40
91.10
91.80
91.90
92.60
92.90
92.40
92.30
92.00
91.60
92.30
93.60
93.40
92.60
92.80
93.60
93.80
94.40
94.80
95.80
95.90
96.10
96.50
96.70
96.90
96.50
96.40
96.60
96.50
95.50
95.50
95.50
95.90
96.40
96.30
96.40
97.20
97.90
98.30
98.60
98.70
98.70
98.70
98.60
98.50
98.30
98.00
97.60
97.10
96.60
95.90
94.90
93.10
89.10
88.50
86.50
85.10
83.00
80.50
78.10
75.40
79.20
79.80
77.50
75.80
75.20
75.10
73.60
70.30
69.06
70.70
69.15
68.67
67.74
67.88
66.05
65.74
67.12
65.81
62.97
62.90
63.54
63.61
66.15
72.10
76.30
82.90
85.80
86.10
87.60
88.20
88.10
88.70
90.10
91.10
87.80
86.40
88.70
89.50
90.50
91.20
92.20
92.90
92.50
92.60
93.10
92.80
93.40
94.10
94.30
94.00
94.00
93.10
93.40
94.50
95.90
96.80
96.90
95.30
94.40
94.10
93.70
94.80
95.90
96.60
97.20
97.70
97.40
96.00
96.10
96.50
96.50
96.00
95.60
94.80
95.30
95.20
94.90
95.20
95.60
95.40
94.40
94.20
94.20
93.40
93.30
92.90
92.40
90.80
88.50
86.30
84.80
83.80
82.50
81.10
80.70
80.50
79.20
79.10
78.00
76.60
74.80
73.60
72.60
72.60
71.90
72.70
72.00
72.90
72.70
70.70
70.40
70.40
68.90
67.18
68.96
68.76
66.45
66.98
64.63
66.56
64.37
63.51
62.84
63.59
64.70
65.57
70.10
72.40
75.50
76.70
78.70
81.70
85.00
87.20
88.80
89.90
90.90
91.80
92.40
92.80
92.70
93.20
93.70
94.20
93.70
93.20
92.40
92.70
92.70
92.20
92.80
94.10
94.70
95.40
95.90
96.40
96.50
97.00
97.40
97.40
97.50
97.40
97.60
97.90
98.00
97.70
97.30
97.30
97.60
97.90
98.10
98.10
98.10
97.80
95.90
95.80
96.40
96.50
96.30
96.20
96.50
97.00
97.20
97.40
97.90
98.10
98.40
98.60
98.50
98.10
98.10
97.60
97.60
97.70
97.90
97.40
97.90
98.30
96.80
95.50
94.70
94.70
94.30
93.90
92.50
91.10
90.60
91.80
91.60
90.50
87.30
87.90
86.30
83.60
83.80
84.30
81.50
81.00
83.20
84.70
85.20
86.70
88.20
90.00
90.20
90.90
91.80
92.40
93.90
94.50
94.80
95.30
96.20
96.40
95.90
94.80
94.80
94.50
94.60
94.60
93.80
93.90
93.20
93.10
93.50
94.60
94.90
94.30
96.60
97.30
97.80
98.10
97.80
97.70
98.20
97.50
97.10
97.20
97.30
97.70
97.70
97.30
97.50
97.50
97.60
97.30
97.80
97.50
97.30
97.70
97.90
98.00
98.10
98.20
98.10
97.90
97.40
97.80
98.00
94.20
90.20
88.70
93.40
93.10
92.20
93.00
90.40
86.70
83.10
77.70
74.00
70.80
68.76
70.50
72.20
70.40
67.68
64.77
62.59
62.66
59.11
56.91
56.57
56.66
55.46
59.10
60.74
59.26
60.03
61.99
60.96
59.37
60.11
61.41
62.22
62.27
62.95
59.40
61.63
62.81
64.46
64.71
69.91
66.11
67.22
68.57
63.53
63.86
63.85
63.66
68.21
73.30
68.22
67.14
70.80
76.00
69.66
73.10
80.70
89.50
91.70
90.60
89.00
82.60
73.20
73.90
78.50
88.80
93.40
91.40
91.10
90.40
84.10
82.20
85.60
86.40
84.80
82.60
83.80
86.40
83.70
85.90
85.70
84.50
82.80
85.20
89.70
92.20
93.90
90.60
84.20
87.20
84.80
81.00
76.50
78.00
78.20
72.90
73.70
67.18
65.82
63.08
59.93
57.62
55.94
56.44
54.66
54.77
55.65
54.24
55.23
56.77
57.65
58.41
58.27
59.86
60.96
58.82
60.98
60.58
58.15
58.53
56.27
56.79
58.04
57.24
59.53
57.68
61.81
61.01
59.63
60.71
60.17
64.06
68.15
72.30
74.60
74.30
75.60
78.60
80.90
82.00
82.30
81.80
81.60
81.10
80.10
79.80
84.50
84.20
85.90
86.00
88.30
89.30
86.80
86.60
87.30
86.30
90.50
88.30
88.40
88.50
89.00
94.20
95.00
95.00
91.50
87.50
87.20
87.00
86.00
87.20
86.80
86.10
85.10
84.00
84.70
87.80
90.40
89.30
88.80
89.10
91.50
92.40
92.40
90.40
90.80
92.60
91.90
91.80
90.70
89.40
89.00
87.40
84.50
83.40
82.10
82.70
84.10
85.70
85.10
82.00
83.90
94.70
96.50
96.30
94.70
91.80
89.60
88.40
86.80
85.10
82.80
80.10
77.20
83.30
82.60
77.80
78.20
78.30
86.60
87.80
92.30
93.20
92.20
89.00
86.30
86.00
86.50
87.20
87.90
89.70
92.00
93.60
95.00
95.10
93.90
94.50
92.70
93.50
95.90
96.50
96.90
96.30
95.50
94.60
93.70
93.40
94.20
94.90
94.70
94.80
94.10
93.70
94.10
93.90
94.70
95.20
95.70
95.80
95.60
95.40
94.70
95.40
95.40
96.00
96.80
97.20
97.30
97.40
97.60
97.90
97.70
96.90
97.10
97.00
96.70
96.50
96.30
96.40
96.80
96.60
96.10
95.20
95.80
96.50
93.20
88.60
86.70
87.20
87.30
85.70
81.60
78.70
76.00
75.70
73.40
72.80
70.60
69.54
69.88
68.86
68.95
67.09
66.13
67.27
64.29
64.31
65.27
64.31
63.12
63.00
63.39
63.88
62.63
61.83
61.07
60.65
59.30
58.77
59.58
60.20
63.07
67.04
68.43
70.00
70.70
71.00
71.30
69.52
67.83
73.90
74.10
73.10
82.90
86.20
86.40
86.00
85.00
85.20
84.90
90.00
91.90
92.80
93.90
93.30
92.60
91.90
91.30
91.80
92.10
92.90
93.00
92.90
93.50
94.50
96.10
96.70
97.40
97.70
97.90
98.10
98.30
98.40
98.40
98.50
98.50
98.60
98.60
98.80
98.60
98.10
97.90
98.10
97.90
97.60
97.40
97.80
97.50
94.80
93.30
90.60
87.30
84.60
83.30
82.10
82.40
80.80
78.70
76.80
75.30
73.60
73.50
70.90
68.66
65.78
65.06
66.03
64.90
66.39
66.07
64.90
63.28
61.50
60.28
57.98
54.64
52.38
52.29
51.16
53.19
51.92
51.24
51.02
49.75
49.08
47.10
44.86
46.50
50.98
54.12
58.23
71.80
74.40
85.80
84.30
84.60
88.30
93.30
91.40
89.10
91.40
93.70
95.30
95.70
95.90
95.00
94.90
95.10
95.40
95.80
95.90
96.30
96.40
96.80
97.00
97.30
97.70
97.90
97.90
97.80
98.00
96.70
95.40
96.00
97.10
97.30
97.30
97.50
97.90
97.90
97.40
97.60
97.50
97.80
98.00
98.00
98.10
97.90
97.90
98.00
97.90
97.90
97.80
97.60
97.10
93.10
89.00
87.00
84.60
82.90
79.90
80.90
80.90
78.60
76.30
74.10
73.20
71.90
71.50
70.90
67.83
66.31
65.38
64.20
62.88
65.07
65.25
65.19
64.33
60.84
60.69
60.00
56.06
55.70
50.64
56.95
61.39
62.52
64.02
61.89
61.63
64.94
64.95
64.44
62.26
63.22
65.36
67.30
68.66
70.50
71.40
67.99
67.11
67.62
70.70
69.90
69.31
70.10
73.60
74.50
75.90
73.80
77.40
79.90
79.10
79.70
82.50
84.80
86.30
87.20
87.30
89.90
92.40
93.70
93.00
90.70
92.60
94.90
95.50
96.10
97.10
97.50
98.20
98.20
97.80
97.90
98.30
98.60
98.60
96.80
95.60
96.40
97.10
97.60
97.90
98.10
98.40
98.70
98.90
99.10
99.10
99.10
99.10
98.30
91.10
87.50
86.50
86.10
84.80
82.30
78.70
78.80
76.00
73.00
68.96
67.24
67.65
67.47
67.90
66.69
66.15
61.72
59.23
55.55
55.46
57.68
56.68
57.85
57.52
54.96
55.04
53.48
49.91
48.31
43.06
44.18
56.30
62.63
69.85
69.34
61.02
59.95
62.24
67.47
69.63
71.40
75.90
80.10
82.80
84.40
85.60
87.30
89.30
90.50
90.60
93.20
94.10
91.10
93.40
93.60
91.10
92.30
95.20
95.90
96.20
96.90
97.10
96.60
95.60
95.90
96.60
96.80
96.60
95.30
94.70
93.70
94.90
95.40
96.20
97.40
97.80
98.20
98.20
97.60
95.80
93.20
91.90
94.30
96.20
97.30
97.80
98.20
98.50
98.60
98.70
98.80
98.30
96.50
93.80
91.50
87.80
83.70
85.10
86.10
83.70
76.60
75.20
72.90
71.30
71.80
70.40
69.65
71.80
70.90
67.02
65.52
62.76
60.07
59.69
55.98
53.55
51.56
49.40
47.99
47.25
45.62
45.55
44.82
45.58
44.49
44.50
45.31
47.10
46.31
48.90
46.43
44.34
44.05
46.50
54.43
52.74
51.68
57.22
60.52
62.00
63.46
64.57
62.23
61.86
66.63
67.56
70.70
71.80
71.90
69.41
69.46
67.90
69.87
71.20
71.30
67.46
66.61
66.34
63.67
64.20
68.00
67.66
72.60
78.90
80.70
81.80
83.50
84.90
84.20
85.90
86.80
86.10
88.60
86.90
85.90
87.10
88.70
90.60
90.30
91.10
90.40
93.40
93.70
94.40
95.50
96.50
96.80
95.30
93.10
89.60
87.10
84.90
80.40
79.40
78.80
74.80
72.70
69.28
68.19
67.73
66.83
65.17
65.06
63.11
62.68
62.19
59.84
59.67
59.51
59.67
57.88
56.24
56.13
56.50
55.73
55.56
55.74
55.36
55.52
54.68
53.07
51.95
52.05
51.36
51.83
52.35
53.50
54.50
55.04
56.29
56.02
59.52
56.57
57.84
62.58
67.85
67.03
70.00
72.50
73.80
74.20
76.10
84.20
85.20
81.30
81.70
83.10
83.90
83.90
84.80
85.70
86.60
86.90
87.40
86.90
85.70
88.50
91.20
92.90
93.30
93.70
93.30
93.00
93.40
93.50
91.80
92.50
92.10
92.90
91.60
91.70
93.50
93.80
94.00
90.60
91.00
92.00
92.20
94.10
94.10
94.80
94.30
93.20
90.60
88.00
85.10
80.80
78.80
75.50
74.00
74.80
73.80
70.90
70.00
67.98
68.44
68.77
68.54
65.93
66.00
65.14
62.47
62.38
62.12
60.70
56.60
55.88
56.22
53.82
52.89
55.27
52.78
51.87
49.37
48.85
48.48
48.29
47.80
47.54
47.51
47.13
49.46
50.16
51.08
54.42
57.54
55.78
57.95
61.90
63.83
57.22
61.30
70.60
75.60
72.80
75.00
75.50
73.20
78.40
75.20
72.70
75.10
77.80
78.40
83.10
83.80
79.50
79.20
86.50
86.50
87.10
86.50
86.80
84.90
85.00
87.10
90.70
88.50
89.50
92.10
92.80
94.40
96.00
96.50
97.00
96.90
96.30
96.80
96.90
94.30
94.20
96.40
97.30
97.90
98.00
98.30
98.40
98.10
97.10
94.10
90.00
90.30
88.90
87.70
84.00
83.30
81.70
75.60
69.37
67.20
66.82
68.89
66.91
65.95
66.97
65.90
63.44
62.08
62.87
61.40
58.89
59.35
58.85
56.62
55.50
56.18
51.11
49.94
52.84
51.94
51.45
51.63
50.82
50.77
49.05
48.69
47.89
48.85
49.56
53.33
49.23
51.26
58.16
52.04
56.10
61.28
63.47
62.08
65.71
66.23
65.24
68.41
66.78
67.53
65.50
65.25
67.81
70.50
71.90
72.20
73.10
75.00
75.30
76.40
79.50
81.50
82.50
83.20
86.80
85.90
84.10
82.20
81.70
82.30
85.60
91.30
94.10
94.90
95.10
95.80
96.30
95.70
93.90
94.10
92.90
93.70
94.40
94.80
95.40
94.80
96.00
96.50
96.80
97.10
97.20
95.10
92.50
86.80
81.40
78.20
77.00
77.20
80.20
76.80
75.40
73.30
70.70
69.02
66.99
66.07
66.91
65.37
64.14
62.67
60.11
61.16
60.22
60.54
59.16
57.51
56.90
57.25
57.39
58.16
57.33
55.53
56.66
55.38
54.12
54.65
53.58
54.12
51.83
55.21
57.11
60.81
57.37
72.40
76.50
78.00
80.20
81.20
80.70
80.10
82.10
81.40
82.40
83.10
82.80
84.80
85.10
85.10
87.40
88.30
85.60
85.20
88.90
88.40
84.00
82.90
82.50
79.80
80.90
80.40
82.50
84.70
83.90
82.50
83.90
85.30
82.40
82.80
83.40
84.20
85.20
88.80
89.40
91.80
92.40
92.60
93.90
93.80
94.10
94.20
93.90
94.60
95.10
94.30
94.20
94.60
95.50
94.90
92.40
90.90
88.80
82.90
82.90
81.90
79.30
78.60
77.50
75.90
69.52
64.65
67.02
69.90
71.80
67.16
68.15
67.80
64.84
64.23
63.38
61.78
61.48
60.77
60.61
59.48
59.82
58.18
56.54
55.19
54.74
55.14
51.63
50.17
49.42
56.25
60.80
61.66
59.65
57.78
58.53
67.25
71.00
75.80
75.60
73.30
70.90
67.92
73.40
73.40
72.00
74.20
79.80
84.60
86.80
89.90
91.30
91.10
91.00
91.50
92.70
93.50
94.20
94.70
94.60
94.20
94.80
95.20
95.20