89.60
89.23
90.00
90.33
90.83
90.90
90.47
88.90
89.70
90.87
92.27
92.67
93.03
93.67
94.27
94.57
94.33
94.07
94.33
94.53
93.63
93.00
92.27
92.30
92.80
92.83
92.80
93.13
92.07
90.87
89.90
87.90
85.67
83.13
80.57
78.37
78.07
76.23
75.50
74.43
73.02
71.26
71.46
71.35
70.06
67.52
67.03
66.87
66.30
65.30
63.63
63.86
63.47
62.38
61.52
61.75
63.05
63.81
63.15
62.50
64.03
67.77
69.39
66.45
67.02
71.23
75.52
76.40
76.60
75.28
73.09
76.16
76.28
78.24
80.39
81.55
80.63
80.49
80.94
79.32
80.63
82.74
85.73
85.10
84.80
85.10
84.93
85.53
86.33
88.10
88.00
86.57
86.50
87.00
87.90
89.13
89.77
90.63
91.37
91.53
91.33
90.90
91.13
91.80
92.17
92.07
92.07
92.13
92.03
92.37
92.00
91.73
92.33
92.80
92.83
93.03
92.33
91.93
91.87
91.50
91.27
91.27
90.40
87.50
86.47
83.77
81.83
79.93
79.67
79.43
78.51
77.70
75.94
75.04
73.93
72.23
70.51
68.84
68.85
68.62
68.28
67.27
67.16
66.59
65.22
63.80
63.17
63.32
62.57
62.09
62.33
58.81
60.02
61.94
60.24
60.03
58.55
57.46
56.96
56.14
59.15
62.43
64.33
67.50
69.98
71.32
72.76
73.30
74.02
74.58
74.21
73.56
72.77
73.04
72.80
75.34
77.11
76.36
74.24
75.97
78.83
78.67
78.14
79.73
79.91
81.13
82.49
83.20
83.67
83.73
83.53
83.57
87.07
88.70
88.50
87.83
88.43
89.13
88.90
89.23
89.70
89.87
90.73
91.60
91.53
91.83
91.93
92.40
92.30
92.63
92.07
92.60
93.20
93.70
94.07
94.40
94.50
94.50
93.57
90.97
89.87
87.20
85.40
83.67
82.43
78.87
75.30
75.21
74.08
73.11
72.69
70.83
70.45
70.22
69.85
68.71
69.31
68.70
66.49
63.22
61.49
61.59
62.63
60.64
60.86
59.97
58.54
59.87
58.84
59.62
59.77
59.32
57.15
60.25
66.35
68.49
69.64
70.79
68.75
70.20
70.34
71.50
73.06
75.63
76.00
77.47
78.83
78.73
78.13
79.73
81.37
83.93
84.70
85.70
86.23
86.37
86.93
88.13
89.40
88.50
88.50
89.17
89.50
90.13
90.43
90.93
91.47
92.63
93.40
94.07
94.00
93.27
92.83
93.13
93.63
94.00
93.97
93.43
92.47
91.47
91.60
91.13
91.57
91.73
91.40
91.77
92.53
92.90
92.63
92.87
92.87
93.10
92.80
91.67
91.60
91.10
88.50
86.13
87.57
85.77
81.80
80.13
77.83
75.77
74.75
72.73
71.94
70.62
69.09
69.12
68.75
66.27
64.66
64.51
62.89
64.13
68.71
67.88
67.47
66.61
65.79
63.89
60.67
63.06
65.17
64.25
64.04
63.22
63.84
65.15
65.66
64.95
66.13
67.85
68.44
68.77
69.35
71.60
71.71
72.56
74.56
76.85
78.60
80.10
81.73
81.47
80.83
84.43
84.63
84.57
85.97
86.23
86.27
86.53
87.67
87.87
88.27
89.13
89.17
89.83
89.27
88.57
89.03
90.00
91.60
92.10
92.03
92.53
92.20
90.90
91.20
90.90
91.30
91.90
92.37
92.87
92.90
93.27
93.27
93.23
93.67
93.73
93.93
93.87
93.87
94.27
94.47
94.77
94.63
94.43
93.97
92.73
89.57
87.40
85.57
84.07
81.33
79.47
77.23
75.27
72.96
72.22
71.80
70.22
70.93
69.24
69.38
68.33
67.02
66.45
65.99
65.44
63.25
63.39
62.74
62.62
63.00
61.45
61.41
62.52
62.14
61.53
60.70
61.03
58.35
57.64
58.86
56.41
53.94
52.86
55.17
56.41
57.69
66.37
70.11
72.48
71.00
70.73
73.49
73.97
70.48
68.51
67.90
67.02
73.15
76.70
70.76
69.00
72.01
77.38
81.97
83.73
83.30
80.50
81.40
73.77
74.07
71.43
76.63
73.90
76.50
80.71
81.57
80.67
82.37
82.90
84.30
86.03
85.27
87.23
89.90
90.23
90.60
90.83
90.97
90.60
90.43
89.83
89.80
89.20
89.03
89.00
89.20
89.83
90.13
89.77
87.27
84.70
83.03
81.30
80.13
78.90
78.17
75.70
76.07
74.98
72.67
72.34
70.45
67.88
67.27
67.11
66.77
65.29
63.26
61.85
59.81
58.69
57.38
54.77
54.79
55.93
57.33
56.80
57.10
56.56
55.83
57.07
53.83
51.11
52.61
54.64
56.37
57.92
60.11
62.84
62.36
64.49
65.15
65.56
66.84
68.93
69.37
72.35
73.77
72.27
75.14
74.57
74.91
77.77
77.57
77.90
77.47
76.72
78.07
79.87
80.93
81.97
82.03
82.10
82.27
81.20
81.93
83.20
81.57
82.13
82.20
82.73
83.70
83.60
83.23
82.90
83.50
83.73
83.40
84.30
86.73
87.53
87.70
88.57
88.73
89.53
90.63
89.27
89.20
89.17
88.00
88.63
89.60
89.70
90.03
89.90
88.90
86.67
83.13
81.60
79.67
78.18
76.25
73.46
71.15
69.61
68.78
66.61
65.69
64.48
63.92
62.98
60.84
58.90
59.10
57.30
55.29
51.95
51.86
52.72
53.98
53.60
54.55
53.86
53.70
53.23
52.35
51.41
50.87
50.44
50.03
50.72
50.49
51.24
52.40
53.83
55.40
55.76
57.70
58.91
59.97
62.12
65.39
67.88
71.43
72.15
73.71
76.32
75.61
78.76
81.13
81.11
81.40
82.03
81.63
82.33
82.40
83.33
83.63
83.50
83.80
82.17
81.20
80.03
80.43
80.27
80.70
82.27
82.27
80.87
80.73
81.43
83.73
86.47
86.90
88.43
87.50
86.50
85.27
85.47
88.13
90.60
91.33
90.97
91.83
92.77
92.03
91.47
90.97
91.63
92.27
91.87
91.83
91.20
89.57
85.70
82.40
80.73
80.90
81.80
81.97
81.07
80.50
78.80
77.77
76.44
75.34
74.54
73.29
72.10
72.00
71.25
69.46
68.14
68.33
67.70
66.10
65.02
63.84
62.12
61.02
61.21
62.69
67.02
63.57
63.74
62.83
62.79
63.50
65.74
68.02
68.34
68.71
70.28
72.45
73.39
74.34
74.44
74.54
76.53
78.36
80.32
81.20
81.88
83.27
83.33
82.53
81.26
82.61
83.51
83.96
84.18
85.00
85.57
84.50
83.93
82.75
80.80
81.01
80.16
82.23
84.00
84.50
87.43
88.83
89.23
89.90
90.90
90.90
91.07
90.70
91.07
91.83
92.03
92.77
93.20
93.23
92.93
92.97
93.13
92.70
92.43
92.30
93.07
94.07
93.93
94.20
93.57
91.57
88.87
84.03
83.17
81.97
79.67
79.30
78.03
75.93
74.17
72.70
71.77
71.13
69.11
66.83
66.01
65.20
63.79
63.23
62.83
62.08
62.58
62.36
61.53
60.77
59.56
57.27
56.16
55.27
58.71
59.80
58.93
60.33
60.27
59.47
59.94
64.00
65.39
69.06
70.08
70.36
71.44
70.15
67.68
67.57
70.44
75.41
78.10
78.48
80.24
81.05
80.99
81.21
81.73
82.00
82.27
82.87
83.43
83.30
84.77
86.23
85.87
86.50
87.03
86.47
87.00
87.20
88.90
89.23
90.17
90.47
91.13
91.70
91.17
91.80
92.10
91.73
91.60
91.77
91.60
90.87
91.13
91.20
91.47
91.90
92.40
92.87
91.23
91.07
93.00
92.00
91.80
91.70
91.30
91.53
91.97
91.30
90.80
89.03
87.77
85.90
85.83
85.07
84.73
83.73
82.47
81.50
80.43
79.27
77.47
76.27
75.32
74.85
74.20
73.26
70.23
70.97
69.25
66.65
66.26
65.05
63.23
61.62
60.81
62.52
63.00
63.77
63.09
61.67
61.46
64.32
67.31
68.98
68.48
68.30
65.58
67.73
67.41
67.91
69.61
72.50
74.33
75.33
77.57
79.90
81.17
81.53
82.17
83.67
84.30
84.63
85.17
86.77
87.73
88.67
88.83
88.70
88.43
87.53
87.47
88.33
89.43
89.83
89.90
89.97
90.23
90.03
89.57
88.83
88.77
90.03
90.70
91.83
91.97
92.97
92.93
93.47
94.00
94.17
93.77
94.13
94.23
94.73
94.97
95.20
95.33
94.53
94.13
93.87
93.63
93.67
94.37
94.50
94.07
93.17
91.80
90.60
89.53
87.80
87.17
87.77
87.23
85.47
83.03
81.22
78.02
77.54
77.29
76.90
75.17
73.00
71.30
71.01
71.22
67.90
68.60
70.32
72.38
74.38
74.84
75.85
75.02
75.12
78.10
80.20
80.10
79.58
80.25
79.96
79.11
78.69
79.05
79.14
79.17
79.07
80.63
81.40
84.13
82.17
84.13
85.87
85.90
90.00
89.13
92.10
91.53
91.33
89.50
90.23
88.97
90.37
91.27
92.93
94.17
94.40
94.67
95.23
95.00
94.40
94.57
95.23
95.37
95.07
94.50
94.47
95.20
95.17
94.70
94.43
92.80
92.30
91.67
91.67
91.83
92.17
92.80
93.23
93.17
92.90
92.80
92.87
93.43
93.43
93.73
93.77
92.80
92.50
93.07
92.50
92.40
92.43
92.03
90.80
88.90
87.40
85.97
85.00
83.70
82.47
78.60
76.20
74.71
72.77
71.96
71.54
72.68
70.84
70.65
68.79
67.68
67.79
66.52
65.35
64.73
64.10
63.09
62.99
63.13
62.54
61.44
61.35
62.14
62.01
62.99
62.92
62.20
63.32
63.54
63.42
66.72
68.78
72.24
73.91
73.93
75.42
76.77
80.83
82.47
82.57
83.30
84.23
84.67
85.57
85.87
86.73
87.60
88.00
88.10
88.90
89.50
89.40
89.40
88.10
89.50
89.00
88.30
87.63
87.83
88.20
88.23
88.63
89.40
89.40
90.23
95.20
95.40
95.30
95.40
95.10
95.20
94.80
95.40
96.20
96.80
97.10
97.30
97.00
96.40
95.60
95.80
95.90
96.20
96.10
95.80
95.80
94.30
93.30
93.40
92.40
90.30
87.30
84.50
82.10
79.80
82.30
82.10
78.90
76.30
75.30
77.10
80.50
85.50
85.80
88.70
92.50
93.90
93.90
93.80
94.50
95.20
95.80
96.50
96.80
96.80
96.90
96.50
96.40
95.40
95.40
94.60
93.90
93.60
92.70
92.00
91.20
91.30
92.10
93.60
93.90
94.40
94.90
95.70
96.50
96.70
96.80
97.10
95.50
93.10
93.00
92.10
92.70
92.80
95.60
96.30
97.40
97.70
97.70
97.80
97.80
97.90
97.60
97.30
97.30
97.50
97.00
97.50
97.80
98.00
98.10
98.20
98.30
98.30
98.30
98.20
98.20
98.10
98.00
98.00
97.90
97.60
97.60
97.60
97.30
97.00
96.90
96.40
96.40
96.50
96.80
97.30
97.40
96.90
96.30
96.40
95.80
95.40
95.70
96.10
96.30
95.50
95.50
95.20
95.50
95.50
95.40
95.00
93.20
93.60
93.70
93.30
93.30
92.20
89.10
87.70
88.50
83.80
82.10
80.80
79.30
81.00
81.90
81.20
82.90
84.20
86.10
86.80
86.30
86.00
85.70
85.90
85.70
86.50
85.60
83.60
83.40
84.50
85.80
87.50
88.20
89.80
91.00
90.00
90.40
91.70
91.50
90.80
91.60
92.50
92.90
93.60
93.80
93.60
94.10
94.40
95.10
95.30
95.50
95.30
94.80
94.30
94.60
95.20
93.80
92.30
92.40
93.20
93.10
92.80
93.60
93.60
93.40
93.70
94.40
93.50
92.70
91.40
90.60
89.60
90.50
89.90
88.20
87.60
86.60
86.70
87.00
87.70
87.30
86.10
85.10
84.90
83.90
82.00
79.90
77.60
76.20
76.00
75.20
75.10
74.70
74.30
71.80
71.50
72.50
70.30
68.59
67.46
68.16
67.78
66.10
66.16
63.83
62.56
62.79
62.27
64.32
62.78
63.91
62.67
60.38
61.20
62.17
63.10
72.10
77.60
83.90
84.90
73.80
66.71
68.72
71.50
68.79
69.97
80.20
79.70
75.70
76.90
77.00
80.30
83.60
84.70
84.90
83.90
85.20
86.40
86.80
87.70
91.70
90.20
88.50
86.90
87.30
88.40
90.80
92.50
94.10
93.50
91.40
89.10
89.90
90.80
92.10
93.40
95.00
96.30
96.50
96.20
96.60
96.90
97.10
96.90
96.60
96.10
95.20
95.50
95.50
95.40
95.70
96.00
96.00
96.30
96.40
95.80
95.00
93.90
92.40
92.10
90.50
90.40
89.90
85.40
82.80
80.20
80.30
77.10
78.50
77.00
77.50
74.50
73.80
72.00
69.92
69.00
66.71
68.22
68.79
66.81
61.45
62.17
60.90
58.16
58.45
57.44
56.24
56.26
56.53
61.27
62.95
55.71
60.04
61.63
59.85
58.88
60.24
59.38
60.49
61.71
63.36
65.01
68.72
71.20
72.20
71.30
71.40
71.30
68.89
69.09
68.29
70.30
76.20
79.00
79.70
78.90
81.40
78.50
76.20
82.00
84.90
86.30
88.10
88.10
86.50
89.30
90.40
90.90
91.00
91.40
92.10
91.80
90.60
89.70
90.10
91.80
93.10
94.30
94.80
95.10
95.90
96.50
96.80
96.90
97.10
97.40
97.70
97.50
95.90
94.60
93.50
92.20
91.90
89.30
88.30
86.90
84.70
82.70
81.50
81.30
79.60
79.30
75.90
75.90
73.50
72.40
69.14
69.76
68.30
68.21
67.24
65.52
65.82
65.09
65.86
66.40
66.52
64.16
59.35
59.38
59.71
59.52
58.00
55.53
55.13
53.60
57.47
58.29
56.28
58.39
57.96
63.47
65.72
61.23
65.22
63.66
72.10
79.50
79.80
78.40
79.70
79.50
80.60
82.90
87.90
86.70
80.50
76.80
75.70
79.10
81.90
82.80
83.40
83.20
83.90
85.30
86.40
88.30
89.90
88.00
87.60
89.00
90.70
88.00
86.10
85.60
84.70
83.90
84.00
87.00
87.40
88.10
88.20
88.80
90.80
91.20
91.00
92.20
94.20
93.00
93.60
95.10
94.90
93.80
94.30
95.00
93.20
90.60
91.30
91.00
91.40
91.50
89.40
87.40
84.60
83.70
83.40
79.80
80.10
80.50
78.60
77.40
75.00
74.00
73.50
69.42
69.36
70.90
69.95
69.00
68.65
67.44
67.68
67.42
67.15
67.58
65.32
65.21
63.00
63.60
65.07
61.65
62.61
64.15
66.59
71.90
72.70
76.20
79.90
78.20
80.00
80.70
78.60
78.40
79.30
82.40
86.10
89.00
90.70
89.40
89.10
90.00
90.80
91.10
89.50
89.50
89.00
88.30
86.80
86.90
88.00
90.60
91.40
88.30
86.10
86.80
89.40
88.10
88.70
88.70
89.10
88.30
88.50
89.80
89.40
89.30
89.70
88.80
89.00
90.30
88.90
88.50
88.60
89.60
91.10
91.70
92.50
93.10
93.40
93.40
93.40
92.80
93.50
92.30
93.00
92.30
91.20
89.00
85.40
83.90
81.20
79.10
80.00
77.40
76.20
76.10
75.30
74.20
72.70
71.50
70.80
68.59
67.47
67.94
66.32
65.57
60.03
59.80
59.31
59.31
61.58
62.04
63.77
65.59
67.81
73.70
65.95
62.97
60.99
61.66
62.45
62.11
64.37
67.91
68.09
66.85
73.40
73.40
74.40
75.10
80.40
80.90
83.00
86.20
86.50
87.80
89.10
89.00
87.00
85.80
87.50
87.60
85.60
82.80
84.50
86.70
88.60
89.80
88.50
87.60
86.90
86.80
86.80
86.90
86.80
86.80
87.30
88.00
89.00
89.60
89.80
91.90
93.40
92.50
90.80
90.70
91.00
90.80
91.30
92.20
92.40
92.10
93.10
93.30
94.30
94.80
95.00
94.80
94.60
93.20
91.40
90.80
90.80
88.20
83.70
79.70
77.50
75.50
73.90
73.60
72.90
71.20
71.40
70.90
70.50
70.20
69.77
68.40
67.02
67.09
62.90
64.62
65.73
64.49
62.09
62.12
63.77
69.47
71.40
66.95
71.90
78.30
76.40
73.30
69.12
68.86
69.37
66.27
62.20
62.67
60.99
60.61
70.20
76.80
79.00
80.90
82.00
84.00
84.40
85.00
85.40
86.60
87.30
87.80
88.30
89.20
90.40
90.50
88.00
88.60
88.70
87.50
85.10
85.10
84.70
85.90
86.50
87.20
89.50
90.30
88.90
86.70
87.40
89.00
90.10
90.10
90.80
91.90
92.70
93.40
94.00
94.10
95.30
95.40
95.20
95.60
96.10
96.70
96.50
96.70
96.90
96.90
97.00
97.00
96.60
96.00
95.10
90.40
90.60
87.40
86.00
84.40
84.00
83.90
81.60
77.90
74.90
74.90
72.90
72.80
69.86
68.89
68.07
67.50
66.85
66.65
66.29
62.44
61.31
60.74
60.73
60.16
60.03
61.50
61.60
62.68
60.76
58.81
58.09
57.35
57.39
56.49
55.94
55.53
57.14
68.85
77.80
77.70
80.20
80.50
84.90
84.30
83.30
85.20
85.40
85.30
84.60
90.20
91.50
90.20
90.20
91.10
92.10
92.20
91.70
92.10
91.80
90.00
90.10
90.10
90.70
90.70
92.20
94.00
94.90
95.40
95.50
96.00
95.20
94.20
95.00
96.10
96.70
97.10
97.10
96.30
95.20
92.70
92.50
91.80
89.40
88.30
90.20
91.50
91.60
91.30
90.70
90.70
92.30
93.70
93.70
90.60
88.30
87.30
85.80
85.00
84.70
81.40
80.10
78.40
76.30
75.40
73.70
71.50
71.00
70.30
69.17
68.73
67.68
67.25
65.70
64.68
63.25
62.44
63.08
61.73
60.63
60.56
59.57
63.59
69.27
71.50
73.30
69.78
70.90
73.50
76.20
80.50
81.00
79.30
79.30
79.10
77.60
76.10
75.70
77.30
79.50
77.00
79.10
82.00
83.90
86.00
87.10
87.50
87.90
86.10
85.50
87.40
88.80
90.40
91.40
92.70
93.10
93.70
94.40
94.40
94.90
95.00
95.50
94.40
92.50
93.20
93.70
94.00
94.40
94.30
93.70
93.30
92.70
93.70
94.60
95.10
96.00
96.60
97.00
97.20
97.50
97.60
97.60
97.70
97.70
97.70
97.70
97.70
97.80
97.80
97.90
97.90
98.00
98.10
97.40
92.10
86.90
86.60
83.70
83.00
80.80
79.60
80.00
81.80
81.80
76.00
74.80
73.10
72.10
72.90
72.10
71.20
68.17
69.12
67.88
67.67
66.43
66.01
65.89
64.63
63.95
62.95
63.29
60.37
58.91
59.61
59.23
63.11
63.60
62.76
60.14
60.29
59.32
61.63
65.46
68.32
69.60
70.50
71.30
70.80
69.96
69.73
69.14
68.84
85.90
87.60
89.20
87.90
86.20
86.90
88.80
90.10
92.50
94.60
94.50
92.90
90.60
88.90
92.00
94.10
95.90
96.60
96.80
96.30
93.60
93.30
94.10
94.20
93.50
92.80
93.70
94.20
94.30
93.80
94.00
94.30
94.90
95.40
94.50
95.10
93.50
94.40
95.50
95.10
95.90
96.40
96.40
95.80
96.00
93.30
90.80
91.30
90.70
87.20
85.90
83.40
80.70
79.80
79.30
73.90
74.50
76.30
75.10
74.00
72.10
69.85
74.00
73.90
69.37
69.52
65.54
60.66
62.30
64.50
69.95
70.80
62.20
66.15
69.28
70.70
71.50
68.60
66.51
64.07
62.79
62.10
63.20
62.31
78.30
76.00
80.20
86.00
86.70
85.50
92.30
93.80
94.90
95.50
94.90
96.10
96.40
95.70
96.00
96.20
95.90
93.40
93.10
94.50
95.20
95.00
95.30
94.70
95.70
95.50
95.70
96.00
96.10
96.20
96.30
96.40
96.60
96.90
97.00
97.10
97.20
97.20
97.00
97.00
97.00
96.80
96.60
96.70
96.60
96.90
97.10
97.30
97.50
97.50
97.60
97.60
97.50
97.40
97.60
97.60
96.70
92.90
88.80
88.10
86.90
84.60
82.60
83.80
81.50
79.40
78.10
76.40
76.00
74.00
72.70
74.30
75.40
74.30
72.60
72.80
72.70
69.02
72.20
76.40
75.50
75.80
74.00
74.10
71.20
78.40
81.00
81.20
82.10
81.10
79.60
79.60
80.10
82.80
84.10
81.80
78.70
78.00
79.40
78.70
78.30
79.00
84.60
88.70
87.10
87.40
86.60
84.70
86.90
86.60
89.40
86.40
87.10
90.90
90.30
93.00
94.70
95.50
96.30
96.20
96.40
96.70
96.90
96.40
95.60
95.30
91.20
91.80
92.50
92.90
94.40
93.60
94.30
95.30
96.10
96.10
95.10
94.40
95.00
94.40
92.20
94.00
94.30
94.80
94.40
94.50
95.50
95.70
95.20
94.10
93.20
94.00
93.50
92.10
91.60
91.90
91.70
91.50
86.10
86.80
87.80
87.30
84.70
85.10
84.80
82.40
77.40
74.90
73.90
74.70
72.70
70.50
68.18
67.29
67.30
65.51
65.49
63.64
64.05
63.66
65.18
68.16
69.43
69.97
70.50
69.34
68.03
65.14
65.66
71.50
74.90
78.60
80.50
81.50
81.80
83.00
84.50
83.40
86.80
88.90
90.20
89.50
85.80
86.50
87.80
88.20
89.60
90.50
90.40
90.20
90.00
90.30
91.30
92.10
92.50
93.40
94.50
95.80
96.40
96.70
97.00
96.90
96.50
96.20
96.40
96.80
97.10
97.00
96.90
97.00
97.20
97.20
96.90
96.80
96.80
96.70
96.20
96.10
96.00
96.00
96.60
97.10
97.20
97.30
97.30
97.10
97.00
96.90
95.00
90.00
88.00
85.70
85.00
84.10
82.50
81.00
77.20
74.50
72.30
74.10
70.90
67.35
68.49
70.30
70.50
68.46
66.69
64.91
64.40
63.38
63.63
63.00
63.19
63.58
62.17
60.87
60.31
58.84
58.66
58.86
58.38
58.39
57.29
57.40
57.18
57.95
56.24
57.98
58.75
57.79
57.46
63.43
65.55
70.10
70.80
65.63
69.07
73.20
72.70
77.30
78.50
80.00
78.40
75.50
75.40
80.30
81.00
82.90
84.20
85.20
87.20
85.10
85.90
87.50
87.70
87.60
88.10
85.70
88.10
91.80
92.30
92.00
92.80
94.60
95.10
93.30
94.20
96.00
96.60
97.00
97.20
97.30
97.40
97.40
97.50
97.40
96.80
96.60
96.70
96.90
97.10
97.10
97.10
97.40
97.60
97.60
96.90
91.60
83.00
81.30
79.90
80.70
78.00
73.70
70.90
71.10
71.10
71.50
68.27
67.06
66.21
64.64
63.79
64.87
64.01
66.40
73.00
79.10
86.70
87.60
84.60
81.20
74.50
69.52
64.33
68.38
65.69
58.36
56.79
57.09
57.32
56.92
59.09
59.34
58.39
61.72
64.26
62.34
65.46
64.98
66.15
67.76
69.53
81.20
81.10
81.40
81.90
80.30
83.00
83.80
85.10
87.10
86.50
86.30
85.30
89.20
88.30
90.10
86.10
85.50
86.70
89.80
92.70
94.60
94.00
93.90
92.20
94.90
95.30
94.00
93.70
92.70
91.80
92.60
91.30
89.20
92.60
93.40
93.90
95.00
95.20
95.10
95.80
96.50
96.80
96.50
96.70
97.10
97.20
96.40
93.90
93.70
94.20
94.80
95.60
95.20
94.30
92.40
87.20
84.70
81.10
80.40
81.10
80.30
78.50
76.70
75.80
74.40
72.90
70.20
69.82
68.84
68.40
67.33
66.34
64.63
65.20
62.72
63.91
59.11
59.98
63.23
64.68
64.91
65.00
65.19
65.02
63.17
67.08
70.30
71.30
69.92
66.82
65.97
74.00
78.00
80.90
82.40
84.10
86.00
86.50
86.30
86.00
87.90
88.60
87.60
87.50
88.60
89.40
89.70
89.10
87.00
88.10
89.40
89.20
90.10
90.10
90.20
92.50
93.00
93.80
94.80
95.60
96.10
96.80
96.90
96.40
95.80
95.70
95.70
95.90
96.20
96.30
96.50
96.70
96.90
96.90
97.00
97.30
96.80
94.60
94.00
89.20
91.40
93.60
94.00
93.10
92.60
90.70
85.80
85.50
84.40
83.30
79.40
77.50
77.70
76.70
75.90
73.80
72.50
72.50
68.00
68.46
65.26
64.09
64.71
66.35
67.03
66.19
65.59
64.41
63.68
64.62
62.56
59.28
63.17
62.10
60.84
60.83
59.42
59.76
62.55
65.71
69.40
68.91
81.50
86.80
91.60
90.70
90.50
90.60
85.00
85.10
84.40
86.60
86.50
83.60
84.00
86.10
84.10
85.50
90.50
93.40
95.40
96.00
92.90
91.60
93.10
92.20
92.90
92.60
94.00
94.70
96.20
96.80
97.10
97.40
97.50
97.50
96.90
94.70
94.60
95.70
96.00
96.40
96.70
96.30
96.10
96.70
96.50
96.40
96.90
97.30
97.50
97.50
97.60
97.60
97.70
97.50
97.10
96.10
94.70
93.30
89.80
91.90
93.00
89.90
89.60
87.90
84.20
77.90
72.30
71.80
73.00
71.40
73.20
71.60
70.90
70.30
69.22
69.62
68.55
66.81
67.15
65.36
64.20
63.81
64.05
62.86
61.95
60.67
60.03
60.68
61.41
62.47
68.22
67.19
67.13
69.40
71.80
74.30
76.00
77.90
79.00
80.70
82.00
83.50
84.70
87.60
86.50
85.60
85.20
86.50
87.70
89.20
91.40
92.60
93.30
93.60
94.60
95.10
95.60
95.90
96.30
96.30
96.60
97.00
97.30
97.40
97.50
97.60
97.60