62.18
63.92
64.77
65.48
65.01
64.37
64.04
64.26
64.78
65.27
66.08
66.59
69.05
75.00
76.97
75.90
77.87
78.03
78.40
77.20
75.13
71.67
69.11
68.77
69.60
68.80
69.14
69.54
71.15
72.97
72.64
72.72
71.46
70.62
69.62
68.38
65.41
61.61
59.24
56.06
54.58
52.52
50.25
49.31
47.35
45.27
41.81
39.69
38.51
37.48
37.15
35.41
34.83
37.47
37.93
36.90
36.58
36.40
35.85
35.30
35.11
34.89
35.40
36.24
37.55
37.87
38.38
39.66
41.00
41.95
43.40
45.38
47.63
47.97
48.02
48.71
48.89
49.70
50.24
50.81
51.13
51.71
51.56
52.08
53.17
54.79
55.12
55.32
57.55
53.82
51.82
52.61
55.07
55.52
56.32
57.67
58.87
60.16
60.99
62.29
62.91
61.95
62.30
63.15
63.51
63.95
64.72
66.64
68.52
70.41
70.73
69.80
69.88
69.75
71.66
73.46
71.63
70.30
72.67
73.50
72.41
73.95
71.49
71.46
71.71
71.97
70.95
69.74
68.75
66.73
66.72
66.37
65.06
62.26
60.52
57.38
55.10
52.84
51.10
48.57
48.12
47.15
46.47
45.89
45.12
43.72
42.81
42.56
41.74
40.42
39.04
38.47
38.45
37.80
37.80
36.65
36.59
36.66
37.92
37.81
38.68
39.70
39.89
41.49
42.49
43.17
43.80
44.99
47.36
47.00
48.15
47.57
47.91
47.60
48.74
49.65
50.50
51.17
51.36
50.09
50.43
58.38
59.42
56.43
54.71
53.35
52.58
53.68
55.88
56.87
54.63
55.59
57.79
60.58
62.63
62.28
62.12
62.85
64.00
63.84
63.21
63.97
65.58
70.81
71.25
73.22
74.86
76.69
78.19
78.60
80.07
82.03
81.56
82.03
81.39
81.57
81.45
80.63
81.19
80.71
80.47
79.67
79.37
77.31
75.72
74.25
71.78
69.16
67.63
65.21
63.64
62.14
60.59
59.71
59.13
58.46
56.04
53.55
51.42
50.00
49.04
47.93
47.98
47.25
44.93
44.55
45.03
44.86
44.83
45.50
45.00
44.28
43.40
43.27
44.98
45.55
45.37
46.30
45.37
45.26
46.24
48.13
49.88
51.71
53.06
54.80
56.00
56.29
58.00
57.84
58.91
60.97
62.47
63.95
65.09
66.15
67.07
67.33
67.05
66.93
67.24
67.81
67.66
67.25
67.57
68.12
68.57
69.12
69.22
69.94
69.61
69.73
70.74
71.64
72.24
72.55
73.29
73.48
73.22
75.17
75.09
75.27
76.63
76.69
77.24
76.96
77.34
78.66
79.54
79.77
78.27
78.37
78.83
79.50
80.10
80.33
79.93
82.03
82.03
82.47
82.73
82.07
81.20
79.83
79.33
77.96
75.83
75.38
75.23
74.86
74.36
73.85
73.16
72.14
72.27
71.77
71.58
71.28
70.92
71.24
70.86
70.88
71.04
71.67
72.42
72.12
71.92
71.13
70.67
70.53
71.11
70.75
70.75
71.25
71.94
74.18
75.84
77.15
78.22
79.01
79.35
79.04
79.55
81.24
81.21
80.98
81.63
82.32
82.88
83.50
84.83
85.37
85.78
85.94
85.64
86.09
87.10
87.67
88.37
89.03
89.13
89.17
89.03
88.97
89.20
89.43
89.80
90.13
90.53
91.00
91.53
91.70
91.57
91.87
91.80
92.53
92.80
92.13
92.23
92.57
92.70
93.47
93.57
93.33
93.27
93.37
93.33
93.57
93.57
93.53
93.50
93.23
92.77
92.80
92.43
90.93
87.93
86.37
84.65
83.29
80.87
79.53
77.64
76.48
75.11
74.87
74.41
73.17
71.35
69.99
69.13
68.03
66.51
66.01
64.73
63.67
62.40
61.47
60.46
59.12
58.51
58.16
57.21
57.04
57.03
56.43
57.17
57.26
56.97
57.23
57.64
58.39
58.87
60.54
62.50
64.93
66.46
66.91
67.93
70.01
71.07
71.67
72.34
73.01
73.28
73.81
74.44
75.01
76.10
76.20
76.02
77.55
79.41
80.18
82.00
82.97
83.62
82.78
82.52
82.81
83.19
82.27
81.66
81.60
81.62
82.59
83.38
83.60
83.74
84.32
84.39
85.00
85.59
86.06
87.00
87.60
88.23
88.57
88.50
88.24
87.21
87.30
87.37
87.33
87.38
87.80
87.67
87.01
86.42
85.39
83.52
82.10
80.58
78.21
75.24
72.58
70.86
68.48
66.85
65.01
64.16
61.54
60.47
59.04
57.14
55.72
52.43
49.61
47.33
47.26
46.75
45.34
44.85
43.23
41.91
41.67
41.22
41.80
41.95
41.48
40.56
38.48
38.29
39.09
37.91
37.74
39.54
41.09
42.38
43.75
45.32
46.52
47.66
47.83
49.22
49.76
51.08
53.29
54.04
53.59
54.68
57.08
57.78
61.57
62.57
63.55
65.32
66.49
67.82
69.39
69.98
71.30
72.93
74.60
72.66
73.33
73.69
74.83
76.20
77.90
77.06
76.81
75.89
77.20
77.07
77.07
77.40
78.07
79.63
81.60
82.37
82.93
85.97
88.00
89.83
90.73
90.23
88.77
88.03
88.03
87.43
87.83
88.50
89.07
89.13
88.07
84.87
82.23
80.40
78.83
75.57
73.42
71.74
69.16
66.20
63.01
60.76
57.94
56.38
54.48
54.03
51.66
50.53
48.25
47.15
46.23
46.89
46.34
45.49
44.14
43.64
43.66
42.55
42.22
42.02
40.60
40.78
41.06
40.94
41.01
41.29
41.49
42.13
43.56
45.60
47.11
48.90
51.02
51.47
52.28
52.24
53.22
55.59
57.02
56.51
58.53
60.21
61.16
61.47
62.00
61.17
61.84
61.90
63.07
63.49
63.69
63.30
63.09
63.70
64.81
65.57
65.76
66.47
66.47
67.26
70.00
71.57
75.66
80.17
81.27
78.89
76.24
75.40
76.14
77.41
78.20
78.89
79.71
80.73
79.92
80.75
81.58
83.60
83.85
82.77
84.14
81.95
81.28
81.82
81.66
80.69
81.61
81.78
80.19
75.69
72.93
69.49
66.53
66.29
64.28
62.53
59.25
56.03
53.99
52.31
49.96
47.06
45.07
43.51
40.67
39.66
35.48
34.61
33.67
32.99
32.98
31.24
30.39
29.95
29.67
28.92
27.88
27.33
27.18
27.04
26.74
27.54
28.93
29.23
30.05
30.31
30.59
32.44
33.70
34.90
36.19
36.03
35.81
36.07
37.78
39.56
39.27
40.83
40.93
43.17
44.75
43.64
46.51
49.57
49.60
46.84
46.02
46.50
47.50
49.04
51.07
51.69
52.51
53.31
53.61
54.87
55.03
56.83
60.50
60.14
61.92
63.27
64.65
64.72
65.06
66.67
69.88
71.27
73.76
75.72
75.85
75.20
74.31
72.78
72.39
73.27
73.53
73.19
70.85
68.19
68.25
67.35
66.20
65.81
62.79
60.98
60.33
59.90
60.66
59.44
56.58
54.15
51.14
49.29
46.83
43.56
41.94
38.04
37.19
33.80
30.59
31.02
30.01
29.28
29.19
28.45
27.61
28.03
28.03
27.47
28.19
28.30
28.71
29.46
29.84
29.76
29.18
29.28
30.01
30.73
32.06
32.45
33.98
36.13
37.84
39.69
40.44
40.61
42.66
45.14
49.12
51.90
52.32
53.49
53.53
54.10
55.25
55.74
55.94
56.79
57.41
57.91
59.05
59.97
61.24
64.26
65.75
67.53
68.07
68.74
68.96
68.25
69.88
70.05
68.85
68.42
70.60
71.67
70.99
72.32
75.22
76.74
77.36
77.18
75.53
73.74
73.47
73.69
74.29
73.82
75.98
79.10
80.57
78.74
78.77
78.41
76.44
76.21
76.08
75.67
75.10
73.81
72.58
69.79
66.38
65.05
64.36
62.49
59.11
56.36
55.66
54.95
52.51
49.43
47.58
46.55
44.58
40.53
39.37
39.21
38.46
36.30
35.06
33.61
34.76
34.71
34.63
33.50
33.45
33.84
34.17
36.13
38.86
40.61
41.16
41.90
43.88
45.42
48.30
49.20
50.58
52.24
53.78
53.84
54.98
56.76
58.49
59.77
60.55
61.53
63.02
66.81
70.03
70.64
71.38
71.69
72.71
73.79
74.64
74.59
74.53
75.49
75.20
74.44
74.52
74.14
73.41
73.24
73.96
75.46
75.33
76.03
77.53
78.46
79.44
79.60
78.71
78.08
78.73
79.33
79.59
79.48
81.13
83.53
83.97
84.60
84.63
86.03
86.33
86.00
85.90
85.57
84.33
82.77
81.03
79.30
76.70
73.93
72.20
69.56
66.40
65.54
63.21
62.96
61.63
60.91
59.64
58.37
56.30
54.12
52.37
51.54
51.39
50.57
48.79
47.22
45.79
45.17
44.44
43.60
43.05
42.39
40.95
40.18
39.27
39.17
38.65
39.19
39.25
38.95
39.36
39.02
41.67
44.06
46.20
47.88
48.78
48.94
49.63
51.68
53.04
53.43
54.13
54.28
54.16
55.40
55.93
57.23
57.74
58.02
60.00
60.43
61.14
62.75
64.20
64.93
64.55
67.25
70.32
70.25
67.92
67.22
66.16
67.63
69.84
70.74
71.29
71.99
73.04
73.89
74.35
75.16
75.36
75.96
76.33
76.22
76.66
76.56
75.93
75.21
76.26
77.18
77.53
77.82
77.81
77.75
78.04
78.24
78.52
77.59
76.68
76.20
74.79
73.29
71.32
69.41
67.59
63.01
58.30
57.07
55.34
53.23
50.55
48.50
46.00
43.30
41.10
38.61
37.26
35.41
34.03
33.04
31.36
30.38
29.24
28.12
28.32
28.26
27.34
27.24
28.14
27.38
26.68
25.80
25.61
26.17
28.22
28.90
29.24
29.73
30.89
31.15
30.56
30.06
30.59
30.20
30.55
31.26
32.59
34.32
36.09
35.62
35.88
36.80
37.01
37.28
37.86
38.30
38.70
41.86
46.80
45.12
45.02
45.60
46.52
47.19
48.03
47.63
48.25
54.06
56.13
56.92
55.88
59.08
59.48
59.64
58.14
57.13
56.72
57.19
60.45
61.21
62.84
62.90
62.37
62.91
64.89
65.67
64.33
64.11
62.95
61.25
61.26
66.12
67.53
67.61
67.23
66.04
64.79
63.83
61.61
58.57
56.05
53.23
51.08
49.53
47.90
46.28
45.05
43.18
41.39
38.62
35.42
34.29
33.30
31.18
30.19
29.50
28.92
28.67
28.65
28.31
28.18
28.34
28.03
28.01
28.18
28.01
27.59
26.73
27.21
27.42
29.47
32.52
35.23
35.51
36.93
38.02
39.10
40.88
42.46
41.97
41.92
41.40
41.87
42.90
47.06
49.02
49.38
49.74
49.98
49.91
51.39
51.95
52.47
52.76
53.38
54.20
55.37
55.55
58.24
60.78
59.68
57.51
54.43
52.63
51.91
58.26
63.22
62.74
64.83
68.07
70.93
71.59
71.42
72.81
72.77
73.11
73.82
74.62
74.51
76.10
75.98
76.02
76.06
75.05
75.24
75.43
75.10
74.72
74.54
73.71
73.34
72.95
72.69
72.02
71.01
69.70
68.02
66.90
65.91
62.93
59.65
57.73
56.49
53.60
51.86
49.50
48.29
48.37
47.33
45.60
43.77
43.23
42.70
41.49
39.57
39.02
38.25
38.00
37.51
37.17
36.86
36.15
36.32
36.89
36.94
37.73
38.08
38.92
40.51
41.76
43.32
44.80
46.13
47.46
47.72
48.16
48.40
48.99
50.21
50.97
52.63
55.50
58.75
59.14
60.30
60.64
61.22
62.90
64.24
64.45
63.46
64.31
64.50
65.59
65.73
65.55
66.40
66.84
70.41
74.58
75.58
74.29
74.78
74.64
74.50
74.83
74.13
72.89
72.78
73.48
74.22
74.11
74.09
73.63
73.43
73.73
74.14
74.84
75.28
75.34
75.27
75.49
75.75
76.33
76.51
76.87
76.53
74.64
73.18
71.13
69.42
66.77
64.12
61.24
57.74
53.52
50.42
49.16
46.79
44.56
42.00
40.54
37.34
35.43
33.96
32.02
30.98
29.46
29.51
28.55
27.40
26.70
25.88
24.89
24.74
24.72
24.44
24.63
24.57
25.04
25.47
25.66
26.22
27.42
28.44
29.60
30.15
30.98
30.46
31.91
31.67
31.18
31.66
35.63
36.99
36.14
36.10
36.42
37.10
37.88
39.56
42.24
41.10
40.91
39.34
37.28
39.27
41.46
42.10
43.21
45.40
47.18
47.41
45.91
46.47
48.14
49.63
53.09
56.02
56.95
56.47
57.80
58.56
57.14
58.61
64.00
66.92
69.67
70.96
69.61
66.17
64.30
62.03
62.25
65.83
67.62
69.38
66.24
64.39
64.06
64.59
63.05
61.22
58.28
58.03
57.58
56.68
56.36
55.49
52.55
50.20
46.72
45.16
41.75
39.48
37.47
35.21
33.33
31.79
29.76
28.07
26.66
26.14
25.38
25.16
24.39
23.99
23.97
23.53
23.68
23.47
22.76
22.92
22.95
22.86
23.04
22.21
22.67
24.02
24.98
25.41
25.66
24.72
25.92
27.63
28.21
30.73
30.87
30.31
31.03
31.11
30.07
30.32
33.76
33.71
33.20
33.50
32.43
33.31
32.99
34.00
33.37
33.48
32.64
35.93
38.82
40.22
41.89
43.94
44.01
44.92
45.60
45.15
43.79
44.86
47.42
49.09
51.13
51.69
50.62
50.88
52.12
51.46
52.93
53.10
54.63
56.66
54.74
56.14
56.65
57.47
58.56
57.80
57.68
59.69
62.13
61.72
60.41
59.24
57.36
56.14
55.74
55.68
54.72
53.03
51.64
50.86
48.69
46.35
42.12
38.99
36.81
34.54
33.13
31.81
30.06
29.56
28.86
28.00
25.45
25.03
23.93
23.66
23.08
22.45
22.57
22.15
21.53
21.93
22.43
22.78
22.51
22.84
23.85
25.12
27.16
28.30
29.23
31.11
31.83
32.82
33.31
34.30
35.42
36.07
36.73
37.32
39.63
40.64
42.09
43.26
43.28
42.68
42.98
43.25
43.05
43.37
45.01
46.37
48.79
51.01
52.77
54.46
54.96
56.28
58.73
59.36
58.35
59.08
60.08
59.35
58.30
59.31
59.51
60.04
60.84
61.33
62.03
62.10
61.90
63.42
65.10
65.26
64.93
64.44
64.04
61.77
61.24
61.16
63.14
65.61
66.44
69.77
69.62
67.60
66.71
65.87
64.97
62.48
61.80
60.69
59.31
56.54
53.96
49.76
47.70
45.15
42.91
41.18
39.96
38.68
36.72
34.88
34.02
33.34
32.63
32.19
31.63
30.89
29.30
28.62
28.86
28.07
28.89
28.04
28.17
29.47
30.02
30.49
30.31
31.44
32.60
33.78
34.42
35.80
37.82
38.47
39.92
41.23
41.24
41.30
41.68
41.75
42.53
44.85
44.56
44.33
43.99
44.03
44.08
44.02
45.85
47.67
48.75
46.34
46.61
46.87
47.18
48.61
49.77
50.89
51.41
51.02
53.41
55.30
53.50
52.76
53.88
54.20
53.92
53.91
54.98
54.77
55.41
56.74
56.93
58.67
60.23
63.52
65.97
67.57
67.20
68.55
71.60
73.11
72.00
72.50
71.25
67.83
66.14
65.58
65.85
65.75
64.96
62.82
60.82
59.28
56.64
55.22
53.06
52.12
50.87
49.41
46.51
44.17
44.27
42.35
40.33
39.01
37.39
36.54
35.62
34.02
32.95
31.86
32.28
32.56
31.86
33.02
32.56
32.93
32.59
32.40
32.67
32.82
33.20
33.98
34.68
34.92
36.29
36.34
36.77
37.63
39.00
39.24
39.36
39.08
39.99
42.41
43.23
44.50
47.74
50.09
52.00
53.24
54.35
55.98
56.81
57.34
57.68
57.40
54.63
54.66
55.60
55.74
55.93
57.18
58.78
60.62
61.55
62.46
63.26
63.44
64.12
67.18
67.73
67.47
68.19
67.12
66.08
65.81
64.93
66.10
67.07
66.73
66.85
66.50
66.67
68.37
66.65
68.93
71.97
75.02
74.99
70.62
68.34
67.07
68.04
67.99
68.40
66.89
65.79
64.15
62.57
60.35
57.58
53.07
50.87
48.72
46.97
44.20
40.72
39.20
38.50
36.29
35.21
34.15
33.19
32.83
32.61
32.24
31.47
31.31
30.99
30.75
30.73
31.05
30.81
30.10
30.34
30.04
31.14
30.25
30.40
31.50
31.69
32.93
33.09
33.63
37.98
38.89
38.99
39.18
40.96
43.38
45.35
44.16
44.58
46.43
47.72
50.70
54.47
56.37
55.26
57.30
59.01
60.33
60.10
59.80
59.12
59.79
61.81
63.15
62.77
61.44
61.89
61.16
61.40
60.66
60.70
61.65
62.40
62.97
63.18
69.75
73.95
75.77
75.79
75.08
74.87
76.10
77.40
80.32
80.38
78.15
75.66
75.06
73.51
73.56
75.74
76.40
77.17
77.55
77.18
75.42
72.85
71.53
68.41
65.21
61.72
58.60
55.19
52.76
49.67
45.60
42.87
40.53
39.35
37.31
35.28
34.07
32.10
31.08
30.23
29.60
28.56
28.62
27.66
27.03
27.11
27.59
27.91
28.14
27.79
27.89
27.52
27.79
27.02
28.70
28.51
29.42
30.75
31.34
31.11
31.47
31.37
32.48
32.34
33.52
34.49
35.33
37.16
38.21
39.07
38.71
38.78
38.72
38.21
37.76
37.89
37.74
37.50
39.18
39.47
40.41
41.60
43.31
43.92
42.05
43.95
42.41
43.98
43.40
45.67
49.03
49.57
49.68
49.86
51.63
53.51
56.45
59.66
56.28
55.72
56.86
59.69
66.45
65.98
67.47
66.50
64.82
60.82
58.55
58.99
60.93
66.40
66.62
61.66
60.10
60.92
60.95
57.98
57.88
57.53
56.14
52.33
49.77
48.89
46.41
43.89
40.56
36.83
35.98
34.36
32.75
30.98
29.87
28.69
27.42
24.65
24.05
23.79
22.77
21.33
20.96
19.85
18.83
18.64
18.26
18.83
18.79
19.44
20.49
22.35
22.33
22.97
25.03
24.23
23.97
24.86
26.15
25.99
26.23
27.97
27.25
26.52
27.32
27.93
26.46
27.35
28.28
29.24
27.31
28.38
29.06
29.49
32.52
31.99
32.34
33.47
33.40
32.79
34.47
34.66
35.98
44.63
45.10
42.11
42.16
43.49
41.71
39.72
42.84
45.97
46.52
45.45
45.69
46.22
48.70
51.42
53.03
56.82
56.87
55.85
54.64
54.87
56.35
58.01
57.39
58.09
57.66
57.73
56.71
53.05
50.60
50.20
48.49
50.49
51.79
50.39
48.08
47.36
44.65
43.04
40.64
37.96
33.47
31.99
32.44
31.16
30.37
28.75
27.79
27.00
26.83
26.95
25.96
25.81
24.84
24.52
23.96
23.32
22.30
22.06
20.92
20.57
21.29
21.56
21.90
22.01
22.77
24.63
26.02
26.36
27.33
28.00
28.33
29.30
29.39
29.69
30.89
31.86
32.44
33.90
35.07
36.06
36.20
37.84
38.17
37.26
38.15
38.83
41.62
44.99
45.71
45.99
46.94
47.16
47.15
47.83
48.07
49.17
50.79
52.56
53.24
53.51
53.59
55.16
56.71
57.68
58.42
59.81
62.48
63.03
66.52
68.49
67.44
65.01
61.91
60.51
60.55
60.81
58.09
56.86
56.65
59.20
58.91
60.02
61.70
62.00
61.95
61.16
59.29
59.71
59.49
58.37
56.80
54.70
52.69
50.71
46.99
45.52
42.55
41.36
39.59
37.68
37.18
35.43
34.35
33.51
33.29
31.13
30.68
30.42
30.04
30.16
29.99
29.32
29.41
29.49
29.54
28.96
29.59
30.08
29.49
31.18
32.41
33.03
34.08
33.98
35.16
35.76
36.47
36.21
36.34
35.72
35.82
35.67
35.33
35.70
35.79
35.95
36.02
39.09
39.54
38.86
38.40
39.43
40.39
40.93
41.36
40.85
42.50
43.51
46.21
47.29
49.92
51.52
53.94
55.38
55.61
55.46
53.92
55.34
59.06
60.55
59.48
58.83
59.26
58.05
57.94
58.14
56.10
56.11
56.28
57.77
59.92
62.64
61.74
61.99
62.83
60.08
58.37
59.15
59.09
59.14
57.44
59.84
59.79
58.81
58.00
56.45
54.41
52.52
49.44
46.00
42.76
38.99
36.47
34.16
32.43
30.46
28.33
26.49
25.93
25.20
24.21
22.99
23.11
23.35
23.34
23.44
23.22
22.66
23.08
24.60
25.17
26.60
26.94
26.97
26.14
25.51
25.74
27.36
30.07
29.45
29.25
30.09
30.28
29.34
29.79
29.78
28.69
29.07
30.15
30.85
32.27
33.50
33.68
34.82
35.58
35.60
36.25
36.44
36.69
36.53
34.53
34.77
35.72
37.45
38.87
38.49
39.29
39.51
37.85
38.22
40.64
41.12
44.76
48.57
47.89
46.87
51.72
54.52
51.27
49.74
52.21
51.40
53.08
51.53
49.53
48.71
47.42
47.81
47.41
46.53
46.55
48.05
49.80
49.69
49.19
49.19
47.97
47.10
48.07
50.67
51.62
53.60
51.93
51.65
51.07
49.40
47.64
46.98
45.07
44.18
42.08
39.98
38.97
38.85
38.24
37.16
36.25
34.43
33.59
32.19
32.27
31.79
32.13
31.32
31.68
31.63
31.09
31.33
32.43
32.85
32.59
33.27
34.49
35.30
35.51
36.52
37.29
38.19
39.05
39.29
39.46
39.83
40.87
41.57
41.82
41.07
41.59
41.67
41.58
42.05
42.83
43.24
44.94
47.07
47.96
47.87
48.59
50.25
50.65
50.87
52.91
53.78
52.95
52.60
53.28
53.66
55.22
54.78
54.24
59.27
62.74
60.01
63.16
66.56
65.48
63.72
62.70
62.33
63.10
62.56
66.04
68.74
69.31
70.85
70.04
69.98
69.90
71.71
74.14
71.56
69.73
71.51
73.32
75.12
74.38
74.30
74.21
74.42
71.69
68.16
66.74
66.02
64.36
63.30
62.80
61.60
60.19
60.27
59.68
58.13
56.09
55.26
54.52
52.83
50.74
49.40
48.61
47.87
47.76
47.80
47.75
47.63
47.66
47.57
48.16
48.00
47.54
47.96
49.04
49.78
50.84
50.84
51.92
51.72
52.15
52.24
53.15
53.67
54.65
57.80
61.16
61.42
59.65
59.89
58.95
58.78
59.98
60.58
60.20
59.77
61.34
61.34
61.63
61.74
62.12
62.77
62.44
62.64
62.42
61.36
61.14
61.78
63.21
64.59
64.75
64.92
66.15
66.54
68.65
70.74
72.24
73.49
76.25
75.04
73.04
69.20
67.51
69.09
70.07
72.11
70.77
70.89
70.50
70.43
71.55
71.47
71.91
70.73
70.66
70.29
68.88
68.93
67.14
66.28
65.98
65.46
62.84
60.13
58.84
56.07
53.02
50.90
49.28
46.67
45.75
43.83
43.54
42.78
41.01
39.15
38.53
37.17
36.89
36.82
36.98
37.05
36.73
36.90
36.65
36.88
38.42
39.34
40.32
41.47
42.48
43.64
46.33
47.77
47.64
47.79
48.90
49.10
49.52
50.54
51.63
53.66
54.33
54.75
54.61
55.03
55.50
56.55
57.22
59.75
60.12
59.45
59.48
59.88
59.71
60.12
60.07
60.34
60.45
61.24
61.86
60.72
60.98
62.96
65.30
65.90
66.26
67.87
66.21
65.97
66.70
69.04
69.55
69.00
67.41
67.68
69.86
73.85
74.70
75.23
73.86
74.23
73.10
71.38
70.04
70.99
72.92
75.08
75.09
74.46
71.83
70.13
69.27
67.37
64.81
61.64
60.91
58.15
56.11
55.40
53.70
51.62
49.57
46.92
45.73
44.36
42.40
40.78
39.54
38.15
37.24
37.24
36.27
35.78
35.91
35.62
35.82
36.36
36.36
36.27
36.49
37.06
37.21
37.53
37.76
37.71
38.06
39.34
39.95
39.54
40.54
41.28
42.22
43.26
44.80
46.15
47.29
47.30
47.65
48.34
49.88
50.15
51.12
51.01
50.41
51.07
50.67
51.51
52.10
57.23
59.79
61.20
62.99
64.13
66.36
68.42
68.55
68.50
69.72
71.24
73.54
74.14
75.68
75.43
75.80
75.72
75.54
74.99
76.10
77.06
78.64
78.73
79.96
81.36
81.81
82.36
82.25
82.62
84.19
85.13
85.84
86.25
85.71
86.74
86.15
85.50
84.83
83.41
81.79
79.30
76.44
73.75
72.23
70.84
68.27
66.59
64.53
62.39
60.68
59.07
56.93
54.64
53.96
51.60
50.65
50.28
50.67
49.49
48.64
47.89
47.03
46.66
46.36
46.79
47.39
47.18
46.86
46.95
47.36
48.04
48.90
49.26
50.15
51.24
52.19
53.08
53.84
55.31
56.35
57.51
57.92
58.67
60.03
61.45
62.31
62.63
63.19
63.98
64.72
65.11
65.86
66.50
67.10
68.28
68.83
68.80
68.64
68.03
67.55
67.69
67.56
67.57
67.37
68.54
68.80
67.94
67.24
68.02
68.51
69.91
71.26
70.64
70.49
70.55
70.07
70.11
71.16
72.62
75.60
77.86
79.01
79.17
78.93
79.81
80.38
81.43
80.90
80.28
80.00
79.95
78.76
77.56
76.54
75.13
73.02
69.49
68.68
67.12
63.86
61.49
58.95
56.67
54.51
52.55
51.23
50.05
48.21
47.77
47.39
45.72
43.91
42.43
42.37
41.93
40.25
39.58
39.64
38.54
37.04
35.44
35.92
36.51
36.75
37.65
38.02
38.09
38.84
40.03
41.44
42.68
42.60
42.98
43.95
44.50
45.38
46.55
47.32
48.03
50.53
51.75
52.57
53.79
54.42
55.36
55.69
56.04
56.94
58.51
60.33
62.03
64.79
68.89
69.47
71.01
71.35
69.87
70.98
69.92
68.42