97.90
98.10
98.20
98.20
98.30
98.20
98.30
98.40
98.40
98.40
98.40
98.40
98.50
98.50
98.50
98.50
98.40
98.20
97.90
97.10
96.10
96.10
96.10
96.50
96.80
97.10
97.00
95.60
93.60
91.50
89.80
86.80
84.90
80.50
78.70
75.40
74.30
70.80
68.55
65.10
63.64
65.52
63.60
63.05
66.44
63.74
60.69
62.50
61.51
60.69
59.78
57.74
56.62
55.00
53.78
53.21
50.30
50.57
51.49
51.08
52.75
53.05
52.90
53.17
53.34
53.33
52.63
53.03
54.22
52.87
53.27
54.30
55.82
58.81
61.18
64.00
66.34
68.13
70.30
71.20
72.10
72.00
72.80
74.00
74.50
75.60
76.40
76.40
77.60
79.20
80.20
80.50
81.80
82.90
83.20
84.90
86.30
86.50
87.10
86.80
86.60
86.70
86.90
86.90
86.70
86.40
86.30
86.70
86.80
88.00
88.90
89.30
89.30
89.80
90.70
90.30
91.60
93.10
93.30
93.50
94.40
94.40
93.50
91.80
90.80
88.50
85.60
82.60
83.60
84.00
81.10
78.90
78.20
74.50
73.10
70.30
68.51
64.58
63.04
64.20
63.38
67.76
67.76
65.47
70.20
75.20
74.60
74.60
66.66
65.87
67.46
70.20
61.64
58.99
58.41
56.82
55.94
56.19
55.47
59.19
61.40
62.93
63.21
66.55
69.15
70.10
72.40
72.70
74.30
75.60
77.70
79.00
81.20
82.20
79.70
80.60
81.40
79.60
80.30
80.20
79.80
80.30
81.00
81.20
78.70
77.60
81.90
84.00
85.50
88.30
88.00
88.80
90.00
89.30
88.70
87.80
87.90
87.00
86.80
86.70
86.80
87.70
87.50
87.90
88.00
87.30
86.60
86.60
86.80
86.00
86.90
87.70
89.90
91.60
93.10
93.90
94.00
93.50
93.10
92.90
91.80
90.90
89.90
87.90
86.20
84.50
82.40
79.90
75.90
73.70
73.40
71.20
70.70
68.23
62.66
61.15
60.53
59.93
59.92
60.32
61.67
60.94
59.36
58.01
58.39
56.53
56.79
56.11
57.03
56.31
53.93
55.94
56.57
55.81
55.53
56.50
55.76
57.77
59.76
61.56
62.72
62.44
62.60
63.91
65.94
69.91
72.60
73.60
76.10
75.20
74.20
75.40
75.70
74.90
76.70
79.30
80.50
81.20
82.80
82.40
81.50
82.70
84.20
82.60
81.30
81.30
82.00
81.50
81.30
80.50
80.60
81.30
81.40
81.50
81.60
82.20
82.60
83.00
82.60
82.00
82.80
82.80
81.80
82.80
84.40
85.40
85.70
85.60
85.90
86.20
86.80
86.60
86.90
87.30
87.00
86.30
85.90
85.60
83.10
82.20
82.20
81.00
78.30
73.50
71.20
70.40
69.31
68.68
68.70
68.64
68.35
67.54
67.35
66.57
65.51
64.88
65.78
64.79
63.73
62.88
61.41
59.59
60.09
59.88
61.17
59.48
60.44
71.00
81.30
87.90
83.50
72.60
72.70
75.10
73.20
72.10
70.30
72.30
72.90
69.90
68.63
71.30
71.50
74.60
74.80
74.90
75.80
77.40
79.90
80.40
80.90
80.20
79.00
80.00
82.40
82.20
82.60
82.80
84.00
85.00
84.50
85.60
86.20
87.00
85.70
86.30
85.90
85.90
84.60
84.30
82.90
81.50
81.50
81.60
80.20
78.80
81.30
82.20
83.90
84.40
85.00
87.20
91.10
91.60
91.00
91.60
93.50
91.90
90.30
87.90
88.10
87.00
87.40
82.50
77.90
78.10
78.20
76.60
72.80
73.30
73.10
71.80
74.80
76.00
73.30
70.80
69.71
68.87
66.47
63.80
59.49
59.03
59.45
55.21
56.16
57.36
56.27
52.37
52.58
52.25
51.97
48.84
50.94
50.91
51.04
50.55
51.06
50.99
51.63
50.41
50.18
49.56
49.59
50.51
51.84
52.45
54.16
56.89
58.99
60.28
62.41
66.57
71.90
72.60
73.20
76.20
76.80
77.90
78.70
79.10
81.60
83.20
83.70
82.20
80.10
78.30
76.30
76.70
77.40
78.00
78.90
79.90
81.70
83.80
85.20
86.50
88.40
86.40
84.70
83.20
84.50
86.10
87.90
88.40
88.20
87.80
88.90
89.50
90.60
92.00
92.80
93.10
93.10
92.30
90.90
90.30
89.70
88.70
87.80
85.60
82.40
82.00
80.50
78.80
78.80
79.60
77.80
76.70
74.20
73.50
71.80
69.18
68.23
66.92
66.90
65.08
63.83
59.54
60.52
59.66
58.30
58.47
57.81
57.10
57.97
62.44
59.93
58.40
58.27
59.27
60.91
61.58
61.00
71.30
71.90
73.40
64.10
57.34
57.32
59.23
57.62
61.00
64.24
67.86
73.50
75.70
78.70
80.10
82.70
82.30
82.70
82.40
84.80
89.00
91.20
88.60
86.50
84.70
82.60
83.40
84.60
86.40
86.50
88.20
89.60
90.40
89.00
87.70
87.90
86.40
85.90
85.90
85.30
85.10
85.80
86.70
87.40
87.10
87.50
87.20
87.70
88.40
89.60
89.30
89.20
89.20
89.40
89.40
89.60
89.60
89.10
88.20
87.20
85.40
84.50
82.60
81.60
80.40
79.70
78.80
76.80
76.50
74.10
73.00
72.50
72.00
71.40
69.72
68.31
67.48
67.32
65.28
65.98
65.03
63.90
64.31
65.41
79.20
87.50
87.30
90.20
88.60
86.50
84.00
78.30
75.50
74.20
72.20
71.90
72.00
75.70
81.00
94.90
96.80
97.10
97.20
95.60
95.00
94.20
92.60
89.60
90.00
91.80
93.70
95.00
95.20
92.10
91.50
93.00
94.90
96.30
96.60
94.40
93.80
92.10
92.20
92.70
91.60
90.00
85.60
85.70
87.40
88.50
89.10
89.20
88.20
87.80
88.30
87.00
87.30
89.60
90.90
90.40
90.10
91.80
91.60
91.30
90.30
90.30
89.80
89.50
91.10
91.80
92.20
92.20
91.80
91.10
91.30
90.70
90.40
89.80
88.30
88.00
87.30
83.70
83.30
81.30
79.30
79.10
78.80
75.40
76.90
75.20
72.00
71.70
72.70
72.80
71.40
70.80
71.70
71.50
69.97
71.90
68.96
66.27
67.16
66.90
60.47
60.40
58.76
58.76
59.09
61.37
59.97
57.64
59.02
61.33
61.31
58.11
57.64
57.97
54.48
56.51
61.70
64.15
66.21
69.46
70.10
71.40
73.30
77.50
74.60
71.20
73.20
75.40
85.60
85.40
86.60
87.00
86.50
86.40
85.80
84.30
85.10
87.50
88.40
88.40
87.60
87.20
85.90
85.90
86.50
87.50
88.10
90.10
89.20
88.50
88.90
89.70
89.90
90.50
91.60
92.30
91.80
88.90
87.90
89.10
90.50
91.30
91.50
91.20
90.70
90.60
90.70
89.10
86.70
83.60
81.00
81.30
84.50
84.90
84.10
81.90
77.70
78.00
78.40
78.00
74.80
73.00
69.76
68.52
65.63
65.17
63.54
63.41
59.33
58.78
59.84
61.34
62.23
60.73
60.59
57.83
57.65
56.16
57.28
55.82
55.70
55.18
57.64
57.54
56.17
56.39
56.68
57.47
58.81
58.22
58.91
59.15
60.49
62.94
66.67
69.58
69.30
71.30
74.20
78.20
75.80
73.60
73.80
78.70
80.30
83.80
89.90
91.40
92.60
92.20
87.90
87.90
89.90
92.20
88.50
90.90
90.30
89.70
89.50
88.20
89.30
89.60
88.50
88.20
88.00
88.80
89.20
87.60
86.40
86.40
85.80
83.30
83.00
82.00
77.70
75.30
74.40
74.60
74.50
74.90
76.10
78.20
78.80
78.80
79.30
79.20
78.80
80.20
78.60
77.50
80.00
76.80
76.50
75.60
74.10
73.10
73.60
73.80
76.30
75.00
72.20
69.63
65.86
64.60
63.97
65.75
66.80
67.93
68.24
67.57
67.26
66.63
68.25
64.55
65.98
67.07
65.34
64.77
63.92
63.25
63.38
64.29
63.68
63.78
65.12
65.90
66.00
66.92
67.59
68.51
69.55
73.40
73.70
79.40
81.40
80.00
79.40
81.70
82.70
84.30
86.30
86.90
87.50
88.20
87.30
89.50
90.90
89.90
90.40
91.40
91.10
91.50
92.00
91.30
90.70
89.80
88.80
87.80
89.30
90.10
87.20
85.20
85.90
85.60
84.80
84.60
84.00
85.10
85.90
86.50
86.00
86.20
86.60
86.40
87.80
89.50
89.50
90.80
88.70
94.00
95.50
96.60
96.60
96.10
97.30
96.60
96.00
96.90
96.90
96.90
96.30
96.30
97.80
98.10
98.30
98.40
98.50
98.60
98.60
98.60
98.60
98.70
98.60
98.60
98.60
98.40
98.00
97.50
95.90
93.30
90.90
87.50
86.40
84.00
82.50
81.90
81.60
80.30
78.40
79.60
79.50
79.10
79.80
82.50
84.20
85.60
87.10
88.90
90.20
93.80
94.20
96.10
96.80
96.90
96.80
96.90
97.00
97.10
97.30
97.40
97.00
96.50
96.40
96.10
96.30
96.70
96.80
97.10
97.40
97.50
97.60
97.50
97.40
97.40
97.50
97.50
97.70
97.80
97.80
97.80
97.80
97.80
97.70
97.70
97.70
97.50
97.50
97.50
97.50
97.40
97.20
97.40
97.50
97.50
97.50
97.30
96.90
95.20
92.60
92.40
92.40
92.10
90.00
89.10
86.70
88.20
87.30
83.30
81.40
78.10
79.30
76.40
73.40
73.50
72.30
69.69
69.83
67.06
67.84
70.20
70.40
69.42
68.48
67.68
66.96
65.65
62.34
61.50
62.05
60.13
59.75
60.19
62.33
64.16
62.58
66.88
65.93
66.32
66.91
67.10
66.53
68.41
71.20
74.80
76.90
79.20
81.10
83.20
83.40
84.30
84.00
84.30
85.40
87.70
87.90
88.60
88.80
89.80
89.80
90.50
91.30
91.60
91.70
93.00
93.90
94.00
93.70
93.90
94.00
93.40
93.70
93.80
94.00
93.30
93.50
94.00
93.90
93.70
94.00
94.20
94.80
95.30
95.40
95.50
94.90
94.40
94.60
95.40
95.50
95.60
95.50
95.40
95.20
95.00
93.90
94.50
93.20
91.60
87.00
85.30
83.30
82.80
82.00
79.00
80.40
79.20
78.00
75.90
71.70
69.50
66.40
67.85
65.17
63.41
62.58
62.17
60.13
62.39
63.08
62.77
63.23
61.23
63.71
63.08
64.63
63.63
64.05
63.34
63.80
63.57
63.59
64.22
65.04
65.29
66.10
67.44
68.21
68.99
70.30
73.50
74.50
73.10
73.40
74.80
76.80
77.60
76.50
78.00
77.90
76.80
75.20
79.30
81.50
83.40
85.50
86.30
85.20
84.50
81.50
83.90
86.00
86.30
87.80
87.50
89.20
91.30
90.70
88.70
89.30
90.20
91.40
92.80
93.60
93.30
91.50
91.30
91.20
90.00
90.10
88.00
85.80
86.10
87.00
88.40
88.40
87.90
86.20
84.90
82.90
82.20
83.50
82.50
83.20
80.60
75.80
74.20
72.80
72.80
71.80
71.40
70.20
70.10
69.30
66.77
66.39
64.81
61.73
63.70
63.98
62.81
62.44
60.29
59.87
60.69
60.69
61.76
60.45
59.60
59.09
58.98
58.04
58.55
58.52
60.76
59.80
60.05
60.79
62.71
65.11
69.47
72.50
74.80
76.30
77.30
78.00
78.70
78.50
80.00
77.80
78.70
82.90
81.20
78.20
80.30
86.00
90.60
89.00
90.20
94.60
97.70
98.10
98.30
98.50
98.60
98.70
98.70
98.60
98.40
98.40
98.40
98.40
98.30
98.20
98.10
97.90
98.00
98.00
97.90
97.60
96.90
96.80
96.10
95.60
95.60
95.10
95.20
95.10
94.80
92.80
92.70
93.10
92.20
92.40
91.60
91.40
92.00
91.80
91.30
92.10
93.00
91.50
87.80
85.00
81.60
80.10
78.70
76.50
75.10
74.90
72.00
71.00
72.20
70.40
68.32
67.96
68.55
68.53
67.53
67.88
66.95
65.27
64.65
64.27
61.99
61.95
58.94
60.56
59.49
60.91
62.92
62.72
60.06
60.49
59.76
59.60
60.53
61.94
58.92
61.44
63.46
65.70
68.61
68.98
78.20
86.70
88.60
88.10
85.50
81.40
74.90
76.30
73.50
77.20
80.50
83.60
88.10
91.30
90.70
89.70
91.10
90.30
89.00
87.00
85.50
87.90
90.10
89.90
88.30
88.70
88.70
89.00
88.00
89.30
91.60
92.90
92.10
91.90
91.10
88.50
87.60
87.70
86.90
86.90
88.30
87.20
87.30
87.60
89.30
88.10
87.40
86.10
84.00
82.90
81.00
80.00
78.20
76.90
76.00
74.60
74.40
72.70
71.90
70.40
70.20
68.40
68.94
67.15
65.98
65.29
65.12
63.08
62.93
63.54
61.55
60.11
60.60
58.26
52.87
54.40
55.99
54.84
52.75
50.23
52.53
50.02
55.14
62.65
70.60
75.50
77.00
76.00
76.10
78.60
82.10
83.70
84.50
82.80
81.50
82.50
84.90
85.20
84.80
86.70
88.00
87.90
86.60
88.70
90.40
90.10
84.10
84.00
85.40
86.50
86.50
86.50
86.10
86.20
85.70
86.30
87.00
88.20
89.80
88.50
85.10
84.20
84.50
82.30
79.70
80.60
82.70
83.90
84.10
83.70
84.50
83.40
84.90
86.50
87.70
87.90
86.30
84.80
85.50
85.00
83.60
83.80
82.90
81.10
79.30
79.60
79.10
76.80
75.20
73.80
71.90
72.00
72.60
73.80
72.80
71.80
71.30
68.73
67.59
66.01
65.72
65.50
65.19
65.17
63.61
65.11
65.32
64.13
63.71
63.36
64.06
63.03
62.18
63.01
62.34
61.29
60.24
59.96
60.70
60.94
60.33
58.80
58.15
57.11
57.21
58.03
59.51
60.74
63.65
67.73
70.40
72.80
74.10
78.40
79.60
81.80
82.60
83.30
83.00
82.20
84.50
85.50
86.80
86.60
85.50
85.40
85.60
87.20
88.00
89.20
89.70
89.20
87.30
86.70
86.60
85.60
85.50
83.10
82.40
83.40
84.70
86.30
84.90
84.80
85.20
87.40
89.00
89.60
83.20
76.80
78.80
79.90
81.30
83.20
84.70
84.70
85.30
84.80
84.10
82.40
77.10
75.80
78.20
77.80
77.30
75.70
75.70
76.20
74.60
74.40
71.00
71.20
71.50
70.50
68.87
68.78
67.69
67.39
65.89
63.94
63.55
63.16
62.90
62.35
62.16
62.16
61.81
61.64
61.06
59.04
59.54
59.09
60.04
60.19
58.58
59.69
59.22
59.91
59.00
58.07
57.70
56.22
54.97
60.74
64.40
64.55
67.32
72.50
79.10
85.00
90.70
91.60
91.90
92.50
93.20
94.80
95.80
95.70
95.10
94.10
92.80
92.40
91.40
90.50
88.90
87.00
88.00
87.30
86.60
87.40
88.40
89.40
90.80
90.60
90.10
90.50
90.60
90.50
91.00
91.00
90.40
87.80
88.50
88.00
87.00
87.60
87.00
85.00
84.90
86.60
86.80
86.60
87.40
87.20
86.60
87.10
86.50
83.10
80.10
80.20
82.10
80.30
79.80
77.90
75.10
73.50
71.40
70.50
69.51
67.85
66.04
65.66
65.07
63.34
62.97
62.09
61.47
61.98
61.89
61.40
60.73
61.00
59.29
59.95
58.18
56.87
56.75
55.98
57.20
55.26
54.92
54.34
58.53
55.61
55.84
65.92
65.54
66.19
67.86
70.40
73.80
77.70
86.20
86.90
91.60
92.30
91.90
90.80
91.80
93.00
94.10
94.90
95.80
95.60
96.40
94.70
95.00
95.90
95.30
95.20
95.10
93.80
94.20
93.50
93.80
93.20
92.30
94.10
94.70
93.10
94.30
94.50
92.80
92.50
93.70
93.00
94.00
94.70
94.40
94.90
95.00
93.90
94.40
94.20
94.50
94.10
93.20
92.50
92.60
91.20
90.30
88.70
87.70
88.90
88.50
87.30
86.00
84.90
84.30
83.90
78.40
76.60
75.40
72.00
67.87
65.76
70.60
72.90
72.10
69.59
65.48
61.64
62.47
63.61
64.37
65.25
64.22
64.52
63.11
63.68
64.48
65.91
61.39
65.25
70.20
76.00
80.60
81.00
80.60
81.30
82.50
83.60
81.40
81.10
82.80
85.20
85.10
84.60
86.40
87.70
88.20
89.00
89.50
90.50
90.10
88.80
89.20
87.70
84.10
82.80
83.50
84.30
83.20
83.00
83.60
84.00
84.20
86.10
86.20
87.00
87.60
86.20
87.00
85.90
86.20
86.30
87.00
87.20
86.60
86.40
86.50
86.50
85.80
87.10
86.10
86.70
87.40
86.90
87.60
88.20
87.80
88.00
87.80
88.90
87.70
88.20
88.20
86.00
85.20
84.10
83.00
81.30
79.80
79.20
78.60
78.30
75.90
74.90
74.60
73.70
73.10
72.20
71.80
71.40
71.70
70.50
70.60
69.35
69.54
68.15
68.15
67.76
65.96
66.72
65.07
64.56
65.22
65.87
65.11
62.59
61.69
62.03
62.57
69.84
74.70
77.80
77.60
79.50
81.40
82.20
83.30
84.50
87.40
83.80
85.00
87.80
91.00
91.20
91.90
90.80
91.90
92.60
92.30
91.70
92.30
92.20
92.10
92.70
93.80
93.90
94.60
95.60
96.20
96.10
96.10
96.10
95.80
93.00
92.70
91.90
90.40
90.10
90.50
91.00
89.10
87.00
85.60
86.00
85.70
84.40
83.60
82.80
86.00
86.20
85.50
85.50
87.20
88.80
88.90
89.30
90.20
89.20
87.60
87.80
88.50
88.00
88.00
87.20
84.40
83.80
84.30
83.30
80.50
77.90
76.30
75.70
74.70
75.20
76.50
75.80
74.50
73.70
69.25
66.50
67.14
66.15
67.87
66.57
69.23
68.23
65.41
67.74
70.40
75.10
76.20
75.00
70.50
74.10
88.70
94.80
96.40
95.30
95.10
94.70
94.50
92.90
94.10
94.80
95.30
94.60
93.60
94.60
95.20
94.30
94.40
93.80
93.50
92.30
92.70
93.70
93.80
93.30
93.50
91.70
91.10
90.90
91.70
90.90
91.20
92.30
93.60
94.00
93.80
92.50
91.60
90.20
90.00
90.00
87.80
87.10
88.60
88.40
88.30
87.40
88.40
89.60
89.60
90.10
90.00
90.00
90.40
90.60
91.10
90.50
90.80
90.50
89.60
90.10
89.70
89.20
89.00
86.70
85.00
82.40
80.90
81.60
81.80
81.20
78.10
77.60
78.40
74.60
72.40
70.20
70.40
69.74
68.57
67.93
66.82
67.02
66.97
65.58
62.56
63.68
67.87
78.20
82.60
78.40
81.80
85.10
84.60
83.50
81.70
84.10
84.50
84.60
84.30
84.40
87.70
87.80
87.00
87.80
89.60
90.90
90.30
90.80
92.50
94.50
95.10
94.90
95.50
96.00
96.40
96.50
96.80
97.10
97.10
96.90
94.30
90.90
92.40
94.20
94.30
94.40
94.20
94.60
95.80
96.00
95.20
95.10
95.30
96.20
96.60
93.70
89.90
90.30
90.80
90.50
92.20
91.20
93.20
92.80
91.80
93.30
94.40
95.40
95.80
95.60
95.70
96.20
96.50
96.60
96.30
95.80
94.10
94.70
94.60
94.70
96.10
97.20
97.70
98.00
98.10
98.40
98.40
98.40
98.40
98.20
98.20
98.20
98.40
98.50
98.60
98.60
98.60
98.60
98.60
98.50
98.50
98.30
97.80
97.30
96.40
94.60
91.10
89.60
87.40
87.20
86.30
85.70
84.40
83.50
83.20
82.60
82.40
80.60
79.50
79.30
80.20
83.80
84.80
87.00
89.20
90.70
94.20
94.50
95.30
94.40
93.90
94.20
94.20
94.50
94.60
94.20
94.10
94.50
95.00
95.30
96.00
96.10
93.90
94.10
94.60
95.10
93.00
92.60
93.30
94.00
94.20
93.80
94.20
93.90
92.70
91.90
92.20
91.50
91.40
93.10
93.70
93.40
93.80
94.30
95.30
96.20
96.50
97.00
97.30
96.60
95.40
94.10
92.00
90.40
88.70
86.10
83.00
83.00
82.80
78.60
77.00
72.60
73.90
74.20
72.80
72.50
77.70
84.70
84.50
83.10
82.60
82.70
84.20
84.20
82.90
80.20
78.60
77.30
75.40
74.50
72.90
72.60
72.50
73.10
75.60
78.50
80.10
79.30
78.20
77.50
79.30
85.70
87.20
87.30
88.10
85.30
86.40
89.70
91.20
92.10
93.20
91.70
91.00
92.00
92.30
92.40
93.50
93.80
92.70
91.60
91.00
91.30
91.40
91.40
92.30
91.70
92.10
92.20
92.80
92.50
92.00
91.70
91.60
91.60
92.10
91.80
92.10
92.70
93.00
93.50
93.70
93.20
93.10
93.20
93.20
94.20
93.50
93.00
93.20
93.70
93.00
91.40
91.00
91.00
91.40
91.20
91.80
92.20
91.90
91.00
88.60
87.00
86.00
86.70
86.90
85.70
84.50
83.40
84.10
83.60
82.70
81.60
81.20
81.80
80.60
79.40
78.00
77.10
75.70
75.10
74.10
73.70
71.30
69.29
67.98
66.73
64.86
65.04
65.57
65.65
64.13
62.34
63.70
61.29
59.78
61.18
60.98
58.66
60.13
61.82
61.12
62.46
68.20
89.00
95.00
96.20
96.70
97.10
97.60
97.60
97.60
97.80
97.90
97.90
98.00
98.10
98.10
98.20
98.20
98.30
98.30
98.30
98.30
98.30
98.30
98.30
98.30
98.30
98.30
98.30
98.40
98.30
98.20
98.30
98.40
98.40
98.40
98.30
98.30
98.30
98.30
98.30
98.30
98.10
98.00
97.80
97.70
97.60
97.20
96.60
96.60
96.60
96.90
97.10
96.80
96.50
96.80
96.60
96.30
94.10
92.70
90.90
89.20
87.70
87.10
84.00
84.20
83.00
81.20
80.10
76.30
74.90
74.10
73.60
72.70
71.10
70.90
69.09
68.88
68.85
69.30
67.88
67.68
66.44
65.34
64.01
61.35
60.78
57.46
58.97
64.03
57.69
59.78
60.39
61.73
75.10
78.30
81.10
82.40
84.20
85.50
85.00
82.70
84.10
86.30
88.40
90.60
91.30
92.40
92.60
93.30
93.80
95.00
95.70
96.20
96.70
96.50
96.40
96.70
96.80
96.80
96.30
95.70
96.10
96.20
96.00
96.20
96.00
95.50
95.90
96.30
96.60
96.70
96.70
96.40
96.30
96.00
95.90
96.40
96.60
95.90
94.30
94.10
94.20
93.80
94.80
94.90
94.50
93.90
93.30
92.30
92.50
93.30
93.70
91.80
89.60
86.60
86.90
84.20
83.50
84.00
84.60
84.90
81.70
78.70
74.90
72.30
71.10
70.20
68.77
68.34
66.35
66.06
63.99
64.65
62.88
63.33
59.34
59.42
58.58
59.09
59.52
59.38
59.56
58.95
57.84
56.86
57.56
56.19
58.04
62.17
85.60
96.10
96.40
97.40
97.70
97.80
97.40
97.50
97.50
97.20
97.50
97.60
97.00
97.10
97.00
96.20
95.60
94.80
94.50
93.90
94.20
94.60
95.50
93.40
89.13
88.27
89.20
90.17
89.83
89.70
90.50
91.23
92.23
92.80
92.97
92.70
92.50
92.80
93.40
92.90
92.67
91.57
91.50
91.43
91.30
91.37
91.73
91.93
92.03
92.20
92.67
92.70
92.70
92.50
91.53
90.07
88.17
86.50
84.33
83.37
82.13
81.03
79.63
78.53
77.17
76.57
75.53
73.86
72.70
71.82
70.96
70.58
69.70
69.25
69.11
68.74
67.35
67.44
66.50
69.02
66.24
65.25
64.64
63.85
63.61
64.04
63.92
66.66
68.35
68.29
67.46
67.25
68.12
68.64
71.65
75.22
75.28
75.27
74.96
75.65
76.56
77.88
80.23
82.33
83.30
83.07
83.40
86.27
86.53
86.67
86.57
85.70
85.27
85.63
85.67
84.90
82.24
82.13
83.57
84.63
83.47
86.43
87.77
88.70
89.37