77.00
80.30
82.50
82.80
84.80
84.50
84.20
86.40
89.10
90.80
92.60
93.30
94.20
95.40
96.20
96.30
95.80
95.00
94.60
93.50
93.80
93.80
93.70
93.40
93.00
91.90
91.70
91.30
89.60
88.20
86.50
84.90
82.80
81.70
79.00
76.80
73.60
75.60
74.70
72.80
69.87
66.63
63.86
61.20
61.30
60.69
58.20
58.80
58.25
56.74
57.66
53.47
52.46
52.20
51.29
51.53
51.90
51.67
51.12
51.56
51.62
51.23
50.96
51.63
51.45
52.11
52.60
54.42
56.00
56.12
56.69
59.47
61.56
63.43
64.65
63.57
67.21
74.30
77.10
79.40
80.60
81.60
81.80
81.70
81.90
81.90
82.90
83.30
83.80
84.40
86.50
86.60
84.90
84.30
83.40
82.80
83.90
85.30
84.10
85.70
85.50
84.80
85.10
86.00
86.50
88.00
87.10
87.90
86.90
88.00
90.50
91.80
92.60
93.20
94.00
93.50
93.10
86.80
85.70
87.70
87.30
86.80
88.60
90.30
89.40
87.30
86.50
85.50
84.20
82.50
81.90
80.10
79.70
79.80
77.50
76.80
76.20
76.30
76.90
76.40
75.10
72.70
71.80
72.10
71.40
72.60
73.20
73.10
73.60
74.40
73.90
75.00
75.90
76.80
77.30
77.10
75.20
75.30
74.30
74.70
75.00
75.50
76.10
76.90
79.00
81.50
84.00
85.70
87.00
87.30
87.30
87.60
88.80
89.50
91.60
91.10
90.70
91.30
90.50
90.60
91.30
92.10
92.70
91.20
91.40
91.80
92.10
92.80
93.70
94.30
94.60
94.90
95.20
95.50
95.70
96.00
96.40
96.90
97.00
97.00
96.80
96.70
96.20
96.10
96.00
95.30
94.00
93.60
93.30
93.30
93.20
93.30
92.80
91.00
89.10
89.40
90.10
90.70
91.50
91.30
90.90
90.70
90.90
90.10
89.70
88.50
86.80
86.60
87.50
86.80
85.30
84.40
84.20
83.30
80.30
76.70
76.00
77.40
78.70
77.30
76.60
76.30
76.00
74.40
72.70
72.70
72.80
70.50
70.50
70.20
70.10
70.70
71.50
69.67
70.80
72.50
74.10
76.00
75.70
77.10
78.00
79.40
80.90
81.40
82.10
82.70
83.60
84.10
84.10
84.20
84.50
85.00
84.90
86.10
87.40
87.90
88.60
89.00
89.60
90.10
91.30
91.90
92.30
92.80
92.60
92.60
92.40
92.70
93.10
93.30
93.00
93.70
94.50
94.90
95.50
95.10
95.30
95.90
95.90
95.90
95.50
96.00
96.20
96.10
96.00
95.90
96.10
96.30
95.80
95.50
96.00
96.10
96.20
95.60
95.60
94.80
94.90
94.40
92.80
89.70
85.40
81.10
77.00
73.80
71.00
67.69
64.99
63.56
62.65
61.97
60.72
60.18
58.49
58.97
59.28
58.46
58.72
58.27
58.08
57.97
57.36
57.27
57.48
57.53
56.96
56.47
56.24
57.60
57.26
56.86
57.45
57.46
57.42
57.87
60.06
61.91
62.77
65.10
66.40
67.49
68.71
70.70
71.10
72.60
73.60
76.20
76.40
77.30
76.60
75.20
73.80
73.30
75.10
76.70
76.90
77.30
76.90
77.10
76.30
75.70
74.50
74.50
75.60
75.40
75.40
74.50
74.60
74.20
74.40
74.20
73.70
73.40
74.10
75.20
74.90
76.60
76.70
76.20
76.40
78.10
79.80
80.70
79.40
83.50
85.90
84.80
83.50
82.70
84.30
84.20
84.90
82.90
82.50
81.70
78.40
74.80
72.20
73.00
72.30
68.44
63.28
61.22
61.01
58.03
55.70
55.77
55.00
53.76
54.83
55.52
56.20
57.25
56.62
57.15
57.49
57.66
58.00
57.19
55.98
56.27
55.16
53.63
54.23
55.11
53.75
53.50
52.21
51.70
52.84
53.68
54.14
53.58
56.56
61.26
61.72
61.74
62.78
64.08
65.60
68.74
70.40
70.90
73.60
75.20
74.40
74.90
78.20
78.20
78.10
77.50
77.90
79.00
79.60
79.10
79.50
79.30
81.20
83.40
83.90
84.60
84.60
84.80
86.00
87.30
87.30
87.40
87.20
88.50
89.70
90.50
91.00
91.30
91.60
92.20
93.20
95.40
96.80
97.00
97.10
97.30
98.00
98.70
99.10
99.10
99.30
99.40
99.50
99.50
99.30
98.50
96.50
95.20
93.00
89.00
84.80
85.50
83.40
82.20
80.50
80.20
78.70
76.30
74.10
69.80
68.44
67.33
65.45
61.57
60.50
57.45
58.37
56.42
53.62
51.31
51.04
50.13
48.08
46.10
45.74
44.11
43.84
44.51
44.15
45.32
45.47
45.49
46.89
48.70
51.68
53.48
55.67
55.92
56.67
58.39
61.17
61.93
59.65
65.61
69.10
63.76
60.42
59.57
56.52
55.08
55.39
58.53
62.96
61.08
65.65
69.64
73.00
76.40
82.10
83.70
81.90
78.90
77.20
75.00
73.90
75.50
76.00
78.00
79.70
82.20
83.50
83.20
83.00
84.60
88.40
91.10
92.40
92.50
92.10
92.40
92.00
88.10
85.20
86.80
88.70
89.80
85.80
81.30
76.00
80.90
84.10
86.00
85.70
82.90
75.90
72.40
71.40
67.31
65.24
65.86
66.01
66.66
66.92
66.49
63.77
63.25
61.63
60.37
59.58
58.13
57.03
55.64
55.89
56.91
54.88
53.65
52.72
52.90
52.25
50.07
49.93
50.24
48.53
48.18
49.19
49.08
50.10
49.12
50.75
51.74
52.47
55.40
57.68
59.84
61.42
61.28
62.31
60.52
62.27
64.93
66.91
70.10
73.20
75.20
74.80
73.50
75.90
76.60
76.60
78.40
80.50
79.60
78.20
79.50
79.90
77.30
75.80
78.80
80.90
78.90
76.00
75.30
76.20
74.90
79.90
83.70
84.40
82.40
85.90
87.10
88.20
88.40
89.10
89.10
88.30
89.00
88.60
88.50
90.30
91.70
92.30
93.10
93.20
90.80
90.50
91.50
89.40
87.70
84.40
82.50
81.30
79.50
76.50
74.30
72.50
72.40
71.30
69.15
66.75
62.29
60.34
57.06
55.52
54.99
54.35
53.43
50.28
48.90
48.12
47.65
48.46
47.99
47.91
47.61
46.63
46.47
47.58
46.21
46.22
46.19
45.92
46.41
47.05
47.24
49.20
49.45
52.19
53.13
57.23
56.06
54.15
62.64
61.78
54.13
51.66
60.17
59.01
60.05
61.90
62.92
63.33
63.45
64.42
65.20
66.16
65.25
64.27
64.00
63.40
63.17
64.81
63.45
62.63
63.53
62.83
61.49
62.81
64.33
66.39
69.09
70.60
72.20
75.00
78.00
79.90
81.00
83.40
85.30
86.60
87.60
87.80
87.30
87.40
86.40
84.50
86.50
85.80
85.10
88.90
93.40
92.00
92.00
90.40
86.60
79.20
75.50
72.70
70.20
70.60
70.10
65.40
66.07
65.58
65.11
63.25
61.46
57.31
55.49
54.96
54.08
53.43
49.95
48.00
47.57
46.19
45.77
46.75
44.28
43.39
42.06
41.08
42.39
41.29
40.67
41.46
40.99
42.38
40.92
42.84
44.39
47.30
52.34
51.25
53.68
55.32
54.87
55.80
55.99
57.00
56.92
56.65
55.85
57.51
63.36
67.66
66.37
66.76
63.79
65.60
66.44
66.35
66.00
68.51
69.96
70.50
69.23
66.54
67.31
66.36
67.89
69.09
70.80
72.30
72.50
72.10
69.37
70.10
70.70
69.79
75.70
81.70
85.70
86.90
87.80
90.00
90.60
89.20
90.20
91.60
92.70
93.50
95.10
96.40
97.00
97.50
95.80
90.30
87.80
82.30
79.10
72.90
69.70
68.75
66.44
65.44
64.92
62.18
61.84
60.84
57.81
56.91
56.60
55.63
53.75
51.39
49.93
47.63
45.77
43.40
40.46
39.59
37.79
35.38
35.51
34.87
33.55
33.28
31.60
31.17
32.56
31.95
31.69
32.36
32.15
32.82
33.94
34.69
37.44
40.83
41.25
39.76
38.50
37.63
38.89
36.53
31.72
26.74
27.85
38.03
41.48
35.39
44.79
44.58
53.49
54.07
54.49
55.46
57.81
58.36
56.92
57.17
59.70
59.47
61.04
61.32
62.15
63.10
64.07
67.18
69.42
71.50
73.40
75.80
79.50
82.50
85.40
86.50
84.80
84.30
85.10
87.00
82.50
86.10
90.50
88.80
87.00
84.50
81.50
78.30
79.50
77.30
79.10
78.80
78.50
75.60
73.10
71.40
70.60
68.57
67.17
67.67
66.82
64.56
62.35
62.61
61.16
60.78
56.03
54.09
52.35
51.55
49.72
47.94
45.69
44.22
43.93
43.24
41.38
40.08
38.72
38.18
38.71
38.56
38.78
37.94
38.28
37.46
38.62
37.75
38.53
40.19
40.90
41.92
42.95
44.03
45.19
45.13
46.03
45.87
45.82
47.46
47.88
49.44
50.85
56.24
57.68
58.39
59.01
59.42
59.66
58.63
57.71
57.17
58.99
59.79
58.72
60.25
60.63
61.22
62.48
66.41
69.93
71.90
74.70
76.20
76.40
75.20
73.30
71.20
69.61
69.18
68.15
68.22
69.27
70.70
75.90
79.60
81.80
84.00
86.40
89.60
92.30
92.10
89.80
86.80
86.60
86.40
85.90
82.90
81.70
81.60
82.00
80.50
78.00
76.90
76.30
73.90
72.10
69.41
66.25
65.81
66.42
65.82
64.62
62.88
60.69
55.83
54.92
50.48
49.51
47.19
45.61
45.10
45.36
43.78
43.67
43.73
43.97
43.54
43.02
43.10
40.57
41.02
40.17
40.59
40.46
40.62
41.58
45.68
48.44
50.04
50.92
53.69
54.49
55.67
57.55
59.86
60.78
60.77
61.30
62.79
63.12
65.05
65.66
65.89
64.39
64.04
63.48
64.51
65.20
64.96
65.79
66.80
67.92
68.01
70.50
73.80
76.50
78.00
77.70
77.40
76.60
76.90
77.20
78.50
80.10
82.10
84.40
86.50
87.70
89.50
91.00
93.30
94.10
94.10
94.40
95.40
96.80
97.60
98.20
96.20
89.20
80.90
81.30
83.20
81.50
76.90
75.00
72.20
68.80
68.40
66.48
64.46
63.58
63.77
60.10
60.39
59.85
59.02
56.31
51.60
47.36
44.28
43.87
42.75
42.77
42.21
39.94
39.06
38.42
36.55
36.04
34.18
33.29
33.67
33.18
34.09
34.28
34.56
35.85
37.37
37.68
37.28
40.35
42.69
43.70
45.15
43.13
43.50
42.40
39.03
39.02
38.41
38.66
44.25
46.45
50.71
54.41
54.37
50.62
48.00
51.48
51.57
47.65
46.78
48.02
59.14
66.27
65.62
64.57
64.58
66.21
64.97
65.58
67.15
69.24
70.30
69.57
70.60
76.10
83.20
87.40
87.90
89.10
85.30
81.30
82.20
82.50
81.90
80.60
79.90
81.00
80.90
81.30
80.30
80.50
79.60
79.50
78.60
78.50
78.50
77.50
76.20
76.60
74.80
72.80
70.60
69.33
69.88
68.51
67.47
66.03
65.68
64.43
63.60
63.56
61.62
57.71
57.14
56.40
54.41
53.38
52.31
52.18
50.85
49.11
47.85
46.72
44.19
43.34
41.78
41.47
41.73
40.94
42.98
41.94
42.88
42.97
43.14
45.62
46.85
47.64
49.52
53.02
57.22
57.81
57.19
57.71
58.02
59.73
59.36
57.46
55.32
54.82
53.15
48.55
46.73
49.39
54.49
55.82
59.52
56.23
56.35
65.19
72.80
72.60
72.40
72.70
72.40
72.40
72.70
71.90
73.30
72.60
72.10
71.70
71.20
71.80
74.70
76.80
78.90
82.60
85.10
85.60
86.70
88.00
88.90
88.40
88.60
88.90
92.30
92.80
93.50
94.30
92.50
91.30
90.60
86.70
86.60
86.50
84.80
83.70
83.10
80.40
77.40
74.90
72.30
71.40
69.83
67.14
64.91
64.28
63.39
59.32
57.44
54.65
52.77
51.77
52.60
49.53
48.50
47.81
47.89
46.46
45.42
45.32
43.60
42.97
43.68
40.91
42.05
43.40
41.53
43.30
42.54
44.07
46.82
48.61
48.82
51.38
51.97
54.12
54.33
57.07
61.00
64.31
70.70
63.17
62.43
66.67
70.20
68.86
68.60
69.66
72.20
73.60
75.10
75.70
75.00
74.80
76.50
76.40
75.70
75.70
75.80
76.60
77.10
78.30
80.00
81.00
81.40
82.20
82.90
82.80
83.40
87.30
89.90
90.70
90.10
88.60
88.40
89.20
91.30
90.20
89.00
88.50
89.20
90.50
91.80
92.70
93.40
94.00
94.40
94.70
94.80
94.20
93.30
92.90
92.50
92.50
92.00
91.70
91.10
91.00
90.90
90.40
90.40
90.10
90.10
90.00
89.80
90.10
89.30
88.30
88.50
89.90
89.30
88.90
88.70
88.30
88.40
87.60
88.50
89.20
88.20
87.90
88.30
87.00
87.20
89.10
89.50
89.30
89.70
89.80
90.20
91.00
91.70
91.50
91.20
92.30
92.80
92.90
93.40
93.20
92.40
92.90
92.50
93.10
93.80
94.00
93.00
93.20
93.80
93.90
93.90
94.20
94.60
94.70
94.80
95.30
95.50
95.90
95.90
96.00
96.00
96.30
96.60
97.10
97.60
97.80
97.60
97.80
98.10
98.50
98.80
99.00
99.10
99.20
99.30
99.40
99.40
99.40
99.40
99.30
99.30
99.30
99.40
99.40
99.30
99.20
99.30
99.20
99.10
99.00
98.90
98.60
98.20
97.90
97.60
97.30
95.70
95.10
94.30
92.00
90.10
88.20
87.70
82.20
79.80
81.60
81.40
78.80
74.70
73.40
71.20
69.65
66.55
66.16
64.64
62.35
62.68
63.07
63.08
63.84
64.21
62.98
64.67
64.26
65.92
68.42
71.10
73.20
75.60
78.70
79.80
79.80
81.20
82.10
83.00
84.40
85.20
85.90
87.10
88.20
88.40
88.70
89.30
89.70
90.40
90.80
91.70
91.90
91.90
91.50
91.00
93.50
94.20
95.50
96.60
94.10
92.10
92.20
93.90
93.90
93.60
94.80
94.90
95.00
95.20
94.90
94.30
94.40
94.40
94.00
94.70
94.90
96.30
97.40
98.20
98.50
98.70
99.00
99.20
99.40
99.40
99.20
98.80
98.00
97.30
96.00
93.30
90.90
87.20
83.70
82.00
80.60
81.30
79.00
77.90
77.30
74.50
71.40
68.31
65.08
62.85
61.38
59.14
56.28
53.68
51.18
48.38
49.22
45.12
43.92
44.29
39.66
37.53
38.90
39.59
38.27
39.28
36.11
37.89
38.81
39.01
43.64
44.70
46.65
49.58
49.12
53.89
51.05
47.10
52.98
56.34
57.02
57.25
57.95
56.85
58.08
59.24
59.64
65.34
68.41
66.85
62.67
61.02
61.05
60.98
62.77
65.90
67.85
69.28
71.30
73.30
74.20
75.30
77.00
77.90
79.00
77.20
76.70
77.90
79.00
79.30
79.40
80.00
81.30
80.40
83.80
85.60
87.90
89.50
91.00
88.80
88.30
87.40
88.50
89.80
90.90
91.50
92.10
92.50
90.60
88.50
86.80
85.30
81.20
79.20
75.30
72.20
71.20
68.96
65.65
63.35
61.26
60.33
59.20
58.72
56.59
55.50
54.87
52.84
52.73
50.97
50.65
48.17
45.32
42.24
40.16
40.60
39.15
37.55
38.19
37.07
37.44
38.35
39.84
39.51
40.40
43.32
43.93
45.40
47.24
49.78
51.13
50.66
49.37
47.49
45.67
50.72
53.15
51.03
55.59
56.30
57.36
57.35
59.04
58.40
58.11
58.08
57.73
57.99
57.89
57.78
59.45
60.26
60.61
62.82
62.85
62.66
62.82
62.33
63.79
65.79
66.05
65.53
65.88
67.96
69.16
70.80
70.80
71.60
74.90
76.40
78.20
74.00
72.40
79.00
85.00
83.90
81.70
82.10
81.20
78.30
77.10
75.00
71.70
73.30
72.70
71.40
70.30
68.73
68.55
70.10
69.45
65.30
62.95
64.23
63.22
63.39
63.05
58.04
54.14
49.95
48.35
45.75
44.45
44.00
41.58
42.05
39.96
37.93
38.52
37.79
37.84
37.53
37.80
38.59
36.38
35.84
37.00
37.30
37.76
40.39
41.32
41.11
44.45
45.56
49.26
49.88
50.43
51.65
52.00
51.78
52.16
52.89
54.58
54.86
56.87
61.41
61.88
61.94
63.24
62.69
61.88
59.75
59.85
60.50
61.09
59.82
57.84
59.97
62.20
62.95
64.88
66.38
66.69
68.28
69.39
69.63
69.56
70.80
69.64
67.00
65.56
61.20
59.43
57.38
54.61
55.07
56.70
60.23
65.02
71.10
77.60
82.70
85.20
81.20
79.20
76.70
73.30
72.30
72.70
73.10
73.70
73.70
73.30
72.40
71.40
69.75
67.43
63.33
63.14
62.16
59.12
57.83
57.30
55.01
51.90
51.51
50.79
48.94
48.82
47.24
46.15
45.19
44.01
44.09
42.75
41.93
41.38
42.49
40.11
38.94
37.72
39.38
38.78
39.44
39.98
41.17
43.86
45.63
46.04
46.90
47.98
49.61
52.49
49.87
49.74
50.45
52.81
55.21
56.46
58.34
59.34
56.64
53.77
51.44
53.48
54.30
55.71
56.19
57.37
57.81
58.73
59.78
60.20
61.21
65.30
67.29
68.64
69.77
72.20
73.90
74.10
70.70
68.69
68.49
70.00
70.70
70.80
72.00
76.30
80.00
81.30
79.20
79.00
80.90
82.40
84.00
83.60
83.90
83.80
81.50
77.10
77.30
82.00
85.70
85.30
80.10
76.80
75.30
74.10
71.90
69.85
68.66
66.99
65.55
60.28
58.52
57.73
55.64
53.43
51.98
46.44
44.45
42.46
41.45
40.16
37.02
35.52
34.67
34.04
34.15
33.99
33.55
32.81
32.29
33.05
33.20
32.05
32.38
32.17
32.26
32.34
32.51
32.97
33.69
33.38
33.51
35.34
35.96
37.15
36.02
36.78
39.56
40.49
41.64
43.65
46.26
48.67
46.87
49.10
50.98
50.66
51.75
54.41
56.84
58.96
59.30
59.72
61.68
64.10
68.07
71.80
71.00
73.30
71.40
67.56
69.71
70.80
72.40
75.10
77.50
78.00
78.10
85.60
85.10
81.00
75.20
73.10
73.10
71.80
73.20
73.90
74.20
75.70
77.10
78.90
79.60
80.20
80.70
79.80
78.50
75.60
74.50
74.60
75.10
73.90
72.70
72.70
72.10
68.64
64.40
62.38
61.47
61.07
59.17
57.24
52.77
48.67
47.03
45.74
45.54
43.07
39.43
38.42
36.70
36.45
34.52
33.71
32.95
33.75
32.17
33.26
32.24
32.13
31.17
30.76
30.48
31.21
33.26
34.12
36.64
40.15
41.02
42.02
45.43
47.47
48.03
49.54
50.35
47.62
43.70
37.21
42.43
41.20
39.02
41.81
53.82
57.36
60.03
63.13
62.23
60.83
61.73
59.98
61.07
59.86
59.78
60.47
60.62
58.28
55.78
58.43
71.00
75.70
73.20
70.70
70.50
69.05
69.69
74.90
77.70
80.00
80.70
80.60
80.30
81.60
84.40
84.60
83.00
82.80
78.80
79.70
78.20
77.90
74.60
70.60
75.80
82.10
86.30
87.10
84.90
82.80
75.90
72.80
72.70
72.90
69.62
68.88
65.73
63.72
61.38
60.64
59.10
54.48
52.64
52.50
51.24
50.75
49.41
47.20
46.45
42.49
40.00
37.36
35.85
32.56
31.38
29.50
30.05
30.27
30.78
31.41
30.25
32.04
31.73
36.01
38.71
40.00
41.47
40.89
42.29
40.59
41.84
38.19
38.38
42.80
46.36
47.67
49.42
55.82
56.05
59.49
60.77
65.07
69.13
73.40
77.00
79.20
80.40
81.60
83.30
84.20
84.50
85.50
87.00
88.90
90.90
92.20
93.30
94.20
94.80
95.50
96.10
96.90
97.10
96.90
96.10
95.70
95.60
95.20
95.20
95.00
95.10
95.20
95.10
94.80
94.30
94.00
93.30
93.40
94.70
96.30
96.40
96.70
97.30
97.70
98.00
98.30
98.30
98.40
98.10
98.20
98.30
97.80
97.50
97.00
97.60
97.20
95.60
93.60
93.20
91.90
90.60
88.30
89.30
87.60
86.20
86.20
84.20
81.50
80.10
81.00
85.40
84.90
83.60
82.90
82.00
81.00
80.80
81.60
82.70
81.80
82.80
84.70
86.00
87.20
89.20
90.80
91.40
91.90
92.50
93.50
94.20
94.70
95.20
95.80
96.20
96.70
97.00
97.60
98.10
98.50
98.70
98.90
99.20
99.30
99.50
99.60
99.80
99.90
100.00
100.00
100.00
100.00
100.00
100.00
100.00
100.10
100.20
100.20
100.20
100.10
100.20
100.30
100.30
100.40
100.40
100.20
100.30
100.40
100.30
100.40
100.40
100.60
100.60
100.60
100.70
100.70
100.70
100.70
100.70
100.70
100.70
100.70
100.70
100.70
100.70
100.60
100.50
100.50
100.50
100.40
100.30
100.20
99.90
99.10
97.30
93.60
89.60
87.20
83.30
80.60
80.40
78.20
77.30
76.20
74.90
72.40
70.60
68.91
66.37
63.45
63.47
64.21
63.98
65.07
65.46
63.78
66.14
69.65
73.20
75.90
76.70
78.90
81.50
84.60
84.50
82.60
78.80
79.80
83.00
85.20
85.30
86.50
86.00
85.80
87.20
88.30
89.60
90.40
91.70
92.70
93.40
93.30
92.60
91.70
92.30
94.10
94.70
94.10
92.30
93.50
94.80
95.90
95.40
94.20
92.30
92.60
94.50
95.30
96.10
93.60
93.70
94.60
96.10
97.30
97.70
97.60
97.80
96.90
97.60
97.80
97.30
97.40
97.00
96.70
96.00
96.20
95.80
95.70
95.60
94.90
93.30
89.90
86.60
83.50
82.00
81.20
79.30
77.00
74.20
71.60
69.84
67.24
67.65
64.78
61.23
57.76
56.87
55.78
53.63
52.25
54.39
55.30
54.21
54.58
55.37
56.00
55.38
54.30
52.43
53.60
57.21
58.38
63.53
63.55
65.00
68.81
74.00
75.80
77.40
78.70
79.80
81.70
83.30
83.50
83.10
84.10
85.80
86.20
86.10
86.60
87.30
87.40
87.60
88.00
88.60
89.70
90.30
90.90
91.10
91.70
92.20
92.40
92.60
92.40
92.80
93.30
93.50
93.70
94.30
95.10
95.30
95.90
96.40
95.60
95.70
96.30
96.90
97.20
97.40
97.50
97.60
97.90
97.80
97.10
97.20
96.60
97.10
97.40
97.80
97.50
97.00
95.90
94.00
91.70
88.50
84.80
80.00
78.00
76.70
76.00
76.00
72.60
73.10
72.70
70.80
69.97
69.16
67.46
67.33
65.92
64.90
65.11
64.73
63.42
63.48
61.67
61.85
60.85
60.16
59.38
59.94
56.26
57.79
56.78
53.64
54.38
56.65
56.95
59.06
61.10
63.30
65.60
68.73
71.20
73.50
74.80
75.80
77.40
78.00
78.30
79.00
79.80
81.20
81.70
81.50
81.00
80.50
79.90
80.20
80.90
82.00
82.90
83.80
84.60
85.30
86.10
86.20
85.60
84.60
84.70
85.50
85.80
86.90
87.70
88.40
88.50
89.70
89.10
89.00
88.10
90.00
91.00
91.60
90.50
93.10
94.20
93.60
95.10
94.60
93.90
94.10
94.30
93.80
95.90
96.90
97.30
97.20
94.70
92.00
87.90
85.10
83.60
82.70
82.30
79.20
76.90
76.40
73.60
73.60
73.80
72.60
71.30
69.29
68.03
67.07
64.58
63.72
64.04
63.59
62.88
61.22
58.94
58.28
56.97
55.24
55.90
56.08
55.28
56.87
56.35
57.74
59.09
59.43
56.54
54.34
55.42
58.98
62.75
65.17
67.66
69.35
71.30
73.30
75.50
76.90
77.90
78.90
79.30
80.30
80.20
80.70
81.60
82.10
82.40
83.00
83.50
84.00
85.10
85.90
85.80
86.30
87.20
87.90
88.50
88.90
88.80
88.20
88.20
89.20
89.50
90.00
88.90
89.40
92.00
92.40
92.60
93.00
94.10
94.90
93.40
93.20
93.20
93.30
95.10
95.70
95.10
95.30
95.00
94.80
94.50
95.00
95.50
95.40
94.80
94.80
94.60
92.70
90.10
87.40
84.70
81.40
82.30
81.30
78.10
77.20
74.50
71.40
69.25
68.85
66.17
66.67
64.87
64.79
62.18
61.22
61.29
61.96
58.85
59.71
58.92
58.29
58.64
58.26
58.17
57.28
57.80
58.05
57.35
56.95
58.84
57.19
58.74
61.84
62.93
63.07
64.92
67.97
69.76
70.40
72.90
74.00
73.90
74.40
75.30
76.90
77.90
79.50
80.60
81.40
82.40
83.20
83.90
84.10
84.10
84.30
85.40
85.60
86.60
87.00
86.40