97.60
97.80
97.80
97.90
97.90
98.00
98.00
98.20
98.20
98.20
98.10
98.30
98.30
98.30
98.30
98.30
98.30
98.20
98.00
97.60
96.50
95.60
95.60
96.20
96.80
95.90
92.50
92.10
92.30
90.70
86.30
85.40
82.60
81.30
79.70
79.90
82.10
81.70
80.20
79.00
78.40
74.60
73.20
71.50
67.70
66.57
66.20
65.68
66.30
64.79
65.16
65.11
61.84
64.80
64.61
62.98
62.46
61.52
63.33
65.67
64.45
61.95
64.06
68.83
74.60
76.50
76.50
77.60
80.00
82.00
83.20
84.70
85.80
91.40
91.50
96.40
98.20
98.30
98.60
98.60
98.70
98.80
98.90
98.80
98.80
98.80
98.70
98.60
98.70
98.80
98.80
98.80
98.80
98.80
98.80
98.80
98.90
98.90
98.90
98.90
98.60
98.50
98.40
98.30
98.40
98.40
98.30
98.20
98.00
97.40
97.10
96.20
96.30
96.40
95.70
95.60
96.20
97.00
97.30
97.10
97.00
96.90
97.00
96.80
96.80
96.90
97.50
97.40
96.80
96.50
94.80
90.40
87.20
86.10
85.50
83.90
81.90
82.00
82.40
80.90
79.40
76.70
76.30
76.00
74.60
74.20
74.50
72.90
73.20
73.10
74.20
74.00
73.30
74.40
73.50
73.40
71.90
72.30
72.80
69.40
68.40
67.55
68.22
74.20
79.90
85.50
86.20
87.40
89.60
90.60
91.40
91.40
91.40
91.60
91.30
91.00
91.10
92.50
92.60
92.90
93.70
94.70
94.80
95.10
95.30
95.40
91.40
91.30
93.70
94.70
96.40
97.70
97.90
98.30
98.70
98.80
98.80
98.70
98.70
98.50
98.60
98.70
98.70
98.80
98.80
98.80
98.90
98.90
98.90
98.90
98.90
98.90
98.90
98.90
98.90
98.90
98.90
98.90
98.80
98.80
98.80
98.60
98.00
95.70
93.20
92.40
92.10
93.60
93.80
94.20
93.90
92.80
92.80
92.20
91.00
89.10
87.50
87.50
86.50
84.80
83.70
83.20
82.40
82.40
81.70
82.00
80.70
81.00
79.90
79.30
80.40
81.40
82.00
82.60
84.10
88.40
93.00
93.50
93.20
93.10
92.40
93.50
93.40
92.90
91.20
91.80
94.00
95.00
94.40
95.20
95.80
96.10
95.40
94.90
94.90
95.00
95.80
96.00
96.10
96.60
96.20
94.80
95.00
95.60
95.70
95.90
95.90
95.30
95.70
95.80
94.60
93.90
93.50
90.60
86.70
84.80
84.30
83.70
82.80
80.90
79.50
79.40
78.20
77.90
78.30
80.50
82.90
79.90
80.80
82.10
82.50
81.40
81.90
82.00
83.40
83.80
83.20
82.20
82.30
79.70
76.10
73.40
71.80
72.80
74.40
72.80
71.20
70.60
69.75
69.99
70.10
69.93
70.10
69.94
68.81
68.28
68.33
68.23
68.88
67.96
67.88
68.17
68.62
68.98
69.04
67.66
67.06
66.13
66.99
68.77
68.72
71.90
72.70
72.90
73.80
74.50
71.10
71.80
75.60
76.90
78.70
81.30
81.80
81.70
81.00
77.20
74.60
74.60
73.70
73.50
73.70
73.90
73.60
73.90
74.70
75.20
74.20
72.70
71.70
70.40
68.95
67.56
66.73
67.01
67.98
69.18
70.80
71.00
72.10
72.70
73.90
75.70
77.30
80.70
82.80
83.40
82.70
81.40
80.70
80.80
82.00
82.60
83.10
83.00
83.40
85.40
86.10
87.70
87.20
86.00
85.30
83.30
82.60
80.60
79.30
76.60
74.50
72.10
70.50
69.03
68.11
67.73
66.62
66.36
65.70
64.94
64.28
63.60
64.05
65.00
63.97
65.46
65.60
63.60
64.58
64.17
64.99
63.99
62.80
62.47
62.54
61.89
60.37
59.64
60.67
60.07
59.82
57.87
57.95
58.49
57.84
60.08
62.39
64.07
66.86
70.90
74.50
76.80
76.30
75.70
76.10
76.60
79.20
81.20
81.40
81.50
81.00
82.50
84.60
87.40
88.60
89.10
88.70
88.80
89.40
90.40
90.80
90.20
91.20
91.70
92.50
92.30
92.90
93.70
94.00
93.50
93.20
94.10
94.40
94.20
93.30
92.90
93.10
94.00
93.70
94.40
96.30
96.70
96.00
95.00
95.10
95.30
95.20
95.20
95.40
95.30
94.70
92.80
90.60
88.50
85.10
80.90
77.10
75.20
71.90
71.70
69.59
69.23
68.11
66.91
64.64
62.05
60.15
59.12
62.29
65.05
60.72
60.77
61.06
62.05
62.32
61.78
61.22
60.77
59.25
58.28
57.15
56.23
55.71
54.27
55.52
54.88
54.61
53.27
54.74
54.74
52.43
56.17
56.23
60.22
62.72
63.98
65.60
68.05
69.24
71.70
70.80
70.70
72.90
76.10
81.80
81.40
79.50
80.40
82.00
84.80
85.80
87.70
87.70
89.70
90.20
89.50
88.90
87.60
87.10
88.30
87.90
87.50
87.30
87.00
86.80
89.80
91.70
92.30
92.90
93.80
93.30
92.80
92.50
91.80
92.70
92.80
93.40
93.70
92.50
92.20
92.00
91.70
92.70
93.50
94.10
93.50
92.90
91.20
89.40
86.50
83.30
79.60
76.50
74.50
73.20
72.60
71.80
71.00
69.35
67.29
65.82
66.02
64.95
62.59
63.17
62.32
61.11
60.53
63.30
61.22
64.46
64.73
65.74
62.97
58.90
56.05
55.74
51.71
48.95
48.80
48.02
45.13
44.02
51.41
54.61
55.40
57.99
59.93
61.54
63.19
64.37
65.65
66.23
67.62
66.52
68.01
72.00
71.00
72.10
75.20
74.90
74.60
77.90
80.70
81.50
81.70
82.10
82.50
82.10
83.30
83.80
84.70
83.40
82.60
83.20
83.20
84.10
86.50
86.70
85.70
85.40
84.80
85.70
85.70
86.60
86.30
86.40
85.70
85.40
85.80
87.50
88.60
88.20
90.00
89.20
89.50
90.80
92.40
93.50
94.80
95.70
96.30
96.40
96.20
93.30
87.80
77.60
74.90
76.90
77.60
76.20
75.10
76.60
73.60
71.70
69.71
68.80
66.43
65.00
63.63
63.62
62.87
62.21
61.20
60.34
58.02
55.41
56.70
61.95
64.45
64.10
60.44
63.18
63.43
63.15
63.50
63.11
62.23
62.18
67.56
67.23
65.23
63.07
62.28
63.54
64.70
66.43
69.84
75.20
77.10
78.00
78.70
81.30
82.60
82.20
82.10
83.00
83.00
84.10
83.80
83.50
84.60
84.30
84.20
85.70
83.30
83.80
85.60
87.00
87.40
87.00
85.80
85.70
84.30
87.80
87.00
85.30
87.40
86.90
90.70
91.10
90.60
91.60
92.10
92.20
92.60
92.40
92.10
92.40
93.30
93.60
93.40
93.30
94.00
94.20
93.60
93.70
94.40
95.20
95.00
93.50
91.80
90.10
89.00
89.60
89.30
89.00
87.10
86.50
83.90
83.90
80.20
77.60
75.20
72.80
71.90
71.00
69.89
68.18
66.90
66.57
66.83
69.36
67.96
64.32
65.78
62.89
63.35
64.07
61.77
61.13
62.00
63.87
68.46
80.60
84.30
89.20
92.50
91.10
93.80
95.30
95.10
96.10
94.60
94.30
93.90
95.40
96.30
96.00
96.20
96.60
96.80
97.00
96.80
96.70
96.90
97.00
97.10
97.00
96.00
96.00
96.00
96.20
96.40
96.90
97.20
97.50
97.70
97.80
97.90
97.90
97.90
97.80
97.80
98.00
98.00
98.00
98.00
97.80
97.60
97.70
97.70
97.60
97.70
97.60
97.50
97.40
97.40
97.40
97.60
97.60
97.60
97.30
96.20
94.10
92.70
91.40
88.30
86.40
84.20
84.00
81.90
82.20
81.00
81.00
81.60
80.70
79.10
78.10
77.00
76.60
75.50
73.90
71.80
70.60
69.42
68.00
66.70
65.89
65.00
62.41
61.80
60.72
58.66
57.96
56.52
57.74
58.11
57.25
56.91
57.99
58.48
56.74
56.78
55.24
54.57
59.35
63.09
64.16
63.53
64.33
69.55
69.20
67.80
65.88
67.92
80.60
80.90
78.20
77.90
81.30
85.50
83.40
81.00
87.00
84.80
83.60
78.20
81.60
83.10
83.10
84.70
87.50
90.20
93.60
93.10
93.90
94.10
95.50
95.80
95.30
95.50
95.50
95.10
95.50
95.30
94.70
95.40
96.30
96.80
97.10
97.40
97.60
97.60
97.60
97.70
97.90
98.00
98.10
98.10
97.90
97.20
94.80
91.50
85.90
83.10
80.80
78.90
78.80
76.50
75.60
74.40
70.20
69.15
68.31
68.26
67.23
65.15
65.48
65.03
63.56
64.68
63.56
64.05
61.84
59.80
56.90
56.67
56.55
57.42
56.28
54.75
55.31
53.95
50.90
51.42
50.10
50.23
51.17
53.24
53.29
54.31
60.69
62.67
64.20
65.47
65.38
65.39
66.63
68.10
63.34
59.98
61.83
78.50
82.20
81.00
86.00
84.30
85.80
86.40
86.50
87.00
87.10
86.80
87.70
88.20
89.50
91.40
92.50
93.30
93.40
94.10
95.00
94.00
91.70
89.40
87.30
88.10
89.80
90.70
89.90
89.50
92.10
94.10
95.20
96.40
97.00
97.00
97.20
96.10
93.40
93.00
93.90
94.80
94.90
94.40
92.50
90.90
87.90
85.30
83.10
79.20
76.70
75.30
76.10
75.60
77.40
76.50
75.70
73.20
70.80
68.30
66.16
64.66
63.96
63.48
61.37
60.74
60.83
60.84
59.69
59.86
60.76
61.27
59.72
58.63
59.41
59.35
58.47
59.39
67.91
67.73
69.90
65.15
70.10
71.90
72.00
72.30
74.10
74.30
74.70
75.70
76.70
78.20
79.50
80.10
78.70
79.60
81.00
84.80
86.50
88.20
87.80
88.40
90.80
91.10
91.10
91.00
92.00
93.90
93.60
92.40
91.70
92.10
92.30
90.60
90.40
90.40
91.50
93.20
94.40
94.30
94.90
95.00
95.70
96.20
96.50
96.80
96.90
97.10
97.40
97.30
96.80
94.70
92.10
91.80
91.20
92.60
93.70
91.20
88.20
87.10
86.90
87.20
87.40
86.90
86.40
86.40
84.80
83.00
82.10
81.20
78.80
77.10
75.70
75.20
71.40
70.30
69.84
68.25
67.33
64.85
61.29
61.21
61.15
60.70
60.40
59.66
59.04
58.76
58.51
58.67
57.85
58.55
58.85
58.14
58.86
59.52
59.95
59.83
57.78
58.65
59.00
60.03
60.82
63.08
63.04
61.62
62.07
62.50
63.30
61.84
63.36
64.29
69.95
82.00
74.00
71.30
85.80
87.00
86.10
86.10
87.50
89.00
89.30
89.60
86.40
81.70
81.80
83.30
85.00
85.90
86.80
87.40
87.60
88.40
88.30
88.10
86.70
86.60
86.70
87.00
86.80
86.50
86.80
86.10
85.90
86.50
87.20
87.50
86.50
85.00
85.40
86.00
86.10
85.00
85.90
86.60
84.50
85.50
84.10
86.20
87.40
88.30
87.30
86.00
79.50
78.90
80.50
80.40
79.60
76.70
74.80
74.10
72.40
70.50
69.91
77.10
93.10
96.80
97.30
97.40
97.30
94.10
94.20
93.40
93.40
93.20
92.90
92.40
91.80
89.60
87.30
85.20
84.20
83.60
82.50
83.70
84.50
85.20
83.90
85.60
86.10
85.90
86.70
87.20
86.90
87.40
87.70
88.00
92.40
95.10
94.10
93.70
94.20
92.50
91.00
90.70
90.80
91.30
90.80
89.80
89.80
89.40
89.70
89.10
89.90
89.80
89.90
90.40
90.60
92.00
90.90
90.90
90.30
90.40
91.30
92.50
93.60
93.70
93.50
94.70
93.70
92.80
92.30
92.40
93.40
94.60
95.80
95.90
96.30
97.00
97.30
97.00
97.00
97.30
97.00
96.60
96.00
94.70
92.90
91.60
90.90
91.20
90.20
90.00
89.00
88.30
88.80
87.50
85.60
86.30
84.90
83.70
81.70
80.60
82.80
81.30
81.60
80.50
79.60
76.30
78.40
78.90
82.20
83.40
82.50
80.60
82.20
82.80
84.10
85.80
84.60
84.60
85.10
84.80
86.00
86.50
87.30
87.50
89.10
89.00
89.00
88.70
88.90
89.60
88.70
87.80
87.40
88.70
89.50
89.90
90.00
88.90
89.70
90.20
90.20
90.60
91.30
91.90
92.70
92.60
92.30
90.60
90.50
90.60
90.20
90.70
91.00
91.30
91.90
92.00
91.90
91.90
92.10
91.80
92.30
92.20
92.30
92.30
91.90
91.90
92.10
91.90
92.40
92.90
92.50
93.00
92.90
93.10
93.00
92.50
92.10
91.50
90.50
89.30
88.00
86.30
84.30
82.70
81.00
78.30
78.20
78.50
78.30
77.50
78.00
76.70
76.20
77.10
76.60
73.20
74.70
74.80
80.20
82.00
82.80
83.40
83.00
83.40
83.00
81.90
80.20
81.20
80.90
80.80
81.60
82.00
81.80
82.60
84.00
85.70
86.00
86.30
87.00
88.00
89.10
90.30
91.20
91.40
91.90
92.70
92.30
92.90
92.20
93.20
94.20
95.20
95.30
95.70
96.30
95.90
96.60
97.20
97.50
97.60
97.80
97.90
98.00
98.00
98.00
98.10
98.00
97.90
97.90
97.90
97.90
98.10
98.20
98.30
98.40
98.50
98.50
98.40
98.30
98.00
97.60
97.20
96.90
96.40
95.60
95.10
94.90
94.80
94.50
94.60
93.60
92.80
93.10
93.00
92.90
91.20
89.10
87.00
86.10
85.80
85.00
83.70
83.60
80.90
78.70
79.20
77.90
76.30
76.80
76.15
75.50
75.60
74.90
75.40
73.90
74.40
74.70
76.10
74.40
73.50
74.90
76.40
77.00
77.40
75.50
78.10
80.70
81.00
80.20
77.30
76.80
76.10
77.20
78.60
80.70
83.80
85.30
86.40
87.20
87.10
87.90
87.40
86.70
87.90
89.40
89.80
90.30
90.90
91.30
92.00
92.60
93.20
94.20
94.80
94.90
95.00
94.90
95.00
95.20
95.40
95.00
95.00
94.80
94.80
94.70
94.80
94.20
93.50
92.40
91.30
90.40
91.00
91.60
91.60
92.20
91.70
92.30
92.00
91.80
91.80
92.30
92.70
93.00
93.20
93.20
94.00
95.30
94.10
93.70
92.00
88.80
86.20
85.10
84.10
83.90
83.00
82.70
81.90
82.00
80.10
79.40
78.20
77.50
76.60
76.00
73.10
75.30
73.60
73.20
74.90
71.90
71.80
74.00
74.80
74.80
73.20
70.70
67.58
66.63
64.62
63.24
62.97
63.91
64.47
64.46
62.31
65.04
67.44
66.80
68.40
70.40
71.30
73.30
76.60
78.80
80.30
81.90
82.60
84.00
85.40
86.50
87.60
87.70
88.50
89.50
90.50
91.70
92.30
92.70
92.90
93.20
93.50
94.10
94.40
94.00
93.90
93.80
94.00
94.20
95.00
95.50
95.80
95.60
95.40
95.30
95.50
95.50
96.30
96.70
97.00
97.20
97.40
97.60
97.70
97.70
97.80
97.70
97.70
97.70
97.80
97.90
98.00
98.10
98.10
98.00
97.90
97.70
96.80
91.60
86.30
83.30
82.90
80.70
77.30
76.50
74.80
75.20
73.60
74.60
73.70
71.00
71.40
70.70
69.71
68.90
68.28
67.43
66.06
66.67
68.63
71.30
68.17
65.65
65.92
66.27
63.19
64.06
63.67
64.46
63.05
65.71
67.04
67.02
66.55
68.13
71.20
73.60
76.00
78.40
79.00
78.50
78.40
79.70
83.20
85.80
85.40
86.90
81.50
80.60
83.40
83.10
81.60
86.90
87.90
84.30
86.60
88.20
86.80
85.90
87.30
88.40
91.50
93.00
93.30
95.60
96.30
96.30
95.80
96.40
96.80
96.70
96.90
97.40
97.70
97.80
97.60
97.60
97.60
97.60
97.50
96.90
96.60
96.80
97.00
95.80
95.20
95.80
96.10
94.90
93.10
91.30
90.20
88.30
88.40
85.40
87.00
85.70
85.70
84.30
83.00
83.10
82.40
81.40
81.80
82.50
80.90
81.90
83.20
80.70
79.80
80.00
80.90
81.10
81.40
79.50
80.60
79.00
79.10
78.60
76.80
76.80
74.90
72.10
75.50
79.20
81.50
82.90
83.20
82.30
83.10
87.30
88.90
89.80
88.90
89.10
92.50
93.70
94.50
93.50
89.20
93.40
94.50
96.80
96.60
97.40
97.70
97.10
96.90
96.60
96.80
97.20
97.40
97.70
97.80
97.80
97.80
97.90
98.10
98.20
98.10
98.00
98.10
98.20
98.40
98.40
98.00
97.60
97.60
97.70
97.80
98.00
98.20
98.30
98.40
98.50
98.60
98.70
98.70
98.80
98.80
98.80
98.80
98.80
98.90
98.90
98.80
98.70
98.50
97.80
94.70
89.80
88.70
86.10
82.10
87.70
87.10
84.80
82.10
78.50
76.20
78.40
75.70
70.50
67.29
64.50
66.38
65.59
63.19
62.05
61.00
57.68
59.50
60.48
58.79
56.55
57.44
54.02
50.67
48.84
50.32
53.46
53.02
56.24
57.87
54.37
56.35
56.20
58.79
56.19
56.49
59.61
73.40
69.57
70.70
69.84
70.10
67.23
74.00
71.50
72.10
83.50
87.60
90.70
88.20
89.10
88.80
88.40
89.50
89.10
89.50
90.80
90.30
88.20
89.90
90.70
91.50
91.90
92.40
93.40
93.10
93.30
93.70
93.80
93.40
94.80
94.60
93.70
92.40
90.20
88.10
90.00
94.10
95.00
94.10
95.40
95.90
97.10
97.70
97.90
97.70
96.80
93.50
91.70
89.90
88.20
84.40
83.10
82.60
80.40
75.70
74.90
75.00
74.90
74.70
73.10
73.10
71.50
72.20
70.30
66.26
62.39
61.08
61.65
61.50
57.55
56.82
55.55
53.47
49.82
49.89
49.33
48.11
49.51
51.75
53.04
58.36
60.53
56.23
55.21
57.74
58.89
62.29
65.92
69.52
73.10
74.30
71.90
69.99
70.10
71.40
70.00
70.30
69.99
70.40
70.00
69.02
80.50
87.80
88.50
89.20
89.10
89.40
90.60
90.10
91.10
93.20
93.70
94.60
95.20
95.20
95.40
95.20
95.60
95.50
95.70
96.40
96.80
96.90
96.80
96.10
96.00
95.90
96.00
96.20
96.30
96.70
96.90
97.30
97.70
98.00
98.20
98.30
98.50
98.60
98.70
98.70
98.70
98.70
98.70
98.60
98.50
97.80
95.60
88.10
84.90
80.10
78.10
77.40
75.30
73.00
71.60
70.30
70.60
68.90
67.10
65.72
66.04
66.08
65.47
65.15
61.31
60.53
60.21
58.57
59.28
56.37
56.61
54.73
55.83
61.49
59.77
59.08
62.66
61.95
61.51
64.76
67.63
64.90
65.28
66.06
68.31
71.30
72.40
74.00
74.60
76.30
78.60
79.40
82.50
82.30
78.80
75.90
76.80
77.20
80.00
82.30
82.10
89.80
95.60
96.70
93.30
91.60
88.60
90.50
93.40
93.40
87.60
81.90
77.50
77.90
77.30
83.70
91.40
93.40
93.40
90.90
85.70
86.70
93.80
96.30
97.30
97.70
97.80
98.00
97.90
97.60
97.40
97.50
97.60
97.80
97.90
98.00
98.10
98.20
98.30
98.10
97.80
94.30
87.00
82.30
81.60
80.90
78.30
75.60
71.90
69.51
68.97
68.21
67.66
65.06
63.60
63.33
63.74
60.08
58.14
57.63
57.26
55.82
53.31
55.94
55.38
54.75
54.83
56.27
55.52
53.72
53.13
53.58
55.95
55.74
52.05
53.52
50.66
52.97
53.28
60.66
64.98
68.11
68.43
67.05
65.32
63.90
62.93
63.90
66.41
71.80
73.20
73.20
78.90
77.80
76.90
76.50
73.20
70.70
76.90
79.30
79.30
78.60
76.60
90.70
92.80
91.70
91.00
89.90
89.00
91.00
91.40
91.40
93.20
93.70
94.50
93.40
90.20
91.90
94.40
95.60
94.40
95.80
96.60
97.00
97.20
97.30
97.50
97.50
96.50
94.40
94.90
95.00
94.30
92.10
90.90
85.70
83.40
81.70
79.10
79.60
80.90
80.50
80.30
80.20
78.40
76.80
73.80
68.88
68.84
68.40
68.08
67.16
65.90
65.13
64.85
62.22
65.10
62.17
61.45
59.43
58.74
56.65
54.98
57.15
55.27
57.03
53.70
52.63
52.71
53.91
53.62
60.08
59.88
61.58
65.36
67.60
68.78
68.61
69.34
69.49
72.10
73.00
74.80
75.10
73.90
72.00
71.90
74.40
76.30
77.10
81.00
78.60
78.40
78.60
76.70
76.00
78.20
84.40
81.30
81.70
83.80
85.50
88.30
90.20
90.30
90.50
91.90
93.50
93.90
94.20
94.60
93.90
93.70
93.90
94.90
95.60
96.40
96.80
96.90
96.40
95.90
95.20
94.10
95.00
95.70
95.10
94.60
93.90
92.70
90.40
87.50
85.80
84.20
81.80
82.10
80.30
77.60
77.20
77.10
74.60
74.10
72.00
70.30
69.54
68.05
65.75
64.24
63.72
62.96
62.67
62.13
61.47
60.56
59.84
58.70
58.90
58.89
58.95
59.42
59.50
58.74
60.31
61.49
63.41
68.60
70.60
73.30
67.16
72.50
66.59
71.20
77.20
82.10
87.10
87.00
86.40
88.20
89.00
90.80
91.40
91.10
90.60
91.10
88.70
87.30
87.20
86.00
85.00
87.40
88.30
87.10
86.80
85.80
86.30
86.90
87.30
87.40
87.80
89.20
90.70
92.10
93.50
94.40
94.40
93.50
93.70
94.10
94.40
92.50
91.90
91.80
90.40
88.20
88.00
88.70
90.70
91.80
91.80
90.50
89.60
90.80
91.70
92.40
92.30
92.30
90.30
87.90
86.70
84.20
85.70
85.50
85.00
82.60
80.20
79.80
77.90
76.50
74.70
72.60
72.00
70.90
70.00
66.16
66.68
65.78
65.23
63.41
63.75
62.37
65.12
70.80
77.30
85.30
90.20
91.00
93.20
85.00
86.60
79.90
78.20
75.00
76.30
77.00
76.90
80.20
81.00
78.40
81.50
83.50
85.60
81.60
80.00
79.00
78.80
88.90
91.00
89.60
87.90
89.40
90.00
90.40
90.10
89.20
90.10
89.30
89.10
90.90
92.70
93.50
92.90
92.10
91.10
90.50
90.60
90.40
89.50
90.20
90.10
90.90
91.20
92.00
92.10
92.10
92.80
91.90
90.80
90.10
91.10
91.90
91.60
91.60
91.90
92.40
93.20
93.90
93.70
92.80
92.60
93.80
94.10
92.90
91.20
88.20
85.80
84.00
82.60
81.30
79.60
78.80
77.00
76.30
75.60
75.30
74.50
72.50
72.10
71.00
69.98
68.94
67.31
66.65
66.36
65.89
64.69
65.31
64.48
61.61
61.70
62.00
61.22
60.57
60.72
59.85
58.63
57.95
57.48
58.84
58.13
58.25
59.34
62.31
63.82
63.03
64.62
67.52
77.00
76.10
76.10
79.20
82.40
84.20
84.90
85.70
86.50
87.30
87.90
88.10
88.30
88.20
89.10
90.10
91.30
91.30
91.10
90.80
90.80
90.90
91.70
91.80
91.70
92.30
91.70
91.70
91.90
92.00
92.60
92.80
92.80
93.30
93.40
91.80
91.40
91.50
92.00
92.00
91.70
92.10
92.50
93.50
93.60
93.60
93.70
93.90
93.90
93.60
94.00
92.40
90.50
87.80
87.40
85.70
84.20
82.90
81.50
79.20
79.10
76.00
75.20
73.80
71.60
69.20
68.88
67.80
66.40
65.18
63.92
64.93
62.79
62.53
62.12
63.24
65.00
64.05
62.20
62.77
65.17
70.70
80.30
85.80
89.40
87.80
91.40
88.40
88.80
91.00
92.80
91.10
90.70
93.90
94.50
94.80
94.60
93.20
95.60
96.20
96.80
97.10
97.30
97.50
95.10
92.10
91.20
88.20
90.30
91.70
92.70
91.70
92.00
93.90
94.10
94.00
93.60
94.10
96.30
97.00
96.40
96.40
96.50
96.50
97.30
97.40
97.60
97.40
97.40
96.80
96.10
96.60
97.30
97.40
96.80
96.90
96.70
96.60
96.50
96.70
96.80
96.10
96.40
96.40
96.60
96.40
96.70
96.70
95.50
95.10
95.50
95.30
94.20
93.30
92.90
92.50
92.30
92.00
93.60
95.30
96.90
97.00
97.50
96.40
96.00
96.00
94.40
94.10
94.90
93.40
91.10
88.60
87.60
87.80
86.20
86.70
92.20
93.20
91.90
91.70
90.20
93.30
92.80
92.80
92.10
90.00
89.40
90.30
90.50
89.70
90.60
91.20
91.50
91.50
90.80
92.10
92.70
93.50
95.60
96.80
96.80
95.90
94.70
94.00
93.70
93.50
93.10
92.00
91.80
92.60
92.30
93.70
93.30
93.60
95.70
96.30
95.90