70.31
73.73
75.35
74.29
76.00
77.54
78.85
80.20
81.15
82.69
83.05
83.04
82.85
82.68
82.65
82.89
82.48
82.76
83.00
82.85
82.90
83.34
84.10
87.55
90.13
90.55
88.68
86.23
85.10
84.36
82.98
80.89
79.25
76.05
73.57
71.31
68.30
65.72
63.19
60.97
58.33
55.01
52.64
51.29
49.73
48.07
46.68
44.79
43.20
41.25
39.48
37.32
37.08
35.52
34.42
34.29
34.74
34.19
35.05
34.37
33.71
33.58
34.41
35.30
35.30
35.27
35.40
35.71
35.43
37.43
38.81
37.55
37.80
38.92
40.73
41.35
41.24
42.14
43.29
45.74
47.30
48.58
49.76
50.75
51.09
52.25
53.18
53.45
53.77
54.83
55.64
56.01
55.83
55.83
57.76
59.39
59.89
60.58
61.33
62.10
63.63
64.60
64.75
65.11
67.34
68.12
68.74
72.77
74.35
74.03
78.44
81.86
79.46
78.21
78.69
78.54
78.39
76.66
74.42
73.71
74.52
74.33
73.43
74.89
74.56
72.82
71.12
69.49
68.92
68.39
65.94
63.66
62.10
59.39
57.30
54.58
52.46
51.57
50.61
48.73
47.40
46.31
44.99
44.13
42.49
41.10
39.56
38.44
37.55
36.61
36.46
36.94
37.02
36.93
36.19
36.70
36.64
37.26
37.31
37.96
38.89
39.15
39.58
42.37
43.03
41.72
42.13
43.28
43.88
44.67
46.75
47.22
48.50
49.59
49.48
50.29
51.89
52.70
54.99
56.04
56.29
56.30
56.33
56.03
56.30
57.39
58.16
57.93
58.20
59.49
58.78
58.89
60.48
62.02
64.27
64.17
64.70
64.93
64.80
66.60
68.66
68.99
69.34
71.07
72.33
72.61
73.15
72.91
73.75
74.62
74.63
74.12
76.79
77.44
76.12
74.67
76.22
75.31
73.03
71.89
72.43
70.63
69.87
67.75
66.91
65.06
63.16
60.54
57.58
55.73
54.83
53.01
50.86
49.35
48.54
45.39
45.26
42.55
41.63
40.53
39.96
39.52
38.67
38.10
37.70
37.07
36.10
36.24
36.72
35.47
35.93
35.37
34.08
35.40
36.14
36.08
36.81
37.37
37.45
38.28
38.69
38.93
39.24
39.83
39.94
40.60
41.78
42.39
42.99
43.53
44.79
45.10
45.75
46.20
46.48
47.08
46.68
47.21
47.59
49.31
50.09
49.64
48.51
47.35
46.94
46.37
46.17
47.61
49.43
50.09
49.77
50.46
51.39
52.14
52.53
52.03
50.96
50.87
52.64
54.36
55.35
56.22
55.58
54.09
53.25
53.77
55.12
54.86
55.44
56.31
56.96
58.35
58.76
57.99
56.42
55.42
56.39
56.45
58.09
57.41
57.00
56.33
54.60
52.93
52.55
50.42
48.11
45.80
45.15
44.03
42.37
41.16
40.05
38.94
36.75
36.28
36.08
35.60
34.23
33.86
33.64
33.21
32.40
31.70
31.34
30.71
30.75
29.92
29.80
29.58
29.11
29.26
29.56
29.91
30.27
30.89
31.73
32.13
32.50
32.85
33.78
34.57
35.28
37.19
38.41
39.67
39.94
39.90
40.28
40.19
39.40
39.11
40.68
41.77
40.61
40.53
41.45
42.36
43.57
44.82
45.05
45.51
45.41
45.40
45.59
45.12
44.57
45.00
45.40
46.16
47.02
48.17
48.56
47.86
47.57
46.82
48.44
50.97
50.76
50.75
49.53
48.08
48.30
49.96
51.37
52.25
54.07
52.58
53.09
52.76
52.62
54.03
53.07
50.82
50.61
48.95
47.90
47.06
47.84
45.44
42.36
40.08
38.50
36.15
35.46
32.75
30.83
29.88
29.17
28.10
26.44
26.05
25.91
25.54
24.64
24.57
24.33
24.04
23.89
23.71
23.86
25.12
25.17
24.74
24.83
25.90
26.10
26.77
27.34
27.89
27.96
26.36
26.17
27.89
28.30
27.99
29.21
30.60
31.64
32.59
35.45
37.71
37.86
39.46
41.19
41.92
42.77
44.41
46.65
48.11
49.58
49.78
48.80
48.32
48.41
48.11
48.50
48.95
48.93
49.08
49.83
51.16
53.23
54.07
54.18
53.72
54.40
54.99
55.71
57.13
58.86
59.93
60.13
60.43
61.78
61.87
61.74
61.58
61.79
62.26
62.98
63.11
63.83
64.31
64.31
64.58
64.24
64.10
63.26
62.84
64.10
61.74
59.67
56.92
54.20
51.81
49.72
48.67
45.91
44.84
42.79
41.51
39.82
37.80
35.89
34.42
33.00
32.63
32.08
31.63
30.50
30.26
30.04
30.83
30.39
30.56
30.70
30.54
30.71
31.46
31.34
31.90
31.55
32.53
31.94
30.67
31.07
32.03
32.88
33.82
35.16
36.64
37.62
38.14
39.06
41.53
41.97
42.06
42.38
42.86
43.23
43.16
43.71
43.92
44.45
44.99
45.47
45.79
46.23
46.52
46.89
47.15
47.68
48.05
48.08
48.20
49.45
49.31
49.30
50.13
51.53
51.00
50.58
50.78
50.19
50.82
51.33
50.75
50.53
51.41
52.99
56.22
57.72
58.37
57.84
58.01
58.51
57.84
58.33
58.11
58.58
58.46
58.98
59.12
59.02
59.19
58.83
57.82
56.87
55.61
56.58
58.14
57.94
57.41
53.83
49.79
49.75
46.49
46.04
44.87
43.69
42.57
42.39
42.30
41.63
41.11
39.96
39.38
38.87
38.32
37.08
37.12
37.56
37.58
37.45
37.60
37.00
37.37
37.95
38.43
38.58
39.45
40.53
40.26
40.19
41.12
41.83
42.34
43.12
44.43
45.60
46.19
46.84
48.05
49.10
49.70
50.54
51.40
51.98
52.52
53.28
54.05
54.67
54.67
54.61
55.00
54.53
53.70
54.11
55.01
55.71
57.40
59.54
60.75
60.30
59.88
60.42
60.29
60.30
59.81
58.81
59.06
59.54
60.67
60.72
61.43
63.57
64.31
64.40
63.99
65.52
71.27
72.35
72.95
73.50
73.13
73.40
73.47
72.77
69.49
68.63
68.16
65.47
62.79
61.97
60.96
60.02
57.69
54.33
52.64
50.90
48.31
47.06
45.47
43.59
42.75
40.56
38.99
38.00
36.64
36.76
35.48
34.44
33.72
32.90
31.53
31.10
30.47
30.40
30.99
30.87
31.24
31.58
31.93
31.54
31.87
32.40
32.84
31.88
32.58
34.06
34.17
35.35
36.15
36.89
38.59
40.03
41.51
44.61
44.68
45.28
46.56
47.67
48.43
49.12
49.98
50.64
50.62
50.90
50.75
50.90
51.15
50.99
51.63
52.25
52.18
52.35
53.89
54.32
55.82
59.43
58.82
58.33
58.77
59.85
61.14
63.84
67.80
70.22
71.24
71.83
73.16
73.52
73.88
74.28
72.99
71.96
72.05
72.80
72.90
73.67
74.23
74.38
74.66
75.14
74.02
73.47
71.63
70.14
68.96
68.19
67.08
64.56
63.06
60.73
58.53
57.97
53.70
51.59
50.78
48.32
48.17
48.23
47.36
46.69
45.95
44.80
44.55
43.79
43.41
42.76
43.60
43.75
43.29
43.79
43.51
43.45
43.20
43.20
43.92
44.43
44.36
46.08
47.14
47.37
46.68
46.92
46.50
46.56
46.44
46.88
47.35
47.62
49.56
53.76
54.39
55.23
55.73
56.47
56.56
58.78
58.77
59.15
59.79
60.11
59.96
61.25
60.81
60.35
60.96
61.68
61.55
61.86
62.00
62.66
64.56
65.49
64.97
64.28
63.64
63.03
64.50
66.40
66.63
65.14
67.03
74.71
74.01
73.80
74.15
74.11
73.31
71.72
71.42
73.38
75.33
76.58
75.67
74.49
73.85
72.57
70.04
69.79
70.93
71.54
71.22
70.99
70.06
69.02
67.55
65.54
63.93
62.43
62.09
60.32
58.94
55.40
53.72
50.65
49.17
50.08
50.13
47.40
46.35
44.78
44.60
43.66
43.16
42.18
41.79
42.18
40.40
40.26
39.53
40.41
39.95
41.76
42.40
41.32
41.04
41.54
42.48
42.49
42.46
42.37
43.47
44.60
45.40
46.57
49.57
49.53
50.21
53.32
56.33
56.11
55.61
54.56
55.33
56.12
57.45
57.88
59.44
62.64
63.43
63.12
63.74
65.46
67.26
67.86
67.50
67.25
67.52
66.80
64.93
66.16
67.79
67.64
68.25
68.69
68.91
69.89
70.61
70.78
71.11
71.98
72.22
70.18
69.11
68.66
68.41
69.35
69.55
68.64
67.23
66.67
68.02
69.49
68.90
68.94
70.77
72.61
70.11
66.81
65.23
64.31
64.24
63.19
59.98
56.79
52.35
49.62
47.20
45.18
41.98
41.58
40.80
39.54
38.09
36.93
36.01
41.66
41.14
40.28
40.22
39.28
38.60
37.51
33.80
33.68
35.09
33.76
34.40
34.51
36.23
36.30
35.28
35.50
38.31
38.85
40.30
40.98
39.00
39.21
38.90
40.37
40.90
43.21
48.54
46.79
45.40
47.15
49.09
49.68
50.51
52.43
53.57
54.95
55.44
56.14
55.68
56.50
57.65
58.83
58.94
58.67
57.68
56.93
56.87
58.12
59.94
60.93
61.29
64.77
66.38
66.97
68.47
69.18
68.22
68.13
69.39
68.71
68.02
68.36
68.41
69.93
70.64
70.19
71.49
71.24
71.82
73.14
73.77
73.81
72.02
72.03
72.32
70.69
69.01
69.25
68.12
65.38
63.75
60.96
58.11
55.45
54.20
52.16
50.02
47.76
45.53
43.23
41.76
40.20
38.37
36.66
36.57
34.32
32.82
31.43
30.09
28.78
26.44
25.59
24.29
23.53
23.75
23.84
24.06
25.96
25.72
24.91
23.89
26.11
25.53
28.07
28.05
31.21
29.25
30.34
32.79
35.83
38.90
39.83
42.48
44.81
45.54
46.29
47.59
48.67
49.97
50.93
52.12
52.52
53.05
54.24
56.33
56.68
55.32
56.35
56.58
57.33
56.72
57.00
59.50
61.41
63.28
65.46
66.40
65.72
65.33
66.06
67.23
67.85
67.16
66.42
65.79
64.00
63.37
61.31
59.72
61.40
63.42
65.56
63.55
63.93
63.62
62.42
62.60
63.08
64.04
65.08
64.59
64.48
64.25
63.99
63.08
62.33
59.71
57.07
53.79
50.43
49.52
48.01
44.51
43.31
41.62
41.25
39.81
37.26
34.93
33.94
33.13
33.20
32.05
30.64
28.69
28.15
28.59
28.63
28.79
28.01
28.06
28.01
27.88
29.04
30.46
31.77
32.41
32.54
32.99
33.55
34.41
35.45
35.14
35.12
35.08
35.29
35.56
36.01
37.28
39.44
40.47
41.60
42.58
42.81
43.54
45.50
48.19
46.24
45.31
44.46
44.19
45.86
45.04
45.08
46.81
48.10
48.44
49.19
50.11
50.62
50.37
50.90
51.98
52.82
53.31
53.23
53.98
54.70
56.26
56.90
56.41
56.41
57.88
58.88
59.94
59.79
60.52
60.89
61.00
61.24
61.85
62.69
62.74
63.74
67.04
69.97
71.32
73.08
73.44
73.63
73.52
73.59
74.20
73.63
72.52
70.17
68.86
56.79
53.64
51.53
50.76
46.97
44.35
43.82
40.14
39.94
40.75
39.70
36.17
35.67
34.19
34.88
34.46
34.99
34.32
34.38
34.80
34.50
33.74
33.24
34.00
33.46
32.84
34.57
35.96
36.32
35.82
35.40
34.68
35.12
33.49
37.95
42.79
44.52
44.41
45.00
46.40
52.64
47.53
47.85
45.06
54.36
50.45
50.76
50.02
49.10
46.63
48.22
49.09
49.54
50.15
50.72
52.04
51.51
51.10
58.62
61.03
63.41
63.69
62.89
61.86
64.07
67.25
69.35
72.30
81.30
78.20
75.10
75.10
76.60
79.60
83.50
86.80
85.50
83.70
84.60
84.60
82.00
74.40
72.10
69.68
69.45
70.20
71.10
70.10
66.55
63.85
61.19
57.82
57.26
52.14
48.11
48.14
46.66
42.70
40.52
39.38
36.74
33.96
33.16
32.00
30.98
30.33
29.28
29.16
28.97
29.49
28.95
27.79
28.54
27.77
27.60
27.15
28.28
27.69
28.46
29.01
28.95
28.84
30.61
31.51
33.61
35.09
34.91
33.88
35.59
35.21
35.06
35.83
36.73
38.25
38.99
38.19
38.65
39.71
41.31
43.35
44.38
44.57
46.30
48.22
50.03
50.88
50.64
50.45
50.05
63.68
68.43
65.79
63.52
60.67
57.65
52.58
52.36
51.12
52.01
56.53
63.12
62.04
63.84
71.70
70.80
67.25
64.74
63.31
63.31
63.68
64.88
69.78
74.70
79.50
79.70
78.80
78.50
77.00
76.60
73.70
69.85
69.02
70.50
69.62
69.20
64.88
61.69
60.25
58.64
58.44
54.15
54.37
53.75
51.60
48.43
44.37
43.89
42.21
41.77
38.99
35.34
33.86
30.91
30.84
29.74
29.07
27.76
27.46
24.81
25.22
24.23
22.98
22.74
23.87
23.12
22.86
24.18
27.77
30.06
30.76
32.36
33.60
36.01
36.90
38.12
37.35
35.62
34.83
36.46
37.51
38.25
40.20
41.95
43.38
44.37
45.61
46.66
47.78
48.81
49.50
51.61
61.32
66.08
63.33
60.51
59.10
58.96
56.82
57.42
56.02
55.70
55.95
53.64
53.71
54.68
54.12
54.05
52.89
52.99
54.68
57.65
60.22
59.89
56.30
56.28
55.46
52.72
52.35
51.79
48.76
50.28
53.38
54.53
55.81
57.16
59.71
62.09
64.76
67.68
70.70
70.60
69.78
69.92
66.17
63.36
61.92
62.59
61.58
61.12
59.78
57.59
58.23
56.89
55.92
57.55
57.86
56.60
57.08
47.59
47.59
45.58
46.02
45.41
42.96
38.63
33.73
27.94
29.94
30.77
31.23
30.15
29.52
29.79
32.64
37.92
38.81
38.67
41.66
41.78
43.85
44.02
43.94
44.96
45.68
46.61
47.05
47.69
49.22
55.72
56.68
58.11
56.80
58.35
57.15
54.97
55.03
54.15
57.10
60.58
58.26
60.65
61.20
60.35
59.69
61.13
62.50
64.09
64.92
66.02
66.75
67.31
68.21
69.29
70.30
71.20
71.00
70.70
71.00
72.60
73.30
72.90
73.10
74.80
75.70
76.10
77.70
79.70
79.00
79.20
79.00
79.20
77.20
74.90
74.90
73.50
71.10
69.99
68.22
64.19
60.68
60.60
58.81
56.45
53.32
52.25
49.20
45.73
44.73
42.30
41.80
43.74
43.10
43.10
43.67
41.48
43.27
44.66
45.14
46.85
47.17
44.79
42.56
41.73
39.81
38.82
38.83
38.56
37.65
39.26
41.20
41.12
50.40
52.56
47.43
46.49
52.39
50.09
45.70
48.31
47.25
44.94
47.81
45.13
57.11
59.34
54.03
56.53
59.76
61.04
57.16
58.56
61.16
64.49
65.33
64.20
63.15
64.83
67.43
68.89
68.16
69.46
70.70
65.27
63.23
63.74
63.00
65.74
68.97
67.11
67.07
64.08
57.85
55.30
64.34
69.44
73.30
70.60
66.74
64.15
75.30
72.30
74.50
75.60
78.00
79.60
79.70
79.50
79.70
79.40
78.20
79.10
79.20
76.00
73.20
69.81
66.81
63.52
62.12
61.23
58.83
56.41
54.38
53.91
53.54
52.49
52.32
50.94
50.75
49.23
49.56
48.67
48.50
47.87
47.22
46.63
46.81
46.47
47.48
47.43
47.21
47.84
48.72
51.36
52.60
53.81
54.06
52.60
52.90
54.45
55.67
54.29
54.75
55.21
55.94
57.14
58.37
59.37
59.86
60.11
60.77
69.50
77.70
82.30
88.50
91.80
90.30
90.30
89.40
89.90
89.20
87.90
87.80
84.90
87.50
88.20
86.30
91.30
93.10
94.30
94.60
94.80
95.00
95.10
95.30
95.20
94.90
94.90
95.10
95.40
95.70
95.90
96.00
96.10
96.20
96.10
96.10
95.80
95.00
94.70
95.00
95.10
95.00
94.90
94.90
94.60
94.40
94.10
93.20
91.80
89.60
88.30
86.40
85.20
84.50
81.50
81.00
78.30
78.50
74.70
74.90
75.60
74.80
72.90
72.80
71.40
69.89
70.90
69.46
69.97
67.98
65.33
65.68
66.64
65.56
65.73
65.04
65.20
64.39
63.57
63.66
63.48
61.26
61.77
63.51
63.72
63.47
65.22
68.44
70.60
67.30
67.51
65.97
64.97
65.15
66.70
71.90
74.00
76.90
73.70
68.36
77.40
79.60
78.30
78.90
77.50
71.50
67.34
71.20
72.40
72.80
72.90
75.10
77.00
75.60
77.40
78.30
80.40
81.80
83.60
84.10
84.40
82.70
81.60
82.60
83.50
83.40
83.10
83.00
83.20
85.20
85.30
84.20
85.10
87.10
87.80
85.60
84.90
88.50
90.70
92.00
92.80
93.60
93.60
94.10
93.60
93.50
92.40
89.60
87.30
85.60
85.90
86.20
85.00
81.70
80.20
81.40
82.00
83.50
82.40
80.30
78.50
73.50
71.40
75.60
76.90
76.60
76.10
76.70
76.40
80.80
80.70
78.30
75.10
74.30
73.70
74.90
70.90
70.30
71.00
71.90
70.80
71.50
74.20
78.00
81.90
83.10
83.50
84.20
84.80
84.80
85.50
84.00
82.50
82.30
84.00
83.80
84.30
82.80
82.00
81.70
80.00
79.60
79.90
79.20
80.10
81.90
84.20
85.50
86.10
86.80
87.50
87.80
87.30
86.30
84.20
83.80
83.20
82.60
83.70
84.20
83.00
83.00
83.80
84.10
84.80
85.20
85.10
85.30
85.70
86.00
85.70
85.20
84.00
88.10
89.00
87.80
88.00
88.30
88.20
88.00
87.20
86.00
86.00
85.90
84.90
82.30
79.00
76.40
74.00
72.00
71.10
72.10
70.40
69.59
69.28
69.36
69.47
69.44
68.99
68.01
69.08
70.20
72.00
70.70
67.14
69.63
66.14
72.10
69.45
63.93
57.72
56.49
59.49
60.69
61.84
61.90
62.30
62.21
65.75
69.66
70.50
74.70
80.10
83.30
85.20
86.10
86.20
86.60
87.40
88.30
88.90
88.80
88.10
88.20
88.40
88.40
88.10
87.60
87.60
87.90
87.90
87.40
86.40
85.30
85.50
85.70
85.80
85.90
85.70
85.50
85.20
85.00
84.80
85.30
85.50
86.00
85.80
85.20
85.60
86.40
86.70
86.60
87.00
87.60
87.20
87.10
89.10
89.10
88.40
89.00
90.20
90.60
89.10
89.30
90.00
89.40
88.30
88.40
87.40
87.10
86.30
85.90
87.60
90.10
90.20
90.30
89.10
87.70
87.90
86.80
85.00
85.30
85.40
87.50
89.50
89.30
87.40
86.00
86.60
86.60
89.20
88.30
89.10
87.80
85.50
84.20
82.80
83.50
84.80
85.80
85.60
84.50
85.80
87.00
87.90
88.50
88.80
88.30
88.10
87.50
87.40
88.00
88.40
88.10
88.50
88.90
90.00
90.80
91.50
92.10
92.20
93.00
93.30
93.60
93.80
94.40
94.70
94.20
93.70
93.70
93.20
92.90
93.30
93.50
93.80
93.50
93.10
93.20
93.70
93.70
94.00
94.40
94.60
94.60
93.80
93.40
93.20
93.10
91.40
90.80
92.20
93.50
93.90
93.90
94.10
93.80
93.60
93.40
93.10
91.40
89.50
88.70
87.90
87.80
86.80
86.10
86.00
84.40
83.20
84.40
84.70
83.60
84.30
84.70
84.20
82.00
81.60
83.30
81.60
80.80
81.00
81.00
79.40
80.70
81.80
80.40
81.90
81.50
80.10
78.50
79.20
78.70
79.10
81.70
81.90
80.80
81.40
82.30
80.90
80.30
80.60
81.40
83.00
82.50
84.40
85.00
84.00
84.50
85.70
85.10
85.00
84.10
84.40
86.40
87.90
88.30
88.50
90.50
91.70
93.30
93.80
93.70
92.80
91.90
91.90
91.80
91.90
91.90
92.50
92.90
93.60
94.20
94.50
94.70
94.30
94.10
94.60
94.80
94.40
91.20
91.90
94.00
93.30
94.10
94.30
94.80
95.10
94.90
94.90
94.80
94.70
94.60
93.70
92.90
91.90
90.60
88.30
86.90
84.50
81.80
79.10
77.90
76.00
73.50
71.30
69.21
67.61
66.51
65.93
64.96
62.30
59.91
59.62
59.08
58.30
57.63
55.51
54.16
51.88
50.65
51.18
48.84
48.52
49.88
49.03
46.06
44.59
43.45
42.48
44.36
45.90
46.15
46.00
46.76
48.14
47.65
47.85
48.85
49.82
50.04
50.51
50.42
49.82
49.63
48.28
48.62
46.20
43.75
47.56
47.80
45.49
47.03
51.38
55.03
59.22
62.30
59.30
60.65
63.84
63.70
58.57
60.39
57.68
58.15
63.29
58.54
58.06
64.43
65.91
65.16
68.11
69.03
68.88
69.15
69.70
69.23
70.10
72.30
73.10
74.70
76.70
78.90
79.60
80.10
81.70
83.90
84.70
83.50
82.70
79.20
78.20
77.60
75.70
72.70
70.90
68.84
64.23
61.62
59.06
58.39
57.65
52.93
50.50
50.32
49.77
47.03
43.90
43.85
42.28
41.54
38.30
36.23
36.11
35.78
35.42
35.93
34.93
34.94
34.53
34.68
34.95
33.74
33.84
34.48
34.68
33.64
33.55
33.76
35.89
38.02
41.48
42.31
43.68
46.54
49.77
49.29
49.25
50.15
52.12
53.25
54.41
55.69
57.47
60.50
64.03
64.94
66.61
67.11
67.79
68.37
69.70
69.90
70.10
70.40
71.40
70.90
68.76
67.94
65.37
63.94
64.48
63.98
65.57
65.50
70.30
72.30
73.10
73.40
72.20
72.00
71.20
69.80
67.84
65.99
65.92
66.41
68.89
68.94
69.88
71.50
72.90
76.00
76.20
75.50
75.80
74.90
73.70
75.20
73.60
71.70
68.49
67.35
64.83
63.71
61.04
60.26
58.13
54.73
52.20
51.15
50.58
49.06
47.67
45.74
44.89
44.31
43.67
42.44
42.17
42.12
39.10
38.99
38.31
36.98
38.39
38.37
38.51
36.88
37.43
37.44
36.57
36.57
36.86
37.32
38.89
42.12
43.66
45.42
45.96
46.81
47.69
49.53
49.86
50.40
50.88
51.99
52.50
54.86
55.66
56.38
57.33
56.79
58.54
57.55
56.89
58.61
60.87
62.02
62.57
61.60
62.27
64.10
65.06
65.68
66.34
67.80
68.03
67.29
68.01
69.00
67.17
66.55
68.70
70.90
71.70
68.23
68.40
71.00
76.60
76.10
77.20
79.00
77.90
79.20
76.20
77.80
76.70
74.50
74.80
74.40
74.80
72.20
74.80
77.20
75.10
72.50
70.80
69.58
67.95
64.13
61.58
59.02
56.36
53.38
51.75
51.42
57.25
66.37
68.18
73.90
79.20
82.70
82.60
77.50
70.70
66.30
64.02
62.38
62.17
67.79
69.00
64.19
61.56
60.33
58.38
55.95
56.98
53.67
50.63
51.52
50.33
49.40
49.02
49.19
48.69
49.44
50.74
51.00
51.73
52.74
53.20
53.46
54.00
54.30
54.78
55.45
56.07
56.36
55.86
55.33
54.97
55.57
56.10
56.44
56.77
57.01
57.76
58.46
58.62
58.43
58.29
58.17
58.71
59.35
60.11
62.19
62.40
62.59
63.19
63.91
64.22
65.28
65.66
66.33
66.92
67.36
67.19
67.23
68.54
69.09
68.81
69.36
69.67
70.30
70.80
71.70
72.40
72.50
72.30
72.40
72.00
71.50
71.00
69.67
69.57
70.20
69.38
68.94
68.01
68.24
67.38
67.05
67.37
67.03
66.64
65.37
64.90
64.73
64.18
64.72
64.21
63.70
62.86
60.56
59.12
57.76
58.22
59.96
61.91
62.52
62.65
62.40
62.10
61.41
62.25
63.13
64.45
64.45
65.09
66.85
68.11
69.16
70.10
70.40
71.00
72.20
73.40
73.60
73.20
74.00
75.10
76.20
77.10
77.00
76.90
76.70
77.10
77.00
77.20
77.30
77.70
77.90
78.40
78.30
77.70
77.00
76.90
76.60
76.50
76.90
77.30
77.60
78.10
78.30
78.90
79.90
80.00
80.30
81.10
81.50
81.70
81.90
81.80
81.50
80.20
78.30
78.30
79.20
80.40
80.90
81.70
82.60
81.10
79.10
76.30
73.10
69.05
68.11
66.85
65.53
64.07
63.17
61.47
60.32
58.89
57.70
56.98
55.64
54.56
52.87
52.62
51.90
50.48
49.87
51.01
49.44
50.11
50.13
50.18
49.56
49.39
47.44
47.75
46.99
46.66
47.04
47.90
48.06
48.27
48.47
48.26
48.45
48.56
49.27
50.44
51.89
54.63
56.89
58.30
59.59
60.54
60.94
61.05
61.71
61.78
61.55
63.63
66.01
68.48
69.44
70.20
71.20
71.90
72.80
74.80
76.70
77.60
78.20
78.10
78.50
79.40
79.30