74.40
75.10
75.50
77.00
79.10
80.80
84.30
86.30
88.20
88.80
86.60
85.10
83.30
81.50
79.40
78.40
77.70
75.90
74.30
73.60
73.70
74.70
76.10
87.50
95.60
95.80
92.80
88.30
86.10
87.10
87.60
85.50
85.30
81.00
79.20
76.80
72.80
69.53
65.15
63.18
58.99
53.63
49.55
47.62
46.52
43.01
42.93
41.67
39.56
37.08
33.19
28.28
30.54
28.39
28.24
27.87
28.96
24.78
26.21
24.22
20.96
20.72
22.10
22.56
21.29
21.46
23.57
25.28
25.92
27.66
29.36
21.91
24.68
23.04
25.81
26.74
26.89
29.20
31.53
33.97
34.65
35.06
35.04
35.68
34.42
35.25
35.69
35.01
35.05
37.15
37.53
36.30
34.61
32.85
38.78
41.54
40.73
40.67
40.78
42.37
44.38
45.14
43.15
42.77
48.80
44.95
45.93
57.09
60.05
53.54
62.57
71.60
67.14
63.24
65.45
65.62
63.24
57.63
49.96
48.22
50.26
48.66
47.78
56.52
58.75
52.66
48.86
47.66
51.68
58.57
57.42
56.41
56.28
52.54
50.03
45.14
40.65
38.71
36.29
34.22
33.44
32.56
30.62
30.89
28.53
26.50
24.68
24.58
23.54
22.60
22.68
22.99
23.25
23.20
21.08
21.74
21.66
23.70
24.60
25.36
24.75
23.76
22.79
30.78
33.24
28.18
30.12
29.99
31.33
34.75
40.96
40.78
44.97
46.96
43.56
39.78
37.40
35.68
39.13
41.26
40.90
40.87
41.01
40.25
40.37
42.96
43.26
39.87
38.40
42.07
39.42
38.25
39.33
42.48
48.84
48.22
49.45
51.04
50.17
55.51
60.23
61.22
64.71
70.50
72.10
72.10
75.30
74.30
69.78
64.85
62.73
62.95
65.15
64.40
66.40
65.44
73.20
74.00
69.05
67.64
68.18
66.89
68.54
67.98
64.49
63.55
62.72
62.80
62.39
60.62
59.44
54.77
51.19
48.69
46.64
39.41
40.12
32.72
31.18
28.74
28.96
30.64
29.41
29.91
29.72
28.30
24.96
24.53
27.11
24.93
28.10
26.73
23.13
27.19
29.95
27.42
27.84
29.36
29.02
28.43
26.86
25.53
24.03
23.71
23.34
23.54
26.35
26.76
28.02
29.50
31.82
32.12
32.71
33.14
33.29
33.91
33.40
33.49
33.22
33.53
32.22
30.89
28.10
24.60
22.56
21.89
22.89
24.37
26.79
28.66
28.46
30.60
32.11
32.39
34.00
34.55
33.81
34.34
39.97
44.01
42.00
39.52
37.25
36.98
36.37
36.10
37.73
38.10
41.70
42.14
42.85
47.10
48.44
43.72
40.33
38.73
42.23
42.51
43.83
39.32
38.89
43.35
44.42
42.68
46.84
43.01
37.89
35.88
36.02
34.57
30.15
27.90
27.16
24.93
20.64
20.60
21.30
20.75
18.05
19.07
19.42
19.61
19.06
19.35
20.75
20.04
21.67
19.99
20.92
21.54
21.24
21.61
22.47
22.48
22.74
23.37
24.38
24.62
24.18
24.26
25.19
26.97
27.92
28.88
29.65
29.02
28.56
28.56
29.33
28.85
25.86
26.83
27.53
27.02
26.57
27.36
28.02
28.98
30.18
31.29
30.98
32.26
32.96
33.53
35.01
35.87
36.14
36.19
34.81
34.18
35.10
38.40
40.00
39.85
38.53
36.37
45.58
53.54
52.84
48.15
43.79
42.37
40.94
37.94
38.21
39.98
41.82
38.56
39.88
42.06
44.56
45.99
44.42
43.60
45.44
46.28
47.00
48.47
52.62
49.04
43.16
40.21
40.31
35.88
36.02
34.57
30.15
27.90
27.16
24.93
20.64
20.60
21.30
20.75
18.05
19.07
19.42
19.61
19.06
19.35
20.75
23.89
25.20
23.96
23.88
27.78
28.60
31.10
30.62
34.58
35.34
28.35
26.46
26.70
26.05
25.98
28.90
31.93
31.78
31.25
30.71
29.53
28.53
28.19
29.23
29.77
29.65
30.53
31.59
32.56
34.48
34.34
32.64
32.87
33.33
33.39
35.19
37.45
36.50
34.21
35.36
38.27
45.88
48.99
47.67
43.76
44.53
45.21
46.04
47.34
44.69
45.58
45.38
45.58
52.08
55.57
54.37
54.46
54.96
54.70
52.78
52.23
48.10
46.89
51.17
53.63
53.57
52.36
50.81
52.25
65.10
65.02
63.79
62.00
61.06
58.37
56.51
56.43
50.31
48.01
44.83
42.60
39.90
33.98
31.43
27.72
27.17
26.00
26.14
25.82
22.30
23.32
23.57
23.73
22.68
23.70
24.19
23.78
24.56
27.87
27.06
28.38
25.95
28.88
25.66
19.39
18.20
19.14
19.81
20.96
21.22
23.55
23.97
22.67
23.28
31.87
33.54
34.36
33.35
32.61
31.39
29.17
29.77
28.09
28.61
29.60
30.65
32.55
32.98
32.97
32.99
31.70
32.22
32.91
31.50
30.92
34.86
34.14
34.23
37.54
44.98
42.76
39.94
42.42
43.71
45.54
45.96
43.31
41.70
43.78
47.57
58.70
63.67
64.65
62.26
61.94
63.40
59.92
59.33
56.51
55.25
54.07
53.87
52.04
51.43
51.14
49.22
49.52
48.95
47.33
48.51
56.45
62.79
63.07
53.16
45.85
42.39
35.42
39.66
33.59
30.20
25.94
28.26
28.25
27.09
27.58
27.17
25.31
24.39
24.70
23.94
23.06
23.74
24.37
24.08
25.00
24.55
25.74
26.29
27.14
27.52
28.32
29.74
26.68
24.22
24.86
23.61
23.16
23.73
25.37
27.72
27.97
27.80
28.43
28.98
30.87
32.68
33.56
33.30
32.81
33.20
34.74
36.51
36.47
36.77
38.98
36.95
33.05
34.04
35.29
35.15
38.12
42.21
44.03
43.79
40.07
39.63
38.13
37.25
35.44
32.23
32.76
34.43
36.87
35.38
36.08
42.67
45.72
46.64
44.79
49.70
61.27
62.84
61.20
62.69
60.42
59.80
62.36
62.05
52.25
47.87
47.79
43.85
42.31
46.92
48.34
50.78
49.56
42.55
41.50
39.26
35.50
34.45
32.67
32.03
30.52
26.27
23.82
22.69
21.20
21.56
20.39
19.38
18.37
18.27
17.14
17.08
17.25
16.84
18.79
19.18
20.80
22.43
23.30
21.45
22.15
23.83
23.77
19.47
16.71
17.49
15.93
17.56
18.78
18.19
18.87
19.61
20.36
28.74
26.57
25.62
26.94
26.92
26.19
26.09
26.91
28.69
28.08
28.34
28.62
29.70
30.70
30.69
31.23
31.86
31.46
30.32
33.96
34.34
38.50
49.45
44.86
42.23
41.67
43.55
42.85
48.64
57.35
60.40
61.63
61.81
66.12
66.01
66.03
66.03
60.99
55.97
57.13
59.99
60.83
62.24
62.99
60.67
60.95
62.38
59.96
59.11
56.78
55.09
51.93
52.77
54.00
53.69
52.37
49.43
43.89
46.44
38.75
36.77
37.04
33.38
33.04
32.71
30.73
27.35
25.56
23.28
22.74
21.50
21.27
20.44
21.26
21.09
20.68
21.84
21.15
20.83
21.12
21.58
22.35
23.42
22.15
27.55
29.42
33.60
31.21
28.70
25.45
24.17
24.57
25.25
25.52
24.48
30.54
44.61
44.02
45.13
45.67
45.96
46.08
46.36
47.09
49.19
51.98
53.86
51.32
49.99
45.68
42.08
43.72
44.87
43.74
42.08
41.94
42.76
45.96
48.51
49.30
48.70
50.15
49.11
46.04
44.83
42.35
38.39
36.89
59.86
65.09
66.70
68.02
69.11
67.66
63.86
62.82
71.80
77.50
79.00
78.20
72.60
70.70
66.49
59.27
58.05
60.70
63.24
63.15
63.87
61.89
61.56
58.58
57.37
55.93
55.24
56.54
54.96
53.51
50.12
47.72
40.98
39.23
47.14
49.46
44.63
45.73
45.01
47.81
47.40
47.28
45.13
46.72
48.62
46.50
50.28
48.54
53.79
52.07
56.76
58.40
52.23
48.35
48.09
48.14
45.61
44.17
42.35
42.37
42.82
43.81
48.60
56.51
53.68
53.63
61.64
71.20
68.25
65.85
61.21
61.46
62.87
65.33
64.93
66.01
68.58
69.62
68.21
72.60
77.50
80.60
81.30
77.40
75.50
77.10
72.70
68.95
70.70
70.10
69.39
67.22
68.33
70.20
77.90
82.30
81.40
80.00
81.90
86.50
82.50
83.00
81.50
80.90
86.30
87.90
87.30
87.40
87.20
87.20
86.30
89.10
88.60
87.60
86.20
84.90
82.30
82.80
81.90
79.90
77.90
72.70
71.60
68.24
67.31
63.32
57.64
53.54
55.42
56.91
57.13
56.68
56.49
55.12
55.61
53.92
51.57
53.10
51.82
50.78
53.10
55.79
54.15
54.45
52.39
52.57
50.67
47.67
46.67
47.33
48.11
57.92
59.18
56.60
50.86
47.62
46.78
45.70
44.87
45.76
50.38
63.63
59.97
57.52
58.39
58.02
58.96
60.00
62.03
63.08
62.79
63.04
63.69
63.66
65.11
68.03
67.18
65.40
65.07
65.49
65.88
62.93
61.74
64.24
64.34
65.32
76.90
80.50
80.20
83.10
84.40
83.10
82.80
84.30
81.30
80.30
79.20
78.90
82.70
85.10
85.30
88.20
88.00
90.80
93.10
94.50
92.00
88.50
88.30
86.40
82.30
81.00
79.50
77.80
76.10
75.20
71.90
71.50
68.21
67.44
66.06
64.24
59.57
57.08
52.99
51.91
50.47
48.67
46.51
44.94
38.69
35.72
32.77
33.18
32.72
25.78
22.57
21.15
20.19
20.15
22.04
20.73
26.89
24.60
24.50
20.54
20.74
24.09
33.79
36.10
35.86
37.08
40.33
41.91
45.22
47.28
49.52
49.75
50.93
51.30
51.62
52.24
52.84
53.67
54.98
56.12
57.29
58.39
59.87
61.93
63.20
65.25
68.02
69.93
70.00
71.00
71.10
72.00
71.80
78.40
85.30
87.70
86.60
84.70
81.80
81.60
84.80
86.30
84.80
81.80
74.80
73.70
73.90
74.50
76.70
79.50
82.90
84.70
88.30
96.30
96.60
94.80
94.10
93.40
94.10
94.20
92.20
88.40
86.20
82.90
81.60
78.20
73.90
68.61
59.23
56.98
53.23
49.76
49.20
47.11
44.89
40.85
34.98
32.04
31.10
29.83
29.23
28.43
26.07
25.22
24.46
24.86
24.39
23.98
22.53
22.73
24.15
23.95
23.83
24.45
25.21
25.73
26.18
25.40
23.18
22.91
24.45
24.16
24.16
23.82
23.85
24.55
25.78
27.82
31.84
31.65
31.40
32.27
32.18
33.68
40.43
51.94
43.01
37.57
32.30
29.51
34.37
31.28
30.65
34.65
35.61
36.67
38.07
39.25
40.47
37.68
37.20
38.91
39.58
40.69
40.39
40.94
40.54
43.41
42.93
42.40
43.19
45.39
46.13
48.01
47.69
48.59
46.69
45.11
44.08
45.43
49.75
51.34
52.76
54.29
51.19
50.50
50.52
50.96
52.12
52.24
50.73
53.30
53.12
53.71
48.12
45.56
44.35
40.09
36.91
36.29
34.99
35.13
34.08
31.53
28.88
28.34
27.14
26.76
26.44
26.61
25.35
24.90
24.99
26.87
26.98
28.08
28.22
28.50
42.87
42.00
38.56
46.03
42.73
35.17
37.13
34.87
35.32
35.95
40.59
36.11
34.51
35.19
37.55
40.03
41.18
43.63
44.69
44.93
46.44
47.39
50.37
51.54
51.87
52.33
53.45
53.93
53.88
54.07
54.33
51.98
50.72
52.69
53.90
57.11
60.19
61.27
59.91
60.12
60.78
58.49
56.26
55.57
53.76
54.33
56.64
57.01
57.62
57.45
57.23
56.84
65.66
69.07
68.55
68.11
67.40
67.02
62.39
60.11
62.03
62.69
61.40
61.79
63.47
65.91
64.91
64.08
67.17
65.52
63.43
61.74
58.20
55.78
52.51
52.76
53.21
51.28
51.15
49.32
45.24
44.52
47.37
49.18
51.67
51.60
49.53
50.61
51.19
49.68
48.50
48.31
50.18
49.43
50.32
53.08
47.71
47.85
45.30
50.92
52.73
54.87
57.68
56.29
54.49
55.45
56.14
57.47
58.20
59.03
59.27
58.85
58.35
59.02
60.46
65.31
66.33
66.22
68.11
70.10
70.10
69.33
68.45
68.10
69.83
71.30
70.70
69.93
69.23
68.10
66.52
64.91
63.98
64.96
66.26
67.53
68.67
69.74
71.10
72.50
72.50
72.80
72.90
72.80
73.70
75.20
76.20
75.90
77.00
76.20
73.90
73.50
73.80
74.60
75.90
77.70
83.30
85.10
85.00
84.00
83.50
82.50
80.50
79.30
78.70
73.70
69.45
67.82
65.37
63.42
61.62
60.54
61.17
62.06
63.68
63.18
63.43
64.32
64.30
63.86
64.04
63.61
63.04
65.95
65.81
66.91
69.26
70.80
72.80
74.30
77.50
78.40
78.80
79.60
79.50
79.80
80.50
80.30
80.60
81.30
81.30
80.90
79.40
81.30
79.40
78.00
79.30
79.90
78.70
78.30
79.90
80.70
81.80
81.70
82.20
84.00
85.30
86.00
85.30
85.90
87.10
88.40
90.50
92.00
91.70
91.70
92.00
92.60
92.80
92.80
92.20
92.80
93.10
93.10
95.20
96.00
96.00
96.50
97.00
97.00
97.00
96.70
96.90
96.90
95.70
93.90
93.70
94.10
94.80
95.40
95.80
94.20
93.20
92.50
90.80
89.00
87.80
87.50
85.80
82.40
79.40
75.90
74.00
72.70
70.80
70.50
69.28
68.30
65.80
63.55
63.55
61.72
60.52
59.28
57.49
53.37
51.01
51.87
51.20
51.37
49.77
49.38
49.33
48.59
49.20
49.24
50.00
49.52
50.84
49.85
51.16
52.51
53.75
53.75
55.06
57.11
58.73
57.85
58.01
60.92
61.54
62.25
63.80
64.78
65.17
66.25
67.45
68.32
67.86
66.85
66.51
66.79
65.69
67.14
68.07
68.80
69.51
68.88
69.89
71.90
72.40
73.90
76.60
76.10
75.10
76.20
77.20
78.30
79.80
79.90
81.70
81.20
83.30
84.90
85.10
84.30
83.40
83.00
82.00
82.30
82.50
84.70
87.60
88.90
88.60
88.50
88.50
87.80
87.60
85.90
84.40
83.70
82.70
82.00
82.20
78.40
73.10
72.40
72.60
68.85
70.80
70.90
69.47
65.21
60.78
59.03
58.79
55.80
53.38
53.87
52.39
52.02
51.57
49.42
47.58
47.00
46.59
46.07
45.36
43.70
44.11
45.31
46.84
47.85
48.94
49.70
49.66
50.02
47.99
47.64
50.52
51.51
48.24
50.15
55.10
55.37
55.77
56.16
56.79
56.81
57.04
57.65
58.59
59.69
60.61
61.67
62.13
62.08
62.51
63.26
63.09
63.84
63.84
63.06
62.33
62.43
62.10
64.18
65.64
66.44
68.59
68.79
71.30
73.20
75.50
77.50
81.10
82.10
81.20
84.00
86.10
85.80
85.20
85.40
83.90
81.30
80.10
79.90
78.40
78.80
78.90
79.70
79.70
83.90
85.60
84.30
80.00
74.40
72.90
72.70
73.20
74.20
74.20
75.10
75.20
74.90
77.60
77.90
77.50
79.80
81.30
80.10
76.00
76.80
75.60
71.60
66.26
63.04
64.76
65.02
63.87
62.11
62.71
63.06
62.81
62.82
62.20
64.51
66.02
67.02
69.42
70.80
71.80
71.80
70.10
72.20
74.80
75.60
74.10
73.40
75.40
75.40
76.00
76.10
76.20
77.30
79.70
81.40
81.80
80.10
78.20
73.60
75.50
80.30
83.60
85.70
85.70
83.20
81.90
79.70
77.90
77.00
75.70
72.50
71.30
70.90
71.50
72.20
72.90
74.00
74.90
76.00
74.00
73.30
74.20
74.30
73.70
74.80
75.60
76.50
77.80
78.60
78.60
78.00
77.50
78.30
78.80
79.40
80.00
80.90
81.10
81.40
80.70
80.60
79.70
76.80
74.10
72.00
70.40
67.98
64.81
62.10
59.08
57.33
54.53
52.59
50.34
49.33
48.54
46.92
45.04
43.90
42.54
40.95
39.25
38.68
36.47
35.09
34.42
34.02
33.62
32.65
31.96
30.96
31.22
30.49
28.86
29.35
28.73
28.77
28.78
28.66
28.58
29.48
29.52
30.63
31.43
31.67
32.64
32.21
31.97
34.88
44.31
45.94
49.35
50.89
50.75
50.15
51.80
54.83
52.53
52.23
52.27
52.73
52.32
51.27
51.35
51.70
52.64
53.18
54.95
54.85
56.62
57.18
57.87
57.56
56.67
56.98
58.16
58.55
57.19
55.59
55.30
55.67
56.57
57.69
59.91
60.32
61.39
62.48
63.30
62.37
63.52
64.26
64.51
65.63
64.24
64.57
63.95
61.70
60.75
59.61
63.32
71.50
70.00
69.01
70.10
65.34
64.32
64.81
56.80
49.53
45.70
44.27
45.77
42.13
42.64
40.54
38.78
35.97
36.15
36.79
36.49
34.49
34.63
32.46
34.13
34.53
34.81
34.74
37.40
38.96
37.34
36.40
35.71
41.25
44.05
48.25
50.40
52.16
51.30
47.18
45.40
47.99
46.26
47.38
50.83
51.06
47.81
44.96
40.05
38.62
39.98
40.05
40.95
42.60
47.50
51.40
49.92
48.26
47.72
49.04
50.11
51.20
64.19
64.35
63.27
61.80
63.58
63.75
66.12
64.65
61.80
64.67
66.18
70.30
73.00
76.10
77.60
75.20
74.50
73.10
75.60
78.10
80.70
83.00
84.40
81.80
79.00
77.90
77.40
77.00
76.20
74.20
73.60
77.20
82.90
82.80
82.10
81.00
81.20
81.90
81.80
82.40
83.70
81.40
78.90
76.40
74.00
72.00
71.70
69.44
66.66
61.26
57.51
55.87
56.36
53.74
50.87
48.88
47.80
46.77
46.01
46.31
45.18
43.68
44.33
42.60
43.53
42.56
45.02
45.72
57.44
58.61
58.87
59.40
59.15
59.44
60.18
60.69
61.56
61.84
62.29
61.90
62.93
64.01
65.26
66.50
66.28
65.91
63.73
63.11
65.54
69.86
72.10
69.19
67.12
65.28
67.23
67.54
68.98
70.70
70.30
70.20
69.66
71.30
76.20
79.40
82.80
80.40
77.70
78.30
77.40
76.70
73.50
73.30
74.60
74.30
76.00
78.20
81.30
82.20
83.00
83.70
83.10
82.70
83.70
84.70
84.10
83.60
82.50
81.50
80.90
78.10
75.50
72.00
68.84
60.95
57.68
55.92
56.64
54.88
52.12
49.69
45.21
42.91
43.00
40.88
38.78
39.32
39.54
39.00
37.71
37.30
36.30
37.03
36.52
36.68
36.48
36.52
36.47
36.55
37.05
38.93
39.69
40.38
43.39
42.10
43.69
42.87
44.39
44.21
44.42
44.89
45.37
45.83
46.97
47.74
48.32
49.15
50.24
50.66
51.30
51.91
52.43
52.10
52.32
52.14
51.89
52.74
54.91
58.34
62.67
60.08
58.51
56.59
55.35
54.39
61.08
69.87
70.90
63.14
58.23
56.32
56.33
57.27
59.06
61.04
63.28
64.63
66.38
68.15
70.10
71.60
72.60
73.00
73.60
73.50
73.10
73.50
73.40
73.10
72.80
72.80
73.10
73.70
79.60
84.80
85.30
86.90
86.60
87.90
86.60
86.90
88.20
89.80
90.50
90.50
90.20
89.70
90.20
89.50
88.90
89.30
88.60
88.20
86.30
84.20
83.90
83.20
82.30
80.10
79.30
77.90
77.10
77.50
76.10
75.50
75.60
73.10
71.90
71.90
73.00
75.30
77.40
78.50
80.00
81.60
82.80
83.90
84.20
86.10
86.70
87.30
87.50
87.70
89.10
90.60
90.80
91.00
89.90
88.50
87.90
87.90
87.80
87.40
87.30
87.00
85.90
86.70
86.00
85.30
84.50
84.40
84.60
85.10
85.40
84.90
83.70
83.10
82.90
82.50
82.40
82.50
81.40
80.70
79.70
78.00
76.50
76.00
76.00
75.10
72.90
69.97
66.26
63.69
62.13
62.09
61.84
61.75
61.71
61.86
60.72
57.78
55.93
51.43
48.08
46.04
43.92
40.15
38.90
35.80
34.16
33.08
32.73
31.53
31.92
31.14
31.12
30.60
29.74
30.06
29.86
29.64
29.34
28.97
28.90
28.79
28.62
28.58
28.22
27.74
27.81
27.79
27.81
27.72
27.43
27.72
29.56
32.59
34.23
35.06
35.91
36.79
39.03
40.16
41.21
41.91
42.57
42.79
43.05
43.18
42.84
42.28
42.67
43.05
45.36
47.70
48.64
49.57
50.84
52.35
52.97
53.45
53.86
55.09
56.07
57.05
58.32
59.01
59.12
60.40
60.60
60.72
61.58
62.53
63.20
62.42
62.73
63.00
63.44
64.61
64.55
64.49
64.16
63.49
67.74
75.10
77.30
78.70
77.80
75.70
74.10
72.30
76.00
76.80
77.20
77.40
76.90
75.10
71.80
70.10
63.56
59.80
53.52
53.47
51.33
50.50
47.55
46.33
42.12
41.48
40.79
38.59
35.63
35.40
31.60
28.70
28.00
26.35
26.68
26.68
27.77
28.91
28.38
27.69
27.60
27.78
26.37
27.84
27.95
29.06
30.08
32.32
35.24
37.24
36.76
35.96
33.97
32.67
31.63
31.09
34.30
36.78
37.51
38.03
36.51
40.09
45.31
44.60
44.34
48.54
45.86
47.51
47.56
47.00
47.08
47.67
48.16
46.59
47.04
47.43
50.01
51.07
54.19
55.72
54.46
53.69
55.51
58.45
62.52
64.52
65.73
62.82
61.90
62.31
64.34
62.99
64.65
64.35
63.58
60.37
64.00
67.32
73.20
73.80
73.30
73.20
72.00
73.80
73.30
72.70
77.30
80.80
79.80
77.30
74.30
74.70
67.70
63.02
60.51
58.50
53.54
54.74
58.24
56.54
53.44
50.29
46.37
39.19
35.24
30.82
34.33
36.25
38.08
41.06
43.06
44.34
43.45
39.49
36.98
39.48
38.01
42.01
45.09
45.83
45.45
40.44
42.23
45.48
47.47
47.20
44.68
39.67
41.15
44.34
46.39
51.40
47.24
46.52
49.03
46.77
45.92
45.60
47.08
49.06
50.09
52.02
51.50
54.14
55.55
56.02
55.67
56.09
56.27
56.58
56.54
56.14
55.48
54.81
54.95
56.41
56.67
59.65
61.96
62.72
64.58
65.81
66.43
66.25
65.83
65.75
69.31
73.60
77.10
78.20
79.00
77.50
78.80
78.00
75.10
73.00
72.70
70.80
72.40
72.30
66.49
65.19
65.24
67.83
70.60
72.20
72.80
74.40
75.10
73.60
71.70
69.53
73.20
70.80
66.91
66.38
62.31
50.75
46.66
43.94
43.01
39.03
36.20
34.23
32.71
31.22
29.78
28.78
29.99
25.40
25.84
25.29
24.70
24.78
23.53
23.07
24.64
25.28
25.33
25.55
28.90
28.24
28.77
28.57
26.90
29.58
28.83
29.55
29.27
29.13
31.93
34.38
34.61
33.03
32.02
38.73
43.34
46.91
51.06
53.98
57.23
58.83
59.47
60.24
60.83
62.43
62.93
63.78
64.47
64.88
64.58
64.28
64.75
64.90
66.23
66.25
65.76
65.95
64.27
63.20
63.23
61.35
58.47
59.60
61.80
62.96
62.35
61.16
61.10
61.55
63.18
63.70
65.41
67.95
70.30
71.80
72.40
71.80
70.20
71.10
71.40
69.27
66.75
64.80
62.92
61.88
60.12
56.75
55.43
51.10
47.97
45.45
39.27
33.49
29.70
27.36
25.57
23.94
22.83
22.46
21.54
20.42
20.03
19.72
19.09
18.99
18.84
18.67
18.52
18.64
18.72
18.58
18.28
19.12
18.66
20.31
22.38
23.95
22.96
21.47
22.00
24.67
24.33
23.80
23.88
24.62
25.25
26.86
28.14
30.44
29.66
29.75
30.42
29.99
30.23
30.33
31.15
34.01
33.27
33.65
34.36
34.82
35.20
35.74
34.95
37.58
38.17
40.76
38.77
39.04
41.82
48.00
43.84
40.37
41.30
42.73
44.96
46.89
49.58
49.05
49.35
51.49
54.12
55.83
56.26
58.66
59.61
61.04
62.32
64.28
66.46
65.50
65.09
65.93
65.75
65.65
64.84
64.19
65.30
63.54
60.07
57.66
56.69
55.26
49.46
45.17
40.23
36.68
33.86
32.45
30.36
28.88
24.52
22.90
21.82
19.88
19.27
19.27
18.34
18.22
17.84
17.60
17.61
17.30
18.32
18.59
20.03
20.25
21.31
23.09
24.59
25.62
26.35
27.20
26.87
27.06
28.21
25.06
24.17
24.37
22.76
23.59
23.80
23.16
22.80
23.61
29.38
45.14
34.31
28.49
27.81
26.18
25.25
26.29
28.63
28.65
29.78
34.11
36.39
39.27
42.57
45.29
47.32
48.94