79.70
79.30
80.10
81.50
82.50
84.50
85.10
82.60
80.90
80.60
80.30
80.20
82.90
83.20
84.90
83.10
83.30
78.70
84.10
90.00
89.80
87.90
87.90
87.80
87.30
86.20
86.10
88.10
89.80
89.40
87.60
89.20
90.70
88.00
86.30
84.30
81.60
79.60
74.80
71.30
70.90
68.92
64.28
62.28
58.46
54.52
47.97
43.80
42.05
40.32
38.97
34.59
33.81
42.46
42.44
40.00
40.12
39.12
38.16
38.00
39.10
39.29
39.28
38.87
40.19
39.80
39.03
39.37
40.08
41.08
42.34
43.70
46.02
44.88
45.48
46.66
48.03
48.52
48.89
51.24
50.87
51.76
52.56
52.45
53.09
52.64
51.79
46.69
42.92
39.93
39.04
41.18
42.28
43.69
44.46
45.45
45.24
46.72
48.78
50.87
51.03
47.42
48.07
50.70
52.03
52.57
53.17
53.96
51.87
52.02
52.38
52.71
54.84
56.38
61.62
67.73
63.01
60.31
64.46
62.94
58.09
56.86
54.79
52.19
51.23
51.12
49.74
50.50
51.29
51.46
52.68
54.84
51.76
49.69
49.03
44.83
43.87
39.32
38.13
34.67
33.57
33.07
33.18
33.45
33.07
31.87
31.20
30.85
30.53
28.79
28.20
27.94
28.19
27.38
27.09
26.67
25.98
25.07
26.28
26.33
26.49
27.31
27.09
28.72
28.55
28.40
28.29
29.70
34.96
34.72
32.08
31.69
32.45
31.93
33.69
35.26
35.69
35.01
35.19
34.30
36.15
37.99
37.55
37.62
35.34
34.07
32.59
31.90
33.70
36.52
37.92
39.77
41.78
47.41
51.04
53.84
54.64
56.08
56.41
55.39
53.12
52.34
55.37
70.40
72.00
75.70
78.20
80.80
83.50
83.20
84.10
85.50
87.20
88.40
89.10
90.80
91.30
91.90
92.50
91.80
90.80
89.80
88.20
85.70
83.30
81.00
78.80
76.80
75.20
73.30
71.50
69.39
67.55
65.28
63.69
62.70
59.53
58.24
56.66
55.20
54.14
51.99
51.14
48.85
46.82
46.63
46.74
45.79
46.77
45.02
44.52
43.31
42.86
43.40
47.16
49.48
50.66
52.51
50.50
50.06
52.18
53.76
56.64
60.08
61.92
63.63
65.64
67.74
69.54
72.40
74.40
74.80
75.00
76.00
76.70
78.20
80.00
80.10
80.30
80.70
81.70
82.60
83.40
84.50
85.40
85.40
85.20
84.90
84.70
85.70
86.20
85.90
86.20
86.40
87.70
88.40
88.80
88.90
89.30
89.00
88.20
88.80
90.10
91.00
91.70
89.90
88.80
88.60
88.40
87.90
87.40
86.90
87.20
88.70
89.40
89.60
88.20
86.40
84.60
83.00
81.70
80.60
78.70
76.90
76.60
75.90
74.20
72.90
71.80
70.70
69.08
67.67
65.92
64.23
64.25
62.68
62.20
62.00
61.40
60.89
60.83
60.36
59.81
59.53
59.58
58.59
58.96
58.74
58.62
58.24
59.05
59.18
59.85
60.87
62.04
63.01
64.94
67.11
69.67
71.90
73.70
75.10
76.80
78.60
80.10
80.70
82.00
83.30
84.70
85.60
86.40
87.80
88.80
89.10
89.20
89.10
89.90
90.80
91.70
92.40
93.30
93.70
93.40
92.80
93.10
93.40
94.10
94.70
95.40
95.90
96.30
96.70
97.00
97.50
97.50
98.00
98.30
98.00
98.10
98.20
98.50
98.80
99.10
99.00
99.00
98.90
98.40
98.40
97.80
97.40
97.00
96.20
95.80
97.10
97.80
95.60
90.70
90.20
88.90
88.20
84.40
83.00
79.20
78.60
78.00
75.80
75.00
72.80
69.56
67.52
67.06
65.97
64.22
63.35
61.24
59.80
59.16
58.91
57.21
56.45
55.88
55.64
55.06
54.40
54.51
54.25
55.60
56.65
57.60
58.02
58.60
58.70
59.72
61.53
63.63
66.42
67.29
65.63
66.35
67.64
68.33
69.33
69.37
69.58
68.57
69.44
70.90
71.80
74.00
74.90
74.80
78.80
83.00
85.60
88.10
90.70
92.80
91.80
90.80
90.20
91.20
88.60
86.70
87.50
88.20
90.80
92.50
92.70
93.00
94.40
94.90
96.40
97.90
98.00
98.60
99.20
99.40
99.70
99.80
99.00
96.20
95.80
96.00
95.60
95.40
96.00
96.00
94.80
94.00
93.10
90.90
89.60
88.00
85.80
82.20
79.20
76.80
74.10
71.60
69.76
67.71
62.55
60.21
57.51
55.25
53.10
49.49
46.17
41.75
41.54
40.20
40.30
39.87
38.31
35.35
35.03
33.88
34.33
34.47
32.56
31.13
27.63
26.58
27.14
27.62
28.20
28.90
29.10
29.55
28.97
29.80
30.46
30.46
31.02
32.23
32.06
34.38
35.71
36.34
35.72
35.78
43.02
45.19
55.93
59.18
62.41
64.15
65.05
67.26
70.40
69.61
70.70
72.30
72.60
71.20
71.20
69.88
71.50
74.50
77.00
76.40
75.90
73.30
74.40
72.70
70.90
71.90
73.30
77.60
79.10
78.70
78.20
82.20
85.40
90.00
88.40
84.70
82.20
81.80
80.70
81.00
81.40
81.20
81.20
81.00
80.60
78.90
76.70
73.40
71.40
70.60
69.35
67.63
66.28
64.78
62.32
61.21
58.91
58.02
55.74
55.43
53.10
52.15
51.98
52.04
51.39
52.75
53.19
53.45
53.27
52.83
53.20
52.89
52.40
51.93
51.58
52.06
52.06
52.82
52.41
52.74
52.85
53.77
55.94
57.35
60.74
64.08
66.13
66.41
67.22
68.15
69.15
69.93
69.91
70.60
70.70
71.20
71.80
71.50
70.90
71.30
73.00
73.60
74.20
75.30
76.70
77.40
77.90
78.40
78.90
79.30
80.30
81.30
81.10
82.40
84.70
83.80
85.50
88.20
89.80
90.60
89.80
88.50
89.20
89.90
89.70
90.20
91.40
96.30
94.50
93.60
95.00
94.00
93.00
95.90
97.30
95.20
91.00
91.30
93.40
93.60
94.80
94.00
92.10
87.90
84.20
78.80
74.30
71.40
71.10
72.00
71.20
67.82
64.46
63.85
60.84
56.62
54.86
53.74
50.09
51.08
46.15
46.99
45.50
42.92
43.45
40.74
40.17
39.86
38.46
37.60
35.15
34.74
33.92
33.95
34.19
35.54
37.92
40.27
40.47
40.91
42.11
43.24
43.22
44.75
46.24
45.66
45.47
46.52
44.25
44.03
45.21
44.98
44.34
45.95
49.33
46.22
50.68
52.63
53.91
52.59
49.33
48.55
49.55
49.29
50.74
52.41
54.02
57.51
57.64
57.70
57.34
59.89
63.49
64.25
65.59
67.93
69.07
68.93
68.52
71.10
77.60
82.90
86.30
85.70
85.70
86.70
88.60
88.20
88.60
89.60
91.10
92.20
89.60
80.40
76.50
75.90
73.00
71.20
66.23
61.28
62.25
63.07
61.78
60.61
58.23
55.89
53.25
52.39
50.98
46.67
43.02
35.70
32.37
29.29
21.67
21.60
20.92
20.52
21.42
20.73
20.17
20.32
20.61
20.90
22.56
20.24
20.34
20.64
21.10
22.04
22.29
23.14
24.24
26.16
26.92
26.84
28.62
29.02
29.18
31.78
30.42
28.09
30.29
33.30
37.61
38.53
36.83
36.41
34.60
34.53
35.90
35.12
33.58
35.16
35.05
34.89
36.35
37.42
38.77
44.28
46.76
51.10
51.12
52.33
53.47
51.06
54.33
52.44
47.75
46.36
50.81
52.31
51.66
54.87
63.27
66.51
65.57
64.54
60.20
56.03
53.91
53.16
54.46
54.46
55.33
58.01
60.31
56.41
56.52
56.22
54.41
54.32
54.03
54.70
55.40
56.34
58.34
57.97
55.19
53.43
55.39
52.73
47.31
43.06
42.49
43.21
39.61
37.65
35.25
35.24
32.02
28.87
30.00
27.04
26.82
25.72
25.25
25.55
25.83
25.42
26.83
24.54
23.72
24.61
22.70
23.18
25.42
25.94
26.06
27.33
30.02
27.67
30.24
29.79
31.35
33.29
36.12
34.06
35.24
39.25
41.71
43.23
44.11
45.22
47.28
56.94
63.68
63.14
62.72
61.26
60.72
61.08
62.11
61.46
61.19
62.47
61.09
59.72
59.25
57.91
57.13
57.42
58.29
59.49
60.29
60.99
61.09
61.99
63.52
63.51
61.42
59.85
61.98
66.28
66.47
66.43
69.89
74.00
74.10
75.10
76.10
77.60
77.40
77.40
78.00
78.00
77.70
76.70
75.50
75.40
73.50
70.20
69.20
67.89
68.60
68.58
66.30
65.29
64.61
63.51
61.97
61.01
59.51
58.32
57.67
56.28
56.72
57.53
56.72
56.55
55.46
54.94
54.68
54.24
53.15
53.84
53.33
53.41
52.34
53.09
52.43
52.34
53.23
53.85
55.46
56.41
58.28
60.08
61.75
63.47
65.82
67.56
68.47
70.20
71.30
72.00
71.70
71.70
72.20
72.60
71.30
70.90
72.10
73.10
73.10
74.10
75.20
75.90
75.90
77.50
77.90
78.70
79.50
79.50
79.20
79.90
80.90
81.10
82.80
86.10
87.70
88.00
90.00
91.00
91.20
94.40
95.40
95.70
96.80
97.60
98.80
98.80
98.30
97.30
96.70
96.70
97.20
97.20
96.50
96.60
96.10
96.00
95.90
95.20
94.50
93.30
91.70
88.80
85.70
82.80
79.90
77.40
74.30
71.90
70.00
69.03
67.05
65.49
62.82
60.48
58.91
55.69
53.90
52.90
50.56
48.48
45.06
43.33
42.12
40.26
40.44
40.41
38.46
37.78
37.63
36.27
34.37
33.11
32.83
32.56
35.78
37.64
37.74
37.58
39.31
38.87
41.21
42.09
43.61
40.94
40.77
41.99
43.89
44.53
47.84
44.63
44.58
46.13
46.90
48.50
49.90
52.27
53.99
55.06
55.94
53.60
52.52
51.83
53.16
53.73
53.63
53.37
55.20
67.88
68.79
67.49
67.61
76.30
77.40
79.50
77.70
75.30
74.90
74.90
83.10
84.50
85.60
86.70
85.50
85.80
87.30
88.10
87.50
87.10
83.70
80.60
80.70
79.60
80.50
79.60
77.70
76.00
73.40
72.40
70.70
69.16
64.81
60.26
58.08
57.11
55.60
52.16
49.50
48.35
45.89
40.69
34.67
34.32
32.02
29.15
26.62
26.46
26.02
26.36
25.30
25.30
25.94
26.34
26.05
25.98
26.15
25.73
24.64
24.28
24.85
24.69
26.11
27.19
28.22
29.81
31.42
32.19
31.98
32.10
31.40
30.59
31.20
30.93
30.82
30.98
41.89
45.20
43.80
42.75
42.14
40.73
40.36
39.86
41.12
42.78
43.99
43.91
44.46
43.13
45.66
48.27
50.48
52.35
52.82
52.74
53.29
68.12
66.77
65.53
66.38
68.11
71.80
71.80
69.91
70.80
68.41
68.06
68.44
68.56
66.78
69.77
67.84
66.50
64.81
60.85
60.61
60.28
58.71
56.96
56.82
55.53
56.63
58.46
59.69
61.92
61.56
59.49
57.12
56.79
55.68
51.12
48.79
45.17
41.75
38.71
35.58
32.51
29.61
30.57
28.08
28.38
26.73
27.32
27.28
28.19
26.60
26.46
25.76
26.05
25.31
25.07
25.51
25.06
25.72
25.37
25.76
26.68
26.55
27.18
28.58
30.46
31.94
32.12
32.64
33.67
33.41
33.40
33.38
32.91
32.59
32.53
34.56
38.55
44.84
44.34
44.85
42.76
42.25
44.91
47.64
46.80
42.90
44.64
44.45
46.02
44.09
41.48
42.77
43.80
53.58
64.63
66.54
61.37
62.25
61.62
60.59
61.18
58.90
54.58
53.53
54.24
54.75
53.53
52.57
52.10
51.88
51.89
52.73
54.01
54.45
53.42
52.31
52.87
52.86
53.49
54.93
56.72
57.58
55.22
52.73
50.90
50.63
49.82
47.68
45.99
41.71
38.94
37.01
37.35
34.83
32.96
31.98
30.74
28.20
25.06
24.76
23.90
24.55
24.13
24.81
23.29
22.78
23.87
23.60
21.74
21.56
21.79
21.76
21.54
21.23
21.28
23.24
23.08
24.16
26.48
26.99
26.87
27.17
28.64
27.30
30.09
30.59
30.95
31.95
31.58
29.72
29.61
32.26
32.13
32.17
33.73
36.00
39.91
38.29
41.33
40.52
33.91
35.39
37.95
39.64
40.86
42.16
42.34
41.48
43.11
45.59
45.18
47.56
50.39
53.54
53.75
53.60
53.75
54.10
54.83
55.35
57.73
60.22
62.30
60.49
60.63
60.68
61.04
63.00
64.94
66.30
67.83
74.70
69.85
63.47
60.40
61.55
61.62
59.44
53.95
55.32
54.76
54.99
54.35
55.44
52.75
50.91
45.68
42.07
41.20
37.35
35.90
33.92
30.75
27.54
26.06
25.30
25.21
25.45
25.23
25.23
24.32
24.26
24.65
24.10
24.05
24.11
22.67
23.35
23.02
22.48
21.60
20.89
20.93
23.42
24.51
26.54
25.73
23.79
24.48
24.29
22.98
24.15
26.72
27.75
30.28
31.60
30.19
30.11
31.36
33.28
33.69
34.22
34.25
36.17
33.29
32.70
34.46
34.65
32.40
30.30
30.23
32.43
36.19
40.63
39.90
38.90
39.67
35.54
35.12
38.58
46.96
51.01
51.93
52.67
47.45
48.80
49.77
45.83
48.00
48.15
47.93
53.96
54.67
57.30
57.76
56.17
59.99
58.13
56.81
62.02
67.57
69.45
67.06
63.92
61.07
59.42
61.05
60.65
57.85
57.55
57.62
57.25
56.51
52.95
49.61
45.55
42.56
40.33
38.06
37.10
34.99
35.60
34.38
33.24
31.89
31.04
29.09
28.80
28.31
28.62
29.38
29.20
28.05
29.62
30.63
30.91
31.28
32.09
33.42
35.39
40.78
42.98
43.83
44.85
45.22
46.09
47.23
49.58
52.43
54.84
56.60
58.34
59.46
60.96
62.31
63.78
64.91
65.74
66.42
66.40
67.10
67.35
68.76
69.76
71.10
72.20
73.20
73.70
73.90
75.40
77.30
77.70
77.80
78.50
79.80
80.10
79.50
80.50
80.80
81.20
83.10
83.40
84.20
84.00
83.40
84.20
86.10
87.50
88.20
89.20
89.40
90.00
90.70
92.30
92.50
93.40
93.40
92.80
91.90
90.60
88.90
87.50
85.00
82.90
83.90
83.00
82.20
80.90
79.20
76.20
75.50
74.00
71.90
68.74
67.34
64.76
62.71
61.67
60.08
58.84
56.97
55.66
56.21
54.07
52.77
50.20
49.70
48.57
50.09
49.23
49.86
52.46
53.63
54.10
54.40
55.00
56.67
58.03
59.08
61.10
63.64
67.16
69.64
71.50
73.00
74.50
76.00
76.60
77.10
77.00
76.50
77.50
78.40
78.80
77.90
77.70
78.20
79.00
79.40
80.30
81.10
82.20
83.50
84.80
85.90
86.60
87.10
88.00
90.50
91.50
90.50
90.70
90.60
90.10
89.50
89.30
89.30
89.70
90.30
91.00
91.50
92.10
91.90
92.00
92.40
92.30
93.10
93.60
93.50
94.10
94.50
94.90
93.90
93.10
92.00
88.90
87.20
85.60
83.00
80.90
78.40
76.40
74.40
72.40
69.50
68.06
67.23
66.97
64.78
62.91
62.23
60.28
59.08
58.04
57.07
56.47
55.79
54.55
54.55
53.67
56.03
56.58
56.74
56.71
56.82
56.33
56.58
56.26
56.54
56.91
57.05
57.22
57.65
58.39
59.12
59.45
60.98
62.78
65.28
65.66
65.44
64.67
64.65
65.58
67.35
68.53
70.20
71.30
72.20
72.20
71.70
72.10
73.00
74.30
75.40
75.50
75.00
75.10
75.60
76.70
77.60
78.20
78.20
78.50
79.30
79.80
80.10
80.40
80.90
79.80
79.80
79.10
78.90
79.30
79.20
78.70
79.70
80.80
80.70
81.80
81.90
82.40
83.70
83.90
83.10
84.80
84.60
85.50
85.50
85.50
84.30
83.10
81.20
78.20
76.10
73.50
71.90
71.40
69.86
68.71
67.77
66.15
65.12
64.42
63.08
61.03
59.58
58.73
57.73
56.62
55.59
55.35
54.44
53.29
53.31
53.08
52.61
52.22
51.38
50.90
50.94
50.91
50.93
50.79
50.89
50.77
50.98
51.50
52.14
52.92
53.70
55.16
56.96
58.94
61.68
63.80
65.12
67.48
69.98
72.20
72.90
73.70
74.30
75.30
76.70
76.90
78.00
79.40
78.80
78.70
79.90
80.70
80.60
80.80
81.20
81.50
81.60
82.20
82.90
83.30
83.60
84.00
84.20
84.70
85.90
86.40
86.80
87.10
87.20
88.00
88.20
88.90
89.70
89.80
89.70
90.30
93.30
96.00
95.70
96.40
97.40
98.00
97.40
98.20
98.50
98.70
98.30
96.90
95.00
92.00
88.30
84.30
79.30
74.80
72.10
70.70
68.82
67.18
66.05
62.77
59.55
58.62
59.01
56.84
54.96
53.17
51.69
50.28
48.85
48.04
46.51
46.24
44.56
43.36
44.38
43.81
44.29
43.64
44.00
43.00
42.89
42.23
41.57
42.08
42.27
43.83
46.75
47.33
49.11
50.84
51.52
53.34
53.04
53.26
55.92
58.51
60.05
60.72
61.06
61.65
61.77
60.42
59.46
58.58
59.35
59.65
59.84
59.76
60.30
62.39
66.23
72.30
74.80
74.20
71.50
71.00
70.80
69.85
71.30
71.40
72.80
75.90
76.00
73.30
75.80
81.80
89.50
84.60
84.20
85.20
87.10
89.50
94.90
96.20
97.00
96.50
93.30
92.90
93.10
92.30
88.70
86.80
82.70
82.70
85.10
85.40
84.10
81.80
77.70
74.50
73.10
71.10
68.19
64.55
62.14
56.79
51.16
49.38
46.85
43.54
40.63
39.75
36.85
33.71
29.80
29.79
30.11
30.15
28.60
27.45
24.26
22.92
21.06
21.57
21.84
21.40
21.21
22.98
24.44
25.15
26.89
31.50
28.46
26.79
28.03
29.09
28.86
29.13
30.22
28.65
29.84
32.65
31.26
27.55
27.76
26.66
26.75
25.98
31.62
31.71
30.86
32.94
33.62
33.86
36.44
36.07
37.41
40.92
40.56
41.43
43.21
45.18
46.08
46.25
46.73
47.44
48.79
49.97
56.16
58.74
55.39
55.68
60.74
59.82
61.00
62.59
65.32
65.99
61.42
58.61
58.98
59.78
59.52
60.50
68.02
72.40
65.35
55.53
49.75
43.68
41.72
40.37
46.66
52.89
50.71
52.88
54.18
49.51
48.54
45.69
40.34
33.98
33.06
32.89
30.28
27.97
25.49
24.25
22.85
22.55
23.03
21.16
21.23
19.61
19.44
17.77
18.57
18.02
18.02
18.54
17.89
19.33
21.04
21.07
21.65
21.71
23.85
25.11
25.29
26.66
26.71
26.18
26.23
25.12
25.01
25.89
26.15
25.88
27.05
27.26
27.75
26.28
30.32
31.04
27.94
28.33
28.79
35.02
44.06
45.10
42.59
42.10
41.25
39.63
40.03
39.39
39.62
41.51
43.73
42.71
41.39
39.82
41.86
43.54
46.26
46.49
46.60
48.33
51.65
63.12
65.42
61.28
58.18
52.22
47.20
45.91
43.38
36.82
34.19
36.06
39.93
39.47
38.61
44.23
46.68
47.12
48.21
45.86
49.58
48.56
46.44
44.56
42.91
39.96
38.96
35.28
35.23
31.06
28.70
26.97
24.79
24.25
22.82
22.79
21.47
20.93
19.39
18.92
19.14
18.43
18.83
17.87
17.90
17.35
18.76
18.03
18.57
19.68
20.84
20.75
21.95
23.12
23.20
23.30
23.97
25.15
24.08
23.02
22.66
23.24
22.28
23.61
27.89
28.38
27.94
24.65
22.97
23.72
26.80
25.43
24.54
24.66
24.87
25.38
24.61
23.31
24.19
27.39
32.95
37.62
39.88
42.13
38.84
40.75
42.53
42.01
40.09
36.48
37.48
42.14
53.20
47.15
43.50
41.03
35.23
33.94
32.63
25.29
25.70
27.52
31.20
32.12
38.07
35.63
34.40
33.04
31.98
32.86
35.83
39.35
40.80
43.06
46.61
47.15
50.69
55.26
53.99
52.54
50.72
50.97
49.20
45.78
43.27
42.81
41.32
39.25
36.75
35.15
33.83
33.44
31.90
31.81
30.64
30.14
30.36
30.36
30.62
30.56
31.01
31.72
34.73
37.02
39.54
40.98
39.92
39.90
40.71
41.98
44.19
46.03
46.94
47.70
47.41
46.40
44.22
42.70
42.61
42.67
42.73
42.10
42.61
41.82
42.69
44.73
47.06
50.52
51.88
50.79
49.66
49.19
48.64
47.74
47.59
47.30
49.42
49.82
48.50
49.17
50.45
51.92
55.05
56.34
57.26
65.83
65.95
63.78
61.21
60.70
61.41
61.42
62.84
63.05
63.31
65.53
66.06
65.55
65.97
65.90
65.10
63.52
63.96
63.91
63.11
63.61
64.45
63.46
63.52
64.77
65.22
65.13
65.73
63.57
62.76
63.03
63.03
65.23
69.73
68.50
69.12
70.40
70.90
70.10
69.31
70.20
69.02
67.14
66.74
65.25
63.64
61.85
61.01
59.97
60.20
60.17
60.01
60.12
60.30
61.30
61.89
62.61
62.96
63.11
64.06
64.96
65.12
65.89
67.05
67.06
68.25
68.90
70.10
70.70
71.60
72.20
75.20
75.50
73.40
72.50
73.20
72.30
71.70
70.90
70.80
72.90
75.70
76.60
76.20
77.20
80.20
81.30
81.20
80.90
81.10
81.80
83.00
84.40
86.30
88.10
87.20
87.10
84.70
82.10
82.40
84.40
84.50
83.00
83.50
84.00
84.90
86.00
86.00
85.90
85.70
85.70
85.90
85.30
85.70
85.80
85.40
84.70
84.30
84.10
84.70
85.30
86.30
87.10
88.50
91.00
93.00
93.20
92.90
92.50
91.50
90.90
90.30
89.70
89.30
90.10
92.30
92.70
92.10
91.20
90.40
89.30
87.40
86.70
85.00
83.50
82.60
82.20
82.20
83.60
84.90
84.50
85.90
86.20
86.60
86.80
87.10
87.30
87.30
87.50
88.10
88.00
89.20
89.20
88.40
87.60
86.90
88.40
88.90
89.40
91.00
90.10
89.50
89.90
89.30
91.20
90.70
91.20
89.80
91.60
91.70
92.90
93.70
94.10
93.50
93.40
93.60
93.50
93.90
94.20
94.40
94.40
95.30
94.40
94.90
94.90
95.00
95.40
95.90
96.20
96.30
96.60
96.30
96.60
97.10
97.10
97.70
97.80
97.90
97.90
97.90
97.90
98.10
98.40
97.90
96.90
95.50
94.90
93.60
90.70
88.30
86.40
84.40
81.30
79.90
76.30
73.80
70.80
68.18
65.23
64.96
63.38
61.88
62.37
60.37
59.69
59.32
57.67
56.80
56.14
53.83
52.88
52.50
52.71
51.94
49.75
51.12
49.99
50.84
53.59
55.65
56.07
57.00
58.75
60.56
60.60
61.48
63.80
64.86
66.31
67.86
68.43
69.42
71.40
72.30
72.20
73.30
72.30
72.60
74.20
74.40
74.10
73.60
75.00
76.60
77.70
77.80
76.70
75.60
76.30
77.00
77.60
78.30
78.70
78.90
79.50
81.20
82.90
83.50
83.20
83.10
83.60
84.40
85.10
85.80
86.80
87.10
87.60
88.00
88.20
88.70
88.70
89.00
89.20
89.60
89.80
89.90
90.10
90.70
90.70
90.50
89.80
88.60
86.90
85.10
82.60
80.30
77.50
75.10
72.70
70.70
67.00
65.25
63.29
61.41
58.82
56.40
54.46
53.03
51.24
51.06
49.75
49.17
49.20
49.42
47.99
48.03
49.07
49.82
50.15
50.06
51.18
51.86
51.66
53.11
54.15
54.85
55.20
53.61
53.01
57.25
58.66
54.84
56.24
60.44
62.26
64.27
66.34
67.67
67.95
68.44
69.24
69.95
71.20
72.20
73.20
73.90
74.50
74.70
74.90
75.40
76.20
77.00
77.40
78.10
78.80
79.80
80.40
80.80
81.30
81.90
82.90
84.00
85.10
86.00
86.80
87.70
88.50
88.90
89.80
90.70
91.60
92.20
92.90
93.50
93.50
93.90
94.30
94.70
94.90
95.40
95.70
95.80
96.10
96.40
96.60
96.70
96.50
95.80
94.50
92.50
90.70
89.10
85.90
84.50
82.00
79.30
76.00
72.90
70.70
69.24
67.08
65.70
64.98
62.75
62.00
61.62
60.80
59.23
58.17
56.65
55.66
55.30
54.47
53.86
51.88
51.67
51.84
50.86
50.60
50.77
51.12
50.79
51.40
50.96
51.95
53.26
53.96
55.72
57.26
60.60
61.69
62.72
64.13
65.27
66.77
68.45
69.76
71.00
71.70
72.00
72.70
73.40
74.20
75.50
76.90
78.50
79.50
80.40
81.40
81.90
82.60
83.50
84.10
84.30
83.50
83.30
83.50
83.30
82.60
83.00
83.00
83.20
83.50
84.10
83.80
83.30
83.50
83.80
83.30
84.90
86.10
88.60
90.00
91.10
88.00
89.00
90.40
93.70
95.60
95.40
93.10
91.80
89.80
88.20
86.50
84.30
80.10
71.40
71.70
71.40
70.00
68.76
66.90
65.74
63.77
62.38
60.70
58.71
56.67
54.62
54.91
53.09
51.52
49.44
50.43
48.52
44.89
44.45
43.88
42.33
39.83
36.35
37.17
38.66
37.98
39.67
39.77
38.64
38.66
39.68
40.42
40.44
40.93
42.86
44.53
44.56
45.10
46.63
46.97
46.29
50.42
51.27
52.23
53.41
55.15
57.44
58.71
59.07
59.74
60.26
61.83
63.66
67.50
69.23
69.71
70.30
71.50
71.90
72.30
73.10
73.20