90.80
93.20
94.40
94.20
95.00
95.20
94.70
94.30
93.90
93.80
94.10
94.40
94.30
94.80
95.00
95.00
94.90
94.90
95.10
95.20
95.20
95.20
95.40
95.50
95.50
95.00
94.00
92.60
92.10
90.70
89.30
87.30
84.10
81.20
80.10
79.90
77.70
74.70
73.70
73.00
70.50
70.50
67.99
68.14
68.48
66.86
63.52
61.25
61.76
61.55
60.35
60.23
56.95
55.25
55.62
54.59
54.84
52.43
53.38
54.34
53.66
57.34
56.53
57.93
59.13
60.66
63.56
66.00
66.93
67.96
69.58
70.70
71.80
72.90
73.70
73.80
74.40
74.40
75.10
75.40
76.20
77.70
76.80
78.00
80.20
80.80
81.20
82.30
83.50
83.90
83.90
83.90
83.30
82.70
82.00
83.00
84.80
85.20
84.10
84.40
85.20
85.30
86.00
87.20
88.20
88.90
89.60
89.70
90.30
90.40
90.20
89.70
89.20
90.60
92.60
93.60
94.20
94.10
92.90
93.30
94.70
95.00
94.90
93.80
93.20
91.40
84.20
78.70
75.10
72.40
69.35
69.52
68.24
67.18
66.29
66.99
64.71
62.73
63.03
62.79
58.78
56.98
58.65
59.70
60.15
59.89
60.22
59.35
57.31
56.97
57.12
57.12
57.30
57.85
57.10
56.07
55.92
55.70
56.28
55.60
56.43
56.62
59.82
61.50
60.69
64.49
66.50
67.98
67.60
68.94
71.20
74.90
75.90
76.60
78.10
77.20
74.40
71.70
72.40
73.60
72.10
71.90
69.61
72.00
71.90
73.90
78.00
79.60
81.60
83.10
82.00
80.70
81.80
82.70
82.30
81.60
81.60
82.50
83.60
84.90
85.50
86.70
88.40
90.30
92.20
93.00
92.80
90.40
88.00
88.30
89.40
88.10
87.40
86.40
84.80
84.40
85.40
83.50
82.90
82.50
82.00
78.60
76.70
77.60
78.00
78.70
78.90
79.00
78.90
77.10
75.00
71.10
70.60
70.10
74.70
68.96
66.40
63.06
69.89
72.00
72.20
71.60
70.10
67.92
69.25
64.78
76.00
70.70
74.00
72.00
74.00
71.10
71.00
74.00
73.40
73.20
74.40
76.90
78.00
77.70
79.00
78.20
78.90
74.30
79.50
82.90
76.50
75.30
82.90
83.30
80.90
75.60
72.20
74.90
73.90
74.50
76.80
80.90
82.00
81.20
84.20
82.90
83.50
85.10
87.10
87.90
89.10
88.80
87.70
90.60
93.70
93.50
93.40
93.60
92.80
92.80
93.30
93.40
94.30
94.70
95.10
94.90
94.30
94.80
95.40
95.30
95.50
95.70
95.90
95.90
95.60
95.50
95.70
95.70
95.30
94.80
95.00
94.90
94.80
95.10
95.00
94.40
91.70
91.70
91.20
90.60
90.60
90.00
90.70
90.70
91.10
91.10
91.50
90.20
90.60
88.90
86.90
85.90
85.20
83.40
83.50
82.20
81.90
81.00
80.90
79.10
76.80
75.30
76.30
77.90
75.50
74.20
79.40
79.50
79.70
81.00
82.00
83.70
85.70
86.50
86.10
85.80
86.20
87.40
88.00
89.20
90.90
91.80
92.00
92.10
91.20
91.80
92.30
92.80
92.60
92.00
92.10
92.10
92.00
91.70
92.10
92.50
93.00
93.60
93.70
94.10
94.40
94.70
94.70
94.90
95.10
95.00
95.00
95.20
95.20
95.10
95.00
95.10
95.00
95.00
95.10
95.10
95.20
95.40
95.10
94.20
94.20
94.90
94.30
92.60
91.20
90.80
89.90
87.60
87.10
86.70
85.50
84.50
81.80
79.70
77.70
76.00
74.40
72.90
72.00
69.88
68.92
67.57
67.25
66.42
66.30
63.70
64.22
64.15
63.63
62.90
63.42
63.23
62.23
60.42
61.73
60.64
62.31
62.03
62.70
61.78
62.23
60.73
60.62
61.09
60.59
63.98
66.18
68.61
69.21
69.11
69.20
68.05
66.51
65.93
67.80
66.62
70.70
75.10
77.60
77.80
81.50
82.00
82.40
83.90
83.80
84.10
84.90
85.70
85.90
86.90
88.50
89.10
90.30
90.80
89.60
89.30
89.70
90.00
89.80
89.60
90.00
89.80
88.90
88.60
88.40
88.90
90.00
90.70
91.00
91.10
92.00
91.60
91.50
90.30
90.10
89.40
89.10
88.80
89.60
90.00
88.70
87.30
85.50
83.80
83.40
83.00
80.70
78.20
77.30
75.40
73.20
72.30
70.80
70.70
69.83
68.43
66.93
65.17
64.77
62.70
61.71
61.53
58.98
55.50
54.40
53.35
52.98
52.52
50.53
51.12
50.93
50.89
51.14
51.28
52.89
52.23
51.51
52.18
53.17
53.51
55.40
57.08
56.32
58.56
58.27
61.74
63.26
65.60
65.73
66.87
68.03
70.40
72.20
73.50
74.70
76.10
76.00
75.70
76.40
76.90
76.40
77.20
77.50
78.90
79.70
81.00
80.50
79.90
80.80
81.60
80.60
80.80
82.30
81.90
81.90
81.60
81.30
82.60
82.70
82.20
83.90
83.70
84.10
84.00
83.50
83.70
84.80
84.70
85.70
87.00
88.80
90.90
91.20
91.40
92.10
92.60
91.90
90.60
88.30
85.20
83.20
81.40
81.90
81.30
78.20
75.20
72.90
70.10
69.04
67.21
66.59
66.34
62.98
61.25
60.28
56.64
54.52
55.12
50.95
50.77
50.96
50.85
49.89
50.19
49.82
49.83
47.14
47.26
47.67
47.71
45.69
47.86
46.49
52.01
53.99
55.18
56.32
53.63
52.94
55.51
59.04
64.18
63.85
62.66
63.49
67.21
66.23
65.23
68.18
73.40
74.50
79.50
80.30
74.70
77.70
78.60
77.00
78.10
77.40
79.20
81.30
81.10
79.00
79.10
79.40
82.30
86.50
89.20
90.80
91.00
89.90
89.70
90.60
91.40
92.20
92.90
93.50
93.80
93.90
93.30
92.60
92.30
92.20
92.60
92.90
92.10
91.30
91.50
91.70
90.30
90.00
90.30
90.70
91.60
91.90
92.20
92.90
93.70
94.40
93.20
93.20
93.50
94.30
94.20
93.90
93.20
92.30
90.80
87.20
84.30
87.50
86.60
85.10
81.20
79.70
80.10
79.50
80.90
80.60
79.00
79.10
78.50
78.60
80.90
81.90
83.60
84.20
83.50
84.80
86.20
86.40
87.00
87.70
87.80
88.20
89.00
89.20
88.10
88.80
89.00
89.40
89.90
89.60
88.70
88.90
89.00
89.30
90.70
92.00
92.00
91.20
91.70
92.00
93.00
93.50
93.00
92.30
91.20
90.30
89.60
90.50
91.30
92.20
93.30
93.90
93.50
93.60
92.90
92.50
92.70
93.20
92.70
92.40
92.30
92.00
91.10
91.40
92.50
94.30
94.50
94.60
94.50
93.90
94.10
94.20
94.20
94.30
94.10
93.10
92.00
91.60
91.40
91.50
90.90
89.50
89.10
89.30
89.20
89.50
88.40
88.00
87.70
87.00
86.00
84.80
83.20
80.90
81.30
82.30
81.30
80.80
77.90
78.00
76.20
75.80
73.50
73.70
71.90
72.20
73.00
72.90
73.00
72.10
69.70
71.60
74.20
74.90
76.00
78.30
77.80
78.60
80.40
82.20
83.90
85.30
86.20
87.70
88.20
87.50
86.60
86.10
86.50
86.90
87.90
88.90
88.60
88.80
89.30
89.30
90.00
90.80
91.00
90.70
91.90
91.90
91.00
90.50
90.60
91.50
91.20
91.00
91.20
89.50
88.80
89.10
89.10
87.50
87.70
87.20
88.10
90.10
89.40
85.40
85.30
86.60
86.90
88.30
87.10
86.70
86.20
86.10
86.60
86.20
86.50
85.80
84.40
82.50
79.30
77.20
74.40
70.60
69.31
66.59
65.74
64.56
63.61
61.95
60.01
59.42
58.66
57.89
57.96
57.18
56.69
55.47
55.00
54.91
54.19
52.20
53.20
53.79
52.05
51.83
51.95
51.12
51.14
52.76
54.28
55.33
54.82
55.31
55.85
55.28
56.33
58.10
59.93
60.60
60.94
62.80
66.33
69.38
71.20
72.00
75.10
77.50
77.30
77.70
80.10
81.00
81.30
81.50
81.60
82.10
81.90
82.90
83.10
82.10
80.40
80.20
81.00
79.50
79.90
80.00
79.10
78.50
78.40
80.20
81.70
83.70
83.80
84.90
85.80
85.30
85.70
86.80
87.90
88.20
87.30
87.40
87.50
87.40
87.80
87.60
87.00
87.50
87.30
87.20
86.50
86.00
85.60
85.60
85.00
82.80
80.70
79.10
76.70
73.20
69.95
68.75
67.59
65.83
64.42
62.95
61.84
60.79
60.27
58.94
59.13
58.41
57.56
57.66
56.78
56.85
56.19
55.59
54.27
54.21
52.75
53.18
52.35
52.49
50.23
49.44
48.57
47.55
50.19
50.66
49.05
51.17
52.70
53.86
56.46
60.04
62.00
64.01
66.74
68.53
68.47
68.72
68.85
70.10
71.30
72.50
74.00
75.40
76.10
77.60
78.90
80.30
81.60
82.90
84.40
85.40
84.80
82.70
82.50
82.50
82.10
83.80
83.50
82.60
82.50
83.20
84.30
84.70
85.00
85.20
84.00
82.20
81.80
82.80
83.00
82.50
82.70
83.20
85.20
86.10
86.40
87.00
87.00
87.50
87.20
86.60
87.10
87.70
87.90
87.90
87.60
86.10
84.00
81.50
77.30
73.00
68.89
64.73
62.07
58.38
57.46
57.62
55.06
51.74
48.91
46.69
43.52
40.17
40.03
37.33
34.47
33.61
34.24
32.18
35.66
35.85
37.22
35.53
37.33
37.54
38.26
37.82
38.04
37.98
38.26
38.53
38.38
39.10
43.07
48.00
49.58
51.71
54.27
54.93
55.93
57.51
58.69
57.33
58.37
59.99
64.20
66.69
69.83
70.60
71.20
72.60
73.50
73.30
73.80
74.30
76.10
77.20
77.90
79.80
80.40
81.00
83.20
83.20
83.20
82.50
83.40
82.20
82.80
81.50
81.10
81.70
81.50
81.90
81.70
82.00
82.40
81.60
81.60
81.70
81.60
82.90
83.20
83.70
84.40
88.60
90.00
91.60
93.50
92.60
92.10
87.80
86.50
85.80
83.20
81.80
80.80
79.40
75.20
70.30
68.68
64.72
61.33
60.74
57.45
53.38
52.41
47.78
47.14
43.56
42.81
40.55
39.17
39.37
39.27
40.11
39.69
37.42
37.23
36.72
35.90
37.16
35.84
35.20
34.87
34.63
35.04
36.07
37.95
37.78
37.87
40.83
41.64
41.99
42.11
43.69
45.48
45.31
44.41
43.82
44.75
44.20
45.18
43.71
43.67
44.47
43.77
43.31
43.49
42.15
41.87
41.04
41.60
43.20
44.10
43.62
53.08
70.30
68.35
65.36
58.36
55.05
53.66
54.80
57.11
60.15
61.00
62.96
68.68
81.50
85.90
82.50
78.30
76.60
86.10
80.10
74.00
72.40
69.35
78.80
86.50
87.80
91.60
93.80
93.20
94.00
94.90
95.20
93.40
91.70
88.70
83.20
76.10
72.80
72.50
71.30
69.00
65.13
62.05
58.95
54.91
51.78
49.36
48.04
46.93
45.59
45.47
45.44
41.61
42.50
41.64
39.14
36.43
36.95
38.65
38.33
39.13
38.47
38.52
38.19
38.31
38.33
37.13
38.53
39.95
39.34
40.47
42.60
43.04
44.21
45.66
49.28
52.80
52.71
53.38
54.32
52.65
53.89
55.00
52.77
48.38
49.40
56.34
59.94
60.16
58.04
59.98
58.25
59.38
59.02
59.56
60.69
60.55
60.48
61.25
62.56
65.05
67.90
70.50
73.30
74.60
76.00
78.70
80.70
82.10
84.10
85.50
84.90
82.20
82.00
82.70
82.10
81.90
83.60
84.10
83.50
83.20
82.80
84.70
87.10
86.40
85.60
84.00
82.50
81.70
80.60
77.90
75.50
72.00
70.90
70.60
69.99
64.85
63.74
63.07
61.24
57.47
56.23
55.98
51.54
49.69
49.77
47.14
44.95
44.55
44.37
42.13
42.77
42.01
41.89
41.57
41.14
41.24
41.67
41.39
41.49
40.89
41.48
40.38
40.58
39.95
39.78
40.40
42.16
43.66
44.37
45.08
46.43
50.95
53.12
54.62
57.12
58.61
56.02
56.57
56.79
60.23
65.04
71.70
70.60
68.83
68.81
69.21
69.58
70.10
67.49
70.10
73.60
75.00
74.10
74.80
73.20
76.50
76.20
78.70
77.80
77.70
78.00
80.10
79.60
77.30
77.20
74.00
75.30
75.90
77.80
77.40
76.60
77.30
76.10
75.00
75.40
78.00
82.60
85.70
86.70
85.90
84.20
82.50
82.20
82.30
80.40
78.00
73.70
71.50
71.70
69.52
68.24
66.24
65.48
62.42
60.53
59.59
58.15
57.40
55.76
54.97
54.10
51.33
50.82
50.32
50.63
50.23
47.55
47.74
46.22
46.83
46.72
46.76
45.80
46.98
47.29
47.57
48.95
49.34
50.02
49.73
51.04
51.91
52.88
54.13
55.56
57.47
58.77
59.96
62.12
65.56
67.77
69.99
71.60
73.20
73.90
74.90
75.80
76.60
77.80
78.70
80.00
80.60
80.50
80.00
79.50
78.80
77.90
77.60
78.00
79.40
79.60
78.50
80.30
79.30
79.20
80.40
80.60
79.60
80.90
83.80
87.90
86.00
85.30
87.90
87.00
87.00
90.20
92.20
92.50
92.90
92.50
88.90
89.10
87.40
87.60
89.50
88.70
89.20
87.40
84.60
83.30
85.70
86.70
85.90
83.70
80.80
77.30
74.40
73.70
73.80
74.60
75.00
73.70
73.00
69.99
68.40
66.73
66.11
65.66
64.11
64.79
63.58
62.65
62.92
61.03
62.17
61.25
57.85
57.05
56.92
57.50
56.09
57.98
59.09
64.94
68.62
70.10
69.41
71.50
74.00
75.40
77.10
78.20
79.70
81.50
82.80
83.90
84.30
84.80
85.20
85.70
85.20
85.50
86.20
86.90
87.80
87.90
88.50
88.80
89.00
88.00
86.80
86.40
86.80
86.70
86.80
86.90
86.30
86.70
86.90
86.70
86.20
84.90
85.20
85.50
85.30
84.50
84.20
83.00
81.90
82.00
82.80
83.60
84.60
84.70
81.70
81.60
82.40
84.40
86.30
86.50
85.80
87.00
88.70
90.20
90.80
90.00
89.60
90.20
89.70
89.80
89.40
88.50
87.30
85.90
85.60
85.40
85.80
86.30
85.90
86.10
85.80
86.10
85.60
85.30
86.80
85.20
85.30
87.70
89.10
91.40
94.40
95.00
94.70
93.70
93.00
90.70
91.10
90.60
91.60
92.80
90.50
92.40
91.60
91.80
92.00
92.70
93.10
92.50
92.80
93.10
93.80
93.70
94.50
94.60
95.20
95.60
95.80
95.60
95.50
95.50
95.30
95.20
95.60
95.80
95.90
96.00
96.20
96.10
96.20
96.10
96.10
96.20
96.30
96.40
96.50
96.50
96.60
96.60
96.60
96.70
96.70
96.80
96.90
96.90
97.00
97.10
97.10
97.10
97.20
97.20
97.20
97.20
97.20
97.20
97.20
97.10
96.90
96.80
96.60
96.60
96.70
96.50
94.80
92.90
90.00
86.90
84.40
81.10
78.60
77.80
77.60
77.60
76.80
75.50
73.70
72.90
72.20
70.30
71.50
71.70
69.98
66.90
66.14
66.71
65.10
64.34
64.41
65.45
65.54
64.96
65.87
64.14
63.46
62.64
62.15
64.15
63.88
63.35
64.17
64.57
68.28
70.80
73.20
74.50
76.50
76.80
76.40
77.00
73.60
70.50
70.90
68.13
66.69
65.40
63.82
65.19
65.53
67.46
68.91
71.10
72.40
72.80
74.80
76.90
79.70
80.10
82.30
84.10
84.80
83.50
81.30
81.30
80.50
79.80
80.90
81.20
80.80
81.30
81.10
82.00
83.00
83.00
83.80
83.70
84.10
83.60
84.70
85.10
85.00
85.40
85.90
86.90
87.40
89.00
89.60
89.50
89.00
88.20
87.20
85.60
81.70
76.70
76.80
74.70
73.10
70.90
70.40
67.15
64.92
61.55
58.84
57.91
55.60
55.72
53.76
53.48
51.80
51.08
50.68
48.37
48.41
48.63
47.32
45.51
44.06
44.22
42.73
41.73
42.80
43.61
44.14
44.82
43.94
44.61
45.98
46.80
49.05
55.44
58.89
59.71
59.33
60.26
61.84
64.42
66.57
68.15
67.24
65.15
66.46
67.59
69.00
68.91
70.90
71.00
71.10
71.80
72.30
73.70
75.20
74.50
75.20
73.10
69.87
69.51
70.10
71.20
72.90
74.80
77.90
79.20
81.40
81.90
83.10
84.50
85.80
86.30
86.50
86.60
86.60
87.40
88.40
88.90
89.70
89.90
89.60
89.80
89.70
89.30
88.70
88.70
88.90
89.00
88.30
87.20
85.80
84.10
82.00
79.70
79.00
77.30
76.10
75.80
72.00
70.20
68.77
67.07
64.48
62.57
60.69
58.43
58.77
58.25
57.35
56.90
54.69
54.34
51.93
51.51
49.92
47.23
47.80
46.02
43.82
44.49
44.17
45.45
48.42
48.99
50.23
50.79
51.12
52.88
55.47
57.93
60.03
61.99
63.77
65.30
64.74
62.99
62.37
64.30
66.44
65.65
68.03
69.24
70.20
71.70
75.50
75.70
72.20
72.10
74.10
75.30
76.40
76.70
76.90
77.80
77.50
78.60
79.60
81.50
82.80
83.80
85.00
85.60
86.50
88.00
87.80
87.70
88.70
88.50
87.70
88.00
88.70
89.30
88.30
88.30
89.00
89.10
89.00
89.30
89.00
89.30
89.50
88.80
89.00
89.60
89.70
91.20
88.80
87.50
87.00
85.90
85.10
82.30
79.20
76.00
73.40
69.58
67.66
65.17
60.45
60.33
57.51
56.23
55.37
54.57
54.25
52.81
50.67
46.47
46.45
44.07
41.36
39.32
44.26
44.18
43.16
44.49
45.28
48.85
50.01
49.34
47.34
46.40
46.18
49.33
50.85
53.12
54.23
61.66
67.31
67.28
71.30
69.72
69.70
69.28
72.30
73.80
75.70
76.60
74.90
74.00
76.30
76.90
77.80
76.40
73.20
71.30
68.95
68.79
68.29
67.93
70.80
72.10
73.10
74.70
76.20
77.20
77.20
78.10
79.40
80.30
81.20
83.60
83.70
83.80
83.10
82.20
81.70
81.40
80.80
80.80
81.50
83.10
82.40
81.30
82.50
84.70
81.90
80.70
80.00
82.70
88.60
88.10
86.10
83.70
83.90
79.70
80.60
83.40
83.40
80.90
76.00
76.70
75.70
73.40
71.80
66.14
63.70
60.68
58.29
56.32
56.61
54.28
53.64
52.19
49.40
48.98
48.66
48.29
47.19
46.65
45.42
45.10
44.42
44.16
43.88
43.67
44.02
46.30
46.53
46.59
48.40
54.88
59.59
61.46
62.10
63.23
64.94
65.91
65.44
65.56
65.15
65.94
68.17
69.81
70.30
70.40
70.20
69.77
69.32
70.00
71.80
72.40
71.90
72.00
71.30
71.90
72.80
71.40
71.60
71.10
71.80
73.10
74.80
76.40
77.50
79.30
81.20
83.00
84.40
85.00
84.30
84.50
83.60
83.60
84.90
85.90
85.80
85.90
85.30
85.30
85.00
84.90
83.50
81.70
82.90
82.40
81.80
82.00
81.10
81.50
80.40
79.90
77.70
75.90
74.90
71.10
68.95
66.93
67.62
64.07
59.35
61.32
59.79
57.91
56.40
55.32
55.70
56.57
59.65
60.45
58.24
57.46
58.84
55.84
57.95
68.82
70.00
69.32
68.73
76.10
79.10
79.40
79.30
80.10
81.50
83.00
83.70
84.40
85.40
86.50
87.40
88.30
89.20
89.80
90.50
91.00
91.50
92.00
92.10
91.70
91.60
92.10
92.20
92.20
92.30
92.60
93.20
93.80
94.10
94.30
94.70
94.90
95.00
95.10
95.00
95.20
95.40
95.50
95.50
95.70
95.90
96.10
96.30
96.40
96.50
96.60
96.60
96.60
96.70
96.70
96.70
96.70
96.70
96.70
96.70
96.70
96.70
96.70
96.70
96.70
96.70
96.70
96.80
96.80
96.80
96.80
96.80
96.80
96.80
96.60
96.50
96.30
94.80
92.90
93.50
93.40
91.60
91.70
90.20
91.20
92.40
91.90
91.30
89.00
85.60
83.80
81.70
80.10
79.20
79.60
81.30
81.80
81.80
80.10
80.30
79.00
76.80
73.80
78.20
78.50
76.90
76.30
77.20
79.40
82.60
85.30
87.00
88.60
89.90
90.60
90.60
91.10
91.50
92.00
92.60
92.20
92.20
92.50
92.60
92.60
93.00
93.30
93.50
93.80
94.20
94.50
94.80
95.00
95.30
95.40
95.60
95.80
95.90
96.10
96.30
96.40
96.50
96.60
96.60
96.70
96.80
96.80
96.80
96.90
96.90
97.00
97.00
97.10
97.10
97.10
97.10
97.10
97.20
97.20
97.20
97.30
97.30
97.30
97.20
97.30
97.20
97.20
97.10
97.00
96.80
96.50
95.90
92.80
90.50
89.00
86.10
84.70
83.90
79.60
78.60
77.20
74.80
73.00
72.30
69.78
68.95
66.66
65.24
65.57
63.14
62.72
62.81
61.30
59.86
60.19
59.22
59.53
59.98
58.90
58.98
59.59
60.32
62.14
63.44
63.42
62.96
61.65
66.20
69.91
73.00
75.00
76.60
77.60
78.80
80.60
81.40
82.00
82.00
82.60
83.10
83.60
84.70
85.70
86.30
87.50
87.70
86.80
86.60
87.80
87.60
86.90
86.50
86.70
87.10
87.30
87.60
87.70
88.10
88.80
88.90
89.10
89.00
89.00
89.20
89.70
89.70
90.00
90.40
90.40
90.70
91.30
91.30
91.20
90.60
90.20
90.20
90.00
90.10
89.70
90.40
90.90
89.90
87.10
85.10
82.10
80.00
77.00
73.60
72.80
70.60
68.89
66.88
67.63
63.47
61.85
60.05
58.73
57.75
56.94
55.91
55.50
54.38
53.21
52.91
51.59
51.03
49.94
50.04
49.47
48.76
48.16
47.61
46.52
47.72
48.08
46.29
47.34
47.57
49.25
53.43
59.02
62.05
64.06
66.04
67.22
67.52
68.58
68.74
68.58
66.85
67.90
70.00
69.37
69.96
69.82
69.06
69.68
70.60
72.10
74.00
75.30
76.50
76.80
77.50
77.80
78.20
80.60
81.80
83.00
84.40
85.50
86.20
86.40
86.50
86.70
87.10
87.90
88.40
89.00
89.90
90.00
89.80
90.40
91.10
92.30
92.40
92.80
92.90
92.90
92.70
92.10
92.10
92.80
92.70
92.10
91.90
91.10
90.00
89.00
86.90
84.80
82.90
80.00
77.70
74.80
72.40
71.00
70.10
68.57
66.28
66.04
63.50
62.58
61.65
59.46
59.93
58.80
57.77
56.61
55.27
54.81
53.91
52.85
50.89
49.99
49.83
48.42
46.31
46.88
50.17
52.96
53.54
53.80
55.76
56.89
56.35
57.50
57.88
59.53
62.73
63.95
67.37
66.93
68.45
69.96
70.40
72.10
74.20
75.00
74.40
72.80
72.70
73.90
74.70
75.50
73.10
73.90
73.30
72.30
72.10
71.70
74.00
76.60
80.80
83.90
85.60
86.20
87.40
91.10
88.50
87.30
89.40
90.50
92.10
93.60
91.80
90.60
89.10
86.80
84.40
83.00
81.40
79.90
80.20
83.60
86.20
85.40
86.10
88.70
89.70
90.70
89.90
90.10
88.90
88.70
86.70
86.10
86.00
84.10
82.50
79.00
72.60
68.84
67.62
66.17
64.08
62.19
61.34
57.27
49.53
49.92
48.78
47.18
47.00
46.26
45.19
43.45
42.74
42.03
38.82
39.42
38.74
37.65
38.96
38.52
36.36
38.25
37.95
38.90
39.81
39.49
41.98
43.18
45.87
55.28
54.96
54.06
56.29
54.36
54.09
53.94
56.57
56.86
58.67
56.10
55.74
56.07
59.29
58.51
60.28
60.50
56.67
56.67
56.85
56.84
56.62
58.80
61.04
62.42
63.62
63.95
65.61
66.80
67.15
66.71
67.10
67.39
68.31
70.00
69.93
69.11
68.31
74.00
80.40
81.40
82.50
84.10
84.80
82.30
82.30
83.50
84.20
83.30
83.10
81.50
83.50
85.80
81.10
81.60
83.00
85.00
83.90
78.70
74.00
71.10
66.93
67.18
67.14
67.33
67.24
65.72
64.30
62.09
60.36
58.48
57.06
56.46
55.79
53.35
53.11
54.41
52.91
52.89
53.47
53.73
55.03
57.87
57.42
61.77
65.88
67.05
67.37
68.21
70.30
70.50
70.20
72.40
71.60
71.70
73.20
74.80
76.50
76.90
77.80
79.10
79.50
79.30
77.30
77.00
77.10
77.80
78.80
79.50
80.40
81.30
81.30
81.90
83.10
83.70
83.40
82.80
82.10
81.20
81.00
80.30
79.80
78.80
78.20
78.50
79.80
81.40
82.20
82.90
84.00
85.00
85.80
86.00
85.70
86.40
86.90
87.10
87.10
87.20
86.70
86.70
86.70
85.60
85.50
84.90
84.60
83.50
83.00
81.80
81.90
82.90
82.60
82.40
79.60
76.50
75.40
75.00
72.60
70.70
69.82
68.62
67.63
67.88
67.33
66.24
66.06
65.16
64.15
62.78
61.44
60.53
59.03
57.73
56.42
55.28
54.06
53.44
53.43
52.95
52.14
50.84
50.69
52.14
51.59
51.58
51.02
51.47
52.69
53.85
55.07
57.20
60.05
62.60
62.89
64.27
63.88
66.08
67.07
69.86
70.80
76.60
77.20
77.80
77.80
79.00
79.50
80.80
81.60
83.00
83.50
84.00
84.20
84.70
84.20
84.40
84.20
84.50
85.30