94.00
94.60
95.00
95.20
95.40
95.40
95.00
94.80
94.70
94.60
94.00
93.40
92.50
91.90
91.20
90.90
91.50
92.00
91.80
91.80
91.80
92.10
92.20
92.20
92.10
91.30
91.00
91.60
91.00
90.60
89.90
89.90
88.80
88.90
87.60
87.00
85.80
83.80
81.90
81.10
79.80
79.60
79.70
77.70
76.80
77.70
77.90
76.70
77.80
76.30
78.60
78.50
77.60
77.70
78.00
77.80
78.60
77.80
76.90
74.80
74.10
74.60
72.50
72.60
73.50
74.80
74.50
74.00
74.20
74.40
75.50
76.90
78.90
80.70
82.90
83.90
84.60
85.20
86.70
87.30
88.40
89.10
88.70
88.30
88.30
89.50
91.30
92.00
92.40
92.90
93.00
92.80
92.00
91.80
92.30
93.00
92.90
93.10
92.60
92.00
92.80
93.40
93.20
93.50
92.90
93.40
93.70
93.40
93.30
94.00
94.70
95.00
95.10
95.30
95.40
94.80
92.90
92.30
92.60
92.90
93.70
94.00
94.20
94.80
94.80
94.90
94.70
93.90
93.70
92.40
90.80
88.60
87.80
86.70
85.90
83.40
80.30
78.10
77.80
78.80
75.90
73.10
71.60
71.90
73.20
72.10
67.56
68.26
70.00
69.18
67.37
68.13
74.40
79.20
79.60
78.80
77.30
77.20
84.00
84.30
79.90
75.40
77.70
80.20
79.80
76.50
74.70
77.30
81.00
84.00
85.70
87.50
86.80
87.50
89.30
89.70
90.40
91.00
90.50
89.00
87.80
86.70
85.30
86.10
86.20
86.90
87.20
87.20
87.10
88.10
88.80
89.70
90.50
90.20
90.40
89.70
89.70
89.30
90.00
89.90
90.20
90.40
90.10
90.30
89.80
90.30
89.90
89.90
89.90
90.00
89.50
90.50
89.60
89.70
90.00
90.00
90.30
90.50
89.70
88.20
86.90
84.40
84.30
82.60
81.70
82.20
83.10
83.00
81.70
81.50
79.40
77.80
76.30
73.70
71.10
71.00
70.10
69.05
68.11
66.78
67.44
65.79
65.62
65.48
64.88
65.43
64.58
62.86
64.57
65.53
63.00
63.46
63.55
64.61
64.89
64.94
64.45
64.17
59.84
61.45
61.85
63.66
66.04
67.52
70.10
70.80
69.14
67.66
67.53
68.00
69.37
75.70
81.40
79.60
77.10
79.60
83.90
86.60
84.90
88.20
87.50
87.90
87.80
88.50
88.40
88.20
86.90
86.00
87.30
87.20
87.00
85.30
86.10
87.10
87.00
86.70
86.80
87.50
89.00
89.90
90.10
90.20
90.30
91.00
91.10
90.10
88.60
89.40
90.30
90.80
91.00
91.40
91.40
91.30
91.50
91.30
90.80
88.90
88.00
86.80
85.70
84.30
82.30
80.70
79.90
78.50
78.10
75.90
75.00
73.80
74.00
72.40
72.10
71.70
70.50
67.89
69.32
67.91
68.09
67.16
67.75
67.82
64.88
66.10
65.67
66.57
64.00
65.15
61.74
68.66
74.80
76.40
77.10
78.50
74.80
71.80
71.10
70.60
71.80
74.00
73.40
76.80
78.40
77.60
76.70
78.00
79.70
86.50
86.50
87.50
87.30
88.00
89.90
92.30
93.10
89.50
88.50
89.00
89.40
89.60
89.60
90.30
92.10
92.90
93.00
92.80
91.50
89.90
90.80
91.10
91.90
92.10
92.40
91.90
89.60
88.00
89.00
89.00
88.60
89.90
89.60
89.00
89.30
89.30
88.70
90.60
91.60
91.60
91.40
90.70
89.20
89.50
88.70
86.00
89.20
88.50
86.20
84.50
81.80
77.60
77.00
76.50
76.70
74.50
72.90
69.05
71.50
71.60
70.70
70.20
68.00
72.80
83.80
82.80
82.40
81.10
81.50
78.00
75.50
80.30
83.60
85.50
85.00
86.40
87.20
86.10
85.20
84.30
85.40
86.80
88.00
89.70
91.50
91.90
91.20
91.90
90.60
91.20
91.40
90.80
91.00
89.40
89.80
90.00
88.80
87.60
89.40
90.40
91.50
92.20
92.60
93.00
93.20
93.70
93.10
93.30
93.00
93.30
93.70
93.90
93.70
93.10
93.40
92.90
91.50
92.20
92.90
92.40
91.90
92.50
92.70
92.50
93.00
92.80
92.50
92.00
92.30
92.20
92.30
92.60
92.80
93.00
92.80
93.10
92.70
92.60
92.00
90.60
89.20
87.70
86.60
86.10
84.80
84.10
81.80
82.30
79.70
79.30
79.70
76.20
77.00
76.00
76.00
74.90
74.20
75.60
74.70
73.30
69.96
70.40
69.42
68.79
70.10
66.26
70.10
73.90
74.30
73.60
73.20
75.60
67.91
65.90
75.10
68.10
67.02
65.92
65.56
66.09
64.70
79.10
85.50
87.60
81.10
83.20
81.30
77.00
66.08
61.94
65.14
63.28
74.40
75.80
68.56
68.48
74.90
86.10
88.70
89.00
89.40
83.30
87.30
70.20
74.60
69.18
85.00
75.90
82.60
93.40
92.80
86.80
90.80
90.40
90.80
91.40
87.70
89.80
92.70
93.80
94.10
93.90
94.20
94.60
94.70
93.80
92.30
91.50
91.80
91.60
92.60
93.20
93.70
93.60
92.80
91.80
90.20
88.80
85.90
84.00
81.50
74.50
74.60
69.75
68.11
69.03
68.00
66.10
65.80
64.83
64.28
62.07
59.61
59.55
56.49
54.73
54.88
53.06
52.13
55.77
59.52
60.19
60.44
60.48
61.69
63.93
56.99
47.71
49.30
52.19
51.36
50.34
51.89
51.72
52.66
55.39
55.95
54.06
55.33
56.99
58.80
61.66
62.02
61.92
64.73
62.71
62.12
62.81
65.01
64.41
66.62
68.87
70.10
74.80
75.40
77.60
75.90
74.30
74.10
70.70
71.00
72.30
70.80
71.30
71.00
73.10
75.60
75.50
73.90
73.50
74.00
75.40
74.40
75.70
81.10
81.00
80.90
82.60
82.20
84.40
87.90
84.80
83.10
82.90
79.00
81.80
84.80
84.20
85.00
84.70
84.40
80.00
74.10
74.00
70.50
68.83
66.85
63.39
62.36
61.32
61.35
59.59
58.25
57.59
57.11
56.52
55.07
49.83
50.94
49.06
44.27
36.16
37.63
42.66
45.76
45.74
48.20
47.17
47.21
46.83
46.57
44.91
44.41
43.77
43.52
44.87
44.75
45.85
46.16
46.48
46.79
45.92
46.98
47.70
48.89
51.59
54.12
56.31
59.08
60.24
60.93
63.05
64.23
64.59
67.00
68.72
70.00
70.10
68.90
70.70
72.80
73.10
74.00
74.50
74.20
73.70
72.40
72.10
71.90
73.70
75.50
78.00
77.10
74.30
73.30
73.30
77.90
81.70
83.40
86.50
89.20
88.40
82.70
82.50
86.70
91.20
92.10
92.70
93.30
94.10
94.10
92.50
91.80
92.50
93.70
94.00
94.10
92.40
90.60
88.20
81.40
80.30
81.30
79.90
77.90
75.70
73.20
71.40
69.43
68.18
65.61
64.18
62.10
58.37
59.32
60.35
58.23
55.70
56.38
57.39
58.26
56.93
56.42
54.14
52.77
52.23
52.49
51.86
49.77
46.02
46.10
47.33
45.45
46.02
46.56
45.03
46.64
49.03
51.74
53.37
54.42
56.52
57.51
59.69
62.37
66.65
65.60
67.03
70.60
71.00
69.89
67.17
68.24
68.64
68.27
66.93
69.40
71.90
70.90
72.00
69.74
63.80
64.53
62.27
67.19
70.50
71.10
81.70
85.60
87.50
88.90
90.60
89.70
89.70
88.30
88.20
88.90
89.20
90.50
91.80
91.70
90.30
90.10
90.10
89.70
88.80
89.00
90.50
91.90
91.40
92.00
91.70
90.40
85.80
82.20
78.20
76.30
75.00
74.00
74.30
74.60
74.00
73.00
70.20
68.90
66.54
63.92
63.95
62.37
62.07
59.81
57.25
56.91
57.77
57.56
56.00
54.09
52.43
49.49
48.42
48.71
49.00
48.96
48.36
49.66
50.23
47.44
47.37
49.60
50.37
51.07
51.23
52.39
54.41
56.35
57.41
58.99
62.53
66.02
66.21
66.95
67.61
68.15
67.48
66.43
68.69
70.90
71.90
72.00
71.80
70.90
73.10
76.10
74.50
75.90
78.20
77.80
78.40
79.20
82.00
82.80
84.40
84.80
84.60
86.30
84.90
84.40
85.10
84.40
84.30
84.80
85.60
84.40
85.80
87.00
87.30
87.60
89.10
89.70
86.40
85.70
90.00
92.70
92.60
92.90
90.70
92.40
92.60
91.10
89.00
85.90
83.10
78.70
79.70
77.60
77.60
76.80
76.10
74.80
73.70
72.90
72.40
71.00
68.04
67.99
68.86
66.19
61.66
62.24
59.38
55.85
56.39
57.47
56.68
55.22
54.27
52.45
50.23
51.00
47.96
49.30
49.37
57.80
63.08
63.45
65.20
67.18
68.32
72.80
72.90
72.60
72.50
75.10
75.30
75.00
76.10
76.70
78.10
78.40
79.60
81.30
82.60
84.00
84.50
84.70
86.20
86.90
86.70
85.50
84.40
81.10
80.70
81.80
83.00
83.90
85.10
85.30
85.80
85.80
86.60
86.70
87.40
88.00
87.60
88.20
88.80
89.40
90.20
91.20
91.30
90.60
90.60
91.50
92.30
92.70
93.00
93.10
93.20
91.90
90.80
89.70
88.70
88.10
89.50
89.90
88.60
86.00
83.50
80.60
78.00
74.40
71.70
73.20
73.60
71.80
70.40
68.67
67.85
66.51
67.47
70.10
69.80
67.65
66.20
66.65
65.94
64.32
64.47
65.48
65.35
62.55
62.81
64.16
63.67
66.06
72.80
78.60
77.20
76.90
77.30
77.00
76.30
73.10
72.10
73.10
72.30
72.20
75.50
79.20
79.80
76.50
82.80
89.20
85.20
89.40
86.90
90.80
92.70
91.10
89.50
88.00
86.90
87.70
90.00
92.50
92.90
93.40
93.80
94.20
93.00
90.80
91.10
92.80
93.50
92.90
91.40
90.20
92.10
92.00
91.40
91.10
88.90
89.60
89.20
89.30
89.30
89.70
89.90
90.80
90.50
89.70
89.90
90.10
90.60
89.80
89.60
90.00
89.10
87.60
87.40
86.70
86.60
86.00
85.60
82.10
78.10
76.70
75.20
75.50
75.40
74.40
73.70
72.20
69.94
68.50
67.17
66.53
65.33
63.91
61.74
61.58
61.06
61.00
57.92
57.20
57.51
56.98
56.52
58.13
58.68
59.12
59.52
59.69
59.74
60.96
61.99
62.50
63.12
63.50
62.28
64.05
66.11
67.87
69.01
69.12
71.40
69.87
70.20
72.90
74.40
75.20
73.20
72.00
72.50
73.60
73.40
74.20
76.00
79.50
82.00
83.60
85.40
83.40
83.60
80.80
82.60
81.70
82.80
81.90
82.70
83.20
82.80
82.80
84.10
83.90
84.20
84.50
83.00
83.20
84.00
84.90
85.20
84.50
83.70
83.40
83.60
83.40
83.00
83.40
83.90
84.10
84.90
86.00
85.50
84.80
85.30
84.40
83.10
81.90
80.00
76.90
75.80
75.40
75.40
73.20
73.00
73.80
74.50
75.00
73.20
70.40
70.50
69.11
67.77
66.96
66.82
67.54
68.86
84.10
84.90
86.60
87.30
87.70
88.40
89.20
87.20
80.00
79.90
86.60
85.40
86.10
84.10
81.60
80.50
76.80
75.10
74.30
72.60
71.00
73.60
79.00
79.60
81.30
84.80
87.30
88.50
87.50
87.70
88.00
88.00
87.90
86.70
83.10
80.50
79.90
80.60
82.20
83.60
84.20
85.90
87.10
86.60
86.40
86.10
86.60
86.10
87.00
87.40
87.60
87.70
86.80
86.40
86.10
86.00
86.30
84.90
84.00
84.70
85.40
85.90
85.30
85.00
85.30
86.30
86.60
85.50
84.50
85.20
86.40
87.20
85.10
84.40
85.30
85.80
86.40
83.90
82.30
79.70
76.50
75.30
75.20
74.00
74.10
73.00
72.20
70.40
68.69
68.27
67.31
67.53
67.40
67.79
67.00
67.91
68.19
66.71
66.17
64.90
64.83
62.60
61.61
61.44
61.96
58.47
57.38
55.54
57.81
60.14
64.58
67.37
74.70
79.80
83.00
84.50
85.20
85.00
84.60
86.60
87.70
87.30
87.80
87.70
86.50
85.60
85.30
86.00
87.50
88.00
88.00
88.40
88.00
87.80
86.90
85.30
85.40
90.20
92.50
92.20
91.40
90.90
92.60
93.30
94.10
94.40
93.30
93.20
94.10
94.40
94.20
94.60
94.90
95.10
95.20
95.20
95.00
95.20
95.30
95.30
95.20
95.00
95.10
94.60
94.70
94.60
94.00
93.80
94.10
93.30
93.40
93.30
92.90
92.40
91.90
92.30
92.00
90.60
89.60
87.20
86.20
84.70
84.10
82.60
81.90
81.10
82.90
81.50
79.70
76.20
74.10
74.80
75.00
75.90
74.60
72.60
73.40
74.00
72.10
70.70
68.82
66.74
67.37
66.13
68.71
68.98
68.51
69.88
70.90
70.10
69.15
69.56
70.20
72.10
74.60
75.20
77.10
78.60
79.00
83.30
85.00
83.60
83.40
81.70
83.10
84.70
87.00
86.90
85.40
86.10
85.70
87.30
88.40
88.00
90.40
90.10
88.30
87.40
88.00
86.40
87.90
88.40
89.60
91.20
92.60
92.10
92.10
91.70
92.80
93.60
94.00
94.10
93.40
93.70
93.70
94.20
94.40
94.70
94.70
94.20
93.90
94.30
94.50
94.70
94.80
94.70
93.70
90.90
83.10
82.60
80.90
78.50
74.40
73.90
71.90
68.53
68.86
67.79
67.55
66.17
67.04
63.84
64.10
65.37
64.79
64.62
63.86
65.34
64.65
64.49
63.18
64.11
64.14
63.10
61.16
60.84
57.97
56.68
59.48
62.09
60.02
57.60
56.55
56.61
57.70
57.23
55.01
54.50
54.24
54.84
52.93
56.71
58.35
60.51
63.91
64.19
66.01
68.30
66.09
64.96
75.70
85.80
85.10
82.30
80.30
81.00
79.70
83.10
84.80
87.00
88.20
88.20
87.40
87.60
92.40
93.20
93.80
94.10
94.00
94.00
93.20
92.60
94.00
95.10
95.30
95.00
94.80
94.90
95.00
95.00
94.80
94.70
94.80
89.90
87.70
90.60
91.60
91.50
90.50
90.50
90.10
90.00
90.10
88.60
85.70
84.30
82.40
80.30
76.50
73.50
74.90
70.80
66.46
66.62
68.41
69.49
65.46
65.82
66.25
66.62
65.98
65.43
65.39
64.60
64.49
61.92
57.55
56.25
56.03
54.52
53.99
54.39
53.31
53.69
52.88
53.21
53.59
50.20
50.15
50.21
52.14
53.55
53.86
57.98
59.67
59.94
61.40
64.42
66.97
69.91
68.43
68.17
69.56
67.25
69.19
66.06
66.56
69.48
71.40
68.63
73.70
77.90
77.70
78.70
80.20
79.20
77.40
79.50
80.80
84.10
85.30
86.70
87.60
88.40
89.60
87.90
88.70
92.20
91.70
87.50
83.40
84.30
86.20
87.10
89.20
90.70
89.30
89.00
87.60
87.90
85.30
85.30
85.90
86.60
87.80
88.40
88.40
88.60
85.80
83.70
82.30
80.50
78.50
79.50
77.90
75.30
74.50
72.90
72.00
71.10
69.38
68.56
67.27
65.76
64.23
62.79
62.17
63.60
63.28
62.75
59.85
59.15
57.71
58.65
56.95
55.44
55.96
55.93
54.86
54.56
53.79
52.46
49.89
48.70
50.44
51.48
54.09
55.61
57.28
56.61
59.11
60.86
63.83
66.86
66.09
67.22
68.33
68.24
69.40
69.50
70.20
71.70
69.40
71.40
72.20
72.70
75.30
69.42
66.48
71.00
83.00
77.90
77.10
78.10
79.50
81.30
83.20
83.60
85.20
84.00
84.90
85.20
86.30
87.50
88.20
89.40
89.60
87.50
86.90
86.80
87.00
87.30
88.70
89.40
89.50
89.70
88.90
88.00
90.10
90.90
91.50
91.60
91.20
89.60
88.40
87.00
84.60
80.70
79.00
77.50
77.90
77.40
74.90
74.70
70.60
70.40
70.80
69.34
69.08
67.66
66.67
66.83
66.64
66.39
65.30
65.26
64.73
61.41
60.06
60.58
62.94
66.26
66.54
67.84
72.60
76.40
82.00
81.00
81.60
79.10
78.80
76.30
80.00
81.40
83.40
83.70
82.50
83.10
85.40
85.00
85.50
86.60
89.40
90.20
89.80
90.00
89.60
89.70
87.50
85.50
86.50
89.30
91.60
90.40
90.10
90.40
91.80
92.00
92.50
92.10
92.00
92.40
92.50
91.00
90.70
90.70
90.90
90.00
89.70
90.10
90.20
89.20
88.10
88.40
89.20
89.70
90.50
90.20
90.30
91.40
92.10
92.40
91.90
91.80
91.30
90.70
90.50
89.40
89.40
88.90
89.00
88.70
86.70
85.90
84.30
82.50
78.70
80.10
79.10
79.60
76.10
75.10
76.20
75.70
75.70
77.00
75.30
72.30
71.00
68.93
66.85
64.27
62.91
62.07
62.15
62.02
62.60
62.66
62.88
63.45
63.27
63.09
68.64
68.13
64.99
65.36
75.20
85.50
88.50
87.20
84.80
84.20
82.10
83.20
85.90
86.80
86.80
86.20
88.00
88.30
89.70
91.60
92.60
91.10
89.10
87.80
87.00
86.30
85.70
86.10
85.90
85.50
86.10
87.10
87.10
86.40
86.00
86.30
86.70
87.00
87.00
87.00
87.80
88.20
88.10
88.90
88.60
87.70
87.30
87.10
88.50
88.90
89.10
89.10
89.20
89.10
88.10
87.10
87.00
87.20
87.80
87.70
87.50
87.40
87.90
88.00
86.70
85.30
84.60
83.40
81.80
80.40
78.80
76.10
73.10
72.70
71.70
70.80
70.10
67.73
67.10
66.25
64.80
62.64
62.25
63.38
61.68
59.08
60.74
57.75
57.18
59.47
59.93
56.70
56.10
59.55
75.00
67.57
62.44
61.23
57.87
56.58
56.23
56.68
55.65
57.04
59.21
61.38
63.79
63.40
64.68
73.80
75.70
75.50
79.70
76.30
81.90
81.50
79.90
80.00
81.10
80.90
79.10
78.30
79.40
78.90
79.30
80.90
82.10
80.90
79.40
79.40
78.60
78.80
79.60
79.30
79.60
80.60
82.30
83.70
84.50
85.10
85.20
85.40
85.70
85.70
86.30
86.80
87.20
87.30
87.40
87.30
87.50
86.80
86.20
86.10
86.30
86.80
87.10
86.80
87.40
87.60
88.60
88.30
87.90
87.50
85.50
84.60
84.50
84.40
83.50
81.00
79.20
78.90
79.80
79.80
79.30
78.00
78.00
78.20
77.60
77.60
76.50
73.00
73.20
75.30
73.80
72.20
71.90
71.20
71.70
71.60
69.32
69.49
68.42
67.19
67.39
68.03
71.50
70.80
68.94
71.50
84.50
88.70
89.20
89.90
90.70
91.40
92.60
94.10
94.10
94.30
94.10
92.20
92.30
92.80
94.00
93.30
92.10
92.60
92.80
90.30
88.00
88.20
89.20
88.90
88.80
89.10
89.10
89.60
90.00
90.00
89.00
90.00
90.00
89.90
90.50
87.90
88.00
87.40
85.80
88.60
90.20
90.40
90.30
90.90
91.20
91.80
91.80
91.60
92.00
90.90
90.70
90.10
90.40
90.80
90.70
91.30
92.40
92.00
90.90
91.50
90.00
89.00
87.10
84.40
83.00
81.70
82.20
81.90
82.10
81.00
80.30
79.30
79.30
77.10
76.60
75.90
75.80
72.60
73.00
73.70
74.50
75.30
76.30
76.60
79.70
83.20
79.50
79.90
86.20
88.50
88.80
86.90
84.20
84.20
82.40
80.70
83.30
86.30
87.10
85.50
86.10
88.40
89.30
91.60
92.40
91.80
92.40
91.90
93.10
93.00
93.10
93.60
93.70
93.80
93.30
93.80
93.70
94.30
94.50
94.80
95.00
94.90
94.70
94.30
93.90
92.10
91.00
91.50
90.60
91.40
92.20
92.00
92.40
93.00
93.30
93.80
94.20
94.40
94.60
94.70
94.80
94.80
94.90
95.10
95.10
94.90
94.60
94.90
95.10
95.30
95.30
95.20
94.40
92.80
89.40
87.40
84.90
83.10
81.90
80.80
79.10
79.70
77.50
76.40
77.20
75.00
75.10
71.30
70.60
68.56
70.70
69.43
65.77
67.86
67.67
64.58
67.56
68.30
67.81
69.45
74.50
77.50
79.40
81.50
87.40
86.10
87.10
89.70
90.00
88.80
85.50
85.80
84.50
82.50
82.40
85.20
85.10
86.10
87.30
86.00
86.90
88.90
87.10
84.20
87.20
89.10
93.00
92.40
93.40
92.90
93.80
94.20
92.60
93.20
94.40
95.00
95.10
94.90
94.70
94.90
95.10
95.20
95.30
95.40
95.30
95.10
95.20
95.20
95.40
95.30
94.80
94.70
94.20
94.30
93.90
92.70
92.60
91.70
93.40
92.20
93.00
92.40
92.90
92.70
92.90
94.10
94.20
94.10
94.40
94.40
94.30
93.50
93.20
93.10
93.50
92.80
93.80
93.90
93.00
91.10
92.00
92.10
91.60
91.60
91.00
89.60
89.50
88.90
88.70
88.10
86.50
87.10
84.50
82.60
78.80
77.00
72.40
69.88
71.30
70.50
69.57
68.15
68.15
66.08
65.28
64.70
67.13
68.53
67.06
65.50
68.07
70.20
70.30
69.85
77.00
80.20
79.80
81.60
85.10
88.10
87.90
89.00
89.00
89.50
88.10
89.60
87.90
88.60
89.20
89.70
90.30
91.60
93.30
94.50
94.20
93.20
93.10
93.10
93.30
94.20
94.70
94.90
94.70
94.40
93.50
93.50
94.00
93.60
92.90
91.30
89.60
89.90
89.80
89.20
87.50
86.20
87.60
88.50
89.40
89.50
89.30
89.60
90.00
90.30
90.50
90.20
89.10
90.10
89.00
87.20
86.50
86.10
85.00
84.50
83.60
83.40
81.40
82.70
83.20
82.00
83.20
83.00
83.00
85.60
86.50
90.30
93.50
94.40
95.00
95.30
95.50
95.80
95.90
95.90
96.00
96.10
96.10
96.10
96.10
96.10
94.10
93.20
94.30
92.50
93.00
93.10
93.50
94.20
94.30
94.10
94.60
94.70
94.60
94.70
94.70
95.00
95.30
95.70
95.80
95.90
96.00
96.00
95.90
95.80
95.80
95.70
95.30
95.20
95.30
95.60
95.90
96.00
96.00
95.90
95.80
95.90
95.90
95.80
95.70
95.70
95.80
95.90
95.90
96.00
95.90
95.80
95.50
95.00
94.90
95.00
95.10
95.20
94.90
95.00
94.90
94.90
95.20
95.50
95.60
95.60
95.60
95.30
94.50
93.60
91.30
88.80
88.50
89.30
89.60
86.80
83.80
80.70
79.50
79.60
79.10
77.00
77.00
76.50
74.10
75.50
75.70
73.30
78.40
77.10
79.20
87.90
92.80
88.90
88.20
91.60
90.00
84.90
77.20
76.70
77.30
75.00
72.20
68.79
67.06
63.77
63.23
65.08
63.57
65.25
70.90
73.10
73.80
72.90
78.80
83.30
83.00
83.60
85.10
86.90
88.70
89.50
91.30
91.80
91.50
90.80
90.20
90.60
92.00
92.30
92.50
92.90
92.70
92.80
93.30
93.80
93.20
93.40
93.50
93.60
93.70
93.40
93.70
93.30
92.10
90.90
89.60
89.70
89.20
89.60
90.50
90.80
90.80
90.80
91.00
91.80
92.10
92.40
92.60
92.20
92.60
91.80
91.60
91.20
90.40
89.10
87.40
86.50
86.00
85.70
85.20
84.10
83.00
82.40
82.20
81.80
81.80
80.00
78.10
76.00
75.50
75.60
75.50
74.30
74.80
73.70
71.10
69.34
69.70
74.30
79.90
82.30
76.90
74.70
71.20
68.44
68.54
69.71
70.10
69.15
71.00
74.10
76.90
80.80
84.30
89.90
91.40
92.70
93.40
91.70
92.00
92.60
92.80
94.00
94.30
94.20
93.80
94.30
94.90
95.20
95.70
95.70
95.40
95.10
94.90
94.60
94.80
95.10
95.00
94.70
94.90
94.40
94.30
94.30
94.40
94.70
94.50
94.40
94.50
94.60
94.70
94.50
94.20
94.00
93.60
93.50
93.50
93.60
94.20
94.50
94.80
94.00
93.30
92.90
93.80
94.60
93.80
93.60
92.70
91.50
90.80
88.90
88.90
87.70
86.00
85.60
85.70
83.80
83.30
82.40
82.30
81.60
81.30
81.70
80.30
79.20
78.80
77.40
76.70
75.30
75.40
77.30
78.70
83.50
86.30
87.80
85.00
88.40
89.80
91.80
91.60
91.70
92.10
92.30
91.20
91.70
92.10
93.00
93.60
93.30
93.10
93.10
93.50
93.80
94.20
94.70
94.90
95.10
95.30
95.30
95.30
95.20
95.10
95.20
95.10
94.60
94.50
94.60
93.70
93.90
94.50
94.50
94.50
94.60
94.90
94.50
93.60
93.30
93.70
94.50
94.70
94.90
95.40
95.50
95.60
95.80
95.90
96.00
96.20
96.20
96.20
96.10
96.00
96.00
95.90
95.90
96.00
96.10
96.10
96.10
96.10
96.10
96.00
95.90
95.80
95.70
95.70
95.60
95.30
94.30
92.30
92.10
91.80
92.00
90.00
89.00
87.00
85.30
81.60
78.80
76.90
75.60
74.50
78.80
76.80
78.00
80.60
77.40
80.60
80.00
78.20
72.30
68.64
67.79
67.70
67.15
67.67
68.82
68.98
69.40
70.60
73.70
75.90
77.00
78.40
80.70
82.10
81.00
83.10
85.50
85.50
86.20
88.00
88.90
89.70
90.90
91.10
91.10
90.80
90.40
90.90
90.30
91.50
92.40
93.50
94.10
94.10
94.20
93.70
94.50
94.90
95.10
95.10
95.20