93.20
93.10
92.20
92.90
93.20
92.60
92.10
91.40
90.60
91.30
90.90
88.10
86.90
88.50
88.80
90.20
90.20
91.00
91.10
92.40
93.30
93.80
93.60
93.20
93.30
93.80
94.10
94.10
92.90
90.70
88.80
86.80
86.60
84.70
81.60
79.80
78.10
76.90
74.80
73.20
73.00
73.30
72.90
73.80
72.70
70.40
67.48
65.04
64.21
62.20
66.40
66.45
64.63
64.20
61.87
63.13
62.95
64.32
69.27
61.23
57.94
57.08
57.78
57.97
61.67
63.66
61.47
59.62
60.74
61.72
61.59
63.52
66.66
67.81
66.55
65.45
65.23
69.75
78.60
79.00
78.90
76.80
76.40
77.70
76.10
73.40
87.80
93.20
93.80
93.50
94.00
93.80
94.10
94.40
94.50
94.60
94.70
94.70
94.70
94.80
94.80
94.80
94.90
94.90
94.90
94.90
95.00
95.00
95.00
95.00
95.00
95.00
95.00
95.00
94.90
94.80
94.80
94.80
94.90
94.90
94.90
94.90
94.90
95.00
95.00
95.00
95.00
94.80
94.80
94.60
94.40
94.00
92.60
89.90
87.90
87.50
85.30
83.40
82.40
80.70
80.50
79.10
79.10
79.70
79.20
78.10
78.40
79.90
78.30
73.60
73.00
72.00
69.18
68.40
67.66
63.12
60.79
59.21
59.84
62.61
64.99
65.96
66.44
68.17
74.80
80.00
82.70
84.80
85.10
86.90
88.00
89.00
89.80
89.60
89.10
88.50
89.50
90.50
91.30
91.90
92.20
91.90
91.50
91.70
92.20
92.70
93.10
93.10
93.00
93.20
93.20
93.40
93.10
92.30
92.10
91.00
91.30
92.30
92.80
93.30
93.40
93.40
93.40
93.60
93.80
93.80
94.20
94.50
94.70
94.80
94.90
94.90
95.00
95.10
95.00
95.10
95.10
95.20
95.20
95.10
95.20
94.90
94.70
93.90
92.40
89.50
84.10
82.10
79.60
79.50
76.60
74.80
73.70
74.90
75.80
74.40
74.20
73.40
72.60
72.70
71.50
69.94
70.20
68.16
68.53
70.30
70.80
74.20
81.60
82.60
81.30
82.60
86.70
87.20
88.60
89.60
90.20
90.80
90.80
91.00
91.70
91.90
92.40
92.10
92.30
92.60
93.00
93.20
93.50
93.70
93.90
94.00
94.20
94.40
94.60
94.60
94.60
94.60
94.60
94.50
94.40
94.30
93.80
93.30
92.50
92.20
92.70
92.20
92.50
92.80
92.40
92.40
92.20
92.70
93.30
93.70
93.90
93.80
93.50
93.40
93.20
92.40
92.40
92.70
91.50
91.40
92.10
91.70
90.80
89.90
90.10
90.70
91.20
91.60
92.10
91.70
88.50
86.90
85.10
83.30
81.00
80.60
79.00
77.50
76.80
75.80
74.10
73.80
73.00
72.20
71.80
70.70
68.36
66.70
67.54
68.84
69.34
69.38
68.29
67.72
67.22
66.13
65.22
63.67
63.67
62.49
66.70
82.60
84.60
90.10
92.40
91.70
92.20
92.70
93.50
93.80
94.00
94.20
94.40
94.50
94.50
94.40
94.40
94.30
94.50
94.50
94.60
94.60
94.50
94.50
94.50
94.60
94.70
94.80
94.70
94.70
94.70
94.10
90.90
91.30
92.20
92.90
93.60
94.10
94.30
94.60
94.70
94.70
94.80
94.80
94.80
94.70
94.50
94.30
94.10
93.80
93.90
94.10
94.10
94.00
94.20
94.40
94.50
94.60
94.60
94.50
94.50
94.60
94.70
94.80
94.80
94.90
94.90
94.90
94.80
94.10
89.70
85.40
82.30
81.70
80.20
79.20
77.10
75.30
74.70
74.30
72.50
72.90
68.77
69.52
71.50
71.10
68.53
67.59
66.29
65.13
65.91
65.98
66.82
66.51
66.42
65.93
64.31
63.55
63.74
64.62
68.14
73.80
75.50
78.10
79.30
87.80
88.50
89.10
86.80
86.70
87.40
88.00
87.70
88.20
89.20
89.30
89.40
90.10
91.10
91.30
90.80
88.80
88.50
89.10
89.30
89.90
90.60
91.20
91.70
92.90
93.40
93.60
94.00
94.30
94.40
94.50
94.40
94.20
94.10
94.00
93.60
93.50
93.20
91.40
91.00
90.00
90.50
91.60
92.90
93.70
94.00
94.10
94.30
94.50
94.20
94.00
94.00
94.20
94.30
94.60
94.70
94.90
94.70
94.80
92.60
90.30
85.50
81.60
82.00
80.60
80.80
78.30
76.50
74.50
72.80
72.40
73.20
74.00
73.10
75.20
72.80
71.80
68.13
68.11
65.52
65.53
69.29
67.71
64.89
67.92
69.70
67.38
63.64
64.37
62.77
62.51
70.70
72.00
74.80
76.40
77.60
78.60
80.90
81.90
83.50
85.10
86.60
87.10
87.10
87.50
88.00
88.40
89.90
90.40
89.00
89.40
87.80
86.10
86.80
87.80
89.70
90.70
91.40
91.50
91.80
88.60
88.50
90.00
91.70
92.00
91.30
92.00
93.10
93.50
93.60
93.90
94.10
94.20
94.30
94.40
94.50
94.60
94.60
94.70
94.70
94.70
94.70
94.80
94.80
94.90
94.80
94.80
94.90
94.90
94.90
95.00
95.00
94.90
94.70
93.80
90.00
86.70
84.30
80.20
79.70
78.20
77.20
75.90
76.20
75.40
72.80
71.80
70.60
68.78
67.57
63.97
63.85
63.98
64.62
62.43
62.07
61.69
59.30
60.79
64.08
65.19
70.10
77.60
79.40
77.40
77.80
77.40
77.80
78.60
79.10
79.30
79.30
78.80
81.40
83.00
83.20
82.20
83.50
85.20
86.80
88.20
89.60
90.10
90.70
91.30
86.80
82.60
82.60
85.00
86.30
86.30
87.10
87.40
87.50
86.50
86.30
86.60
87.90
88.10
89.40
90.50
90.50
89.60
90.00
87.20
85.30
89.40
91.10
90.50
91.20
92.70
92.70
92.90
93.20
92.20
91.70
92.90
93.30
92.70
91.20
91.30
91.90
92.30
92.80
92.70
93.20
93.60
93.40
93.20
93.00
92.90
92.00
91.80
91.30
89.70
88.10
87.40
86.20
84.50
83.10
81.20
80.10
77.60
75.90
75.10
73.90
73.20
72.70
72.20
71.60
71.80
69.20
68.62
67.90
70.10
71.00
69.57
67.97
68.46
67.06
68.42
67.31
67.98
68.71
66.78
65.91
67.90
69.22
70.20
72.00
73.20
74.50
76.30
78.90
80.80
81.90
79.10
72.80
76.30
71.60
75.30
78.30
83.70
85.50
84.30
85.20
88.30
87.60
88.20
89.40
88.30
89.00
90.90
91.20
91.10
92.10
92.70
92.80
90.20
89.30
91.10
92.10
93.00
93.70
93.70
92.30
92.20
92.30
92.30
92.20
92.30
92.90
93.40
93.70
94.10
94.40
94.50
94.50
94.40
94.00
93.90
94.00
94.20
94.30
94.30
94.10
93.30
92.30
90.40
88.00
87.70
85.80
84.10
82.40
80.30
77.60
74.60
69.44
69.49
66.16
68.28
70.60
71.10
70.70
70.00
67.75
64.33
65.02
62.86
64.61
62.49
66.49
65.84
64.97
63.73
65.66
65.20
65.08
62.85
61.14
63.74
61.55
57.16
58.13
58.70
60.14
62.24
64.13
67.63
70.50
71.00
71.10
70.50
70.60
71.00
75.00
82.90
81.60
80.50
80.10
82.20
80.70
80.60
83.80
83.00
81.50
81.60
80.90
80.40
80.50
81.00
83.50
85.20
86.60
86.30
87.20
88.80
89.90
89.60
88.00
87.40
88.60
89.90
91.10
90.90
90.40
90.90
90.80
91.20
90.60
90.20
90.30
90.40
91.50
92.20
92.50
92.30
92.60
92.80
92.80
92.20
89.60
88.50
85.90
84.10
79.80
77.80
75.40
73.70
72.70
72.00
71.40
68.71
67.58
66.32
62.79
62.15
62.13
62.09
63.25
61.83
62.32
60.57
60.52
63.00
66.34
70.10
66.11
64.50
64.16
64.89
63.21
61.75
62.86
61.65
61.86
62.50
62.12
63.00
73.90
78.60
78.50
83.20
80.90
78.40
75.10
72.00
64.01
57.91
54.07
67.50
83.60
85.70
84.70
84.40
81.50
82.20
79.50
80.30
83.70
84.60
84.60
86.40
86.40
87.80
88.00
87.50
88.00
88.50
88.00
87.60
88.00
87.70
88.30
88.20
88.40
88.70
89.50
89.80
90.00
89.80
90.50
91.60
91.40
91.80
91.20
90.80
89.50
89.60
89.00
90.00
91.50
92.50
92.90
92.40
91.60
90.20
89.50
87.90
85.10
84.00
82.70
79.50
78.80
78.40
75.20
73.70
71.40
68.40
66.66
66.43
66.09
64.09
62.38
61.37
61.05
60.09
58.26
55.22
55.40
56.32
54.28
52.22
50.07
50.62
48.70
49.70
49.32
48.00
47.90
47.27
47.72
47.21
47.05
46.38
48.84
54.03
56.18
58.96
61.82
60.74
64.14
63.58
65.65
65.35
65.55
67.68
69.35
71.70
71.00
71.90
72.00
73.40
74.20
73.80
74.80
73.60
74.30
76.80
77.50
78.20
79.00
79.90
80.40
80.30
80.30
79.50
80.80
79.50
80.10
80.90
78.30
79.20
80.90
81.30
83.10
83.60
84.40
84.10
83.70
84.10
80.60
81.20
83.20
86.90
88.70
89.20
90.10
91.40
91.70
91.00
88.70
87.90
87.00
83.80
83.60
79.10
74.70
75.00
74.80
72.30
70.30
65.52
69.46
68.50
64.48
62.52
62.57
61.71
58.95
56.25
54.20
54.22
52.06
54.40
52.64
51.65
50.93
49.18
48.28
46.32
47.06
47.58
46.98
46.69
46.31
47.27
47.01
46.45
47.99
57.72
60.46
62.99
65.00
66.93
69.90
71.00
72.90
73.10
75.10
75.80
76.20
77.10
77.90
75.80
76.50
77.90
78.10
80.00
80.40
78.40
78.30
78.00
78.70
78.60
79.90
80.90
82.30
83.00
82.80
80.30
85.30
87.00
87.20
87.80
88.80
88.90
89.20
87.70
86.40
86.60
87.20
87.80
87.70
88.00
87.80
87.20
87.20
87.80
87.40
86.90
87.40
88.10
88.30
89.10
88.60
89.40
90.10
89.70
88.80
87.80
87.60
86.30
84.20
80.50
79.40
75.70
76.20
76.30
74.10
72.60
72.40
70.20
68.74
67.71
67.14
67.28
66.70
66.53
65.99
65.36
63.77
62.88
59.19
59.23
60.07
61.32
60.64
59.02
57.54
54.77
56.06
58.26
58.94
66.81
71.30
74.30
76.90
79.40
82.30
83.80
83.20
83.70
85.70
85.70
86.30
87.80
89.40
89.90
89.10
87.50
88.50
89.60
90.70
91.50
91.60
92.00
92.40
92.60
92.50
92.70
91.40
91.90
92.30
93.10
93.50
93.80
93.90
94.00
94.10
94.20
94.10
93.40
93.20
93.40
93.70
93.50
91.60
90.10
90.50
90.50
89.10
87.90
89.10
92.70
94.10
94.40
94.50
94.40
93.60
93.20
93.60
94.20
94.40
94.50
94.40
94.40
93.60
88.70
82.00
77.40
77.10
77.50
76.80
73.30
70.90
71.60
71.60
72.10
71.00
69.29
70.10
69.26
69.56
68.31
67.17
65.71
64.69
63.78
62.77
62.26
63.98
63.87
62.52
65.39
74.20
77.00
78.40
79.90
80.60
84.20
88.40
90.60
89.80
90.00
90.10
90.10
88.50
89.30
91.40
89.00
89.50
88.50
90.20
91.30
90.10
91.00
92.00
92.40
91.90
91.20
91.30
92.00
91.80
91.30
91.40
92.70
93.30
93.50
93.80
94.20
94.00
93.90
94.10
94.10
93.70
92.60
92.50
92.70
93.70
93.00
91.00
91.60
92.60
92.70
91.60
90.40
89.90
90.30
91.90
92.20
92.50
92.80
93.50
94.00
94.20
94.30
94.20
94.20
94.20
94.10
93.80
90.40
90.50
77.40
87.70
86.70
86.00
85.70
80.30
78.67
77.05
75.45
73.80
74.70
74.50
73.50
71.10
69.68
67.61
68.34
67.31
65.61
64.97
64.04
62.57
63.06
62.56
61.81
64.08
65.60
67.56
67.85
62.98
63.41
63.54
66.36
63.39
62.66
61.57
62.51
64.14
66.66
69.16
71.00
73.40
76.50
77.60
78.60
77.30
76.70
76.70
77.50
79.00
81.60
85.30
85.80
85.90
86.70
86.90
88.10
87.50
88.60
91.30
91.70
92.50
92.50
92.00
91.50
90.40
89.30
89.70
89.90
90.20
91.60
92.90
93.20
93.60
93.90
94.10
94.30
94.30
94.30
94.30
94.40
94.50
94.70
94.80
94.80
94.80
94.90
94.90
94.90
94.90
94.90
94.90
95.00
95.00
94.70
93.40
89.50
85.60
80.00
76.10
74.70
73.90
72.50
68.45
66.74
65.97
63.96
62.79
61.92
60.04
58.84
58.50
57.71
56.37
53.95
53.83
53.18
53.04
53.67
55.05
57.68
53.87
53.64
54.42
54.27
55.61
56.14
55.87
56.14
53.85
55.38
57.42
59.14
59.17
60.73
63.40
65.39
68.21
67.22
66.42
69.71
71.50
72.40
75.30
75.10
77.30
77.80
78.40
78.60
78.40
79.90
83.00
83.40
81.80
83.70
85.10
82.30
81.50
82.80
80.80
82.80
82.40
83.70
84.60
84.80
83.50
85.50
86.90
85.40
85.20
86.50
87.80
88.50
87.90
86.50
86.70
87.40
88.10
89.00
89.60
89.90
89.50
89.30
88.50
87.70
87.30
86.50
86.30
85.20
83.20
81.30
80.20
78.30
75.70
73.90
72.30
69.94
67.68
66.89
64.48
63.69
62.86
61.55
60.54
59.55
58.47
57.40
57.27
57.23
56.35
57.17
56.88
57.93
57.68
57.67
56.77
56.09
56.28
53.49
54.24
50.33
49.85
50.70
53.19
54.11
53.84
52.96
54.69
57.35
59.27
62.30
64.71
67.58
70.70
70.50
67.87
67.56
69.00
71.60
75.30
77.00
78.30
80.00
80.40
79.40
80.40
81.40
82.10
82.70
83.20
83.20
84.00
84.40
84.80
84.90
85.40
85.60
85.30
85.60
85.80
86.20
85.60
86.30
86.50
86.40
87.20
87.20
86.90
87.20
86.50
86.00
85.90
86.10
85.80
87.30
87.00
86.30
86.10
86.60
88.10
88.90
88.50
88.20
87.90
86.00
83.00
81.50
80.00
77.70
77.10
74.80
73.00
70.60
72.60
70.30
71.40
68.99
69.24
68.14
68.11
67.39
65.79
65.87
63.70
65.15
64.76
63.45
63.34
61.17
60.82
59.67
57.03
56.96
56.82
56.38
54.97
55.54
54.00
52.72
52.41
52.18
50.69
54.13
53.84
53.23
59.17
61.53
62.88
58.95
60.74
64.47
67.33
68.58
69.70
70.70
70.00
68.99
70.00
70.20
68.77
69.65
72.90
76.10
78.40
80.40
80.70
81.40
81.30
80.40
81.00
81.10
82.30
84.00
82.40
82.70
86.90
88.50
89.60
90.00
89.50
90.00
90.40
90.60
91.50
92.30
93.20
93.60
93.70
94.20
93.60
90.20
90.00
91.10
91.90
92.90
93.30
92.30
90.90
90.40
89.10
85.60
85.20
83.60
81.90
80.10
79.70
78.00
75.60
74.20
74.10
73.50
71.20
70.80
70.00
65.39
64.52
66.90
62.74
58.36
57.77
56.92
55.78
58.15
58.24
58.56
57.10
57.01
57.16
54.27
54.62
52.66
50.97
51.18
50.11
51.03
51.71
52.08
51.96
52.38
49.36
48.62
47.34
47.24
56.27
58.74
59.32
61.06
62.07
64.01
57.39
61.70
66.36
69.15
71.80
76.10
77.60
74.00
74.60
76.40
75.60
73.80
73.40
72.70
75.60
76.50
79.80
82.10
82.80
83.20
81.90
82.10
81.10
78.00
80.20
80.60
83.00
82.00
83.30
86.60
85.20
86.40
87.80
88.00
82.10
84.80
84.90
84.70
86.50
87.30
89.10
87.10
88.00
89.60
87.60
83.60
85.80
89.00
89.90
90.80
90.80
90.80
87.00
82.00
78.30
75.90
76.20
75.30
78.30
77.20
74.30
71.80
70.70
69.39
67.31
67.17
63.76
64.56
61.35
60.14
57.60
50.93
49.00
49.45
50.42
46.50
48.00
48.63
47.36
46.23
52.65
56.85
54.10
56.79
61.30
62.15
61.98
62.34
65.53
68.75
72.40
75.20
76.40
75.80
75.20
73.70
76.50
80.20
79.90
82.30
81.70
86.10
84.80
86.00
85.20
83.40
80.40
78.70
82.00
80.90
80.40
80.80
83.20
86.40
89.60
84.10
83.80
82.20
84.30
87.30
90.20
90.10
88.70
89.90
91.00
91.10
90.90
91.00
90.00
88.80
89.10
87.20
86.20
83.50
87.60
88.70
89.70
90.60
90.70
90.60
90.40
90.30
90.50
89.50
89.10
85.40
82.50
81.30
76.30
74.30
71.50
72.00
71.20
72.60
71.20
68.05
65.88
62.24
54.88
52.88
53.23
53.50
54.50
55.07
55.99
55.72
51.90
48.83
48.30
48.09
43.76
42.99
45.71
46.61
46.05
45.47
45.72
46.33
46.15
45.85
45.94
47.31
55.81
50.49
48.27
63.58
55.61
69.58
65.42
64.09
77.20
76.40
74.30
73.90
75.20
74.40
74.60
74.10
78.60
76.30
77.80
80.20
80.00
77.30
77.40
76.70
78.00
79.20
82.20
80.90
82.20
81.10
81.00
83.30
87.00
89.00
88.90
88.70
89.90
91.50
91.40
91.60
89.90
89.20
90.90
91.90
92.50
93.10
93.50
93.90
94.20
94.10
89.90
85.80
81.60
88.40
87.10
88.20
88.30
89.30
89.10
86.70
81.70
77.60
76.10
67.22
62.62
57.20
52.66
49.93
51.03
52.66
52.28
50.63
49.17
47.13
42.79
39.30
39.86
42.83
42.84
42.14
40.35
41.81
44.02
44.13
42.14
40.69
40.38
40.78
43.85
45.28
49.28
47.29
47.21
48.13
45.36
44.12
48.10
52.00
52.15
52.38
60.00
67.34
61.37
58.20
55.33
53.66
51.69
52.85
53.89
70.40
81.40
81.30
70.70
62.81
72.30
69.55
71.10
74.80
79.00
77.10
76.20
75.40
75.40
74.50
73.30
81.70
86.80
88.80
87.10
86.20
84.80
84.60
80.10
86.90
90.80
92.50
93.20
93.70
93.60
92.30
92.40
93.50
94.00
94.30
94.50
94.60
94.60
94.60
94.70
94.80
94.80
94.80
94.90
93.20
88.90
85.20
81.90
75.80
85.60
80.00
76.10
74.70
73.90
72.50
68.45
66.74
65.97
63.96
62.79
61.92
60.04
58.84
58.50
57.71
56.37
53.95
53.83
53.18
53.04
53.67
55.05
57.68
53.87
53.64
54.42
54.27
55.61
56.14
55.87
56.14
53.85
55.38
57.42
59.14
59.17
60.73
63.40
65.39
68.21
67.22
66.42
69.71
71.50
72.40
75.30
75.10
77.30
77.80
78.40
78.60
78.40
79.90
83.00
83.40
81.80
83.70
85.10
82.30
81.50
82.80
80.80
82.80
82.40
83.70
84.60
84.80
83.50
85.50
86.90
85.40
85.20
86.50
87.80
88.50
87.90
86.50
86.70
87.40
88.10
89.00
89.60
89.90
89.50
89.30
88.50
87.70
87.30
86.50
86.30
85.20
83.20
81.30
80.20
78.30
75.70
73.90
72.30
69.94
67.68
66.89
64.48
63.69
62.86
61.55
60.54
59.55
58.47
57.40
57.27
57.23
56.35
57.17
56.88
57.93
57.68
57.67
56.77
56.09
56.28
53.49
54.24
50.33
49.85
50.70
53.19
54.11
53.84
52.96
54.69
57.35
59.27
62.30
64.71
67.58
70.70
70.50
67.87
67.56
69.00
71.60
75.30
77.00
78.30
80.00
80.40
79.40
80.40
81.40
82.10
82.70
83.20
83.20
84.00
84.40
84.80
84.90
85.40
85.60
85.30
85.60
85.80
86.20
85.60
86.30
86.50
86.40
87.20
87.20
86.90
87.20
86.50
86.00
85.90
86.10
85.80
87.30
87.00
86.30
86.10
86.60
88.10
88.90
88.50
88.20
87.90
86.00
83.00
81.50
80.00
77.70
77.10
74.80
73.00
70.60
72.60
70.30
71.40
69.23
67.03
66.16
66.08
64.64
62.49
60.99
61.10
61.18
61.27
59.60
56.55
55.58
55.24
54.16
53.67
51.92
49.90
46.24
47.13
52.21
50.82
55.49
53.97
58.60
62.64
62.07
64.40
63.89
66.54
69.34
70.50
73.90
71.90
69.86
67.40
66.45
67.97
68.71
79.50
83.60
85.00
82.70
81.60
82.60
85.20
87.40
87.90
88.10
86.00
84.70
87.80
90.10
90.10
89.80
91.50
92.30
93.00
93.50
93.80
94.00
94.10
94.00
92.90
90.30
90.70
91.00
91.50
92.10
92.90
92.70
92.10
91.70
92.50
89.50
90.70
91.50
92.80
93.30
93.80
94.10
94.40
94.70
94.80
94.90
95.00
94.30
90.50
84.70
81.50
79.80
78.40
76.20
76.40
73.20
70.40
68.22
63.38
65.77
64.20
60.82
59.90
59.41
58.55
57.78
58.08
56.64
56.29
54.65
53.90
51.81
50.87
54.23
52.63
52.75
51.30
52.43
52.07
51.42
52.02
53.29
54.33
54.68
56.38
58.91
60.65
62.39
65.35
65.84
67.49
66.83
66.33
68.35
66.88
68.57
68.51
67.95
70.20
72.40
71.20
73.00
73.70
73.30
71.90
71.70
71.90
76.30
78.20
84.00
84.20
84.70
84.80
85.40
86.00
85.80
87.60
87.10
87.60
89.30
89.10
88.50
89.10
89.10
89.20
88.20
87.70
87.20
86.90
86.80
86.80
87.10
86.60
86.40
87.20
88.10
89.10
89.00
90.10
91.00
91.60
92.30
86.80
81.20
80.20
78.30
74.50
78.30
74.10
74.10
74.40
67.75
61.33
59.78
58.11
55.29
54.94
54.05
52.06
50.56
49.40
44.38
40.78
40.95
40.66
41.63
43.90
42.52
46.13
50.53
55.64
55.87
57.90
58.17
60.23
60.77
60.49
59.19
60.17
60.54
59.12
59.78
61.26
61.97
63.88
65.75
68.51
74.20
76.90
78.90
79.10
78.20
78.10
75.80
76.00
78.30
78.10
77.10
82.50
84.80
82.80
82.50
80.70
79.10
80.50
79.30
81.70
80.80
80.00
80.70
79.30
77.70
79.00
78.80
76.60
73.70
74.40
77.70
78.20
78.80
78.40
82.30
86.40
86.20
87.00
87.90
88.20
88.80
89.30
89.60
90.40
90.20
88.90
87.80
86.60
84.60
85.40
84.40
81.70
77.50
74.80
75.00
74.40
71.00
69.26
68.49
67.59
67.03
63.72
60.67
60.27
56.46
54.29
54.16
51.50
55.42
55.35
56.95
55.37
55.69
55.96
53.80
55.22
52.11
52.54
52.33
49.20
48.33
49.56
48.07
47.77
50.74
48.95
46.40
48.21
50.55
55.64
56.07
59.09
65.53
69.45
71.90
72.90
70.50
71.40
72.90
72.20
72.20
71.10
73.90
75.10
73.70
79.10
77.00
77.60
79.10
81.10
82.90
80.40
79.70
82.70
84.20
84.50
82.90
81.20
81.20
83.60
84.50
83.40
87.20
86.30
81.50
83.00
86.00
88.10
89.20
90.50
90.20
90.40
91.20
91.60
91.60
92.40
92.50
93.00
93.50
93.90
94.30
94.50
94.60
94.70
94.80
94.90
95.00
95.00
95.00
95.10
95.00
94.90
92.00
84.90
78.30
76.40
74.50
72.60
71.70
68.17
67.34
65.29
64.13
60.36
57.80
58.62
55.93
54.20
52.89
54.21
50.42
48.77
46.42
45.22
42.28
44.09
44.85
45.48
46.52
47.11
45.83
42.58
43.85
47.93
48.98
51.22
54.48
57.39
56.48
54.71
55.56
50.69
50.06
49.04
54.02
57.76
56.92
53.87
56.74
61.04
61.62
61.09
60.94
63.80
64.83
64.51
61.34
58.76
61.40
59.48
62.56
65.53
64.50
65.61
66.75
68.25
69.82
67.56
66.09
80.00
84.70
83.60
83.60
84.70
86.10
88.60
91.40
92.40
88.40
86.10
91.20
87.60
87.00
91.90
92.00
93.00
93.70
94.10
94.30
94.40
94.60
94.60
94.70
94.80
94.90
95.00
95.00
92.90
84.40
75.50
66.58
66.01
64.75
59.30
55.41
54.64
53.07
50.38
49.19
49.12
48.08
44.43
43.93
43.60
42.25
42.38
40.46
40.35
40.98
41.41
40.57
41.06
41.34
41.55
43.20
44.10
43.85
45.65
45.75
45.40
47.49
49.84
52.22
53.70
55.48
56.05
61.72
64.52
65.88
68.84
68.69
67.92
68.50
70.50
71.40
71.00
72.20
73.20
74.20
74.40
71.10
69.95
72.50
74.90
77.40
77.30
75.00
76.90
76.60
76.60
79.10