92.20
91.80
92.50
92.70
92.60
93.00
93.10
93.30
91.90
90.70
90.20
89.80
90.40
90.80
90.90
91.70
92.10
92.40
92.60
92.80
92.50
92.30
92.70
92.70
91.80
91.50
91.40
90.90
90.10
89.50
88.80
88.20
86.90
84.40
83.20
81.20
80.70
78.60
75.30
75.20
75.60
75.70
76.40
77.30
75.80
74.60
72.80
74.40
76.30
75.50
73.70
71.70
71.30
72.00
72.80
72.80
70.40
70.90
74.00
75.10
74.40
75.00
73.00
69.53
66.86
65.14
65.57
67.75
71.10
77.00
81.20
79.60
79.70
81.90
83.30
84.10
85.30
84.90
86.60
88.00
87.60
87.80
88.10
88.60
89.10
89.60
90.80
90.70
91.30
93.00
93.70
93.20
92.30
93.30
93.90
93.70
92.30
92.80
92.60
93.00
92.90
92.70
92.80
93.40
93.50
93.30
93.40
93.40
93.00
91.60
91.80
92.10
92.50
93.10
93.60
93.60
93.90
94.00
94.20
94.40
94.30
94.50
94.50
94.60
94.80
94.80
94.80
94.60
94.60
94.90
94.80
94.70
94.70
94.60
94.50
94.40
94.80
94.90
94.60
95.00
94.80
95.40
95.80
96.00
96.10
96.10
96.20
96.20
96.20
96.10
96.00
95.40
94.90
94.00
92.00
90.30
90.00
89.60
89.10
89.70
88.10
86.50
84.70
86.40
86.50
86.60
87.60
87.10
88.20
88.90
90.20
92.30
93.30
93.80
93.80
93.80
93.70
93.80
93.80
93.90
93.80
93.70
93.50
93.20
93.20
93.10
93.10
93.10
93.30
92.90
92.90
92.70
93.10
93.20
93.10
92.90
92.90
92.30
91.90
92.20
92.20
92.50
92.80
93.10
92.80
92.80
92.50
92.10
92.00
91.90
92.00
91.60
91.20
91.20
91.20
91.70
91.50
90.60
88.80
87.10
84.90
84.10
84.10
83.50
83.10
83.50
82.60
82.10
80.00
78.80
78.40
77.40
73.20
72.20
72.00
71.80
71.00
68.65
67.10
66.76
66.43
65.22
66.64
66.07
64.86
65.87
64.49
64.52
61.95
61.48
62.26
60.91
59.93
59.85
59.74
60.52
64.02
67.01
67.99
69.50
71.10
71.80
70.10
71.00
73.50
73.70
74.30
75.80
76.50
76.60
77.60
80.00
81.40
82.30
82.70
83.00
82.90
83.50
83.70
84.50
86.20
87.00
85.00
85.10
86.00
87.40
89.10
89.20
92.10
92.00
92.40
91.70
91.60
90.80
90.30
88.90
89.70
90.00
89.30
89.50
89.50
89.80
91.10
91.70
92.40
91.40
91.30
90.90
90.60
89.80
88.50
86.90
86.00
85.00
83.10
81.50
79.20
78.90
77.20
75.60
73.80
73.50
73.20
71.10
69.29
67.91
67.57
65.34
64.09
63.74
62.40
61.77
61.05
59.40
59.90
58.12
56.97
54.91
54.98
54.73
54.75
55.65
55.20
53.77
52.28
52.89
51.79
51.59
50.70
51.37
52.73
54.69
55.19
57.74
60.80
58.10
58.48
57.48
53.49
57.02
62.15
68.59
71.70
70.60
70.20
68.56
69.37
71.20
70.70
74.00
72.50
72.00
73.20
73.90
74.40
76.60
82.10
83.00
83.10
83.50
86.50
83.80
84.70
86.50
86.60
85.90
83.30
83.00
82.40
81.70
81.50
81.40
80.80
81.20
83.50
84.00
86.20
88.80
87.90
88.90
90.00
89.90
90.00
89.70
89.70
88.00
88.70
89.40
86.70
85.40
83.40
82.00
79.10
77.60
78.00
79.10
75.50
73.50
71.00
70.70
69.18
68.31
67.12
66.25
65.31
62.48
61.16
59.10
58.64
57.55
57.14
57.88
55.42
54.08
53.56
53.11
53.09
52.32
50.89
50.31
50.29
51.41
50.95
49.96
50.24
49.43
48.65
49.01
47.79
47.25
47.78
48.77
50.61
51.82
54.71
59.33
62.86
64.45
65.62
68.51
71.20
73.90
75.30
74.50
73.30
73.70
72.80
73.60
73.30
73.30
75.30
77.80
77.90
75.60
74.80
76.60
79.10
81.10
82.70
85.00
86.50
86.40
85.30
84.50
83.70
84.70
86.80
88.60
89.40
87.20
87.10
87.20
87.60
87.10
85.90
85.20
85.80
85.70
84.50
83.40
81.50
81.70
82.10
83.30
83.40
83.10
81.00
80.10
79.10
77.70
76.60
75.20
73.10
72.30
71.80
70.60
68.01
65.47
64.25
64.66
64.72
64.54
62.22
61.22
59.58
57.39
56.95
56.45
56.35
55.96
57.29
54.68
54.77
52.95
52.13
54.71
51.91
52.08
53.17
50.85
52.20
54.92
55.56
51.44
52.13
53.17
51.63
50.94
54.11
54.09
55.34
58.26
60.15
60.40
60.77
63.07
69.21
71.60
73.00
73.70
75.20
75.10
73.80
71.00
70.90
71.10
73.20
74.00
73.10
71.70
70.10
69.68
69.15
70.90
72.50
75.40
78.50
79.90
78.20
78.90
80.70
81.50
83.00
85.80
87.00
87.20
89.80
86.80
85.00
85.70
85.40
85.30
85.40
85.90
86.60
86.60
87.90
88.10
87.00
87.00
86.90
87.30
85.60
84.90
83.50
82.20
82.50
81.50
81.40
81.50
79.60
78.90
74.90
70.90
71.90
71.30
70.30
70.10
69.94
69.53
69.80
68.29
68.98
68.39
68.64
69.04
68.52
68.26
68.12
67.77
64.84
63.58
65.52
66.01
65.39
62.86
62.94
63.40
64.13
63.57
62.61
61.22
60.34
60.04
61.16
63.13
66.11
68.27
72.50
73.10
72.10
71.40
70.90
75.00
80.00
80.50
79.90
78.80
80.30
80.20
81.70
81.60
81.80
82.20
81.80
81.40
82.80
84.60
83.50
84.50
87.40
88.10
89.50
89.20
89.90
91.20
87.90
84.60
85.30
87.00
86.50
86.70
87.10
88.10
88.60
87.50
87.00
88.20
87.50
86.70
88.10
88.20
88.30
86.00
85.00
85.00
84.90
84.20
84.40
84.90
83.50
83.70
83.20
82.60
82.30
81.60
81.60
81.10
80.30
79.50
79.00
80.00
80.70
81.10
83.90
86.90
88.00
86.60
79.60
72.40
69.59
65.30
66.08
63.70
61.88
60.81
59.25
57.91
56.83
57.60
59.55
56.89
57.70
64.75
66.11
71.70
76.40
80.70
93.00
91.00
91.80
93.20
93.90
94.20
94.20
93.50
91.70
93.00
93.90
93.80
94.20
93.80
93.70
93.20
93.70
94.10
94.50
94.70
94.60
94.50
94.80
95.10
95.30
95.10
94.60
94.20
94.30
94.80
94.90
95.10
95.30
95.50
95.50
95.60
95.60
95.60
95.80
95.70
95.60
95.40
94.30
93.70
94.20
95.20
94.70
92.70
94.00
94.30
94.80
95.20
94.60
93.50
92.00
93.00
92.80
92.20
92.80
92.20
90.80
89.50
88.90
88.00
87.50
87.30
86.90
84.50
82.20
81.50
80.00
77.50
76.60
76.60
75.80
76.10
74.90
76.40
78.90
74.70
74.00
71.90
71.20
69.23
71.80
68.32
67.14
67.58
66.53
66.29
65.34
63.85
68.14
70.70
67.51
68.48
71.50
70.20
68.07
65.59
65.97
66.41
68.21
68.50
69.31
70.10
71.00
71.30
72.80
73.60
74.90
74.70
74.70
75.60
77.10
78.20
78.30
78.60
80.20
79.40
78.50
79.30
78.00
79.00
80.20
80.30
80.20
80.50
81.30
81.40
82.10
82.80
83.00
83.30
83.10
82.80
83.10
83.60
82.80
82.30
82.80
83.20
83.20
84.40
85.50
86.50
88.20
88.20
87.30
86.30
85.40
87.80
89.80
90.10
89.80
89.60
89.20
87.80
83.70
82.40
81.40
79.80
80.60
78.60
77.40
76.50
76.10
74.30
71.50
71.20
69.99
69.18
70.10
68.64
66.40
66.70
66.44
66.94
66.65
67.26
76.20
78.20
76.80
78.90
80.60
80.10
83.90
90.00
91.50
92.00
91.60
91.80
91.80
92.50
90.50
91.00
92.20
93.10
93.30
93.90
94.30
94.30
92.20
92.50
92.20
92.50
93.20
93.90
94.20
94.40
94.60
94.40
94.50
94.80
94.40
93.90
94.60
94.70
94.80
94.80
94.60
94.30
94.40
94.70
94.60
94.80
95.00
94.80
94.50
94.30
94.00
93.80
94.20
94.30
93.80
93.60
94.00
94.20
93.60
93.10
93.40
93.50
93.80
93.60
93.20
92.80
92.80
92.60
92.10
91.90
91.00
90.90
90.50
90.20
90.00
90.00
89.20
89.30
89.60
89.70
90.50
89.90
89.30
89.60
89.90
88.70
86.60
87.70
87.60
87.70
88.60
87.70
86.50
87.30
87.20
85.30
86.10
90.20
92.40
94.20
94.90
95.00
95.00
95.10
95.30
95.10
94.30
94.10
94.10
94.20
93.60
92.50
92.20
91.50
91.80
93.40
93.70
92.30
93.20
93.70
94.20
94.10
93.10
93.50
93.30
92.70
92.80
93.10
93.80
92.90
92.70
92.70
93.20
93.10
93.40
93.40
93.00
92.60
91.70
90.90
92.10
92.00
92.20
92.80
93.20
92.70
92.20
92.20
92.50
92.90
92.90
92.60
91.70
91.80
92.40
91.80
91.80
92.20
92.00
91.60
92.00
91.90
91.40
91.30
92.00
91.70
92.10
92.40
91.70
90.70
90.10
91.00
92.20
92.30
93.00
93.90
93.60
93.50
92.80
90.60
89.90
88.40
86.40
84.30
82.40
81.50
81.40
81.00
79.10
77.00
76.10
74.90
74.60
74.10
71.60
70.60
68.51
68.86
82.60
91.20
92.80
93.00
93.00
91.90
90.20
92.10
93.30
92.90
93.50
93.90
94.30
93.90
93.70
94.40
94.60
94.70
94.80
94.90
95.10
95.20
94.80
94.70
94.40
93.80
93.90
94.00
93.90
91.10
90.30
90.20
90.50
90.30
90.80
90.30
91.10
92.20
92.40
91.70
91.50
91.00
90.70
91.60
92.70
93.40
94.00
94.10
93.70
92.90
91.10
90.90
92.10
93.40
93.50
93.80
93.90
94.10
93.90
94.10
94.50
94.70
94.30
94.50
94.90
94.80
94.70
94.70
94.30
94.30
93.90
93.30
90.70
90.40
90.00
90.50
89.70
89.60
88.60
86.80
85.20
84.90
83.80
82.80
82.60
79.50
78.70
76.00
75.20
74.70
74.30
73.90
73.80
74.70
75.40
75.80
74.90
75.40
75.30
75.80
76.50
76.30
76.60
74.70
74.60
74.80
76.80
86.90
93.30
94.30
94.70
94.70
95.10
95.40
95.40
95.30
95.30
95.30
95.30
95.20
95.20
95.30
95.30
95.30
95.40
95.30
95.20
95.30
95.20
95.10
95.10
95.20
95.30
95.50
95.50
95.40
95.30
95.50
95.50
95.30
95.20
95.40
95.20
94.80
94.80
95.10
95.30
95.30
95.00
94.70
94.90
95.10
95.10
94.80
94.30
94.10
94.80
95.00
95.00
94.50
94.20
94.20
93.20
91.20
91.10
94.10
94.60
94.60
94.00
93.90
92.60
92.10
91.80
91.10
90.50
90.60
89.40
87.80
88.70
85.10
84.20
83.80
83.40
82.10
81.40
82.80
83.10
82.70
85.00
85.40
85.40
86.90
86.50
85.60
85.00
82.30
80.60
80.00
81.00
81.20
82.10
83.20
84.80
85.60
86.40
85.90
87.00
86.90
86.60
87.10
86.30
87.20
86.60
86.60
89.20
86.90
85.40
87.00
88.20
88.20
88.50
89.10
90.10
90.40
90.90
90.80
90.40
91.30
91.30
91.40
91.30
91.10
90.80
90.80
91.40
91.30
91.00
89.70
89.50
89.20
88.10
88.50
89.60
89.80
89.90
90.20
91.60
89.40
87.50
86.80
90.40
92.00
90.40
88.80
86.50
83.60
81.60
79.10
78.80
79.50
79.50
77.90
77.50
77.10
74.60
74.00
70.20
71.80
70.30
69.90
69.52
70.50
70.90
68.13
68.68
68.00
66.72
66.42
65.92
67.55
67.18
68.64
69.67
70.50
70.60
71.40
70.90
71.00
72.70
70.90
71.50
72.00
72.30
73.20
74.30
73.60
73.50
74.50
75.30
75.00
75.50
77.50
79.30
78.50
78.90
79.10
78.90
79.80
81.00
82.10
82.70
84.20
83.30
86.80
89.90
89.20
89.10
91.50
92.40
92.30
91.50
92.00
91.80
90.80
90.70
90.50
90.40
90.80
91.40
92.10
93.20
93.90
94.50
94.90
95.20
95.20
94.90
93.30
91.70
91.90
92.50
93.30
94.20
94.40
94.30
94.40
94.60
94.70
94.90
95.00
94.20
93.00
92.70
92.10
90.80
86.20
87.10
89.10
92.60
93.20
91.70
89.90
86.90
85.00
84.40
80.40
77.70
75.00
73.60
69.56
68.07
68.71
69.02
68.63
66.24
66.45
64.45
63.52
62.42
62.83
62.53
69.39
82.50
86.40
89.00
88.90
86.40
85.10
85.90
84.80
81.80
77.90
76.60
76.90
76.80
82.10
85.30
86.60
88.10
90.50
90.70
92.10
92.00
92.10
92.70
93.00
93.20
93.30
92.70
91.20
90.40
90.20
90.40
89.90
90.50
90.50
90.40
91.10
91.00
91.10
91.70
90.60
89.70
89.80
90.00
90.70
91.30
91.80
91.80
91.90
92.60
93.20
92.50
89.10
89.00
89.00
89.20
89.60
90.80
91.20
90.10
89.50
89.60
89.40
88.60
88.40
88.20
88.40
87.20
86.90
86.00
85.40
84.50
82.80
80.30
78.80
77.70
76.20
77.50
78.30
76.80
76.20
74.30
73.10
71.00
70.80
70.70
65.88
63.65
61.47
60.39
60.60
60.01
59.46
57.72
52.95
53.41
53.76
54.07
55.03
53.77
53.12
53.48
54.20
53.37
51.14
49.91
48.13
49.12
52.62
54.22
61.62
64.54
66.49
67.14
67.38
68.21
73.20
78.20
80.40
82.10
82.60
80.40
77.10
78.90
78.30
79.20
80.90
82.00
84.10
86.80
88.10
88.90
89.70
90.60
90.80
91.50
92.40
93.00
91.00
88.70
88.80
89.80
89.30
89.60
89.80
89.80
90.20
89.60
89.20
89.20
89.20
88.90
89.20
89.30
88.60
88.20
88.30
87.90
87.90
87.10
86.70
86.40
86.00
85.80
84.60
83.60
82.70
81.90
81.00
80.20
79.30
78.00
76.40
74.40
72.90
69.05
68.93
70.80
69.74
69.42
69.26
68.32
68.36
66.95
66.14
63.56
61.39
60.00
58.75
57.65
57.85
57.69
57.46
56.12
55.61
55.50
53.67
54.33
54.14
54.27
54.73
56.52
56.26
54.66
53.45
55.18
55.47
57.64
61.19
62.93
64.39
69.94
69.54
72.90
71.10
72.60
77.70
78.80
79.30
78.90
78.30
77.20
78.50
78.30
77.60
79.10
80.80
83.00
85.80
87.70
88.50
89.10
90.50
87.00
85.40
85.10
86.10
87.60
88.70
89.50
89.80
89.60
90.60
87.80
86.60
87.70
88.30
87.60
86.70
86.40
86.50
85.50
83.80
83.90
85.50
86.60
84.70
83.50
84.70
83.70
80.50
79.90
78.80
76.60
75.10
73.80
73.10
70.90
69.79
69.37
68.54
68.58
65.64
63.91
63.47
61.82
61.24
60.53
60.56
58.59
57.95
56.40
55.59
54.70
54.70
63.82
66.46
71.50
72.80
69.02
64.63
62.65
59.22
56.39
58.58
58.16
58.88
64.93
62.26
60.14
70.80
74.30
76.20
88.50
91.50
91.80
91.10
90.10
90.00
90.10
90.10
90.60
91.00
84.10
84.30
86.10
86.60
81.90
83.90
91.90
93.50
93.80
91.40
91.70
90.80
93.80
94.70
94.90
95.00
94.20
93.00
91.20
87.80
89.00
89.40
89.70
89.30
90.40
91.50
91.90
91.70
91.10
91.00
91.00
91.60
91.80
91.60
91.00
90.60
90.60
91.00
90.20
88.80
86.70
86.80
85.30
82.10
81.00
76.20
74.80
71.10
72.60
73.50
74.80
75.60
73.80
72.60
71.30
69.46
68.57
68.51
69.66
70.00
68.40
62.24
59.70
60.91
64.41
64.18
59.58
60.38
63.13
63.05
60.15
60.14
59.91
55.36
58.59
66.92
70.50
71.90
72.90
74.60
75.50
76.10
71.70
71.50
73.40
74.70
79.20
82.20
82.90
83.40
83.80
84.20
84.50
85.30
87.00
86.50
86.00
86.80
88.00
89.00
89.50
89.80
90.30
90.70
92.50
91.60
92.00
91.50
90.40
89.40
89.50
90.00
89.60
90.60
90.80
90.40
90.80
90.70
90.50
91.30
92.20
92.60
91.70
92.50
92.80
92.50
91.70
91.50
90.80
91.00
91.10
91.80
92.20
91.80
92.00
90.50
90.10
87.00
83.10
81.80
80.30
77.90
75.90
73.60
72.10
73.60
72.30
69.89
69.73
72.30
74.30
76.70
75.60
74.90
75.50
76.10
74.60
73.60
72.50
73.30
74.50
73.90
71.90
68.55
65.07
64.39
63.54
62.97
62.10
62.42
63.48
63.63
62.66
61.30
62.52
63.17
64.71
65.71
65.96
64.56
61.78
63.20
76.40
82.80
84.90
86.40
86.20
85.50
83.80
81.20
81.60
83.70
85.70
86.60
86.50
84.70
86.80
88.40
87.50
86.50
85.70
86.50
87.70
87.50
88.10
88.00
89.40
90.00
90.20
91.10
91.60
90.90
91.20
91.40
91.70
93.00
93.60
93.90
94.50
94.40
94.20
94.20
93.40
92.20
93.30
94.40
94.40
94.10
91.20
89.60
90.10
90.50
90.00
90.00
90.20
87.70
84.30
83.40
80.80
80.50
78.90
76.40
76.30
75.70
74.40
73.20
72.00
70.80
68.74
68.00
65.56
65.40
64.52
65.47
65.55
63.12
61.93
62.44
60.51
62.79
61.86
63.79
63.09
64.44
63.34
64.67
66.06
69.20
78.30
82.30
80.50
76.00
78.10
78.10
77.00
77.80
81.20
83.10
84.50
82.80
79.20
80.00
80.90
80.30
79.30
80.10
81.00
82.90
84.50
85.70
85.80
86.00
86.60
86.60
86.90
86.00
87.10
87.80
88.20
88.60
88.60
88.60
88.80
89.20
89.30
89.50
89.70
89.90
89.00
88.10
88.30
88.60
87.80
87.20
88.10
87.60
87.10
87.50
87.60
88.50
88.70
88.90
88.40
88.30
88.40
88.40
87.80
87.30
85.80
84.70
84.20
82.90
82.00
81.80
80.60
80.30
78.60
76.60
76.20
73.90
72.60
71.50
71.40
69.72
68.62
67.44
66.93
65.96
64.89
63.82
63.40
60.26
60.75
60.51
56.05
59.14
56.77
54.86
52.45
51.75
49.78
49.82
49.85
51.04
51.17
50.67
50.05
51.46
51.79
54.59
54.83
56.75
58.12
61.24
63.04
66.01
64.57
64.73
68.91
64.82
64.78
74.40
78.60
73.60
73.10
73.60
74.70
74.70
74.50
78.00
81.40
84.20
81.40
81.10
82.80
83.70
85.50
86.00
86.10
86.80
87.30
87.40
86.00
83.90
84.30
83.70
84.90
85.80
86.70
86.20
87.30
88.50
89.20
89.60
89.70
89.60
88.90
88.70
87.40
86.60
87.30
87.10
86.60
86.90
87.00
86.70
84.80
84.20
81.10
80.30
79.80
78.90
78.60
77.70
76.80
75.40
76.60
75.40
74.70
72.70
73.20
71.00
70.00
66.55
63.81
62.66
64.45
66.59
65.94
64.94
62.31
65.51
72.20
71.50
68.60
67.40
68.64
68.47
73.50
75.40
78.10
81.00
82.60
87.10
87.40
87.40
87.70
87.10
85.60
88.20
90.00
90.20
89.60
88.60
90.40
91.00
91.70
91.50
92.10
93.00
93.10
92.20
90.60
90.00
88.40
91.00
92.50
92.90
92.90
93.80
93.90
94.10
93.00
92.10
92.20
92.60
93.20
92.30
92.30
92.70
93.30
93.70
93.90
93.50
92.50
91.70
92.40
94.00
94.80
95.20
95.40
94.90
92.40
89.30
89.40
90.40
90.50
89.20
88.90
88.00
87.10
87.40
87.70
85.90
82.10
81.80
80.20
80.10
79.60
78.10
76.60
76.10
75.40
73.60
73.10
71.10
69.82
67.50
65.31
64.83
65.19
65.33
60.47
58.98
56.87
57.30
59.39
58.52
58.35
56.27
55.15
57.50
57.37
57.13
56.74
61.23
58.46
55.84
54.37
57.08
62.32
64.33
60.95
59.73
58.21
62.47
68.37
71.30
73.50
74.10
75.40
77.00
79.10
77.50
76.20
76.80
78.30
79.40
81.20
82.20
83.10
84.90
86.10
87.10
88.00
89.20
90.80
90.90
88.40
85.20
83.60
86.10
88.50
90.80
87.50
88.50
89.10
88.10
88.60
88.60
88.00
87.40
88.20
88.30
88.60
89.40
90.10
91.80
91.30
91.60
90.30
90.00
90.80
91.20
90.10
88.20
86.20
81.30
80.40
78.30
78.60
77.90
76.60
76.10
76.70
74.90
74.10
73.30
71.70
71.00
70.00
67.24
68.04
66.75
66.70
65.43
64.54
65.61
64.35
61.33
60.04
60.90
58.22
57.76
58.54
56.82
56.45
57.02
56.42
54.67
55.13
55.70
53.90
53.74
53.69
54.37
56.93
59.19
61.64
61.86
60.16
62.66
63.53
65.91
73.70
75.50
76.20
78.90
80.70
83.30
83.00
83.00
83.60
82.50
84.20
85.60
86.50
87.40
88.20
89.80
89.60
88.90
87.90
86.70
86.50
86.50
87.30
87.00
86.10
86.10
86.10
84.20
84.30
85.10
85.60
85.90
86.00
86.40
86.60
86.20
85.80
85.90
86.20
86.60
86.60
87.40
87.30
87.40
87.80
88.00
87.90
87.10
86.30
85.10
84.20
84.20
84.20
83.20
82.40
81.20
80.60
79.70
79.10
77.90
76.90
76.50
76.30
75.40
74.50
72.30
72.20
71.70
70.50
68.95
69.40
69.14
69.06
66.07
65.78
66.58
67.24
67.77
67.37
66.11
66.13
62.58
62.90
64.66
66.46
68.52
70.70
75.80
75.90
78.50
79.90
81.10
81.60
82.50
83.10
84.30
85.10
84.10
83.90
85.50
84.70
83.00
82.30
84.40
84.40
84.00
84.10
84.00
85.00
85.60
84.80
85.90
85.80
87.20
86.80
86.80
87.70
89.50
91.90
93.20
93.50
93.40
93.50
92.10
91.70
90.70
92.30
93.80
94.10
94.10
93.70
92.30
92.00
92.50
91.90
93.00
93.20
92.90
92.90
91.10
91.80
92.20
92.10
90.70
90.70
91.50
90.60
89.50
84.80
82.20
81.20
81.80
80.30
79.70
79.40
77.60
77.00
75.70
75.00
72.10
72.40
70.60
69.14
67.90
67.35
67.01
67.93
68.63
65.67
74.20
80.50
85.80
89.60
90.00
91.00
86.40
89.70
91.20
90.40
86.00
80.80
82.40
83.80
84.10
85.30
84.50
86.10
86.20
85.50
85.50
87.30
88.00
89.10
90.30
89.90
90.30
90.00
90.80
89.50
91.00
92.60
93.00
92.30
92.00
91.50
92.40
91.20
91.70
92.00
91.30
91.20
91.20
91.20
90.90
91.10
91.90
91.80
90.90
89.70
89.50
89.30
89.50
89.60
89.80
89.60
89.30
89.50
89.70
89.60
91.00
87.40
89.10
87.60
88.60
88.50
88.50
89.30
90.60
91.10
91.20
92.00
91.70
91.00
90.70
89.10
85.90
82.60
80.70
79.70
80.30
77.90
76.10
74.70
73.80
74.40
74.40
74.70
74.10
71.80
70.30
70.60
70.90
71.70
69.97
71.20
71.30
69.18
69.07
69.52
71.20
72.30
74.00
75.70
77.20
79.70
80.00
78.70
78.30
78.00
78.00
78.30
79.10
79.20
78.50
81.60
83.70
85.50
86.00
88.40
90.60
90.90
90.00
87.80
88.70
88.30
90.50
91.00
90.40
91.70
91.80
92.70
93.20
93.40
93.50
93.50
93.80
94.10
94.20
94.60
94.80
95.10
95.10
93.70
93.50
92.70
91.80
91.90
91.60
91.40
89.90
89.20
87.30
88.40
88.70
89.00
89.90
90.60
89.80
89.00
87.90
87.40
87.50
88.10
88.80
88.80
88.60
88.60
87.40
86.60
85.20
84.40
83.60
83.10
81.70
79.70
78.20
76.40
74.70
74.10
73.40
72.80
71.70
71.00
71.10
70.40
69.81
69.64
68.51
68.16
69.28
70.10
71.40
71.30
69.44
72.00
72.10
71.10
72.30
68.45
69.64
69.38
70.90
70.10
69.27
76.80
81.20
81.30
80.80
82.20
83.00
84.00
84.70
85.70
86.40
87.10
88.20
87.90
87.80
89.00
89.60
89.60
89.60
89.80
90.40
89.20
89.40
90.20
90.50
89.80
88.90
88.70
88.40
86.70
84.20
83.80
84.40
85.30
85.80
85.90
86.10
85.20
86.40
86.40
86.40
86.00
92.20
94.00
94.50
94.80
94.40
94.40
93.90
93.30
92.70
92.60
93.10
93.10
93.20
93.50
93.60
93.00
92.60
93.10
93.20
92.30
91.50
90.80
89.90
89.80
89.60
88.20
86.50
84.10
82.60
81.40
81.30
80.20
79.80
79.70
79.90
79.70
78.80
77.20
75.70
75.10
74.40
74.20
74.00
73.10
72.80
73.60
74.20
76.00
74.80
74.90
72.20
71.40
71.90
72.20
69.72
68.12
69.71
69.38
68.41
68.84
69.67
70.20
70.50
72.10
76.80
79.20
79.00
80.00
80.70
81.60
82.60
82.40
82.20
80.70
80.50
81.30
80.20
80.80
83.00
83.10
83.50
84.30
84.70
85.70
85.60
84.70
84.70