96.20
96.30
96.50
96.60
96.40
95.60
94.90
94.10
94.20
94.50
93.90
93.60
93.90
93.70
93.70
94.70
95.50
96.00
96.10
96.30
96.50
96.70
96.80
96.90
96.90
96.80
96.40
93.30
91.10
89.20
86.80
84.50
80.00
79.10
78.20
78.10
75.80
75.90
75.30
72.50
72.60
71.10
68.65
68.68
68.22
69.19
62.78
61.37
60.97
62.26
60.13
59.14
58.19
59.07
57.57
58.67
58.41
57.24
59.59
59.08
56.25
59.95
55.81
54.50
55.15
52.82
52.29
53.08
52.30
52.56
51.67
53.51
58.30
68.53
70.70
73.10
71.90
69.74
69.93
70.90
77.80
79.60
75.90
74.40
76.30
78.70
80.30
77.20
77.20
77.30
79.70
82.00
82.90
85.10
87.10
85.10
87.10
87.60
88.90
89.90
91.00
91.30
90.10
88.10
88.50
89.80
92.10
92.00
91.90
93.00
93.80
95.00
95.10
95.90
96.30
96.50
96.50
96.60
96.60
96.50
96.00
94.80
94.50
91.20
87.40
85.20
84.00
81.80
81.00
79.00
75.50
72.50
71.60
71.40
69.79
68.04
67.05
64.89
63.58
62.02
62.44
59.99
61.87
61.12
59.46
57.82
58.05
57.71
58.19
56.82
55.63
76.30
77.80
62.65
58.98
58.64
58.17
58.36
59.38
62.17
60.19
63.13
67.60
65.04
58.63
59.02
59.21
59.84
60.03
60.99
69.16
72.20
73.30
71.60
67.77
71.90
76.40
76.00
78.50
81.90
76.00
73.80
77.70
76.80
75.00
72.80
69.87
71.90
73.60
75.30
78.50
81.30
83.50
85.10
84.70
84.90
85.60
86.10
86.40
86.90
87.30
87.60
89.30
88.80
88.30
88.40
88.90
90.00
90.50
90.70
90.30
89.80
90.70
91.50
91.60
90.70
90.70
90.50
89.70
88.50
88.00
89.20
88.40
89.20
89.00
85.40
82.90
82.00
80.90
78.90
77.60
77.40
76.20
76.60
75.60
73.00
74.40
74.90
73.40
69.47
70.20
69.01
69.69
71.70
78.20
87.10
88.50
90.10
90.90
90.60
93.00
91.30
86.70
82.30
81.90
82.00
83.20
86.50
86.10
86.30
88.20
93.80
97.00
97.60
97.80
97.80
97.60
97.80
97.90
98.00
98.10
98.20
98.20
98.30
98.30
98.30
98.20
98.10
98.00
97.80
97.70
97.70
97.70
97.50
97.40
97.40
97.40
97.10
96.90
96.90
97.00
97.00
97.10
97.20
97.30
97.50
97.60
97.70
97.80
97.80
97.50
97.40
97.10
97.00
96.80
96.90
96.90
96.90
97.10
97.20
97.30
97.20
97.10
96.90
96.70
96.40
96.20
96.10
95.50
93.70
91.10
89.00
87.80
85.40
83.30
81.50
79.50
77.30
74.70
71.70
71.60
69.15
68.07
64.77
61.14
60.73
60.13
62.85
62.55
60.05
64.61
65.56
62.60
61.40
61.52
63.73
65.38
65.90
60.62
60.63
61.37
59.75
61.70
62.27
63.72
63.33
55.46
52.35
51.90
51.98
54.16
57.32
60.18
61.55
63.00
65.26
65.73
66.03
65.12
66.38
66.78
67.13
68.08
69.54
71.00
72.40
73.10
74.10
75.10
75.10
74.80
74.50
75.30
75.60
76.20
75.90
75.90
76.60
76.10
75.60
75.90
77.10
80.00
80.20
83.80
88.50
85.40
83.90
80.00
78.30
78.50
77.90
78.20
79.30
83.20
82.00
80.40
79.50
80.20
80.20
80.20
80.30
78.60
77.10
75.90
73.00
70.10
65.65
64.10
61.86
57.24
54.39
50.45
50.45
48.94
46.56
46.87
47.61
48.81
47.79
47.83
46.01
48.39
48.70
46.54
46.29
44.33
42.00
42.62
43.96
43.85
42.43
41.91
40.86
40.50
41.61
42.27
37.90
38.81
40.21
40.90
40.09
39.75
38.93
36.93
36.90
38.67
41.10
43.97
46.12
48.13
50.32
51.44
52.29
53.31
50.41
46.96
48.26
48.12
48.73
48.59
47.75
50.88
49.92
52.23
64.14
59.87
59.59
60.50
54.54
53.23
54.43
63.53
64.93
81.70
81.90
62.57
56.93
61.32
56.37
55.74
71.60
58.11
54.72
56.99
77.90
75.70
69.98
74.70
72.90
71.90
71.40
67.18
70.50
81.40
79.30
71.50
67.14
68.61
68.31
62.92
62.11
57.64
53.83
50.57
44.22
43.37
43.95
38.92
38.61
37.90
37.66
34.38
34.85
34.10
32.48
32.26
31.82
32.26
31.66
31.34
31.39
31.17
30.85
31.01
31.94
32.23
31.93
31.39
31.37
30.58
30.99
31.29
30.66
29.65
32.49
32.28
32.57
33.49
33.39
30.60
30.70
32.47
35.85
44.18
47.19
48.85
51.32
48.47
49.04
51.08
49.78
56.57
56.39
55.35
56.72
56.74
60.47
64.16
63.81
61.40
58.14
60.67
62.59
64.82
59.28
49.06
47.41
48.24
51.64
56.21
60.98
67.99
72.00
75.40
78.90
81.70
84.10
86.00
90.10
89.40
83.90
77.70
78.90
82.30
84.10
84.10
84.80
85.60
89.20
90.20
86.80
85.80
83.60
76.00
68.81
62.47
61.80
61.68
62.17
61.73
59.16
58.59
54.14
51.71
46.76
43.71
41.52
41.96
41.71
43.00
42.35
43.36
43.54
41.89
37.75
35.87
36.77
36.20
36.56
37.11
38.03
37.59
37.07
35.95
35.29
34.83
34.42
34.65
34.42
34.31
32.71
31.55
31.39
30.62
30.93
30.62
30.33
31.26
38.24
40.37
44.46
50.14
53.39
57.46
63.15
64.49
63.60
60.82
65.57
70.30
70.30
68.44
69.01
68.83
64.77
62.54
62.25
61.69
59.25
59.77
58.15
59.43
55.57
58.05
62.01
62.65
65.61
65.30
64.48
63.36
63.44
64.75
68.53
71.30
74.60
77.80
81.90
84.10
87.10
87.40
88.50
88.00
88.80
90.60
92.10
93.40
92.30
87.50
79.50
76.90
75.10
73.20
70.10
69.42
67.63
66.16
61.02
58.94
56.39
55.40
51.66
49.56
47.14
45.79
44.33
42.59
44.03
43.39
43.51
43.62
44.10
44.86
44.72
44.82
45.19
44.73
44.69
44.90
42.95
43.52
41.20
40.77
39.80
36.26
37.35
38.21
38.19
37.55
35.51
36.55
37.20
37.90
38.17
41.80
44.93
47.34
50.13
52.21
54.11
52.23
50.00
50.55
53.38
59.63
60.42
58.94
57.28
53.41
54.19
55.57
55.84
56.24
55.48
53.96
55.61
55.33
54.30
53.82
55.13
56.44
55.44
54.77
58.20
59.03
65.05
65.90
65.17
64.25
66.89
75.10
77.60
80.90
78.50
83.00
86.50
89.30
89.60
90.20
90.60
91.40
92.40
92.60
91.30
89.50
86.70
84.70
83.40
81.50
78.40
76.90
74.60
72.70
71.60
69.60
65.48
64.55
63.84
63.54
62.78
61.26
61.97
62.62
61.27
59.47
58.16
55.83
55.99
54.88
53.67
50.69
51.33
50.49
44.51
44.70
44.82
44.21
42.77
44.31
44.38
43.82
44.55
46.89
44.45
45.35
46.26
46.33
46.84
46.26
47.28
49.20
51.41
52.02
51.54
52.86
53.61
55.15
56.77
54.60
50.03
47.18
46.57
45.11
45.67
46.60
48.75
52.49
58.64
64.46
74.00
75.20
75.50
76.10
75.60
76.40
78.40
79.90
81.40
83.80
83.70
83.80
84.50
84.80
84.80
84.70
85.10
85.70
86.10
86.80
87.60
87.50
87.50
87.60
87.80
88.20
88.70
88.70
89.00
88.80
88.90
88.20
84.70
81.90
80.50
78.70
76.60
75.50
74.40
72.20
71.00
67.12
66.18
65.86
63.96
63.74
63.09
61.69
61.99
60.89
62.66
61.94
60.06
57.20
57.60
60.44
57.07
54.78
54.67
52.78
52.43
53.70
56.85
61.06
59.07
68.77
68.97
75.30
75.00
76.20
78.20
77.30
76.80
76.70
78.10
81.40
84.60
86.30
88.00
91.00
93.10
94.00
94.70
94.70
94.80
95.50
96.00
96.20
96.40
96.60
96.70
96.50
96.50
96.70
96.60
96.90
97.00
96.90
97.00
97.10
97.10
97.20
97.20
97.30
97.30
97.40
97.40
97.50
97.50
97.50
97.70
97.50
97.60
97.70
97.80
97.70
97.80
98.00
97.90
98.00
97.90
97.90
98.00
97.80
97.80
98.00
98.00
97.70
96.50
91.40
84.80
84.40
85.30
87.40
85.30
80.40
77.00
71.30
71.50
71.20
66.87
66.13
70.00
69.81
62.29
61.09
63.13
62.23
64.10
61.48
61.63
58.08
58.49
57.92
56.60
56.04
54.13
51.99
51.66
51.12
50.02
48.92
46.86
47.59
45.96
45.89
46.56
49.33
47.71
47.05
51.80
56.54
62.22
63.93
63.75
62.94
66.48
65.03
64.72
63.28
67.58
68.10
70.50
76.40
77.80
77.80
77.20
77.30
79.10
80.80
82.10
82.70
83.40
83.80
83.60
84.00
84.10
83.20
82.80
80.80
81.90
86.50
87.00
85.70
86.00
86.20
86.20
84.90
83.50
84.60
86.20
88.00
91.30
91.90
95.00
96.00
96.20
96.40
96.70
97.00
96.80
95.80
95.90
95.30
93.90
92.50
91.90
90.50
87.30
85.00
80.60
75.70
70.80
70.40
71.40
72.10
70.10
69.60
66.61
67.56
66.03
62.94
63.05
64.20
64.69
64.12
62.60
63.08
57.98
58.30
56.74
55.31
53.77
53.04
50.95
50.24
49.94
49.12
49.41
49.59
48.85
47.93
46.62
46.26
47.24
44.46
44.65
45.73
46.83
51.80
54.66
58.37
65.18
66.06
68.93
69.77
71.30
72.10
70.90
71.30
72.10
72.50
74.70
77.10
77.00
78.70
78.90
80.80
81.30
82.10
84.20
87.90
87.90
87.60
88.60
89.10
90.70
89.50
87.60
82.60
82.10
81.20
86.00
84.60
87.60
90.20
91.20
93.90
94.60
95.60
96.30
96.40
96.70
96.80
97.00
96.70
96.60
96.50
94.80
93.70
93.10
89.80
85.60
83.90
80.20
77.80
77.10
74.80
71.10
67.03
62.34
62.04
58.15
61.08
60.86
59.74
61.42
58.77
56.15
55.65
55.74
52.22
52.86
52.85
57.34
55.52
50.44
48.95
46.14
47.66
46.46
45.90
46.46
48.97
56.10
59.52
60.51
61.65
65.15
62.26
63.77
67.34
74.20
75.40
75.50
75.30
76.00
78.90
77.10
79.50
80.10
80.70
83.20
84.10
84.20
83.80
85.10
84.30
83.00
79.60
76.30
79.40
83.70
82.80
82.30
81.20
82.50
85.40
83.90
85.40
85.80
84.80
89.10
93.50
91.80
92.30
93.30
94.20
94.30
93.70
93.60
94.60
94.80
95.50
94.40
94.70
95.10
93.90
90.80
91.20
92.30
92.20
91.10
91.60
94.30
94.30
92.50
89.20
85.40
82.90
78.20
77.70
74.60
72.60
70.90
69.83
68.49
64.99
60.42
60.69
58.68
59.26
59.21
56.95
53.98
53.91
53.60
54.40
51.63
52.15
49.52
48.26
47.02
47.76
46.10
45.61
45.40
45.03
46.54
47.06
46.46
44.31
42.59
44.58
46.22
45.48
44.97
43.61
43.51
41.61
43.81
47.48
48.52
51.26
57.16
57.99
57.48
59.19
61.58
59.30
58.40
61.90
64.97
64.72
65.60
66.41
65.37
66.65
64.82
62.88
61.84
61.63
63.27
64.39
64.57
63.80
63.14
63.48
61.57
62.01
64.84
67.17
74.00
81.90
85.10
88.40
89.50
88.70
87.90
90.40
91.90
93.30
92.50
88.80
87.40
88.50
89.70
90.30
90.00
90.40
89.10
88.00
85.60
82.90
79.40
78.80
77.40
75.30
73.30
72.90
73.00
73.10
72.10
70.00
70.20
68.14
63.73
61.43
60.35
60.30
57.81
56.61
56.03
55.39
53.99
55.03
59.28
60.83
63.32
63.20
60.54
57.49
58.01
54.91
51.45
54.24
59.25
60.21
56.77
53.28
59.08
58.93
54.94
59.58
67.94
70.90
72.00
73.00
71.70
60.54
61.32
59.85
65.13
66.80
70.50
74.50
77.50
79.40
79.70
80.30
80.70
81.10
82.20
83.00
83.00
83.50
85.00
87.50
89.00
90.30
87.80
80.90
77.90
77.90
78.60
79.30
79.10
79.00
78.90
80.10
82.40
83.10
83.90
84.80
84.00
84.50
85.50
86.10
88.10
88.90
90.00
90.80
91.30
91.50
91.20
89.90
87.70
88.00
87.40
87.20
83.50
80.00
78.20
78.00
77.10
77.30
79.20
79.30
76.00
77.10
74.90
71.60
71.00
70.50
68.20
66.60
66.39
66.30
67.21
67.84
65.57
64.72
58.35
59.18
59.82
59.52
59.18
59.20
58.80
58.46
59.05
59.77
59.97
61.80
63.78
64.80
65.29
67.55
69.63
72.50
75.10
77.40
79.20
80.40
82.50
83.10
82.90
83.30
84.20
84.60
85.00
91.00
94.70
95.50
95.20
95.80
96.10
96.20
95.90
94.60
94.40
94.20
93.80
93.20
93.80
94.70
94.80
94.00
93.10
93.00
93.50
94.30
95.10
95.80
96.30
96.60
96.60
96.60
96.60
96.30
96.40
96.90
97.10
97.30
97.20
96.90
96.70
96.50
96.30
95.90
96.10
96.50
96.60
96.70
96.70
96.40
95.90
95.20
93.90
91.90
88.70
86.60
84.50
84.60
82.90
82.00
80.50
81.20
80.20
76.30
74.90
73.10
75.00
74.20
73.10
73.10
72.20
71.20
69.25
67.58
66.22
63.00
61.53
58.33
55.47
58.65
60.26
60.64
63.40
63.25
62.96
63.17
62.13
60.78
60.16
58.18
57.37
58.68
58.55
60.13
63.26
65.13
66.01
67.69
67.13
69.74
72.60
73.70
74.40
74.70
75.10
73.30
77.30
81.40
81.80
83.20
84.70
86.40
87.20
88.00
89.20
90.20
90.50
89.60
88.00
87.00
86.20
83.40
83.20
84.00
84.40
84.30
85.40
87.70
90.00
91.10
92.00
93.30
93.20
93.10
93.50
93.70
93.80
94.30
94.40
94.30
94.50
94.40
94.20
93.40
93.20
93.20
92.90
92.20
90.90
90.70
90.90
91.80
93.40
94.00
93.50
93.20
93.70
93.30
92.40
91.00
89.00
87.50
86.40
86.30
86.00
85.50
86.20
87.20
86.60
85.90
85.10
84.80
84.30
81.60
80.40
78.00
77.20
75.90
73.50
72.40
71.10
71.50
73.00
73.20
74.80
76.40
78.50
93.60
96.70
97.10
97.20
97.30
97.50
97.60
97.70
97.70
97.70
97.80
97.80
97.90
97.90
97.90
97.90
98.00
98.00
98.00
98.00
98.00
98.00
98.10
98.10
98.10
98.10
98.10
98.10
98.20
98.20
98.20
98.20
98.20
98.20
98.20
98.20
98.30
98.30
98.20
98.20
98.20
98.20
98.20
98.20
98.20
98.20
98.20
98.20
98.20
98.10
98.10
98.10
98.00
97.80
97.70
97.20
94.60
90.50
87.00
84.80
84.40
81.30
79.30
76.90
74.20
72.00
72.80
72.30
72.70
72.00
70.60
70.30
69.99
70.50
70.40
70.50
69.48
71.70
71.90
70.70
79.90
83.00
84.00
85.80
85.10
84.20
87.10
83.40
83.30
82.10
84.10
84.90
83.70
82.90
82.90
82.80
83.10
84.30
85.20
85.80
86.50
86.10
85.70
86.10
85.20
85.20
85.50
86.50
87.20
88.10
89.10
90.00
91.40
91.90
92.30
93.20
93.90
94.70
95.00
95.60
96.00
96.30
96.60
96.90
97.10
97.20
97.10
96.90
96.70
96.40
96.60
97.00
97.00
96.50
96.30
96.40
96.10
96.00
95.70
95.90
96.20
96.10
95.70
95.70
95.40
95.50
95.00
94.40
93.50
92.10
90.60
88.80
86.90
84.10
82.10
79.70
78.10
76.10
76.00
74.00
72.80
70.40
69.34
69.40
67.73
65.70
64.54
64.55
63.12
62.03
58.05
60.09
60.58
58.39
58.84
57.91
57.05
55.37
54.52
54.63
52.66
52.29
51.57
51.31
52.26
51.74
52.66
52.22
52.77
52.15
52.97
52.06
51.61
53.79
56.20
58.02
60.05
61.90
62.15
63.09
62.61
63.62
65.89
69.04
70.90
69.79
69.55
67.83
69.41
69.52
70.40
71.60
72.20
71.70
71.90
73.40
73.40
73.80
74.10
71.90
70.30
72.70
75.00
74.70
75.80
77.70
79.00
78.80
76.60
76.10
75.60
74.60
74.80
73.00
73.80
78.10
81.60
84.10
83.90
82.30
82.50
81.10
80.20
78.80
81.50
82.40
81.50
81.10
81.00
78.40
74.60
73.40
70.90
65.13
60.88
64.35
65.47
63.35
62.41
59.87
60.01
59.16
54.18
50.45
53.40
53.77
52.50
51.23
49.96
48.69
47.42
46.16
46.27
44.74
43.98
45.37
43.21
45.82
47.37
48.93
52.62
53.13
53.32
54.42
55.24
58.63
62.43
65.99
68.23
68.58
69.91
68.35
69.30
66.67
67.39
66.52
65.16
61.48
59.16
58.61
60.33
62.23
63.20
64.31
67.45
69.29
68.14
66.32
67.92
66.19
63.43
63.64
64.23
65.64
68.92
70.80
69.23
70.20
69.02
69.93
74.10
80.10
81.20
83.40
86.10
84.80
82.30
83.70
86.10
88.50
93.00
95.00
95.00
94.40
95.00
95.50
95.00
94.80
94.70
93.20
90.70
86.50
84.20
82.10
80.80
76.00
66.38
62.33
60.87
60.59
58.82
60.26
59.68
57.55
54.63
54.70
51.98
51.71
49.59
49.24
43.06
41.69
43.36
41.54
47.03
41.58
42.42
40.26
40.04
40.77
40.88
41.73
38.74
38.41
40.79
40.34
42.65
40.46
40.01
39.65
38.73
36.72
38.94
43.52
46.37
47.16
47.77
49.87
52.08
52.71
56.05
57.87
60.16
61.76
63.09
57.65
58.94
58.43
56.44
57.48
57.52
55.82
55.32
60.38
69.79
73.00
68.08
67.49
68.62
69.43
71.40
72.20
72.50
71.80
72.10
70.10
69.51
70.50
73.00
74.20
73.90
74.50
73.10
74.50
73.40
75.40
77.70
77.20
76.50
78.40
82.80
87.00
87.20
84.30
88.90
90.20
88.20
86.00
82.70
78.40
74.90
72.00
72.10
74.50
75.60
74.90
72.20
71.60
67.42
66.56
60.41
59.14
60.51
58.21
54.63
52.14
51.35
50.04
46.99
44.61
44.49
46.84
46.84
45.74
45.15
44.19
48.10
47.20
49.35
46.39
47.35
46.11
44.43
45.16
43.99
43.41
42.79
43.43
42.40
43.80
42.10
44.31
46.62
49.20
50.08
51.26
51.05
58.50
60.50
59.15
63.93
63.42
62.44
61.72
63.68
64.80
63.97
65.66
67.54
70.90
75.00
76.10
75.30
73.10
73.10
73.00
72.90
73.00
75.80
76.60
80.90
85.30
86.70
87.60
86.00
84.40
79.50
83.40
77.90
77.10
77.10
81.50
87.40
90.60
91.70
91.80
89.70
89.40
90.50
91.00
92.10
92.00
91.60
92.10
91.90
90.40
88.80
87.30
85.60
84.40
80.90
77.20
74.70
72.70
69.07
62.75
56.50
56.96
55.48
55.67
54.40
52.74
52.58
51.04
49.46
49.53
51.25
50.63
50.01
48.53
46.42
47.12
46.52
45.60
43.80
45.25
44.43
42.93
44.16
44.14
44.09
43.91
44.77
46.16
46.98
46.81
45.99
47.85
54.40
60.69
65.27
68.65
71.30
73.60
76.80
79.80
81.70
83.40
83.60
84.90
84.60
83.30
81.30
80.00
78.20
78.10
79.10
79.70
81.50
82.10
82.60
82.10
78.30
77.30
74.10
71.50
72.80
76.50
79.90
84.90
87.50
86.10
83.00
83.60
85.60
84.60
85.20
85.90
86.10
87.20
88.10
89.70
90.70
91.80
92.10
91.10
90.50
91.70
92.70
92.20
89.90
87.50
85.30
82.40
80.10
78.00
75.80
74.10
73.50
72.60
72.20
70.70
70.10
67.11
66.37
66.73
66.34
65.85
65.55
66.18
66.69
64.50
62.68
61.90
60.63
59.22
59.02
66.24
78.20
81.20
80.60
84.70
91.20
90.80
92.10
91.60
90.60
87.20
86.00
88.00
90.30
89.90
90.50
91.90
92.70
92.80
93.20
94.00
93.50
93.90
92.60
92.90
92.90
91.10
91.40
91.10
91.10
91.40
90.40
90.90
91.90
92.70
93.20
93.00
92.30
92.10
91.60
90.90
89.90
90.10
90.40
90.50
91.10
91.30
91.30
91.50
92.10
92.10
91.70
92.10
92.10
92.10
92.50
92.30
92.20
92.30
92.10
92.00
91.60
91.20
90.90
90.50
90.50
90.10
89.70
89.40
89.20
88.60
87.10
85.10
84.00
83.20
81.30
79.20
77.20
76.10
76.10
76.40
76.10
78.40
81.80
79.60
76.30
73.70
71.60
72.60
80.30
82.20
81.80
80.50
79.20
74.50
72.10
71.80
72.60
80.00
85.00
88.80
91.50
93.00
92.30
92.70
93.10
92.70
91.60
90.00
89.80
90.00
88.90
89.90
90.30
90.10
91.40
92.30
93.30
93.90
93.30
91.70
91.80
92.10
92.30
92.30
91.30
91.10
91.10
91.00
91.10
91.50
92.10
92.20
92.70
93.00
92.60
92.50
91.70
91.30
92.10
92.50
93.60
94.70
95.00
95.30
95.50
95.50
95.80
95.70
95.50
95.50
94.10
93.50
93.20
92.70
93.70
94.70
95.40
95.30
95.20
95.40
95.60
95.70
95.80
95.90
96.00
96.10
96.20
96.20
96.00
93.70
88.40
84.80
82.20
83.30
81.00
79.30
78.20
77.80
75.00
72.30
70.50
69.72
77.70
76.60
76.10
75.70
75.80
79.50
88.80
92.50
93.20
93.50
94.40
94.80
95.30
95.50
95.50
95.40
95.50
95.50
95.40
95.30
95.50
95.10
93.80
92.80
93.50
94.10
94.60
95.00
95.10
95.20
95.40
95.60
95.70
95.80
95.80
95.90
96.00
96.10
96.10
96.00
95.90
95.90
95.80
95.80
95.90
96.00
96.00
96.00
96.00
96.00
96.00
96.10
96.20
96.30
96.30
96.30
96.20
96.10
95.90
95.90
95.90
95.80
95.70
95.40
95.30
95.40
94.90
93.90
94.10
94.30
94.70
95.10
95.40
95.60
95.50
95.50
95.80
96.00
96.00
94.70
91.30
88.40
85.00
82.40
81.40
81.10
81.00
80.40
77.30
77.50
75.70
75.40
73.70
73.40
72.10
70.90
69.63
67.64
67.26
67.09
68.19
67.94
65.93
64.08
63.25
61.19
61.99
64.69
69.78
77.50
80.70
82.20
80.00
79.00
79.80
78.80
80.20
78.90
78.80
80.40
82.70
83.00
83.60
84.40
85.30
86.30
86.90
84.80
84.80
93.30
95.00
95.40
95.50
95.40
95.60
95.70
95.70
95.70
95.80
95.90
95.90
96.10
96.20
96.10
96.10
96.00
95.90
95.90
95.80
95.70
95.50
94.80
93.80
93.90
94.10
93.90
93.70
93.90
93.70
93.70
93.90
93.90
94.00
93.80
93.50
93.10
92.60
92.40
92.00
92.10
92.20
92.30
92.40
92.40
92.20
92.20
91.80
90.50
88.30
86.90
84.60
83.10
82.80
82.60
81.20
80.00
79.30
78.90
78.50
77.10
75.60
74.00
74.40
74.80
73.90
71.90
70.80
68.74
66.41
65.08
64.63
64.93
67.24
67.05
74.00
85.30
91.30
93.20
94.40
95.00
95.40
95.60
95.60
95.10
93.70
93.50
94.10
94.70
95.00
93.90
92.90
92.90
93.40
93.90
93.20
93.00
93.00
93.70
94.20
94.70
94.70
94.90
95.00
95.20
95.20
94.90
94.70
94.80
95.00
95.20
95.40
95.40
95.50
95.70
95.80
96.00
96.10
96.30
96.40
96.40
96.50
96.50
96.50
96.60
96.60
96.60
96.70
96.60
96.70
96.70
96.70
96.70
96.80
96.90
96.90
96.90
96.90
96.90
96.90
96.90
96.90
96.90
96.80
96.60
96.30
91.00
84.80
84.50
83.90
81.50
78.80
77.30
75.60
75.30
74.80
73.60
70.80
70.60
69.81
68.98
67.93
67.78
66.99
64.11
65.24
65.49
77.70
89.50
89.00
88.70
91.90
92.30
91.90
92.50
92.10
92.90
93.50
93.70
93.40
93.20
92.50
92.30
93.50
94.10
94.20
94.00
94.10
94.50
94.70
95.00
95.20
95.40
95.70
95.90
95.90
95.90
95.80
95.60
95.30
94.70
95.40
95.50
95.40
95.40
95.40
95.30
95.50
95.70
95.60
95.20
95.00
95.30
95.30
95.40
95.70
95.90
96.00
96.10
96.20
96.20
96.20
96.00
96.20
96.10
96.20
96.20
96.20
96.20
96.20
96.20
96.40
96.60
96.70
96.80
96.80
96.80
96.80
96.80
96.50
96.10
93.90
90.20
90.60
86.30
82.90
81.40
78.30
76.40
75.70
72.30
70.40
68.51
70.10
66.08
64.97
64.26
65.15
64.97
63.10
64.12
67.28
63.08
59.32
58.81
59.35
59.39
57.73
55.19
56.63
55.97
53.77
54.15
54.35
55.16
58.40
60.61
65.39
69.14
67.63
68.63
73.10
76.50
79.00
79.90
81.30
83.60
84.10
85.30
86.40
85.70
85.00
85.00
85.30
86.20
87.40
87.80
88.30
88.00
87.00
86.70
86.40
87.00
87.80
89.30