63.32
67.81
72.30
72.75
73.20
72.35
71.50
72.50
73.50
74.75
76.00
75.55
75.10
76.40
77.70
78.95
80.20
81.05
81.90
82.80
83.70
84.35
85.00
85.80
86.60
86.30
86.00
85.10
84.20
83.15
82.10
81.05
80.00
77.75
75.50
72.04
68.57
66.49
64.41
61.85
59.29
56.18
53.06
51.86
50.66
48.21
45.75
43.70
41.64
40.78
39.92
38.69
37.46
36.82
36.18
37.86
39.54
40.91
42.28
42.58
42.88
42.75
42.61
45.14
47.66
45.87
44.08
40.85
37.61
39.60
41.59
40.78
39.97
40.20
40.43
40.13
39.82
40.19
40.56
42.33
44.10
45.71
47.32
48.90
50.48
51.31
52.14
52.07
52.00
53.27
54.54
53.96
53.38
53.96
54.54
55.61
56.67
57.16
57.64
60.03
62.42
63.84
65.26
65.66
66.05
66.63
67.21
67.78
68.35
70.08
71.80
72.05
72.30
72.30
72.30
71.85
71.40
71.60
71.80
70.90
70.00
68.28
66.55
66.53
66.50
68.60
70.70
70.10
69.50
67.98
66.45
64.35
62.24
59.33
56.42
54.98
53.53
57.97
62.40
62.24
62.07
59.66
57.25
56.89
56.53
56.73
56.93
56.02
55.10
54.32
53.54
53.22
52.90
52.56
52.21
52.21
52.21
52.06
51.91
52.09
52.26
52.50
52.74
53.57
54.39
55.06
55.72
56.86
58.00
59.22
60.43
61.01
61.59
63.01
64.43
68.97
73.50
74.85
76.20
75.85
75.50
75.50
75.50
75.95
76.40
76.95
77.50
78.20
78.90
79.70
80.50
81.25
82.00
82.45
82.90
83.30
83.70
84.40
85.10
86.05
87.00
87.85
88.70
89.50
90.30
90.85
91.40
91.80
92.20
92.35
92.50
92.25
92.00
91.65
91.30
89.90
88.50
85.75
83.00
81.50
80.00
77.30
74.60
73.20
71.80
68.76
65.71
63.56
61.41
60.74
60.06
59.59
59.12
58.89
58.65
57.63
56.61
56.24
55.87
55.51
55.14
54.74
54.33
53.78
53.22
53.23
53.24
52.86
52.47
52.84
53.21
53.36
53.50
53.92
54.33
55.76
57.18
57.35
57.51
57.84
58.16
59.35
60.53
60.99
61.44
62.09
62.74
62.68
62.61
63.02
63.42
63.92
64.41
64.08
63.75
63.16
62.57
62.38
62.19
62.38
62.56
62.30
62.04
61.01
59.97
58.59
57.20
55.80
54.40
53.67
52.94
54.02
55.10
56.33
57.56
57.57
57.57
57.46
57.34
58.38
59.42
60.49
61.55
61.98
62.40
63.33
64.26
63.52
62.78
61.92
61.05
61.14
61.23
61.54
61.84
62.57
63.29
64.51
65.73
66.16
66.58
62.93
59.28
57.30
55.31
53.43
51.54
50.78
50.01
50.02
50.02
49.62
49.21
47.97
46.72
47.01
47.29
47.73
48.16
46.80
45.43
43.62
41.81
39.68
37.55
36.14
34.73
33.42
32.11
30.60
29.08
28.97
28.85
29.14
29.42
30.16
30.90
31.53
32.16
33.44
34.72
35.66
36.59
37.70
38.80
39.92
41.04
41.81
42.57
43.66
44.75
45.69
46.63
46.19
45.74
44.95
44.15
44.51
44.87
45.48
46.09
45.48
44.86
45.84
46.81
47.07
47.32
47.94
48.55
49.75
50.94
51.42
51.89
52.16
52.43
50.98
49.53
49.60
49.67
50.19
50.71
51.36
52.01
53.28
54.54
55.49
56.43
56.20
55.97
55.00
54.02
52.57
51.11
47.77
44.43
42.00
39.57
38.05
36.52
35.46
34.39
33.64
32.89
32.00
31.10
30.46
29.81
29.08
28.34
27.50
26.65
26.14
25.63
25.24
24.84
24.30
23.75
22.99
22.22
21.77
21.32
21.24
21.16
20.88
20.60
20.65
20.70
20.57
20.44
20.31
20.17
20.41
20.65
21.21
21.77
22.61
23.44
23.89
24.33
25.37
26.41
28.14
29.87
32.28
34.69
35.40
36.10
36.92
37.74
39.04
40.34
40.58
40.82
41.15
41.48
42.05
42.62
43.31
43.99
45.73
47.47
49.68
51.88
53.03
54.18
55.13
56.07
56.62
57.17
57.68
58.19
57.70
57.20
57.30
57.40
57.82
58.24
58.53
58.81
59.24
59.66
60.13
60.59
61.08
61.57
61.73
61.89
61.95
62.01
58.92
55.82
53.89
51.96
48.91
45.86
42.71
39.55
37.52
35.49
34.12
32.74
30.92
29.09
28.19
27.28
25.59
23.89
22.70
21.50
21.18
20.86
20.30
19.73
19.49
19.24
19.44
19.64
20.03
20.42
20.68
20.94
21.28
21.62
21.87
22.11
22.52
22.93
23.71
24.49
25.58
26.66
27.50
28.33
29.12
29.91
29.32
28.72
29.16
29.59
31.00
32.41
32.84
33.26
34.41
35.55
36.40
37.25
37.44
37.63
37.32
37.01
38.30
39.59
39.93
40.27
40.17
40.06
40.12
40.18
39.90
39.61
40.98
42.35
42.92
43.48
44.72
45.95
45.52
45.08
44.86
44.63
44.63
44.63
45.00
45.36
45.79
46.22
46.17
46.11
46.66
47.21
46.92
46.63
47.05
47.46
49.17
50.87
51.40
51.92
49.37
46.82
43.14
39.45
39.41
39.36
38.15
36.94
34.56
32.17
31.64
31.11
28.89
26.67
26.02
25.36
25.15
24.93
24.21
23.48
22.40
21.32
20.82
20.31
20.19
20.06
20.36
20.65
20.56
20.46
20.59
20.71
21.57
22.42
24.07
25.71
27.07
28.43
28.48
28.52
29.33
30.13
30.94
31.74
32.69
33.64
33.69
33.73
34.65
35.56
36.55
37.53
37.13
36.72
35.68
34.64
34.29
33.94
33.36
32.78
34.44
36.09
38.01
39.92
42.66
45.40
46.88
48.35
49.45
50.54
48.59
46.63
45.49
44.34
45.94
47.54
49.28
51.02
50.14
49.26
49.21
49.16
50.82
52.47
55.09
57.70
59.69
61.68
60.51
59.33
59.19
59.05
59.73
60.41
60.53
60.65
59.72
58.78
55.90
53.02
50.81
48.60
46.27
43.93
41.91
39.89
39.11
38.33
37.20
36.07
35.77
35.47
35.30
35.13
34.65
34.17
33.77
33.37
32.85
32.33
32.28
32.22
32.34
32.46
32.10
31.73
31.73
31.72
32.24
32.76
33.53
34.30
35.05
35.80
35.46
35.12
36.24
37.35
39.73
42.11
44.19
46.26
47.44
48.62
49.31
50.00
51.14
52.27
52.76
53.25
52.76
52.26
51.89
51.51
52.96
54.40
56.07
57.74
59.57
61.39
62.45
63.51
64.37
65.23
66.51
67.79
71.40
75.00
81.35
87.70
88.75
89.80
90.35
90.90
90.55
90.20
90.15
90.10
89.85
89.60
89.20
88.80
88.65
88.50
88.15
87.80
87.05
86.30
87.20
88.10
88.55
89.00
88.35
87.70
86.70
85.70
85.85
86.00
84.75
83.50
81.30
79.10
80.55
82.00
83.10
84.20
84.15
84.10
84.70
85.30
84.65
84.00
85.60
87.20
87.45
87.70
87.75
87.80
87.55
87.30
88.30
89.30
89.40
89.50
89.95
90.40
90.45
90.50
90.05
89.60
89.70
89.80
90.10
90.40
90.85
91.30
91.70
92.10
92.30
92.50
92.65
92.80
92.95
93.10
93.20
93.30
93.35
93.40
93.45
93.50
93.50
93.50
93.35
93.20
93.10
93.00
92.95
92.90
92.65
92.40
92.50
92.60
92.60
92.60
92.70
92.80
92.80
92.80
92.70
92.60
92.55
92.50
92.40
92.30
91.75
91.20
91.05
90.90
91.00
91.10
91.70
92.30
92.55
92.80
92.80
92.80
92.55
92.30
91.75
91.20
90.30
89.40
88.80
88.20
86.80
85.40
83.95
82.50
81.55
80.60
78.50
76.40
75.25
74.10
72.95
71.80
71.20
70.60
70.17
69.74
69.07
68.39
66.36
64.32
63.02
61.71
61.14
60.57
60.12
59.67
60.09
60.51
63.10
65.69
68.10
70.50
72.35
74.20
74.55
74.90
76.30
77.70
78.05
78.40
78.65
78.90
78.95
79.00
79.85
80.70
81.40
82.10
82.10
82.10
82.35
82.60
82.20
81.80
82.75
83.70
85.45
87.20
87.70
88.20
87.90
87.60
88.00
88.40
88.95
89.50
90.10
90.70
91.10
91.50
91.20
90.90
91.70
92.50
92.70
92.90
93.05
93.20
93.30
93.40
93.45
93.50
93.50
93.50
93.50
93.50
91.65
89.80
85.80
81.80
78.55
75.30
73.45
71.60
68.09
64.57
61.85
59.13
56.93
54.73
50.99
47.24
45.36
43.47
42.41
41.35
39.60
37.84
37.53
37.22
37.79
38.35
38.06
37.76
37.58
37.39
37.36
37.32
36.81
36.29
38.31
40.32
41.12
41.92
41.54
41.16
45.17
49.18
50.91
52.63
54.21
55.78
55.55
55.32
56.00
56.68
57.20
57.72
58.87
60.01
60.93
61.85
62.70
63.54
64.45
65.35
66.50
67.65
68.79
69.92
71.91
73.90
74.35
74.80
74.60
74.40
75.55
76.70
79.55
82.40
84.35
86.30
85.85
85.40
85.00
84.60
86.05
87.50
88.20
88.90
89.65
90.40
90.90
91.40
91.95
92.50
92.75
93.00
93.05
93.10
91.90
90.70
88.90
87.10
83.15
79.20
73.28
67.35
65.91
64.47
60.41
56.35
54.95
53.55
50.76
47.96
45.77
43.58
39.41
35.24
32.47
29.70
30.30
30.90
30.24
29.57
26.62
23.67
23.52
23.36
22.80
22.23
22.22
22.20
22.48
22.76
22.14
21.51
23.45
25.39
24.26
23.12
21.75
20.37
20.89
21.40
21.93
22.46
22.92
23.37
27.36
31.34
31.40
31.45
33.58
35.71
37.70
39.68
40.75
41.82
43.91
45.99
46.80
47.60
47.75
47.89
50.65
53.40
54.68
55.96
58.79
61.62
63.16
64.70
66.73
68.75
71.18
73.60
73.15
72.70
73.15
73.60
75.50
77.40
73.29
69.18
63.52
57.86
58.30
58.74
54.97
51.19
50.24
49.29
50.98
52.67
52.35
52.02
50.78
49.54
49.63
49.71
49.83
49.94
48.62
47.29
46.30
45.30
44.93
44.56
43.41
42.26
40.87
39.48
38.10
36.72
34.63
32.54
31.98
31.41
28.77
26.13
24.17
22.21
23.95
25.68
24.22
22.76
22.68
22.59
23.16
23.73
25.32
26.91
26.67
26.43
29.15
31.86
32.01
32.16
31.46
30.75
30.76
30.76
31.70
32.64
34.74
36.83
38.93
41.03
42.14
43.25
43.62
43.99
43.20
42.40
42.74
43.08
43.12
43.16
43.66
44.15
45.73
47.31
48.07
48.83
49.11
49.39
50.12
50.84
52.40
53.96
53.95
53.94
56.33
58.71
60.81
62.90
61.11
59.31
61.05
62.78
62.96
63.13
65.57
68.01
68.75
69.48
69.60
69.72
69.38
69.04
68.01
66.97
66.78
66.59
67.49
68.39
66.56
64.72
62.50
60.28
58.17
56.05
53.59
51.12
49.03
46.93
44.26
41.58
40.23
38.87
35.73
32.58
31.98
31.38
32.51
33.63
33.66
33.69
36.93
40.16
41.79
43.42
43.71
43.99
45.72
47.44
49.51
51.57
53.69
55.81
52.02
48.22
45.84
43.46
45.15
46.83
46.95
47.07
45.94
44.81
44.74
44.66
46.36
48.05
49.26
50.47
52.14
53.80
54.61
55.41
56.35
57.28
57.17
57.06
58.02
58.98
59.58
60.18
59.22
58.26
57.51
56.75
58.25
59.74
62.01
64.27
64.19
64.11
64.16
64.21
64.17
64.13
63.80
63.46
63.84
64.21
65.69
67.16
67.51
67.85
68.26
68.66
68.57
68.47
68.37
68.26
67.93
67.60
67.71
67.82
67.13
66.43
67.18
67.93
68.08
68.22
65.52
62.82
60.80
58.78
56.93
55.08
54.16
53.24
51.38
49.51
47.70
45.88
46.54
47.20
47.34
47.48
46.58
45.67
45.76
45.84
45.33
44.81
44.99
45.17
45.67
46.17
45.51
44.85
46.69
48.52
47.97
47.41
48.77
50.12
49.52
48.91
47.85
46.78
46.90
47.01
47.41
47.80
50.61
53.42
54.25
55.07
54.91
54.74
55.17
55.59
55.74
55.88
55.74
55.59
56.67
57.74
58.81
59.87
61.50
63.12
64.14
65.15
66.04
66.93
67.76
68.59
69.45
70.30
70.95
71.60
71.45
71.30
70.95
70.60
70.85
71.10
70.85
70.60
72.10
73.60
73.75
73.90
74.40
74.90
75.50
76.10
76.40
76.70
76.65
76.60
75.10
73.60
72.55
71.50
70.49
69.48
68.81
68.13
65.53
64.61
62.76
62.54
60.90
63.34
62.70
61.54
61.32
61.03
60.94
60.43
61.23
60.31
59.30
58.74
58.38
57.77
58.55
58.32
59.01
59.55
60.70
60.43
60.90
61.26
62.08
63.37
64.73
65.26
65.57
65.77
66.50
67.47
67.73
68.53
69.07
69.26
69.22
69.66
71.10
72.30
73.50
73.50
73.80
74.20
76.30
76.70
77.60
77.80
78.10
78.50
78.20
77.50
77.10
77.30
78.00
78.70
79.30
79.80
80.00
79.90
80.20
81.00
81.60
82.60
82.10
82.20
82.70
83.60
83.00
82.60
82.90
82.60
82.20
83.00
82.70
82.40
86.00
89.20
90.00
87.50
88.30
88.80
87.90
85.50
84.00
82.20
80.10
78.40
76.90
74.30
73.00
70.30
70.90
68.82
68.25
67.00
65.60
64.20
63.08
60.85
59.65
59.82
59.19
58.92
57.14
56.36
56.28
55.37
54.58
53.36
53.62
52.02
53.13
52.90
53.26
53.66
54.10
55.00
54.84
54.77
55.38
56.49
57.80
60.54
62.25
60.81
60.98
60.82
62.31
62.99
63.65
64.50
66.00
67.01
67.45
67.85
68.25
68.60
68.66
69.81
70.40
71.90
71.00
71.60
72.80
74.60
75.10
74.50
74.80
74.60
73.80
75.20
75.50
74.70
74.00
74.50
74.90
75.80
76.90
77.80
78.50
77.00
75.60
75.10
76.90
77.50
77.70
76.90
76.40
78.10
81.40
81.60
80.80
80.50
82.60
85.50
87.40
88.20
89.40
89.10
87.20
85.50
81.50
74.30
66.09
65.22
59.65
58.13
56.33
56.82
54.44
54.05
53.53
49.88
50.26
50.12
47.27
47.74
48.44
48.75
48.26
48.00
47.44
48.01
49.01
49.66
47.03
46.31
46.55
46.38
46.55
45.86
46.54
47.47
49.72
49.89
50.18
50.50
50.48
49.67
47.21
48.64
49.93
51.42
53.12
53.10
52.81
53.49
56.36
57.30
56.65
58.09
57.63
55.87
54.66
53.62
54.10
56.60
56.92
57.92
59.49
58.04
57.49
57.57
57.40
57.00
57.53
58.94
59.35
63.53
68.71
66.13
67.34
69.85
72.90
75.40
76.20
78.60
80.90
83.50
82.40
83.20
84.10
86.10
87.70
88.20
88.00
86.40
86.30
85.20
84.10
82.90
83.60
84.60
85.60
84.90
84.70
81.60
78.40
75.10
74.50
73.30
67.97
64.97
65.41
62.92
58.93
57.00
54.58
51.85
50.57
49.01
46.86
45.06
43.23
45.27
45.03
44.87
44.25
45.42
44.32
43.76
42.42
44.16
41.99
40.55
40.78
42.11
43.50
42.49
44.32
45.35
45.11
45.07
46.84
49.00
52.59
55.08
55.83
55.90
55.83
56.33
57.39
57.68
58.31
59.07
59.92
59.33
59.07
59.66
60.70
60.65
61.12
61.79
65.69
64.44
64.37
66.03
67.50
69.19
70.80
71.40
71.80
71.40
70.60
70.60
68.78
68.97
71.00
70.30
69.77
69.27
69.53
69.33
68.49
68.19
69.23
68.89
68.10
68.54
67.79
67.54
68.12
69.08
70.20
71.20
71.30
72.00
71.60
72.50
74.30
75.30
75.00
75.60
75.70
75.90
74.60
72.10
68.53
66.57
66.58
64.29
62.05
58.84
56.07
52.97
51.50
49.51
49.03
48.22
48.20
46.89
48.36
48.72
47.42
48.81
49.01
48.07
46.78
49.05
49.91
51.54
52.70
52.41
53.24
52.67
53.78
55.24
54.96
52.94
52.30
52.44
51.93
52.26
52.60
52.54
52.56
53.11
54.52
55.75
57.10
58.54
59.81
61.29
63.07
64.28
66.05
65.00
62.92
61.94
60.98
61.36
62.54
64.44
65.58
66.92
67.03
67.59
69.34
70.40
70.80
71.20
72.50
72.30
72.40
73.50
75.40
78.40
81.40
82.50
82.50
82.90
81.90
80.30
80.30
81.50
83.70
83.40
83.40
82.70
82.60
83.50
83.10
83.00
83.10
83.00
82.30
82.50
83.90
84.20
84.80
83.80
82.70
80.90
76.40
72.10
72.10
69.37
71.60
69.95
67.51
65.63
66.10
65.67
66.66
66.84
66.80
67.52
68.67
70.50
73.00
75.50
74.30
73.20
74.50
75.70
76.70
77.60
78.60
80.10
81.80
82.10
83.50
84.70
84.80
85.40
87.10
87.40
87.10
86.20
85.40
85.10
85.80
86.40
87.40
88.60
89.40
89.80
90.00
90.20
90.20
90.40
90.00
90.30
90.40
90.60
90.00
90.00
90.40
90.80
91.00
91.10
91.10
91.30
91.00
90.50
90.30
90.60
90.40
90.60
89.30
88.50
88.60
89.70
89.30
89.20
88.90
86.70
82.50
80.70
81.80
83.30
84.40
84.20
83.30
84.60
85.00
84.70
83.70
84.00
84.10
83.80
83.40
84.30
84.50
84.70
82.50
82.20
80.50
77.20
72.70
70.60
68.34
68.29
65.62
65.52
63.11
61.38
60.28
56.61
54.17
52.61
51.12
50.49
49.47
48.99
48.57
48.36
46.22
47.21
47.98
46.85
45.03
44.29
46.24
46.31
47.79
48.63
48.94
49.96
50.44
50.72
51.94
52.78
52.34
52.73
53.34
54.11
55.08
55.27
55.59
55.73
55.53
55.34
56.62
56.71
56.93
56.62
57.15
59.20
59.62
60.84
62.28
63.71
64.45
65.30
65.90
65.84
65.55
65.21
65.17
66.23
67.07
69.98
71.90
72.80
72.70
72.10
72.50
72.20
73.00
73.20
74.10
74.70
74.10
75.30
75.10
75.00
74.60
74.70
74.50
73.80
73.50
72.50
72.60
72.20
71.80
71.60
72.50
72.10
73.10
72.20
70.40
69.19
67.32
65.31
63.19
60.75
58.24
57.66
56.47
54.79
51.70
48.71
46.39
43.94
42.66
42.63
42.81
42.53
41.01
42.23
44.06
42.60
41.98
43.04
45.47
49.83
51.56
59.34
60.43
61.40
61.83
62.79
63.40
62.72
60.70
61.92
63.63
66.94
68.81
69.91
74.10
77.20
75.50
70.80
66.13
66.72
65.04
65.41
66.81
73.30
71.30
71.40
71.30
72.70
73.20
73.30
74.70
78.80
79.40
76.60
73.30
72.30
71.60
71.20
68.31
68.11
67.03
67.40
67.32
68.71
70.30
72.10
74.00
76.20
78.90
81.70
81.50
81.30
82.00
82.30
82.90
83.50
84.00
84.70
85.50
86.10
87.10
88.30
89.10
89.30
89.00
89.30
88.70
88.80
88.30
87.10
86.90
85.90
85.00
82.90
80.60
79.20
79.60
80.10
79.30
78.20
76.90
76.40
76.70
76.80
77.60
78.00
77.10
77.20
75.70
73.10
69.03
63.33
50.22
50.50
54.65
52.77
54.86
56.40
53.68
52.65
58.51
60.74
68.17
68.98
67.41
67.66
69.49
70.30
72.20
73.60
74.90
76.70
77.80
79.20
80.30
81.00
81.60
79.70
79.90
78.90
78.90
78.80
78.80
79.00
80.10
81.10
82.10
83.00
83.90
84.90
86.30
86.90
87.40
87.80
88.00
88.50
89.00
89.00
88.90
89.30
89.70
89.80
89.80
89.50
89.30
89.10
88.80
88.50
88.90
88.80
88.80
88.90
89.50
90.10
90.20
90.00
89.90
90.40
90.80
90.80
90.80
90.30
88.80
85.20
81.60
78.50
75.30
72.30
69.06
66.20
64.81
62.50
62.07
60.80
60.04
57.88
56.82
54.32
51.61
51.29
51.27
50.91
49.86
49.70
49.15
48.23
48.78
49.15
49.36
48.82
47.51
48.42
48.92
47.25
45.36
44.48
44.49
42.72
41.59
44.89
43.69
43.59
44.81
46.09
46.92
48.61
49.30
50.83
52.05
51.65
51.26
51.67
52.16
53.77
55.11
55.16
58.62
67.20
65.30
61.25
60.36
61.99
63.66
63.08
63.63
65.67
66.16
66.66
67.74
68.90
69.33
71.10
73.20
73.00
73.60
74.70
74.70
76.30
78.10
79.70
81.40
79.60
79.40
81.20
82.10
82.80
81.60
79.80
78.00
75.40
74.00
75.00
75.70
75.20
76.00
80.40
82.60
83.30
82.70
82.40
79.40
75.90
72.60
68.80
67.13
66.39
63.57
58.97
57.74
57.09
52.89
50.96
48.18
48.22
45.88
45.25
45.28
42.48
42.23
39.62
37.55
35.89
36.52
37.28
37.25
35.98
35.95
36.09
34.06
35.01
37.97
34.94
33.52
32.65
32.83
31.01
33.51
34.20
33.74
33.02
32.32
35.09
48.30
48.26
51.76
51.36
49.12
47.53
49.73
57.49
55.87
52.98
54.06
54.13
55.15
56.07
55.27
57.89
56.41
57.17
58.77
58.51
59.92
60.56
59.92
60.12
61.55
62.08
64.66
67.78
68.79
69.35
69.28
68.51
69.23
68.83
69.88
68.49
70.80
67.40
72.00
75.20
76.00
76.20
75.90
77.10
76.80
75.40
75.20
76.90
77.30
76.10
73.20
71.40
71.40
72.60
75.10
78.60
77.90
74.40
69.23
68.18
64.69
61.35
58.71
57.48
54.75
52.79
50.68
49.55
49.17
49.19
47.48
46.70
45.78
48.18
44.62
43.29
45.80
51.25
55.62
56.62
57.09
60.41
61.34
75.90
79.60
74.50
71.80
69.98
71.30
75.90
73.50
73.20
76.10
79.00
81.30
83.60
85.50
87.30
87.30
87.70
88.50
87.70
85.80
85.80
87.80
87.90
86.70
85.50
86.30
87.80
88.70
88.50
88.20
88.20
87.80
86.90
85.40
83.80
83.40
83.20
82.20
82.10
82.30
82.10
83.20
84.00
82.40
83.30
85.30
86.80
86.80
87.10
86.90
85.50
84.10
85.00
86.10
87.00
88.40
89.70
90.40
90.80
90.30
88.80
87.80
86.90
85.80
84.40
83.50
82.80
82.00
81.60
81.20
79.60
76.60
72.60
69.46
69.06
68.01
64.89
63.81
62.25
59.88
58.62
57.73
56.45
55.84
54.06
52.26
50.40
51.16
50.56
51.04
49.95
48.53
47.57
48.09
46.78
47.69
51.70
54.59
55.72
56.30
56.49
57.36
57.66
59.69
63.54
72.00
81.50
80.50
86.10
87.80
89.20
89.30
86.60
88.60
89.10
91.20
89.90
90.20
91.40
90.60
90.00
90.80
91.20
91.60
91.20
90.90
91.60
92.20
92.40
92.40
92.30
92.20
91.70
91.40
91.00
91.10
91.10
91.10
91.40
91.90
92.00
92.00
92.10
92.30
92.40
92.60
92.80
93.00
93.10
93.10
93.10
93.20
93.20
93.30
93.30
93.30
93.30
93.30
93.30
93.30
93.30
93.30
93.10
92.30
90.80
89.20
86.70
85.90
83.60
83.20
81.80
79.60
78.50
78.20
73.80
71.90
70.70
69.48
67.55
66.15
64.98
62.07
60.46
56.86
58.34
55.25
56.52
54.70
54.88
54.64
52.67
51.48
49.43
47.41
47.56
51.89
51.98
49.20
50.70
50.10
50.79
52.82
54.71
54.80
56.47
58.06
59.41
60.75
62.30
63.96
65.78
67.33
68.61
70.00
71.60
72.30
73.10
74.20
74.50
74.60
75.10
76.10
76.80
77.40
78.20
79.00
79.50
79.60
80.00
80.30
80.60
81.00
81.80
82.20
82.10
83.10
84.50
84.90
84.40
84.40
84.90
85.60
85.60
86.10
86.70
86.70
87.50
88.10
88.80
88.60
89.40
89.80
89.50
89.90
89.90
88.10
88.50
87.90
86.50
83.60
81.60
80.70
81.60
81.80
79.60
82.40
83.40
83.60
84.30
81.80
81.80
80.80
78.80
77.60
76.40
75.30
72.10
67.74
65.62
67.02
66.62
66.09
68.26
68.73
67.39
64.69
63.08
62.15
59.16
59.49
59.42
58.50
59.35
59.46
57.21
57.98
57.27
60.77
62.17
63.03
62.15
59.44
61.12
61.07
66.76
67.67
66.50
64.67
64.40
67.33
71.10
74.00
73.80
76.90
77.20
74.80
72.10
71.30
70.10
72.00
72.80
74.50
76.60
76.70
76.50
76.90