55.28
56.55
56.59
57.60
58.80
58.94
58.54
58.14
57.61
57.47
58.48
62.85
70.50
75.40
75.90
72.00
69.10
65.36
65.66
64.76
63.58
61.08
63.05
66.56
67.54
72.90
67.39
70.10
72.40
73.90
73.10
69.72
66.75
61.34
60.59
58.47
58.72
52.89
49.53
45.92
41.34
40.71
38.37
36.24
36.10
34.48
33.43
31.92
31.79
30.35
29.43
29.58
28.43
28.13
24.73
23.81
24.33
24.08
25.38
23.80
24.60
26.34
28.50
28.02
29.87
31.29
30.85
32.63
34.40
35.22
35.45
35.72
36.31
33.69
38.58
36.51
36.68
36.78
37.93
38.80
40.00
41.50
41.10
38.58
38.24
60.56
64.70
55.36
52.68
50.28
49.75
53.53
58.34
57.50
48.67
49.30
52.98
54.72
57.16
53.00
50.83
51.18
54.10
54.74
54.42
56.56
58.46
59.53
60.04
61.35
62.68
64.67
66.98
68.31
69.60
70.50
67.08
67.09
64.17
63.00
62.34
60.39
61.47
61.04
61.92
61.51
64.31
63.63
63.85
64.55
61.64
58.27
56.98
53.79
52.29
50.78
49.92
50.34
51.09
50.40
47.66
43.06
38.62
36.41
35.93
35.22
37.41
37.99
34.40
33.94
35.57
36.36
36.07
40.00
39.32
37.74
36.11
36.04
36.71
35.25
34.40
33.96
31.15
31.49
31.98
33.86
33.64
34.42
35.61
37.47
38.64
37.84
40.23
35.37
35.14
39.86
43.03
45.91
48.74
50.16
50.60
50.69
49.16
47.48
46.81
46.34
44.79
42.45
43.72
46.56
49.60
52.16
52.27
52.83
51.22
49.99
51.51
53.32
53.43
53.55
54.76
54.74
55.46
58.52
60.66
61.90
62.80
63.17
64.41
64.59
64.71
66.07
68.81
72.20
68.72
69.20
70.50
72.20
74.00
74.40
74.70
83.00
85.30
89.10
91.70
91.60
91.80
90.20
90.30
92.70
95.60
96.50
97.40
97.60
97.50
97.30
96.90
96.10
95.30
96.60
96.60
96.50
96.30
96.90
97.10
97.30
97.30
96.80
96.80
96.90
96.70
96.40
95.40
96.10
97.00
97.40
97.70
97.80
97.80
97.90
98.10
98.20
98.10
98.30
98.40
98.60
98.70
98.70
98.80
98.80
98.90
98.90
99.00
99.10
99.10
99.20
99.20
99.20
99.30
99.40
99.40
99.40
99.50
99.50
99.50
99.50
99.50
99.50
99.50
99.50
99.50
99.50
99.50
99.50
99.50
99.50
99.50
99.50
99.50
99.50
99.50
99.50
99.50
99.50
99.40
99.50
99.50
99.50
99.50
99.50
99.50
99.50
99.50
99.50
99.50
99.50
99.40
99.30
99.40
99.30
99.10
98.40
96.50
94.80
92.80
92.00
90.90
89.30
86.60
89.50
89.70
89.30
88.20
86.70
85.60
83.70
82.60
82.30
81.10
79.90
78.00
76.40
75.50
73.20
72.50
72.30
69.98
70.70
70.90
69.75
70.30
69.82
68.22
68.29
68.49
70.40
70.20
71.90
73.50
75.50
77.40
78.80
79.00
80.60
81.10
80.60
81.90
83.10
83.60
83.30
83.40
83.90
84.00
83.10
84.00
84.80
86.20
86.90
87.90
88.40
88.30
87.90
87.60
88.40
89.10
89.20
89.10
88.80
88.10
88.20
88.30
88.70
89.60
90.70
91.80
92.30
93.30
94.30
95.50
96.20
97.10
97.90
97.70
97.40
97.40
97.70
97.80
97.80
97.40
97.30
97.10
96.90
96.40
95.20
93.30
90.00
86.80
82.80
79.60
76.70
74.80
71.40
69.70
67.45
67.48
66.80
66.42
65.15
64.09
62.97
57.92
53.53
52.26
53.23
54.56
51.75
51.63
49.69
50.11
48.81
47.78
48.82
48.72
49.43
48.35
45.91
46.78
48.00
44.03
43.02
47.07
50.46
53.07
55.17
56.69
58.23
59.66
58.51
59.38
59.18
58.89
63.22
63.67
61.86
64.23
63.78
64.95
65.67
66.08
66.81
69.23
71.60
72.60
72.40
74.30
76.50
78.60
78.90
78.20
77.90
78.10
79.90
82.90
84.60
85.10
85.70
86.50
87.50
88.40
89.30
90.00
88.80
87.10
87.50
90.10
91.30
91.10
91.10
90.80
91.10
93.00
94.00
94.20
94.40
93.90
93.50
94.10
94.20
93.30
90.80
85.00
82.20
81.00
80.60
76.90
74.90
74.50
72.50
68.67
64.78
63.49
61.61
62.73
61.30
61.74
59.71
58.11
54.71
52.26
53.49
55.84
54.10
51.40
50.05
49.40
48.87
46.22
45.40
44.44
42.15
42.65
44.10
43.24
43.56
44.99
45.10
46.54
47.96
51.90
53.70
55.86
57.61
58.03
58.99
57.91
58.17
60.83
60.50
59.85
63.04
64.68
66.03
66.47
67.57
65.64
67.37
68.03
71.20
72.20
71.80
70.80
69.67
70.40
71.90
72.30
72.40
72.60
72.60
73.60
75.80
79.10
82.70
83.60
83.40
82.90
83.70
83.80
86.30
89.40
92.20
93.00
93.40
93.30
94.10
92.50
92.60
92.30
93.30
94.10
94.70
93.70
94.60
94.50
91.20
89.30
87.00
84.90
83.70
80.00
76.10
72.50
68.54
70.70
68.17
66.42
63.19
57.61
55.00
54.44
52.00
49.68
47.73
45.75
43.46
40.23
36.18
34.03
32.39
33.52
32.90
31.27
29.02
28.33
28.98
28.14
28.03
26.96
27.37
27.43
27.41
28.01
28.49
26.70
29.79
29.02
28.43
31.55
32.69
33.09
35.20
36.66
39.35
39.85
41.88
43.15
43.12
44.35
44.79
48.81
46.08
45.56
49.60
55.90
54.40
50.70
50.72
50.87
53.01
55.20
56.56
56.41
56.78
55.03
54.17
56.08
56.84
59.44
61.79
60.93
63.25
63.02
59.54
58.07
58.77
62.02
66.92
68.69
71.70
79.40
82.50
83.40
80.70
77.20
77.10
79.20
78.50
76.10
72.20
72.90
75.20
72.80
72.50
72.00
69.30
69.70
68.06
66.17
63.84
59.22
55.45
52.56
49.44
45.58
41.86
39.55
38.95
36.43
37.95
33.44
32.93
33.70
33.01
31.61
31.12
31.45
29.82
30.89
30.77
29.57
31.12
33.89
35.36
37.96
38.68
38.22
38.42
37.97
38.78
37.64
40.16
39.88
41.20
42.60
43.23
43.01
45.69
48.23
50.93
53.26
58.37
63.63
64.92
66.21
67.48
68.44
69.73
70.40
71.10
71.60
72.40
73.20
73.90
74.40
75.30
76.40
77.60
78.60
79.80
80.60
81.30
81.90
82.30
82.30
82.60
83.30
83.80
83.60
83.70
83.50
83.20
83.40
84.70
86.00
86.60
87.00
87.20
87.70
88.40
89.20
89.90
90.60
91.30
91.50
91.40
91.70
91.50
90.40
88.70
88.20
87.70
86.00
84.30
80.60
76.80
74.50
71.40
70.70
66.83
65.72
67.05
65.51
65.57
62.88
62.96
62.48
61.15
57.69
55.60
59.35
59.94
55.65
53.48
49.58
52.91
53.64
51.52
51.51
50.60
51.30
54.07
58.98
63.19
66.53
67.82
67.50
67.78
69.52
70.90
72.00
73.40
74.60
75.40
76.50
77.70
78.50
78.90
78.90
79.10
79.70
80.40
81.20
82.10
82.90
83.80
84.90
85.70
86.40
87.20
87.40
86.70
87.10
87.20
86.00
85.80
85.70
85.60
84.90
85.00
85.20
85.00
85.20
84.70
84.10
83.80
84.60
84.90
85.10
85.10
86.40
86.90
87.00
87.30
87.20
87.40
87.60
88.70
90.30
91.20
91.60
91.70
91.70
90.00
87.90
85.70
82.30
78.50
75.30
74.00
70.60
69.46
67.84
66.33
66.53
64.54
62.55
62.42
60.64
57.82
55.87
54.32
53.04
53.98
53.53
52.94
51.66
50.31
49.12
48.48
47.15
47.31
46.35
44.45
43.37
43.22
42.18
41.67
43.00
41.94
40.84
39.73
37.22
42.54
48.20
51.59
52.94
53.21
52.30
53.35
57.25
59.13
61.25
62.00
61.94
61.57
63.53
64.46
65.59
66.90
65.89
66.47
67.29
69.17
71.60
71.90
73.50
74.20
74.70
75.10
76.20
76.40
76.80
77.60
79.20
80.50
81.50
81.90
81.30
80.60
79.40
79.90
78.70
78.40
79.50
78.80
78.00
78.30
78.30
78.10
77.60
80.70
83.30
85.10
85.90
87.30
86.30
88.50
87.60
87.10
86.00
83.70
83.00
81.10
78.70
77.20
75.20
73.30
68.01
60.87
60.94
60.28
56.98
54.42
53.10
48.75
44.15
42.36
39.56
37.38
33.93
32.05
31.06
29.41
28.22
25.51
24.84
24.89
24.85
24.18
23.90
25.51
25.33
25.21
24.09
23.58
25.08
28.05
28.70
29.49
30.13
31.07
31.87
27.13
24.13
23.84
24.51
24.47
25.03
26.92
30.69
31.73
32.77
32.03
32.11
31.87
30.55
30.25
28.66
27.40
35.21
47.49
43.50
43.50
44.81
45.39
45.80
47.18
45.18
43.41
45.88
49.59
53.25
54.36
56.73
56.89
57.07
55.65
54.29
54.15
55.27
55.44
56.58
57.64
58.30
58.31
59.86
61.11
61.52
59.73
59.64
58.49
57.95
58.36
61.01
62.03
61.43
61.80
59.66
58.13
59.79
58.52
53.03
50.74
48.31
45.53
43.49
41.04
40.02
40.03
38.11
37.21
35.10
33.29
31.12
30.27
27.66
27.30
25.17
24.35
23.80
24.98
24.78
24.02
24.71
24.46
24.60
24.74
25.16
25.55
24.14
25.07
26.23
29.29
32.43
37.64
36.66
34.00
35.53
38.38
42.87
46.67
44.60
42.69
39.80
40.25
42.21
42.81
43.99
45.01
45.87
45.60
47.13
50.17
51.79
51.65
51.97
52.95
54.71
55.93
58.42
63.33
67.57
63.06
55.97
47.85
43.95
41.77
45.25
61.60
61.77
67.42
75.30
79.40
80.80
81.70
83.80
85.40
86.40
87.80
89.60
90.40
91.50
92.20
92.80
93.80
94.00
94.00
94.30
94.30
94.30
93.90
93.00
91.40
89.20
88.80
87.30
87.30
87.40
86.60
85.60
85.70
82.90
78.00
77.60
78.40
74.00
72.40
69.05
69.37
69.57
69.38
65.54
62.43
60.48
60.04
55.51
52.39
50.80
49.03
48.28
47.94
46.88
45.13
43.12
42.91
44.63
44.53
44.89
45.23
46.67
49.33
50.75
52.79
55.54
57.67
59.29
59.13
59.70
59.74
60.86
63.69
64.99
66.00
69.23
71.10
71.70
74.00
76.30
77.70
79.30
80.30
81.60
82.50
83.50
83.80
84.50
85.80
87.00
87.60
87.50
87.80
88.50
88.90
89.40
89.60
90.10
90.90
90.90
90.70
90.70
90.80
91.40
93.00
94.00
94.40
93.80
93.70
94.40
95.20
95.90
96.80
97.50
97.90
98.00
98.20
98.40
98.20
97.80
97.00
94.70
92.90
89.20
87.80
83.70
81.80
78.30
75.70
69.02
64.71
62.65
60.20
57.69
52.99
50.83
45.65
44.50
41.68
38.28
35.16
32.44
31.83
30.98
28.69
26.51
24.32
23.20
23.33
23.52
23.07
23.29
23.56
25.15
24.70
25.28
25.99
26.38
27.64
29.45
28.00
26.41
25.37
26.11
24.69
22.24
22.18
32.68
37.60
33.56
31.69
32.77
33.26
33.93
34.44
35.96
33.83
33.16
31.24
31.11
33.28
37.13
38.01
38.87
43.36
48.28
50.43
43.51
41.10
45.53
46.22
51.34
57.40
60.22
60.37
62.15
62.42
59.34
59.79
65.31
73.40
77.70
75.00
70.40
54.32
48.87
46.59
48.12
55.69
59.14
57.04
54.26
54.69
56.97
57.53
53.03
50.72
49.49
49.34
51.87
54.54
54.84
53.41
53.92
51.38
47.40
46.66
39.35
36.94
34.88
33.22
31.90
31.18
28.82
27.15
25.08
23.11
23.09
22.31
21.46
21.43
21.77
21.33
21.06
21.23
19.83
20.30
20.33
20.99
22.82
21.09
21.55
22.07
23.33
21.94
23.03
21.67
25.21
30.35
31.94
32.30
31.69
30.05
28.02
27.33
26.01
26.33
33.63
31.43
29.15
31.00
29.26
28.62
28.17
30.31
27.49
28.57
29.82
41.84
50.49
49.79
48.92
49.81
50.42
51.83
53.10
52.68
48.81
48.67
48.88
47.14
49.92
49.81
49.41
47.76
47.96
50.56
53.75
53.54
55.88
53.91
50.21
50.10
51.76
53.79
53.36
53.39
52.85
52.27
51.82
51.85
51.97
52.78
53.48
53.78
52.65
52.98
53.78
50.75
48.71
47.31
43.29
41.65
36.88
32.75
30.51
27.02
26.17
24.83
23.19
22.83
22.47
21.71
18.97
19.13
18.57
18.71
19.18
17.78
18.25
18.08
17.93
17.50
18.38
18.27
17.98
18.02
19.84
19.96
21.11
22.04
23.83
26.46
28.60
29.70
30.42
30.18
29.39
28.84
27.92
27.99
30.71
31.73
33.40
34.50
33.44
30.26
30.25
32.34
31.37
31.62
33.29
34.47
36.17
37.36
38.27
40.38
42.21
44.62
46.21
45.23
44.24
46.80
46.74
45.68
45.59
46.42
47.11
46.58
47.20
49.46
51.58
50.82
51.35
53.95
55.85
55.40
54.70
54.33
55.17
54.47
54.29
53.53
56.81
59.14
56.89
57.73
56.90
54.77
55.55
56.01
58.21
54.01
50.45
48.75
47.84
42.76
40.19
36.18
34.63
31.29
27.27
26.93
26.06
25.32
24.67
23.19
22.66
21.41
20.47
21.00
20.50
20.36
20.02
21.11
21.98
20.81
20.82
20.22
19.64
20.05
20.40
20.43
21.15
21.93
23.34
25.09
25.45
25.91
29.24
28.17
30.27
32.60
32.14
30.36
30.07
28.87
29.92
36.64
35.71
33.67
30.54
30.07
31.62
32.25
34.26
38.32
40.35
32.90
32.62
32.22
33.03
36.18
37.81
41.02
41.26
38.79
39.10
41.60
37.69
35.89
40.49
41.56
40.76
38.93
39.87
38.07
38.54
42.16
43.86
47.15
48.30
49.13
48.17
49.63
46.50
46.11
54.26
63.85
63.64
64.39
63.27
57.52
56.31
56.76
57.20
59.00
56.71
54.05
54.41
54.39
53.02
52.41
52.19
48.21
45.82
43.39
41.02
37.10
37.63
34.42
29.56
27.63
25.03
24.65
24.66
23.12
21.03
20.21
19.58
20.04
19.24
19.49
19.27
21.05
19.85
19.94
20.09
20.28
21.11
22.06
22.51
21.42
23.74
22.92
21.77
23.11
24.50
24.42
24.32
23.71
24.91
29.53
30.11
31.39
39.25
43.34
45.87
47.54
49.02
51.48
53.44
55.58
56.28
55.91
52.10
50.53
51.79
50.62
51.79
53.69
54.91
56.45
56.92
58.57
60.75
59.83
59.56
61.78
64.60
68.94
69.02
67.59
66.89
67.37
64.48
66.33
67.00
63.46
62.44
61.40
60.02
63.76
59.11
61.59
66.12
76.10
81.10
72.20
68.87
64.00
62.89
58.93
59.35
59.10
59.70
56.08
56.25
55.15
53.28
48.73
46.58
42.44
41.17
37.10
33.19
32.43
32.50
27.46
26.64
25.16
24.46
24.05
23.30
23.08
22.40
23.10
23.54
23.28
21.81
23.01
22.05
20.54
21.00
19.67
22.39
19.42
18.64
20.31
20.10
21.67
20.72
21.11
30.11
30.47
29.61
28.76
30.90
33.27
32.71
30.91
30.18
31.52
29.83
31.46
37.06
37.90
34.17
37.54
39.57
41.66
40.20
38.06
34.93
36.38
41.56
43.63
40.82
37.56
38.31
34.85
35.07
33.79
31.99
32.53
34.56
37.13
38.61
50.16
59.06
61.50
61.07
59.55
60.00
62.40
63.01
69.96
69.85
62.26
53.48
49.39
47.34
45.87
48.32
49.69
51.81
54.95
56.45
55.25
53.55
54.88
53.62
52.83
50.66
49.90
47.58
42.35
38.89
34.41
31.85
29.67
29.47
27.66
27.42
27.70
23.54
23.64
23.39
22.75
22.19
23.49
22.53
21.99
21.47
22.01
22.14
22.59
21.64
22.29
20.91
21.74
20.20
23.35
23.54
23.81
25.15
27.41
26.03
25.73
24.41
25.90
26.26
28.75
28.53
28.06
29.09
29.34
29.06
28.58
28.14
29.05
28.97
28.68
27.50
27.05
27.54
30.87
29.96
28.84
31.16
32.38
31.45
27.63
38.24
35.00
31.16
28.70
31.48
41.20
40.50
37.96
37.77
41.39
42.76
46.16
53.05
50.44
50.99
51.77
50.98
51.18
49.22
48.75
48.76
50.64
51.37
47.77
45.02
52.24
76.00
77.80
65.16
59.57
59.57
59.02
50.45
51.32
51.03
52.60
50.39
45.10
44.04
44.19
41.32
37.51
33.78
33.76
32.97
33.58
32.28
30.67
30.04
30.28
26.97
25.23
24.24
21.38
19.85
20.13
19.43
18.12
19.22
19.60
20.72
19.35
19.84
19.98
22.18
22.43
22.85
24.38
25.80
25.81
27.08
31.14
31.48
30.83
34.21
33.08
30.73
30.30
32.86
31.76
31.92
34.22
37.87
34.32
31.03
29.90
31.08
35.91
32.34
33.01
32.43
32.11
29.70
30.48
31.12
30.73
37.43
42.39
40.82
41.55
40.47
38.31
34.02
39.84
43.77
42.74
44.98
45.99
42.14
47.60
51.15
54.32
58.52
58.37
61.71
64.16
64.27
67.42
71.10
68.45
63.04
55.82
61.55
67.66
61.23
60.02
60.76
57.66
57.18
56.05
55.09
48.74
45.31
43.84
43.34
41.18
40.91
35.92
34.94
37.93
37.81
38.68
37.81
37.61
37.40
37.84
38.47
37.18
36.54
35.38
34.93
33.72
31.92
29.89
28.25
25.28
25.00
26.20
25.74
26.53
26.74
28.18
30.70
32.63
32.49
32.89
34.13
36.29
39.09
39.28
40.14
42.56
44.55
45.89
47.85
49.88
51.94
53.54
54.58
55.08
56.54
58.17
59.34
61.14
62.81
63.61
64.84
66.78
68.95
70.80
72.50
73.60
74.00
75.30
76.50
78.00
78.50
77.80
77.50
78.10
79.00
80.60
82.20
83.10
82.80
83.50
84.90
85.70
85.80
85.80
85.90
87.80
90.20
90.10
88.90
87.20
90.60
91.50
93.80
92.20
90.70
89.90
87.10
83.80
81.20
79.80
77.50
75.30
74.00
72.00
71.90
68.57
67.00
64.62
65.10
61.76
59.32
61.44
58.49
57.08
57.47
58.00
54.13
53.03
52.45
51.23
51.70
51.70
50.35
50.96
50.22
50.18
48.58
48.80
49.19
48.06
48.20
49.62
50.36
51.92
53.96
56.54
59.09
61.43
62.03
62.17
61.71
62.33
60.31
58.62
59.76
59.05
59.69
59.72
61.54
63.12
62.66
62.44
64.76
64.80
67.60
68.68
67.01
68.18
67.78
70.40
73.20
77.10
80.70
82.40
82.70
83.70
84.40
83.10
82.60
83.90
84.70
85.50
87.00
88.20
91.50
92.90
93.40
93.90
93.80
93.80
93.20
92.40
93.60
94.90
96.20
96.70
96.70
95.90
95.50
95.40
93.20
90.20
89.60
88.20
83.10
76.30
70.10
64.65
60.41
53.26
47.51
43.90
38.64
35.40
32.69
31.14
29.90
27.43
27.11
25.91
25.63
24.26
22.95
23.34
23.46
23.05
23.32
22.57
21.68
22.00
22.30
21.53
22.42
21.56
21.67
21.46
20.89
20.46
22.78
28.23
25.48
24.57
27.89
29.24
27.35
28.59
28.90
27.93
29.16
30.81
30.67
30.66
30.61
30.48
32.49
32.37
31.81
33.02
33.86
34.69
34.41
29.70
29.16
29.89
29.52
31.47
31.03
29.50
31.81
30.80
30.85
34.50
35.14
37.35
42.23
45.45
46.98
48.94
50.56
50.51
53.59
54.85
52.56
55.29
54.57
50.88
49.67
45.85
47.42
47.49
43.43
44.55
50.05
54.54
53.02
50.50
48.57
44.39
42.90
45.59
50.58
55.88
56.30
52.49
53.64
53.44
46.45
44.89
44.63
38.30
37.46
34.77
33.32
31.30
30.52
31.08
28.19
27.34
25.01
23.08
19.99
19.58
19.71
19.88
18.15
19.49
20.20
17.88
17.11
18.80
20.23
19.27
20.02
21.12
22.42
22.18
23.47
25.11
26.74
28.17
28.71
27.95
29.52
31.87
31.63
32.61
32.49
32.79
32.05
32.85
33.99
35.48
36.05
37.62
39.84
41.76
42.20
42.10
43.27
42.83
42.18
44.79
44.63
43.60
45.30
45.44
45.72
46.36
47.83
48.63
49.11
49.77
49.30
51.63
52.60
58.18
58.97
60.20
60.02
62.57
62.00
61.74
54.54
54.35
55.56
57.63
56.93
56.55
57.81
59.49
63.95
68.04
68.79
65.19
63.95
62.91
62.20
59.54
60.01
57.48
50.57
49.11
48.84
47.20
47.06
45.61
42.02
37.77
36.54
36.52
31.76
28.49
28.51
29.32
27.50
25.09
24.88
25.13
25.21
24.69
24.06
23.30
21.95
21.86
20.44
21.54
19.32
16.42
16.54
19.82
21.60
23.72
21.63
27.05
26.52
22.68
19.54
19.44
18.77
19.80
30.85
42.71
40.61
35.41
36.81
32.47
30.85
33.65
35.18
33.89
34.86
35.80
34.00
35.24
37.37
38.08
38.56
35.75
34.64
34.63
33.19
33.46
33.79
41.46
44.39
43.65
40.83
37.89
42.22
48.67
53.84
55.93
57.89
58.73
59.27
58.31
50.73
46.51
47.62
49.31
53.78
54.73
55.54
54.88
55.03
55.66
54.14
55.50
52.87
52.66
51.71
49.73
53.32
49.82
46.72
46.63
46.60
42.34
38.03
39.97
38.21
35.25
31.87
29.97
25.31
23.95
21.70
21.94
20.43
20.07
18.85
17.12
16.06
17.03
16.52
17.11
17.16
16.53
16.85
15.95
16.18
17.46
17.71
19.01
21.42
21.63
23.17
27.21
28.29
27.25
25.48
24.58
24.28
24.58
25.04
25.21
25.01
25.03
23.95
24.45
25.08
26.14
28.47
30.20
38.88
40.06
36.55
34.94
34.18
32.55
33.45
33.14
32.86
31.78
31.36
31.92
32.12
33.23
35.00
42.97
45.89
49.24
54.40
48.80
47.46
47.60
55.02
53.65
52.07
48.52
49.86
52.37
50.99
50.98
52.10
50.28
49.67
49.82
49.42
48.58
47.22
47.44
47.70
47.37
49.74
48.52
50.32
51.63
53.67
51.99
46.10
44.39
41.18
40.79
41.07
37.02
34.65
31.90
29.74
27.53
24.88
23.42
20.82
20.76
18.87
17.13
17.87
17.72
17.61
19.16
18.77
19.55
22.77
22.19
22.19
23.38
23.68
23.01
24.24
23.63
23.72
26.12
27.17
27.08
26.61
25.80
25.99
24.77
23.79
24.08
25.80
28.07
27.27
25.92
26.35
28.16
31.73
38.49
37.04
33.66
31.73
30.39
28.57
31.18
52.48
61.65
66.25
72.00
73.70
76.40
78.40
76.40
75.00
76.80
78.90
80.20
80.70
81.20
82.30
84.00
85.60
86.90
89.20
89.50
88.70
90.50
92.20
92.90
93.40
93.00
92.20
91.50
92.40
92.50
92.80
93.70
94.70
95.80
96.20
96.00
95.90
95.90
95.70
94.90
89.40
86.60
82.10
80.10
79.90
75.90
74.80
72.60
72.40
73.20
72.10
68.64
65.00
63.79
61.15
61.80
67.69
70.30
68.63
68.15
67.09
65.77
66.85
69.37
70.30
71.40
72.90
71.70
71.80
71.90
73.40
73.80
73.90
74.20
75.00
75.70
75.40
76.70
79.10
80.70
81.60
82.40
83.20
83.10
83.20
83.70
83.80
83.70
84.30
85.00
85.30
85.20
84.90
82.50
81.60
81.20
79.10
74.30
69.00
65.61
63.82
62.96
61.47
60.77
60.48
60.50
59.94
59.46
60.51
59.69
59.14
59.65
58.34
60.02
60.59
58.55
57.37
60.01
61.02
63.72
64.15
65.37
64.88
65.11
63.93
65.11
66.42
66.39
68.22
69.50
70.70
70.30
68.90
68.02
66.70
65.23
62.55
60.34
58.79
52.54
49.07
44.76
42.64
40.95
38.79
38.43
38.43
36.04
38.61
41.58
39.90
37.02
36.27
37.78
39.44
40.58
40.64
40.83
39.81
35.42
31.72
32.96
34.37
34.90
36.88
37.69
35.19
36.54
39.83
41.90
43.41
43.62
43.83
45.16
46.67
48.46
50.34
52.08
53.85
55.98
57.44
58.79
59.92
60.96
61.24
61.00
61.63
63.14
65.59
68.21
70.80
72.40
73.20
73.40
73.80
74.70
75.20
75.80
75.50
77.00
77.60
80.50
81.50
77.30
78.20
81.90
83.40
84.10
82.50
85.20
86.70
87.40
87.80
86.50
86.40
86.60
83.60
84.30
86.00
85.40
84.00
83.60
84.70
86.20
87.80
90.00
86.30
82.10
81.30
80.40
77.40
73.90
70.60
66.34
62.29
61.22
59.42
55.27
52.91
49.81
49.57
48.19
46.57
46.07
43.09
44.17
41.74
40.71
40.66
39.07
37.68
37.13
35.91
34.84
33.37
33.30
32.30
32.26
32.65
32.20
32.42
32.11
32.68
32.11
31.20
31.46
31.34
33.51
36.51
39.73
41.70
41.33
41.69
47.42
52.01
53.45
52.54
52.96
53.92
54.77
55.71
56.47
57.83
58.59
58.69
60.17
61.36
61.97
62.73
63.16
64.02
65.65
66.42
67.00
67.33
68.80