92.40
92.50
92.70
92.30
92.50
92.60
92.10
91.50
92.20
92.90
93.20
92.70
92.70
92.00
92.70
93.10
93.70
94.00
94.40
94.60
94.80
94.80
94.90
94.90
94.50
93.60
93.00
92.30
91.20
91.80
91.40
90.10
89.10
85.50
81.50
79.00
76.40
75.60
72.90
71.40
69.43
65.79
63.69
66.71
66.02
63.97
59.14
61.49
61.62
58.97
57.79
56.30
54.62
54.54
53.69
51.54
61.92
72.10
73.70
71.30
69.84
72.10
74.70
75.10
75.60
74.70
74.40
73.10
73.70
74.70
77.60
80.10
81.10
82.50
83.00
82.00
82.80
83.50
83.70
84.30
85.20
83.30
83.40
85.20
86.20
86.80
88.80
89.40
89.20
90.00
89.90
89.00
89.10
89.90
90.50
90.50
90.30
90.40
90.80
91.30
92.00
91.90
92.10
92.60
92.60
92.80
93.10
92.80
93.20
93.60
93.80
93.90
93.40
93.40
93.40
92.70
92.80
92.30
91.90
91.90
92.60
92.20
90.30
88.80
85.30
84.40
84.60
84.60
85.60
85.70
83.60
84.30
83.90
82.40
81.00
78.30
76.70
76.50
74.10
72.70
70.80
68.64
67.76
66.71
66.58
64.36
64.80
65.79
64.07
64.17
65.11
66.37
71.60
81.40
83.20
84.90
85.20
85.90
87.70
87.60
87.90
88.70
87.70
88.40
91.40
92.10
90.90
90.20
90.80
91.20
92.50
94.00
94.40
94.30
94.00
94.10
94.20
94.30
94.20
94.00
94.00
93.90
94.20
94.50
94.50
94.60
94.70
94.80
94.80
94.80
94.80
94.80
94.80
94.80
94.80
94.80
94.90
94.80
94.80
94.70
94.50
94.10
94.00
94.00
94.00
93.80
93.60
93.90
94.20
94.30
94.40
94.60
94.70
94.70
94.50
94.40
94.40
94.20
94.00
93.30
92.70
91.70
90.40
88.70
86.60
87.00
86.30
85.00
83.30
82.60
80.90
80.70
79.70
78.50
77.50
76.10
75.10
73.10
71.00
71.00
69.11
66.06
67.66
65.58
64.38
66.22
65.48
67.50
73.20
82.20
89.80
88.50
83.50
80.90
75.80
74.40
71.30
74.30
74.50
73.60
71.30
71.80
74.30
75.70
78.40
81.00
83.90
85.60
86.20
86.50
87.40
85.40
90.20
89.00
91.50
93.10
93.80
94.00
94.10
94.30
94.60
94.50
94.50
94.60
94.70
94.80
94.80
94.90
94.90
94.90
94.70
94.70
94.90
94.90
95.00
95.00
95.10
95.10
95.10
95.10
95.00
95.00
95.00
94.70
93.70
92.90
93.00
93.00
93.00
93.30
93.80
94.00
94.10
93.70
93.00
92.80
93.10
93.40
92.60
92.60
92.30
92.50
92.70
92.80
91.70
90.70
89.70
87.30
84.10
81.70
80.10
80.00
78.70
76.60
76.00
74.10
73.90
70.30
68.26
65.46
65.00
64.68
62.26
64.29
63.74
66.70
64.95
72.00
81.90
89.00
92.90
93.50
93.10
92.90
92.90
90.20
89.60
93.40
93.90
93.40
92.60
91.90
92.90
93.70
93.90
94.10
94.20
94.00
94.00
93.70
93.30
93.70
93.60
93.70
94.30
94.10
94.10
94.20
94.20
94.00
94.30
94.60
94.60
94.60
94.60
94.70
94.70
94.70
94.70
94.70
94.80
94.90
95.00
95.10
95.10
95.10
95.10
95.10
95.10
95.10
94.90
94.80
94.70
94.70
94.80
94.80
94.80
94.80
94.70
94.60
94.50
94.50
94.00
92.60
92.70
92.20
92.30
92.70
92.90
93.40
93.40
93.20
92.00
90.70
89.00
88.40
86.40
86.50
85.80
86.10
86.10
86.60
89.30
89.20
87.50
89.30
89.00
88.00
85.10
85.30
83.60
83.50
83.40
84.90
84.20
84.30
83.70
83.00
82.90
82.50
82.50
82.50
83.70
84.60
85.00
85.50
85.60
86.10
86.40
86.30
86.60
87.30
88.10
88.80
89.60
90.30
89.80
89.80
90.40
91.20
91.70
92.20
92.50
92.60
92.90
92.90
92.10
91.40
91.10
91.70
91.60
92.50
93.70
94.00
94.00
94.20
94.30
94.10
94.20
94.30
94.40
94.30
94.20
94.10
94.10
94.20
94.40
94.50
94.60
94.60
94.60
94.50
94.40
94.50
94.60
94.60
94.50
94.30
93.50
93.20
92.90
92.60
91.30
89.00
86.90
83.80
82.60
81.80
81.60
82.20
81.60
81.10
78.50
77.50
76.10
73.90
74.00
67.73
70.60
73.70
78.10
85.80
86.90
82.30
81.80
86.80
89.30
90.50
92.40
92.70
93.10
93.30
93.40
93.40
93.30
93.40
93.50
93.70
93.60
93.40
93.40
93.60
93.80
93.80
93.40
93.60
93.80
94.00
94.30
94.60
94.80
94.80
94.60
94.70
94.60
94.60
94.50
94.20
93.90
94.20
94.30
94.50
94.50
94.30
94.20
94.50
94.50
94.40
94.30
94.50
94.70
94.70
94.60
94.70
94.70
94.80
95.00
95.00
95.00
95.00
95.00
95.00
95.00
94.90
94.80
94.70
94.70
94.70
94.80
94.80
94.40
93.40
92.90
93.00
90.40
90.90
93.30
93.70
94.10
93.90
94.20
94.00
93.20
92.30
93.30
93.20
92.60
93.30
93.30
93.20
93.10
91.60
90.50
90.80
88.10
85.80
84.10
83.50
83.40
82.60
79.80
76.60
75.90
72.80
71.60
70.90
72.70
70.50
66.79
69.85
68.38
68.38
66.70
67.29
68.37
71.90
72.10
75.40
80.70
88.40
89.40
88.50
89.10
89.70
90.30
91.00
90.50
90.30
90.10
89.90
89.30
89.30
90.00
90.70
90.80
90.70
90.30
90.20
90.50
90.90
91.40
90.70
90.60
91.30
90.30
89.40
89.90
90.10
89.90
89.90
90.80
91.70
92.30
92.70
92.50
92.70
92.30
91.70
92.70
92.90
94.10
94.10
94.00
93.90
93.80
93.90
93.90
94.10
93.80
93.30
93.10
92.70
92.10
91.50
90.70
90.10
89.10
88.90
88.20
87.20
86.40
85.60
84.40
83.90
83.30
81.40
80.50
78.60
78.70
79.20
80.40
80.80
81.70
79.80
76.60
73.40
74.60
75.20
74.70
74.50
75.50
76.70
89.30
90.90
93.20
94.10
94.40
94.40
94.60
94.50
94.60
94.70
94.70
94.40
94.00
94.10
94.00
94.00
93.80
93.70
93.50
93.10
92.90
93.10
93.20
93.30
93.00
92.80
92.50
92.80
93.00
92.90
92.90
92.90
93.00
93.20
93.10
93.00
92.50
92.20
92.50
92.70
92.60
92.80
93.40
93.50
93.50
92.90
93.20
93.70
93.80
93.90
93.80
93.90
93.60
93.60
93.80
93.70
93.70
93.70
93.90
94.00
94.20
93.90
93.70
93.50
93.30
92.90
92.40
92.00
90.50
90.80
91.30
90.80
90.60
89.20
87.90
86.60
84.80
83.60
84.70
83.60
82.40
82.50
86.20
90.60
92.80
93.10
91.10
92.30
90.80
87.70
84.50
83.20
84.10
86.10
86.00
82.70
84.20
88.20
91.70
91.70
92.20
92.10
90.40
92.40
92.20
91.20
92.00
91.70
92.00
91.60
92.10
92.70
92.50
92.60
92.90
93.50
94.10
94.40
94.40
94.30
94.10
94.10
94.30
94.40
94.40
94.60
94.80
94.80
94.90
94.90
94.90
94.80
94.70
94.80
94.90
94.90
94.90
95.00
95.00
95.00
95.10
95.00
94.90
94.90
94.90
94.80
94.70
94.70
94.60
94.50
94.40
94.30
94.40
94.40
94.50
94.40
94.20
93.90
93.50
92.60
91.30
90.00
88.60
87.70
86.80
85.00
83.80
81.40
79.90
77.80
78.00
79.20
78.00
75.70
77.30
78.00
77.80
79.60
79.40
75.30
75.40
77.40
89.20
90.70
83.60
77.10
74.50
71.80
70.50
71.30
71.60
68.91
68.72
67.42
65.81
67.35
70.20
73.20
81.60
88.60
89.60
89.70
90.20
90.90
91.60
92.20
92.80
93.30
93.40
92.70
92.20
93.00
93.50
93.70
93.80
93.90
93.90
93.80
93.90
93.90
94.20
94.30
94.40
94.60
94.80
94.90
95.00
95.10
95.10
95.10
95.20
95.20
95.30
95.30
95.30
95.30
95.30
95.30
95.30
95.30
95.40
95.40
95.40
95.40
95.30
95.40
95.40
95.40
95.30
95.30
95.30
95.20
95.00
94.90
93.80
89.60
90.60
90.60
88.90
83.40
81.10
79.30
79.10
79.80
80.70
79.20
78.60
78.00
86.90
89.90
90.80
90.10
88.40
86.60
83.50
78.90
77.80
80.80
74.70
73.70
73.40
74.50
73.90
74.30
73.90
77.60
77.20
75.80
76.40
81.10
84.10
83.80
82.50
79.00
78.20
76.50
77.40
79.20
80.00
79.50
81.50
84.30
87.20
88.50
89.60
90.40
91.40
92.50
93.30
93.60
93.80
94.00
94.10
94.20
94.40
94.70
94.90
95.00
95.10
95.10
95.10
95.10
94.80
94.60
94.40
94.40
94.50
94.80
95.00
95.20
95.30
95.30
95.30
95.30
95.40
95.40
95.30
95.30
95.30
95.30
95.30
95.30
95.40
95.40
95.40
95.40
95.40
95.40
95.30
95.20
95.10
95.00
94.20
91.10
85.40
81.90
79.30
77.30
78.20
79.30
77.10
74.90
71.40
70.60
70.40
69.13
68.92
67.51
66.16
66.80
61.73
70.20
81.10
87.00
88.20
88.40
91.30
92.50
92.50
92.50
92.10
92.70
91.70
90.40
91.20
90.40
90.50
90.30
90.10
90.50
90.40
89.90
90.80
90.80
91.00
91.30
91.80
91.90
92.00
92.60
91.90
91.90
92.00
92.40
92.80
93.30
93.80
94.10
94.50
94.50
94.50
94.50
94.60
94.50
94.10
94.10
94.00
94.20
94.30
94.40
94.60
94.90
94.90
94.90
95.00
94.90
94.90
94.90
94.80
94.80
94.70
94.90
95.00
94.90
94.50
93.40
93.10
92.80
92.40
91.40
91.40
91.80
91.90
91.40
90.30
89.70
87.70
85.40
84.30
82.50
82.05
81.60
81.15
80.70
80.25
79.80
77.30
76.90
75.50
74.90
73.20
73.40
72.40
71.10
67.19
68.51
68.95
68.63
71.80
75.10
86.20
90.40
83.30
88.60
87.20
87.20
88.80
89.40
91.90
92.10
92.50
94.20
96.00
95.70
95.80
96.00
96.30
96.60
96.60
96.30
96.40
95.90
96.40
96.80
97.00
97.20
97.50
97.50
97.50
97.70
97.80
97.90
97.90
97.80
97.80
97.90
97.90
97.90
98.00
98.10
98.20
98.30
98.30
98.40
98.40
98.50
98.40
98.40
98.40
98.40
98.40
98.30
98.20
98.10
98.00
98.00
98.00
97.90
97.90
97.60
97.20
96.00
94.70
95.20
95.20
95.00
94.90
95.40
95.30
94.40
93.50
92.80
92.30
92.40
92.00
91.20
90.40
88.80
86.70
83.90
83.20
84.40
85.40
84.80
84.20
83.70
82.20
79.00
78.00
78.30
79.10
79.10
74.60
73.80
76.00
78.60
80.30
76.60
77.20
85.80
87.80
82.60
83.30
85.80
84.60
82.60
81.50
80.80
76.40
74.50
72.50
74.60
70.70
72.20
72.20
72.90
73.60
74.80
79.40
81.60
83.90
88.30
90.60
92.20
93.10
93.90
92.90
91.40
91.10
90.50
88.80
87.50
89.00
90.30
91.10
91.50
91.70
92.40
93.20
93.70
93.60
93.50
93.90
93.30
91.90
92.20
93.00
93.50
93.30
93.50
93.50
92.20
91.50
92.20
92.60
92.50
92.30
92.60
92.10
92.10
92.00
92.20
92.60
92.80
93.20
93.20
93.20
92.90
92.10
91.10
90.10
88.20
86.60
86.70
86.10
85.50
83.10
81.80
80.10
79.20
78.80
77.40
78.60
77.00
75.90
76.90
74.90
73.70
73.70
75.20
75.90
74.10
76.00
75.20
73.90
72.50
72.30
71.80
72.90
72.80
74.40
71.10
70.60
74.40
75.10
76.00
75.30
76.40
84.30
88.10
88.00
87.80
88.90
90.50
90.10
91.10
92.10
92.90
93.80
92.50
93.00
93.60
93.80
93.80
92.90
93.40
93.60
94.20
94.20
94.50
95.50
95.90
95.60
95.60
95.40
95.80
96.40
97.10
97.20
97.10
96.80
96.80
96.90
97.00
97.10
96.70
95.50
95.40
95.50
95.50
95.50
95.90
96.10
96.10
96.40
96.30
96.30
96.40
96.50
96.20
95.80
95.50
95.30
95.20
94.90
94.20
93.80
93.30
92.40
91.30
90.00
87.70
86.30
84.40
79.50
78.70
77.60
74.40
71.20
74.40
75.30
81.00
74.10
71.30
77.40
84.30
79.30
73.90
75.30
80.50
90.00
92.00
93.50
90.70
88.10
83.00
80.20
77.70
77.70
77.30
76.90
76.80
76.40
81.30
81.30
78.10
74.90
76.80
78.50
80.90
83.60
85.50
87.10
87.50
87.80
88.30
88.90
89.80
90.30
91.90
92.60
92.30
88.80
87.20
91.90
91.50
91.10
91.00
91.00
91.50
92.20
92.20
91.30
92.60
94.70
95.80
94.90
93.00
92.30
93.60
95.00
95.90
96.40
96.30
96.10
96.20
96.30
96.50
96.40
96.20
95.90
96.30
96.60
96.60
96.60
96.60
96.50
96.10
95.60
93.70
91.60
90.90
89.00
86.00
84.80
82.30
80.50
78.00
76.40
72.90
70.90
69.06
67.55
66.46
66.11
64.28
64.37
64.64
63.95
61.66
61.09
60.87
61.09
59.37
60.94
66.92
70.20
66.39
63.44
60.45
57.75
55.35
53.92
54.16
52.33
53.53
53.64
53.21
51.70
51.33
51.69
51.96
51.63
52.70
53.34
55.93
57.00
58.96
59.51
60.74
62.13
61.50
60.81
67.57
73.60
75.40
75.40
76.40
77.50
78.00
77.60
77.80
79.80
82.00
83.20
83.90
84.30
83.90
83.80
84.80
85.60
86.50
86.70
86.10
86.50
87.20
87.30
87.80
87.20
87.20
87.40
87.50
86.90
93.60
94.50
94.40
95.30
94.90
95.70
94.40
93.80
94.10
94.40
94.40
95.10
95.70
95.90
95.80
95.20
95.10
92.70
88.50
87.00
84.60
82.40
79.80
79.50
80.00
77.30
77.00
76.50
75.30
73.90
74.60
74.90
73.90
75.00
76.60
75.60
73.60
73.00
73.60
70.00
67.70
67.67
66.54
65.73
62.57
71.30
76.20
71.90
67.75
65.60
67.21
73.50
87.30
83.80
81.30
84.90
85.10
88.30
89.30
89.50
89.50
90.30
91.00
91.60
91.50
92.10
93.00
93.40
92.40
92.10
91.90
92.10
92.10
92.30
92.50
92.90
92.80
92.60
92.80
93.30
93.90
93.80
94.40
76.79
79.08
80.29
81.76
82.48
83.31
85.07
85.89
86.40
86.93
87.61
87.80
87.43
87.39
87.61
87.43
87.80
88.49
88.60
89.36
89.76
90.87
91.69
92.30
92.71
91.51
91.27
91.33
90.23
89.00
88.82
86.69
85.18
82.94
81.50
82.00
81.73
80.83
79.60
78.41
77.32
77.46
77.82
77.45
76.44
74.94
73.97
73.25
71.65
72.50
74.60
73.02
72.86
71.66
69.68
68.10
67.96
67.89
67.66
67.63
66.28
65.94
65.10
63.86
63.13
63.17
63.29
63.16
63.88
65.79
69.82
71.27
72.65
71.85
72.49
73.27
73.49
72.35
72.00
71.48
68.95
68.25
69.45
71.32
72.60
73.45
74.01
74.97
75.26
75.20
75.28
75.55
75.19
76.28
77.67
78.35
77.95
78.25
78.47
80.02
81.35
82.11
82.32
84.18
85.07
85.60
86.52
87.14
88.33
88.53
88.91
89.42
90.22
89.90
90.06
90.38
90.06
90.05
90.55
90.44
90.20
90.88
91.15
91.20
91.00
90.67
89.83
88.57
86.79
84.94
85.40
84.22
83.04
80.53
80.68
79.19
78.47
79.77
79.49
78.13
77.15
75.95
74.24
72.74
71.43
68.35
67.12
66.51
65.85
64.96
63.10
62.37
62.52
61.89
61.69
58.21
61.06
64.64
66.26
67.42
67.42
67.14
65.98
66.05
66.99
66.63
67.94
67.36
71.07
71.74
70.99
70.49
69.11
67.87
67.01
65.80
67.31
68.68
67.68
67.21
68.06
67.87
67.29
70.58
71.97
73.14
73.54
75.56
77.27
79.33
80.68
81.48
81.68
81.88
81.80
82.41
82.57
83.69
84.85
85.15
85.32
86.44
87.28
87.16
87.75
88.09
89.38
89.86
92.20
92.50
92.77
92.77
93.07
93.20
93.27
93.53
93.50
92.67
90.73
88.23
86.87
84.97
82.73
80.80
80.03
78.27
76.63
75.43
73.03
70.64
68.48
67.28
67.23
67.12
65.74
64.99
61.64
61.99
61.30
59.36
58.24
56.84
57.30
58.39
54.71
52.66
53.57
52.06
50.60
50.57
50.01
49.45
50.90
51.64
52.44
55.08
54.56
52.75
56.22
57.46
55.96
54.21
59.06
61.13
65.33
67.12
69.02
69.96
71.86
72.39
72.96
74.47
75.69
76.51
76.03
75.62
76.36
77.20
77.67
76.88
76.54
78.09
79.01
79.63
79.33
80.00
80.19
81.04
82.83
85.13
85.37
86.07
85.80
86.47
86.10
88.00
88.43
87.97
89.43
90.37
90.03
90.50
91.23
91.80
91.70
91.23
91.57
91.37
91.23
90.23
90.17
89.50
89.97
88.80
87.73
86.63
85.67
84.10
83.13
82.07
81.13
79.13
77.60
75.10
73.06
71.91
70.53
69.81
68.19
67.43
66.97
66.66
64.44
62.34
61.83
61.24
60.93
60.31
59.84
58.44
56.36
56.94
55.72
55.39
54.69
55.99
57.73
58.60
62.11
67.35
68.66
69.61
70.53
71.69
71.93
74.27
75.51
74.41
74.83
75.36
75.67
76.05
76.47
77.66
78.22
79.11
80.08
80.42
83.87
85.47
87.63
87.70
88.50
88.50
87.80
86.80
86.20
86.93
88.10
88.03
86.97
87.03
87.43
87.60
87.67
87.33
87.17
87.83
91.00
91.57
92.47
93.23
92.80
93.10
92.47
92.63
92.30
92.23
92.80
93.83
94.70
95.63
94.60
94.53
94.93
95.50
95.87
95.73
95.17
93.97
92.33
90.23
89.53
89.10
87.93
87.67
85.63
83.27
82.33
80.10
78.80
77.07
76.10
75.60
74.13
72.27
70.71
70.92
69.26
67.23
65.88
63.49
62.99
62.73
62.50
63.23
68.15
68.89
68.86
70.63
70.10
70.00
67.44
66.00
66.11
66.68
66.42
66.25
65.61
63.87
63.61
63.10
63.72
64.04
64.64
66.14
67.06
69.08
72.48
75.10
76.14
75.41
76.19
75.85
76.97
78.07
79.10
80.20
83.70
85.50
85.53
86.53
86.63
86.83
87.63
89.33
89.63
90.60
89.77
89.80
90.90
92.23
92.13
91.97
91.43
91.87
91.73
92.23
92.60
92.60
92.77
93.13
93.53
93.27
93.07
93.23
93.63
94.37
94.13
94.27
94.57
94.67
94.80
93.60
92.33
91.40
89.90
88.93
88.30
87.10
85.17
81.90
79.77
78.27
77.60
75.23
73.27
72.27
72.03
70.29
68.54
68.09
68.72
66.12
66.09
66.17
64.64
63.07
62.47
65.99
65.69
64.63
64.93
64.14
63.19
62.49
66.12
66.51
64.65
60.88
59.16
58.81
59.70
60.52
60.70
61.05
66.30
72.97
73.10
73.99
76.33
77.53
76.83
78.08
81.14
83.98
84.83
85.70
86.70
86.90
87.20
87.17
87.63
87.30
87.50
88.53
88.47
89.40
91.03
92.57
92.83
91.13
90.90
92.03
92.57
93.20
93.40
93.60
92.50
92.17
91.13
89.60
91.53
92.93
92.90
92.90
91.83
92.00
92.97
93.53
93.50
93.20
93.37
94.03
94.83
95.23
95.03
94.40
94.83
94.37
93.73
93.40
93.00
92.53
91.43
89.60
87.73
85.90
84.80
82.33
79.33
77.80
76.17
73.74
70.96
70.14
68.89
67.45
66.66
65.06
65.79
65.22
63.06
62.82
61.32
58.01
58.76
59.74
59.35
57.24
56.84
57.33
57.89
56.17
56.07
56.43
56.53
57.74
58.10
57.43
57.60
57.59
58.00
58.88
61.24
61.56
62.48
63.66
64.18
64.54
66.40
69.28
70.70
72.21
72.62
74.54
78.85
82.30
83.70
84.17
83.73
84.23
83.97
85.10
84.90
84.87
85.63
86.27
86.83
87.47
87.37
87.30
87.77
87.97
88.77
89.50
90.40
91.43
92.80
94.57
95.70
95.90
95.03
94.60
94.83
95.33
95.47
94.70
94.33
93.83
92.83
92.47
92.23
93.37
93.17
92.73
92.23
92.87
91.73
91.03
88.90
87.60
86.93
85.57
84.83
83.37
82.07
79.90
78.27
77.43
75.86
74.22
73.17
71.41
70.31
69.33
67.22
68.56
73.13
76.57
76.89
78.57
78.72
76.79
75.63
76.60
77.76
80.00
82.59
82.88
82.43
82.89
86.08
87.67
84.67
87.53
86.83
84.93
86.70
88.07
87.67
87.50
87.51
89.33
90.37
91.40
92.00
92.90
93.20
94.13
93.80
93.33
93.47
93.87
94.03
94.53
94.43
94.27
94.37
94.53
94.33
94.27
94.17
93.73
93.37
93.87
94.47
94.47
94.50
94.27
93.57
93.40
93.47
93.73
94.00
94.03
93.77
93.73
93.33
93.40
93.80
94.30
94.63
94.43
94.63
94.93
95.00
94.90
94.93
94.80
94.87
94.97
95.07
95.07
94.93
94.67
93.97
92.83
91.63
90.00
87.90
86.47
85.97
84.90
83.27
82.37
81.57
80.33
79.80
78.53
76.54
75.82
74.64
73.11
71.78
70.91
69.74
69.07
67.61
66.02
65.73
65.58
64.09
64.26
63.78
61.63
61.59
60.52
60.84
60.34
60.46
61.03
60.88
61.72
61.94
64.03
65.50
65.66
66.14
67.28
68.94
68.42
68.94
70.23
71.73
74.75
74.27
75.18
75.94
76.52
78.21
82.47
82.43
81.77
82.10
82.53
83.07
83.33
84.20
84.57
85.00
85.30
85.63
86.10
87.00
87.80
87.83
87.97
88.03
88.43
88.37
88.20
87.70
88.27
88.67
89.00
89.37
89.53
89.30
89.47
89.77
90.00
90.33
90.83
91.63
91.70
91.97
92.10
92.30
91.93
91.10
90.07
88.87
87.13
84.67
82.73
81.10
80.20
79.83
78.80
77.31
75.86
74.88
74.58
73.94
72.29
71.74
71.94
72.20
71.61
70.74
69.59
67.80
68.77
70.92
68.64
65.18
62.60
60.98
60.71
60.16
59.25
56.61
57.70
57.45
57.05
56.68
57.32
56.57
55.62
55.57
57.85
58.73
59.62
63.60
65.17
69.88
73.70
73.22
74.35
78.25
80.06
81.28
81.21
81.46
82.27
83.27
84.63
82.66
83.36
84.41
85.27
85.20
85.30
85.83
86.33
87.10
90.17
91.77
92.53
92.40
92.33
92.20
91.60
90.87
91.20
91.57
91.53
91.60
91.97
92.43
92.53
92.97
93.23
93.00
93.03
93.20
93.47
93.37
93.17
93.27
93.33
92.90
92.97
92.80
91.50
90.77
89.10
88.17
87.73
87.47
87.27
86.47
85.10
84.70
83.47
81.97
79.83
79.10
76.93
75.07
74.43
72.15
71.50
70.66
69.74
69.54
68.86
69.37
72.03
75.91
77.61
78.49
78.89
80.20
77.02
73.64
72.02
74.47
76.26
75.85
78.55
79.25
77.87
77.39
78.19
78.42
78.75
79.28
79.99
80.93
81.53
81.39
81.86
81.81
82.47
83.20
83.83
83.63
84.17
84.53
84.00
84.90
86.93
87.77
88.27
88.00
88.30
88.83
89.13
89.90
90.50
90.90
90.93
91.07
91.37
91.37
90.90
91.07
91.37
91.63
91.93
92.20
92.37
92.50
92.67
92.73
92.67
92.63
92.50
92.63
92.83
92.97
93.03
93.27
93.40
93.33
93.27
93.23
93.03
92.87
92.53
91.83
90.57
88.67
87.17
86.37
84.43
82.47
80.13
77.83
76.37
74.58
73.00
72.77
72.44
72.04
71.11
70.73
70.35
69.48
69.33
68.17
67.22
65.13
64.55
64.89
63.14
62.81
61.29
60.15
60.31
61.77
61.10
61.58
62.63
61.80
61.57
60.68
56.64
56.17
56.26
56.65
57.07
58.24
59.22
60.67
63.43
65.27
67.23
69.68
73.29
75.75
76.32
77.18
77.45
77.59
78.95
83.87
87.43
89.07
91.03
90.50
91.10
91.57
91.97
91.53
91.77
91.90
92.23
92.37
92.20
92.43
92.67
92.53
92.17
91.90
92.50
92.83
93.00
92.83
92.53
92.73
93.30
93.10
92.83
93.27
92.83
92.67
93.13
93.50
93.27
92.53
92.33
91.60
91.73
91.87
92.07
91.57
90.83
90.17
89.83
89.20
88.07
86.57
85.00
83.17
81.47
80.13
78.47
76.69
76.57
76.42
74.26
73.37
71.76
71.23
69.83
67.04
66.94
66.29
65.26
65.04
64.48
65.90
68.29
72.73
72.96
74.13
75.73
75.80
76.82
78.41
82.43
82.17
82.69
83.00
83.90
85.37
86.23
87.20
87.93
88.37
89.13
89.30
90.33
90.40
90.87
90.83
90.80
90.60
91.23
92.03
92.93
93.60
93.50
94.30
94.77
95.33
96.07
96.17
95.93
95.73
95.67
95.63
95.83
95.93
95.80