88.80
89.60
90.70
91.70
91.50
91.40
91.60
92.00
92.90
92.70
93.80
94.10
94.50
94.30
94.60
94.20
93.40
93.10
92.80
93.50
94.10
94.50
94.80
95.50
95.50
94.30
92.50
92.30
91.40
88.50
84.50
83.10
81.40
80.60
78.50
75.30
74.00
73.30
71.50
69.92
69.75
67.01
66.36
66.84
67.64
65.51
64.62
64.93
62.30
63.81
59.96
58.56
57.32
56.82
57.08
57.83
55.69
50.74
53.18
53.49
52.04
53.72
55.45
54.57
54.72
54.09
56.05
57.21
60.87
65.43
65.95
68.93
71.70
73.70
73.90
71.80
70.60
68.73
68.14
67.16
67.67
70.90
72.90
80.60
82.00
84.10
85.80
86.00
84.00
82.00
81.70
81.40
81.50
82.40
84.40
85.40
83.10
78.10
78.50
82.50
85.20
92.20
93.90
95.70
95.60
95.70
95.80
95.50
94.90
94.60
95.10
95.90
96.10
96.30
96.40
96.60
97.00
97.30
97.30
97.30
97.20
97.00
96.30
95.50
94.90
95.00
94.80
93.40
91.60
90.20
87.90
84.30
81.30
80.40
80.10
79.60
79.60
78.30
76.90
75.90
73.00
72.30
71.10
72.90
77.60
87.20
87.10
83.00
81.00
74.30
73.40
73.70
76.80
78.10
73.20
73.40
74.40
75.00
75.30
77.50
80.30
82.00
83.20
83.10
83.10
86.80
89.40
89.20
89.40
91.10
91.90
93.20
93.30
94.00
94.50
94.80
95.10
95.80
96.50
96.70
96.80
96.80
96.90
96.70
96.50
96.10
95.20
96.10
96.60
96.80
97.10
97.10
96.80
96.90
97.00
97.20
97.40
97.50
97.60
97.60
97.70
97.80
97.80
97.70
97.70
97.60
97.70
97.70
97.70
97.70
97.60
97.70
97.80
97.80
97.80
97.70
97.70
97.60
97.60
97.60
97.40
96.40
93.60
91.40
90.60
89.30
86.30
84.60
85.10
83.00
82.30
79.60
75.70
74.80
72.30
71.40
70.90
71.40
69.62
77.10
78.60
71.50
68.15
68.10
74.70
73.30
80.70
80.30
80.50
81.10
80.50
81.40
82.40
83.00
83.20
84.10
85.80
88.80
88.50
87.30
86.80
87.10
88.80
89.70
92.20
92.20
92.10
92.70
93.80
94.10
94.50
94.80
95.30
94.40
94.10
93.70
93.60
93.80
94.50
94.70
94.30
93.30
93.10
93.30
92.20
92.20
92.90
93.30
93.40
94.00
94.60
95.30
96.00
96.50
96.80
95.10
93.20
90.90
88.50
88.60
89.60
90.50
91.70
92.90
92.80
91.50
91.30
91.50
91.50
91.90
92.10
92.00
91.70
91.50
91.10
89.70
89.00
88.70
86.60
84.00
81.60
81.20
81.60
82.80
83.60
83.30
83.30
81.80
81.00
80.10
78.90
79.30
79.60
79.50
79.50
79.40
78.80
79.60
79.40
80.20
77.40
73.00
73.50
73.40
72.20
72.20
71.40
71.00
72.20
71.40
70.80
71.90
68.89
67.26
67.85
68.11
68.67
68.54
68.86
68.88
69.98
71.80
73.40
74.00
73.30
74.80
76.80
78.00
79.50
79.30
81.00
82.20
81.80
77.10
76.60
77.30
78.60
79.30
79.10
78.90
79.40
79.20
79.80
79.70
80.20
81.10
84.20
84.80
84.90
85.60
86.50
86.30
85.90
86.40
86.30
86.20
87.20
88.20
88.50
89.00
89.20
88.40
87.80
88.10
88.60
88.90
88.80
88.60
88.30
87.00
84.90
82.70
81.20
80.40
80.00
80.00
77.80
77.10
76.70
75.50
75.20
76.00
76.20
74.10
70.80
68.19
68.16
66.95
66.98
66.60
64.28
62.95
62.84
64.13
64.39
65.12
66.30
64.11
63.41
61.33
60.03
57.89
57.49
57.29
56.36
58.94
58.73
57.03
56.15
56.26
55.81
54.41
55.36
57.44
59.26
61.20
62.93
64.24
65.31
66.10
67.79
69.75
72.70
74.10
74.50
73.60
71.60
71.40
72.70
74.50
77.50
82.90
82.80
83.90
84.60
85.20
85.30
85.80
87.80
88.60
87.00
87.60
88.80
90.30
90.10
90.50
91.90
92.50
92.70
92.70
92.90
92.90
94.20
94.50
95.20
95.20
94.50
94.30
94.80
95.30
95.60
95.80
96.00
96.10
96.20
96.20
95.90
95.50
95.00
93.90
90.60
89.10
88.30
85.40
83.10
79.40
76.60
74.90
72.80
70.30
70.20
69.40
68.34
67.16
65.24
72.80
75.00
68.28
66.63
64.74
78.20
83.60
80.00
82.30
81.30
73.40
72.60
71.00
67.70
65.91
69.43
66.22
65.50
66.88
66.85
65.89
66.30
66.73
67.62
70.40
71.10
70.30
71.10
73.20
75.80
77.20
77.90
78.70
80.30
82.30
83.20
83.80
83.20
82.30
82.50
82.10
82.60
84.70
83.20
83.60
85.90
88.70
90.90
90.80
92.80
93.20
94.00
94.20
94.80
95.00
94.80
95.00
95.20
95.00
95.20
95.40
95.50
95.50
95.90
95.90
96.00
96.10
96.30
96.20
95.00
95.10
95.70
96.20
96.70
95.80
92.40
87.50
86.80
84.50
84.10
83.70
82.80
80.60
77.60
75.70
75.40
72.60
71.10
68.37
70.40
68.91
67.31
65.73
64.59
62.64
64.07
62.24
58.46
59.07
61.54
58.92
55.59
55.98
56.26
56.13
55.19
57.05
53.37
55.52
55.75
56.66
55.85
55.36
55.97
55.88
55.01
54.28
54.43
55.39
55.11
55.57
58.14
58.77
58.69
60.04
61.41
62.61
63.81
63.93
70.10
75.90
78.30
79.60
79.80
80.10
81.10
83.20
85.00
86.40
87.40
87.70
88.40
88.50
88.20
88.40
88.40
89.20
89.70
89.40
89.50
89.60
90.50
90.90
91.10
91.20
90.60
90.10
89.90
89.90
90.00
89.80
89.40
88.60
88.40
88.90
88.80
89.40
90.00
90.30
90.90
90.60
90.50
90.10
89.80
88.90
87.50
85.00
82.60
81.50
80.50
80.00
78.20
75.50
75.30
75.60
72.50
69.90
68.27
66.22
66.16
66.18
64.52
62.40
61.58
59.65
61.68
58.67
57.89
57.52
59.08
55.26
60.09
60.93
61.42
65.23
64.24
66.53
72.60
73.40
77.80
79.90
82.00
82.80
79.40
75.70
76.50
77.80
77.10
79.10
79.60
79.50
81.50
83.20
83.80
84.30
84.80
85.30
86.00
86.80
86.70
86.10
85.80
84.80
83.70
82.60
83.00
83.60
84.00
84.70
84.60
85.20
85.30
85.00
85.70
85.70
85.40
86.10
86.10
85.40
86.50
87.60
88.80
89.10
87.30
86.90
87.10
87.90
86.90
87.50
89.30
90.30
90.90
91.50
92.10
90.90
88.90
87.60
87.80
88.10
88.40
88.30
87.60
87.00
85.10
82.10
79.10
75.40
75.10
72.50
71.60
69.92
66.90
64.60
64.18
63.34
63.02
62.64
61.98
63.44
68.41
72.10
69.42
72.30
70.90
69.60
72.50
79.30
85.50
91.30
95.10
94.00
93.40
93.60
92.20
94.10
95.00
95.30
94.60
94.30
94.00
93.40
93.40
94.00
94.70
94.60
95.40
96.20
96.30
96.80
97.10
97.20
97.00
96.50
96.30
96.50
96.70
96.90
96.50
96.60
96.90
97.10
97.10
97.20
97.30
97.40
97.60
97.60
97.60
97.70
97.80
97.70
97.20
95.30
94.90
95.80
96.40
96.90
97.30
97.40
97.50
97.60
97.60
97.70
97.70
97.70
97.90
98.00
98.10
98.10
98.10
97.90
97.80
97.60
97.00
96.00
93.90
92.30
90.70
88.40
87.90
86.50
83.70
83.60
82.50
78.10
75.30
74.10
71.50
71.00
69.88
68.94
69.86
69.66
66.45
65.14
64.62
62.26
62.89
61.98
61.51
61.09
61.88
60.40
60.91
59.75
69.99
71.70
83.70
94.20
96.60
97.20
97.00
96.60
96.30
95.10
90.30
85.10
82.20
84.60
83.50
88.20
90.00
90.50
94.50
95.70
96.40
96.80
96.80
96.50
96.20
96.10
96.40
94.60
93.90
94.30
94.60
94.10
94.70
95.30
96.10
96.30
95.90
95.70
96.00
95.80
95.50
95.70
96.10
96.20
96.10
95.80
94.80
93.60
92.90
92.50
92.30
92.30
92.70
93.10
93.50
92.90
92.50
92.10
92.40
92.20
91.30
90.60
90.00
89.70
89.20
89.00
88.90
88.90
89.20
88.90
87.80
87.20
86.40
86.00
85.20
84.60
83.60
83.20
83.40
81.20
79.20
77.40
75.00
76.10
76.30
73.70
72.10
71.10
70.30
70.10
69.48
70.20
68.94
68.23
67.36
68.76
67.02
68.62
69.36
69.64
65.89
67.84
66.93
61.27
63.81
65.85
65.36
63.84
64.82
66.72
69.30
69.71
70.20
70.10
72.50
74.70
77.30
80.50
82.90
82.70
83.40
83.50
83.50
84.40
85.50
86.60
87.40
88.30
89.00
90.10
90.60
90.90
91.10
91.60
92.60
92.70
92.90
93.30
93.60
93.50
93.70
93.50
94.40
95.60
96.00
95.80
95.70
95.70
96.00
96.10
95.10
95.20
95.50
95.50
94.80
93.30
93.30
93.60
94.20
94.90
95.40
94.60
94.00
93.40
91.70
89.60
87.70
86.50
85.80
84.50
83.40
82.10
81.00
80.50
81.40
80.10
77.90
76.90
74.60
74.40
73.80
73.00
71.20
69.50
68.79
69.49
73.90
77.30
75.90
72.10
74.30
78.40
83.30
84.20
85.70
85.80
89.10
92.90
93.80
94.00
93.40
93.00
92.80
93.20
93.20
93.50
94.10
94.60
95.10
95.30
95.10
95.10
94.90
94.90
95.40
95.40
95.50
95.30
95.50
96.00
95.90
95.80
96.00
96.20
96.20
96.40
96.40
96.70
96.80
97.20
97.40
97.40
97.60
97.70
97.80
97.90
98.00
98.10
98.20
98.20
98.20
98.30
98.30
98.30
98.30
98.40
98.40
98.40
98.40
98.40
98.40
98.50
98.40
98.40
98.40
98.50
98.50
98.50
98.50
98.30
97.70
95.40
83.30
80.60
80.40
80.10
77.80
75.60
75.50
75.30
70.50
70.80
71.20
67.62
69.00
69.91
68.21
67.82
65.88
64.81
66.53
67.60
65.59
63.47
61.96
59.53
59.85
60.48
61.00
60.01
57.24
57.86
58.15
54.81
52.84
53.93
54.21
53.14
51.48
52.09
55.62
58.76
61.16
64.09
67.52
71.30
74.10
75.60
76.50
76.20
77.40
77.60
76.30
77.40
80.70
80.80
78.90
76.50
74.60
74.50
74.40
79.10
80.50
86.80
88.20
85.90
84.10
83.10
84.50
87.30
88.60
88.10
88.20
87.40
89.20
90.10
89.30
88.30
86.70
86.70
88.30
89.90
91.30
92.20
92.40
92.40
93.50
94.50
95.20
95.90
96.50
96.80
96.50
94.90
91.40
88.50
85.50
82.70
82.30
81.00
78.30
78.10
75.90
74.90
72.70
70.50
69.24
68.14
66.70
70.00
69.90
68.95
65.86
63.39
62.34
60.18
58.86
58.64
59.41
58.75
58.25
56.01
55.06
52.24
50.36
49.46
50.65
51.89
54.71
66.64
73.10
76.90
79.10
79.50
81.30
76.30
80.40
85.70
90.10
91.80
92.20
94.50
95.80
96.40
96.60
95.60
95.10
95.80
95.50
94.80
94.20
94.50
93.40
93.30
94.60
94.80
94.50
94.30
94.60
95.20
95.80
96.10
96.50
96.10
95.70
95.10
95.40
95.90
96.30
95.90
96.80
97.00
96.90
97.00
97.00
96.60
97.10
97.50
97.60
97.80
96.40
93.40
96.00
96.80
96.30
95.40
95.20
96.30
96.60
97.10
96.80
96.80
97.20
97.30
97.60
97.80
97.80
97.70
97.40
96.60
95.60
94.90
92.80
88.60
85.50
83.50
82.50
82.20
79.50
78.30
78.30
75.70
73.00
66.88
65.27
64.15
62.05
60.52
61.77
60.83
59.02
59.41
60.15
56.69
63.01
64.52
61.81
60.81
60.36
62.51
64.91
65.74
66.80
63.21
64.66
69.95
78.10
93.70
92.30
92.70
93.90
95.70
96.30
96.70
96.70
96.90
96.60
96.10
95.30
96.10
96.70
96.50
95.70
95.10
95.50
96.50
96.00
95.60
95.50
95.80
96.20
96.50
96.90
97.40
97.40
97.50
97.50
97.60
97.60
97.60
97.60
97.80
97.90
98.00
98.10
98.10
98.20
98.30
98.30
98.30
98.30
98.30
98.30
98.30
98.20
98.10
97.90
97.60
96.90
94.00
92.10
88.80
85.30
83.10
82.00
80.90
80.20
77.70
75.60
77.60
76.70
75.50
72.90
73.70
69.41
70.20
72.60
73.70
73.30
71.90
67.91
67.35
65.08
64.74
65.03
67.16
65.68
62.82
63.77
70.70
73.30
74.30
70.30
65.29
65.58
66.25
66.91
66.16
68.93
66.90
63.10
64.73
70.70
79.50
81.30
82.60
82.80
83.10
85.00
87.10
88.10
89.50
89.60
90.80
91.80
92.20
92.50
92.20
92.50
92.50
92.70
92.70
92.10
92.20
92.60
93.20
94.30
95.20
95.60
95.20
94.80
94.60
94.70
94.50
94.30
93.90
93.00
93.40
92.80
92.50
92.10
91.80
91.60
92.00
92.10
92.40
92.60
93.20
93.50
93.60
93.70
94.00
94.00
93.50
92.20
92.40
92.20
89.80
87.10
85.10
81.90
82.00
81.30
81.40
79.40
76.60
74.00
71.80
71.20
68.33
69.42
62.50
66.25
65.13
64.59
63.58
63.66
64.75
63.36
61.35
61.56
59.14
57.75
60.39
58.23
55.01
56.46
62.42
62.31
63.49
68.96
72.50
74.10
75.30
71.10
70.60
71.20
70.70
71.00
71.20
71.80
70.60
73.00
83.90
83.20
82.60
83.70
85.00
86.00
87.20
88.00
88.30
88.60
89.00
88.50
88.30
86.20
83.70
85.00
88.50
88.30
89.70
92.30
91.50
89.30
87.80
89.00
90.80
93.50
93.80
94.00
94.10
94.40
94.80
94.50
95.20
94.90
95.70
95.90
95.30
93.80
94.20
94.40
94.10
93.90
94.50
94.10
92.80
90.00
86.90
85.80
84.20
81.40
81.10
78.50
74.70
73.00
72.70
71.90
72.00
72.30
68.65
69.16
70.30
68.03
68.64
66.50
64.45
70.40
63.28
67.87
71.40
71.70
65.02
63.79
63.24
65.53
62.72
60.77
60.21
61.85
61.60
62.45
63.87
64.67
62.60
67.08
67.35
69.28
70.40
70.30
71.60
72.10
71.80
74.30
76.90
81.70
84.50
83.90
84.90
85.70
86.10
86.40
86.90
86.70
87.90
90.00
91.30
90.70
90.90
91.40
92.40
92.60
92.40
94.00
93.40
94.00
94.30
94.20
93.50
93.10
93.30
94.00
94.70
94.80
94.80
94.90
95.30
94.50
92.10
91.90
92.70
93.20
92.60
94.60
95.30
95.00
94.70
95.40
96.10
96.70
97.20
97.50
97.60
97.60
97.20
95.80
92.70
91.60
88.00
86.50
85.10
83.60
84.20
86.20
85.30
85.90
84.00
83.50
83.60
83.50
83.10
80.40
77.80
77.20
77.40
79.10
84.70
95.00
96.10
96.10
96.00
96.30
96.60
96.90
96.90
96.70
96.30
95.40
94.80
93.70
91.60
91.70
92.40
93.50
95.20
95.60
95.70
95.90
96.50
96.80
96.60
96.50
96.60
96.80
96.90
97.00
97.20
97.10
97.10
97.20
97.40
97.50
97.50
97.50
97.60
97.70
97.70
97.70
97.70
97.70
97.80
97.80
97.80
97.90
97.90
97.90
97.90
97.90
97.80
97.90
97.90
98.00
98.00
98.00
98.00
98.00
98.10
98.10
98.10
98.10
98.20
98.20
98.20
98.30
98.30
98.30
98.30
98.30
98.30
98.30
98.20
98.20
97.90
97.20
94.70
91.60
87.60
88.70
86.30
85.40
83.20
85.00
83.00
82.90
87.20
87.20
85.90
84.70
83.10
82.00
79.70
79.50
76.50
76.30
75.70
75.70
74.40
71.50
71.00
70.70
72.40
73.10
67.91
71.40
73.40
73.60
73.90
73.00
71.70
72.20
74.80
76.20
76.70
78.50
80.30
82.40
84.10
85.00
86.20
86.40
86.50
88.10
89.80
90.60
94.10
93.30
91.50
93.70
94.10
93.30
92.40
93.40
95.00
95.00
95.60
95.50
95.80
96.60
96.80
96.70
96.50
96.40
96.60
96.80
96.80
96.80
96.90
96.90
96.60
96.70
97.10
97.30
97.40
97.30
97.30
97.50
97.70
97.90
98.10
98.20
98.20
98.30
98.30
98.20
97.80
96.80
93.50
91.00
88.90
85.90
83.10
80.60
78.80
76.70
76.90
74.20
74.40
71.00
69.68
69.26
68.77
65.89
64.92
61.40
64.14
63.84
61.88
62.05
59.88
55.63
57.02
53.24
50.36
50.16
49.88
50.30
51.02
48.67
48.18
48.48
47.43
47.35
47.26
46.30
46.88
47.81
48.10
47.61
49.11
50.29
53.23
54.59
55.58
58.35
58.48
59.97
60.08
61.08
62.10
62.76
64.72
66.19
66.06
66.28
65.69
66.12
63.03
60.31
63.08
66.93
70.40
68.28
68.60
68.68
69.52
73.70
78.60
76.50
76.60
75.00
76.00
74.70
77.80
78.60
78.20
81.80
83.80
83.20
85.20
86.70
88.10
88.90
88.90
90.70
91.60
92.70
93.20
93.50
93.20
92.80
92.60
91.30
90.20
89.10
86.40
85.20
83.20
82.60
78.90
76.20
73.50
71.70
72.00
71.30
71.50
68.21
68.18
67.25
66.44
63.96
59.07
60.10
58.71
57.77
57.30
55.44
55.83
52.13
53.96
56.03
54.53
53.30
54.02
54.95
51.64
51.62
63.02
67.53
72.20
77.90
78.70
77.90
79.70
80.20
75.70
76.00
78.60
80.10
79.00
81.30
84.00
84.20
84.60
86.30
88.80
88.40
88.40
90.20
91.20
91.20
92.10
89.10
87.30
87.30
87.20
86.40
84.90
84.60
85.20
86.50
85.80
86.20
87.30
87.60
87.40
89.90
90.60
91.60
93.90
93.00
93.80
94.20
94.20
92.30
94.80
96.30
97.10
97.30
97.50
97.60
97.60
97.60
97.30
97.40
96.40
94.40
91.90
91.00
89.00
87.40
87.50
86.00
85.70
82.90
80.30
79.50
78.20
78.70
74.90
74.20
73.50
71.90
71.80
70.40
68.12
68.52
67.20
63.59
60.83
63.69
60.01
61.74
66.47
74.20
73.20
70.30
65.53
65.30
63.38
61.12
59.67
58.55
59.30
60.03
59.85
60.19
58.88
58.35
57.89
59.20
60.27
60.96
62.54
62.07
64.46
68.83
71.40
72.20
71.70
75.00
72.40
71.20
73.20
75.40
76.20
87.50
91.20
89.20
89.40
87.70
87.10
87.90
89.60
90.00
91.80
89.40
87.70
89.10
92.40
92.50
93.50
92.90
92.30
91.40
92.40
93.50
94.00
93.20
92.90
92.20
91.40
90.00
90.80
92.00
93.10
93.00
92.50
92.60
92.50
92.40
90.70
89.50
88.50
86.90
85.00
83.10
81.10
80.50
80.30
78.00
77.80
76.80
75.50
73.60
71.50
71.40
71.00
69.32
68.14
67.92
67.07
65.45
66.75
63.16
61.67
60.52
59.23
60.24
59.74
59.06
58.02
57.81
56.19
56.70
56.12
56.13
53.32
52.20
52.75
54.16
52.86
53.54
53.96
53.50
55.82
57.21
60.37
59.59
57.68
57.59
57.84
63.82
69.93
75.10
77.20
79.40
81.50
82.30
82.70
84.70
85.40
86.10
87.60
88.60
89.10
90.40
92.10
91.90
92.00
92.20
93.10
93.20
93.00
92.80
92.90
91.10
90.20
86.60
81.50
87.10
91.30
91.00
90.70
87.40
88.10
90.40
91.50
91.70
90.90
91.10
92.90
94.50
95.00
94.40
92.50
93.90
93.60
92.80
93.50
93.80
93.80
93.20
92.20
90.20
88.70
86.20
83.80
79.70
78.10
77.80
76.50
72.20
69.20
69.29
67.42
66.29
64.76
63.80
60.63
61.67
61.87
60.01
58.36
58.79
57.64
56.86
51.68
51.10
53.13
52.40
50.11
49.51
49.37
48.78
49.92
51.54
50.93
51.18
50.10
51.48
55.21
59.45
58.04
59.15
59.26
57.16
55.58
56.07
58.06
58.63
62.87
64.58
73.30
81.10
78.80
80.80
80.80
81.10
82.40
81.80
83.00
83.40
82.60
84.50
85.20
86.40
87.60
87.90
88.50
89.40
89.60
90.60
91.20
91.50
92.70
93.30
93.60
94.40
94.70
95.70
96.20
96.70
97.30
97.60
97.70
97.70
97.20
94.30
93.70
93.60
93.60
93.40
92.80
91.90
91.60
90.70
90.30
87.00
87.90
87.80
85.70
82.70
80.00
77.40
74.30
72.30
69.58
66.76
66.27
65.11
63.89
63.17
62.07
61.18
60.51
59.67
59.01
59.16
60.20
59.07
57.27
57.00
57.39
59.88
61.29
62.88
62.65
60.50
60.26
69.53
77.00
76.30
77.60
78.60
82.10
86.70
92.80
94.80
95.50
96.60
96.90
94.30
94.00
95.60
96.60
96.80
96.80
97.00
97.40
97.60
97.80
97.80
97.50
96.50
95.90
96.10
96.20
96.20
96.20
95.60
94.60
94.00
95.20
96.00
95.30
94.40
94.30
93.20
93.20
94.10
95.10
95.70
95.10
93.70
92.90
91.30
91.40
92.20
93.20
94.10
94.30
95.00
95.90
96.90
97.30
97.40
97.40
97.50
97.50
97.50
97.40
97.20
96.70
95.50
93.70
91.40
88.40
84.60
83.10
83.40
81.70
78.40
78.90
79.30
76.20
74.40
73.00
71.70
72.40
70.50
69.53
68.13
67.85
68.01
68.54
67.26
64.82
65.01
67.71
64.50
65.20
64.03
59.31
58.67
57.16
57.72
54.83
55.04
55.79
54.71
53.79
53.59
58.63
60.64
58.64
58.17
58.04
59.23
61.55
62.22
62.64
61.88
61.85
60.70
60.53
61.11
61.75
65.04
78.00
78.00
74.80
73.90
75.80
76.70
77.30
78.70
80.50
81.90
82.80
83.50
84.20
85.10
86.30
85.90
86.20
86.60
87.60
87.90
87.50
85.40
84.90
85.20
85.30
85.40
85.30
85.00
85.10
85.50
86.40
87.80
89.10
90.30
90.50
91.30
91.60
91.50
90.20
88.20
85.70
82.90
80.40
77.50
75.60
74.20
72.80
72.90
72.80
69.74
68.97
68.24
68.63
69.82
68.26
66.41
65.51
65.21
64.84
64.12
65.23
64.40
64.62
68.43
66.19
60.23
55.80
55.87
54.55
53.00
52.71
51.02
51.46
50.06
50.22
49.13
49.41
48.29
49.41
51.13
53.49
53.52
55.55
66.19
69.82
70.80
73.80
73.90
77.80
87.70
91.00
93.50
94.50
95.20
96.30
97.10
96.30
96.00
96.90
97.10
97.10
97.00
97.10
97.40
97.70
97.80
98.00
98.00
97.80
97.00
96.40
96.40
96.40
95.70
96.10
96.20
96.30
96.40
96.30
96.60
96.60
96.70
96.60
96.40
96.80
97.20
97.60
97.80
97.90
97.80
97.90
97.80
97.50
97.10
96.10
94.60
92.20
90.90
91.10
90.40
89.60
88.50
86.80
87.00
86.20
85.20
82.30
80.80
78.40
77.00
75.90
73.50
73.60
73.60
71.20
72.10
70.20
68.54
68.31
71.10
79.10
84.40
83.40
81.10
69.79
63.92
63.83
71.70
73.10
72.20
77.00
78.40
77.70
78.10
78.80
78.20
77.70
77.90
79.90
81.70
82.50
81.00
81.20
80.60
81.20
82.70
82.80
82.80
84.20
85.50
87.00
88.40
89.90
90.30
90.70
89.80
90.20
91.50
92.30
93.80
94.50
95.10
95.80
95.80
96.10
96.10
95.10
95.30
96.00
96.70
97.30
97.50
97.40
97.30
97.40
97.50
97.50
97.50
97.60
97.70
97.60
97.30
97.20
97.10
97.10
96.80
96.00
95.60
95.40
95.70
93.90
91.80
90.50
88.90
86.40
83.40
80.20
78.10
74.80
74.00
72.40
70.90
68.53
68.57
66.42
65.01
63.84
63.90
63.75
62.05
61.10
61.00
58.17
57.36
55.03
55.72
55.94
55.16
54.30
54.27
54.00
52.70
51.89
52.52
52.71
51.74
50.73
49.46
48.16
48.27
49.20
50.20
51.11
51.87
51.39
54.64
61.20
63.02
65.80
69.99
73.00
74.90
76.80
79.20
79.30
79.20
80.40
81.60
83.10
85.20
86.40
85.20
85.80
86.40
85.80
85.20
85.90
86.20
86.80
87.20
87.40
87.00
88.40
88.80
88.40
88.80
88.10
87.70
87.90
88.30
88.20
88.90
90.80
89.70
88.50
89.60
88.10
87.20
88.00
88.90
88.20
85.50
84.40
82.20
82.50
82.80
83.50
82.70
80.70
79.70
80.10
78.60
77.90
76.70
74.30
71.60
70.60
68.00
66.11
65.68
66.01
66.35
66.07
65.42
64.58
63.25
62.20
60.83
61.49
59.93
59.95
60.08
59.81
59.19
59.62
60.46
58.60
58.20
57.90
57.00
56.37
58.12
68.39
67.50
68.27
70.80
73.80
79.20
80.80
81.10
80.20
79.50
79.90
80.40
84.20
83.90
83.90
82.80
82.60
82.80
84.50
85.40
87.90
90.30
89.90
92.80
95.60
96.20
96.70
97.00
97.00
96.80
96.30
96.40
96.90
97.20
97.50