80.90
81.60
82.20
83.40
83.90
84.70
84.10
83.10
81.30
81.10
80.00
82.10
83.90
82.20
82.50
82.10
81.20
80.50
79.50
78.70
79.70
79.60
78.40
77.50
76.10
75.80
75.30
74.80
72.40
71.90
71.90
71.00
71.80
73.30
73.60
72.50
70.80
65.30
62.02
56.96
56.99
54.61
51.54
48.51
46.16
44.26
43.46
42.90
43.72
41.70
42.05
43.25
42.69
41.77
41.18
41.08
37.50
36.62
36.64
38.16
39.18
36.64
35.40
36.98
39.77
40.87
41.70
41.08
41.37
43.22
44.24
45.09
46.96
48.33
49.61
50.80
51.13
50.90
50.95
55.32
54.72
55.43
56.24
57.99
61.34
60.83
60.99
62.28
63.21
63.77
64.30
65.29
65.94
72.00
74.30
73.20
73.70
73.90
81.00
81.20
79.20
78.40
77.60
75.80
78.90
78.90
82.80
85.30
86.00
86.30
86.20
86.20
85.10
86.10
88.00
88.30
87.60
87.80
85.40
85.30
85.90
85.30
85.10
84.60
83.10
80.80
78.20
77.60
74.90
72.70
71.10
68.03
66.56
65.84
62.39
60.73
59.62
58.75
57.54
56.96
56.09
56.02
53.95
52.63
52.34
50.37
49.46
47.52
46.41
45.74
49.16
56.33
55.05
50.96
45.95
42.02
41.20
58.23
61.70
63.91
64.03
64.98
69.08
67.02
74.20
89.00
89.80
90.30
91.10
90.00
90.00
89.40
89.20
90.10
88.30
88.30
88.30
88.50
89.40
89.50
85.00
84.20
85.50
86.10
87.00
88.50
90.10
90.60
90.20
91.20
91.70
92.80
93.30
92.50
93.20
94.80
95.00
95.50
95.70
96.40
96.60
97.00
97.30
97.40
97.40
97.50
97.50
97.60
97.60
97.60
97.50
97.60
97.60
97.60
97.60
97.70
97.60
97.60
97.60
97.50
97.50
97.60
97.70
97.60
97.30
97.50
97.40
97.40
97.40
97.30
96.40
92.20
88.70
88.00
85.20
84.40
81.20
82.10
81.60
78.60
74.90
74.60
75.10
74.80
73.80
72.90
74.60
77.40
83.00
83.70
82.60
76.60
67.15
67.90
64.48
63.03
67.51
69.23
73.10
75.80
79.20
80.50
80.00
82.00
81.80
84.00
87.10
85.90
86.90
84.70
76.20
84.50
86.20
86.40
83.90
83.30
86.30
88.20
89.30
90.80
91.40
91.10
91.40
91.90
92.30
92.60
93.80
94.20
94.30
95.00
95.20
95.50
95.50
95.50
95.70
96.10
96.40
96.60
96.90
97.10
97.30
97.40
97.50
97.60
97.60
97.70
97.80
97.80
97.80
97.80
97.80
97.80
97.70
97.80
97.70
97.70
97.50
97.40
97.10
96.00
93.80
93.40
92.50
91.60
91.00
89.90
89.60
88.40
86.60
83.40
81.60
79.40
77.80
75.10
75.60
74.30
75.50
77.00
76.60
74.10
73.30
69.82
71.30
74.20
75.20
75.90
73.90
72.90
70.60
71.20
68.77
70.20
70.50
71.80
73.00
75.30
77.20
77.80
79.60
80.60
81.40
82.30
83.30
84.50
85.60
86.80
87.50
88.40
88.50
88.70
89.30
90.00
90.30
90.80
91.00
90.00
88.70
89.10
90.30
89.80
90.00
90.50
91.00
92.00
92.50
92.30
92.00
92.20
91.80
91.10
92.00
92.90
93.60
94.20
94.60
93.60
94.10
94.70
94.70
94.40
94.10
94.30
95.40
96.40
97.00
97.20
97.00
96.50
96.10
96.10
96.40
96.60
96.60
96.70
96.70
96.40
93.80
91.40
91.40
91.90
92.60
92.80
93.10
93.10
93.10
91.80
90.20
88.20
86.70
85.60
85.10
83.10
81.30
79.10
76.20
73.30
73.50
73.80
71.40
68.99
68.24
65.86
64.52
65.05
70.60
70.70
68.83
70.30
70.10
69.41
71.00
74.50
75.00
75.00
75.50
76.50
77.60
79.40
80.60
81.20
81.40
82.20
81.80
80.70
80.70
81.30
82.50
83.30
84.20
85.40
86.40
86.20
86.60
87.00
88.00
88.00
88.30
88.10
87.80
87.70
88.30
88.30
88.30
89.00
89.20
89.70
90.20
91.10
92.10
91.80
92.80
91.10
92.30
92.00
91.10
91.90
91.80
92.10
93.20
94.80
95.80
95.70
95.60
94.80
93.50
91.00
88.50
88.60
88.70
88.60
88.50
87.30
86.50
86.60
84.60
80.80
79.70
79.80
78.40
75.10
73.10
70.40
68.73
63.43
62.36
60.60
61.65
60.86
62.38
64.21
61.06
60.07
64.22
66.69
64.52
63.23
62.01
59.15
58.95
60.34
64.15
64.43
66.13
67.29
69.00
70.70
72.40
70.70
69.88
68.90
70.30
69.99
71.00
67.84
67.38
67.48
68.01
69.87
71.30
70.60
69.11
69.18
73.30
73.30
75.60
76.20
74.70
75.70
73.30
68.16
76.80
73.10
74.20
76.40
76.60
79.00
77.80
78.10
77.40
77.80
80.00
79.30
82.60
82.70
85.50
85.20
84.00
88.00
90.20
91.20
90.50
90.70
88.80
89.10
90.50
93.60
94.60
95.70
96.30
96.70
96.50
96.90
97.10
97.30
97.40
97.40
97.30
97.10
96.20
95.20
94.10
92.80
91.30
89.90
90.00
90.80
89.60
88.50
88.40
89.50
89.50
89.90
91.20
90.80
87.70
86.20
87.50
86.00
84.80
82.20
81.40
82.20
80.70
77.90
74.30
73.80
72.20
71.80
73.20
74.10
74.10
73.90
74.10
74.80
75.60
77.30
80.10
81.40
82.30
83.70
84.40
85.10
85.50
85.60
86.10
85.60
84.30
84.20
84.90
85.20
84.40
83.90
82.30
80.90
80.60
82.10
83.60
82.80
82.10
82.10
81.40
79.70
78.50
79.30
82.10
84.20
83.60
83.20
84.10
85.30
86.00
86.70
86.50
86.70
87.00
86.70
88.10
89.90
90.00
90.30
92.20
92.50
91.90
92.00
93.30
93.00
92.60
91.50
89.20
87.30
85.90
86.60
85.70
84.40
82.50
81.30
77.70
75.80
73.60
68.99
66.49
65.72
62.85
65.25
63.58
62.51
60.59
61.46
62.50
61.45
59.40
55.78
53.56
58.53
78.90
90.50
90.90
93.00
90.50
89.90
89.70
89.50
87.60
87.00
86.60
86.60
90.50
91.60
92.30
93.30
94.00
93.40
91.20
87.90
88.60
91.20
92.60
92.80
94.20
95.80
95.20
95.20
95.30
94.20
93.10
93.60
94.50
94.10
92.40
91.70
92.30
92.90
93.00
93.50
93.80
93.90
94.10
94.70
95.70
96.30
96.60
96.70
96.50
95.70
94.80
94.90
94.90
94.70
94.90
95.10
95.20
95.60
95.80
95.80
95.70
95.30
95.40
95.80
96.00
96.00
95.70
95.40
95.00
94.40
93.10
92.60
92.10
90.50
88.70
87.20
85.60
84.20
83.90
83.80
83.50
82.60
80.60
78.50
77.20
75.50
75.50
73.50
72.00
71.60
72.10
71.40
69.19
67.79
65.94
65.14
64.38
62.70
63.60
63.07
61.41
58.26
57.71
57.46
56.20
54.53
54.83
54.35
53.77
56.21
57.74
59.14
58.41
60.16
62.12
64.08
64.90
62.70
62.89
64.81
66.63
67.68
68.26
68.91
69.82
70.30
71.10
72.20
72.20
71.70
72.50
72.50
72.20
71.50
72.00
72.70
73.30
73.90
74.80
75.40
77.30
79.10
80.20
80.20
81.30
81.40
81.20
81.80
82.20
83.90
84.80
85.10
85.10
86.20
87.20
87.20
86.70
86.50
87.10
87.70
88.30
87.90
87.10
87.00
86.80
86.80
86.00
85.20
83.60
82.40
81.10
80.50
79.70
78.90
78.10
77.50
76.30
75.80
76.10
75.00
73.20
69.81
67.79
68.18
66.95
67.00
67.22
67.33
64.29
59.43
56.23
53.63
53.75
55.07
53.80
52.57
52.16
48.62
48.58
48.98
49.32
47.14
48.34
46.27
46.18
47.33
48.92
50.43
52.10
53.54
56.32
62.66
65.63
67.10
67.54
67.06
67.05
68.51
72.20
74.50
73.00
73.90
76.20
76.50
76.40
77.20
78.20
79.40
80.40
81.50
82.50
83.10
84.50
85.30
85.40
86.20
86.50
86.50
86.30
85.70
84.90
84.70
84.10
83.10
82.60
82.30
82.10
81.90
82.30
83.20
83.40
84.00
84.90
85.10
84.90
85.10
85.40
85.50
85.40
85.30
85.60
85.50
84.40
83.40
82.50
82.00
80.90
78.50
76.20
75.00
72.80
69.54
69.47
69.00
67.66
64.80
61.83
63.30
61.41
62.25
59.68
57.76
58.50
58.76
57.40
55.97
56.84
54.85
57.67
56.07
59.68
58.15
55.32
59.77
79.40
89.90
94.00
95.10
95.40
95.60
96.40
97.00
97.00
97.00
96.80
96.50
96.00
95.20
95.10
95.30
95.80
96.10
96.30
96.20
95.50
94.50
94.90
94.80
95.00
95.30
96.00
96.20
96.30
96.50
96.50
96.40
96.30
96.40
96.40
96.80
97.00
97.10
97.10
97.10
97.10
97.00
96.60
96.20
96.50
96.90
97.00
96.90
96.50
96.60
96.80
97.10
97.20
97.20
97.30
97.30
97.20
97.20
97.30
97.40
97.50
97.60
97.70
97.70
97.70
97.70
97.70
97.70
97.60
97.30
96.40
95.70
95.30
95.50
95.30
94.40
93.50
92.20
93.50
92.40
88.00
86.00
83.50
80.00
77.00
75.80
75.10
74.30
75.40
75.10
71.30
70.10
69.17
68.26
70.20
76.40
77.30
78.10
78.50
76.00
72.50
71.00
74.60
74.50
75.10
74.20
74.90
75.20
75.50
78.10
79.40
80.70
81.90
82.90
84.80
86.80
87.80
88.70
90.10
89.50
88.90
89.40
90.60
91.50
92.10
91.90
92.30
92.80
93.20
94.20
94.10
95.50
96.40
96.60
96.90
97.00
97.20
97.50
97.60
97.70
97.80
97.80
97.90
98.00
98.10
98.20
98.20
98.20
98.20
98.20
98.20
98.20
98.20
98.20
98.20
98.20
98.30
98.30
98.30
98.30
98.30
98.30
98.20
97.90
95.00
89.40
84.90
83.70
82.20
80.20
78.40
77.30
72.70
71.30
70.30
69.11
66.43
64.94
63.96
63.85
62.27
62.68
60.30
58.18
58.03
56.90
57.44
55.96
55.64
57.25
55.66
53.84
54.00
59.96
55.28
53.25
53.02
53.30
54.04
56.68
56.32
58.41
61.67
61.90
60.39
61.16
62.89
64.86
65.48
64.21
64.32
64.33
64.20
65.86
68.19
70.40
72.60
73.30
72.60
73.50
73.90
73.00
71.30
71.00
72.10
73.40
74.20
75.60
77.00
78.80
80.60
81.50
82.00
82.50
82.60
83.30
83.80
83.70
83.70
83.60
83.60
84.30
84.70
83.60
83.00
83.50
84.00
84.50
85.20
85.00
83.50
83.80
84.00
83.90
83.60
83.90
84.30
84.80
84.10
81.50
78.50
74.70
72.10
71.60
69.51
67.07
66.56
64.95
63.38
62.47
61.47
60.41
57.46
57.60
56.16
56.32
54.34
51.61
50.98
51.05
61.78
66.67
71.00
66.35
73.90
88.00
88.60
92.30
88.60
87.00
89.10
87.30
88.80
89.30
88.10
87.50
87.30
86.20
86.40
86.50
88.70
89.40
90.20
90.00
91.00
92.10
92.50
93.50
92.30
92.00
91.60
92.60
92.70
92.90
92.60
93.00
93.60
94.10
93.40
92.40
91.70
91.40
91.80
92.30
92.20
92.10
91.90
92.00
92.50
93.00
93.00
94.10
93.20
92.60
92.40
92.40
92.40
93.10
93.60
94.00
94.60
94.60
94.80
95.10
95.20
95.40
95.50
95.00
94.50
94.10
92.30
91.70
91.30
91.00
89.90
87.80
87.30
86.70
85.50
85.70
86.80
88.50
93.10
94.80
95.10
95.10
93.10
91.40
90.20
89.10
90.00
87.30
86.40
85.00
84.80
85.40
87.10
86.20
84.50
83.70
82.80
83.50
81.00
80.60
79.90
79.80
79.50
81.10
81.30
82.40
82.90
84.50
84.90
84.60
83.90
84.10
85.00
85.60
86.40
87.20
88.60
89.90
91.30
93.20
93.60
93.20
93.40
94.20
94.60
94.70
95.00
95.50
95.60
95.30
95.10
94.80
94.70
94.60
94.10
93.90
93.60
93.30
93.40
93.50
93.50
93.80
94.40
95.20
95.90
96.30
96.70
96.90
97.10
97.20
97.20
97.20
97.30
97.20
97.50
97.60
97.80
97.90
98.00
98.00
98.10
98.10
98.00
97.70
96.20
92.70
88.10
86.40
82.60
83.00
82.30
79.40
79.50
79.80
75.00
73.60
74.80
72.70
73.80
76.50
73.90
71.60
71.40
67.13
68.62
67.13
67.19
65.00
64.03
65.89
67.95
66.99
62.56
57.08
55.59
56.06
57.05
56.43
54.74
58.03
57.35
56.83
58.76
57.57
56.18
58.10
68.21
72.90
75.20
75.70
77.00
79.60
80.10
80.90
81.90
84.10
85.00
86.10
87.10
87.20
88.00
88.00
87.70
88.50
90.40
90.10
92.20
92.30
92.20
94.00
94.50
93.40
93.50
93.50
93.00
92.90
93.30
93.50
94.00
94.60
94.80
94.50
94.30
94.70
95.60
95.90
95.80
96.00
95.90
95.40
94.90
94.90
94.90
94.40
94.60
94.60
94.20
93.70
92.70
91.20
88.00
86.10
84.50
82.30
76.30
72.60
71.30
71.00
67.89
65.58
64.05
59.52
59.60
56.98
55.61
55.46
55.46
55.00
53.35
53.02
53.34
54.11
55.18
56.77
56.90
55.48
52.39
52.60
50.08
48.81
48.68
47.79
47.42
47.47
46.64
45.00
44.28
43.36
42.70
41.04
41.21
41.27
42.54
46.73
51.06
51.28
50.95
53.41
55.72
58.34
60.93
61.14
63.31
66.32
68.56
69.64
70.20
71.30
71.90
71.50
74.90
78.90
77.80
76.70
77.60
78.70
84.10
86.70
86.50
86.00
86.40
85.40
84.40
83.40
83.60
82.20
82.00
83.60
83.60
86.40
87.30
83.40
80.10
80.90
80.80
82.80
84.70
85.10
88.70
91.10
92.00
91.50
89.90
88.40
85.10
81.50
76.10
74.50
79.30
78.20
74.40
72.40
69.30
66.47
62.66
61.34
62.64
62.50
59.17
57.85
57.57
55.19
54.65
53.99
53.79
52.78
52.07
51.62
49.04
50.50
50.24
49.00
48.98
48.86
49.45
48.36
48.38
49.44
48.89
47.96
48.65
48.87
47.04
48.75
54.88
60.14
61.49
63.24
65.65
67.10
68.47
70.40
72.20
73.60
74.70
75.40
76.60
77.10
77.40
77.60
77.50
79.00
79.60
79.80
79.30
80.30
81.20
82.20
82.90
83.40
84.20
84.40
85.40
86.30
87.40
88.40
88.80
89.90
91.10
92.30
92.90
92.90
93.30
93.20
93.10
92.70
87.50
85.90
84.20
84.20
84.00
82.70
82.80
83.30
84.50
85.30
86.10
86.90
86.90
86.60
85.60
83.00
80.70
79.70
78.20
76.50
75.10
74.60
74.30
71.50
69.28
68.31
66.52
65.64
64.44
62.03
61.33
59.43
57.04
56.57
54.65
54.13
53.21
49.58
49.77
47.49
48.37
55.59
59.13
62.66
65.97
68.67
69.71
72.10
70.70
69.40
68.66
73.10
72.70
79.00
85.00
85.10
83.70
84.50
85.50
86.40
84.70
84.60
85.60
86.00
86.80
87.90
88.20
88.50
88.90
89.90
90.70
90.60
90.90
91.70
91.60
90.60
90.10
90.20
91.40
91.30
90.10
89.50
91.30
92.40
92.80
93.00
93.50
93.90
94.30
94.70
94.60
94.80
95.00
95.00
94.60
94.40
94.60
95.30
95.70
95.80
96.00
96.20
96.10
96.00
95.70
95.50
95.50
94.70
92.90
89.10
87.80
87.20
87.20
86.80
86.90
87.70
86.30
87.90
88.10
88.30
88.50
88.20
88.10
89.10
90.00
89.70
90.20
92.00
93.20
93.90
93.10
92.00
90.90
89.10
87.40
86.60
84.00
81.20
78.10
77.00
73.80
74.30
75.90
74.90
76.20
76.80
76.40
75.60
73.90
71.70
72.30
72.30
74.10
76.00
74.40
74.10
75.10
76.80
78.70
80.80
81.60
83.10
83.80
84.00
85.30
87.10
87.60
88.50
89.10
89.10
88.80
89.10
90.40
91.90
91.50
90.40
90.20
90.80
91.50
92.00
92.10
92.30
92.90
92.90
94.00
94.40
94.50
94.70
95.30
95.80
96.10
96.50
96.60
96.80
96.90
97.10
97.20
97.30
97.20
97.00
96.90
96.80
96.90
96.90
96.90
96.80
95.20
94.40
94.50
94.20
92.60
91.00
88.20
84.90
82.30
80.50
78.30
75.90
76.00
75.90
73.70
69.96
70.00
69.48
68.82
66.74
62.89
65.28
66.19
64.37
61.33
56.12
53.53
51.93
49.00
46.79
45.90
47.10
46.95
48.20
46.71
57.64
60.32
59.19
59.43
59.56
59.42
59.95
59.65
61.00
63.87
65.08
69.08
71.40
72.80
74.20
74.30
73.40
73.00
74.30
76.70
77.30
78.80
79.50
79.70
78.60
78.20
76.80
76.20
75.70
76.60
77.60
78.30
78.20
79.00
78.10
80.40
82.30
84.10
81.30
78.90
79.00
80.10
78.30
78.50
81.60
84.00
84.30
84.20
88.10
90.70
91.30
93.50
94.20
94.20
93.30
92.30
91.60
91.80
89.50
89.60
88.40
87.10
89.50
86.80
80.40
76.80
72.10
72.60
70.90
65.13
63.97
63.34
60.64
59.10
59.22
58.62
56.96
56.12
55.57
57.08
56.26
55.84
52.04
52.72
52.25
52.37
51.97
53.48
52.24
50.29
48.55
49.38
52.59
51.80
55.99
70.60
73.40
75.90
80.30
82.30
87.30
87.80
87.80
87.80
85.70
82.80
81.90
82.70
84.40
85.90
87.80
87.70
89.40
91.00
90.50
90.90
91.90
92.00
92.80
93.30
93.50
93.70
94.50
94.80
95.50
95.70
96.10
95.80
96.10
96.60
96.40
96.50
96.60
96.60
96.60
95.50
93.60
93.80
94.70
95.10
94.70
93.30
94.30
94.10
94.20
94.60
95.30
95.50
94.10
94.80
94.40
94.00
95.50
95.20
95.20
96.10
95.80
95.10
94.10
91.40
88.50
85.60
83.00
79.90
77.40
76.30
75.20
75.40
73.70
73.00
71.00
71.50
69.18
67.85
65.34
64.57
62.90
61.41
58.07
58.15
54.98
55.73
54.48
64.96
71.80
75.10
79.50
80.00
83.80
83.30
82.10
80.90
77.20
78.30
78.90
81.10
82.60
82.90
84.90
84.70
85.60
86.90
84.00
89.00
89.80
88.90
89.10
89.90
91.90
93.60
94.40
94.60
95.10
95.60
96.20
96.00
95.00
94.50
93.80
93.20
91.90
90.70
91.00
91.80
92.40
92.50
92.30
92.70
93.20
92.80
92.80
93.80
95.00
95.80
95.80
94.40
93.70
93.70
94.00
95.30
95.90
95.90
96.10
96.80
96.70
96.20
96.90
97.20
96.60
97.00
97.40
97.70
97.90
98.00
98.10
98.20
98.20
98.10
97.70
96.90
96.90
97.40
97.60
97.70
97.70
97.80
97.80
97.80
98.00
98.10
98.10
98.00
98.00
98.10
98.20
98.30
98.30
98.30
98.40
98.40
98.30
98.30
98.20
97.90
97.50
97.30
97.30
97.20
97.40
97.60
97.60
97.70
97.80
97.80
97.90
97.90
98.00
98.00
98.00
98.00
98.10
98.10
97.80
97.20
96.50
96.10
94.70
94.00
95.10
96.40
96.80
97.30
97.40
97.50
97.40
97.30
97.10
96.90
97.00
97.30
97.60
97.70
97.80
97.90
97.90
98.00
98.00
98.00
98.00
98.00
98.00
98.00
97.90
97.80
97.60
97.60
97.70
97.80
97.90
98.00
98.00
97.90
97.80
97.70
97.60
97.20
96.90
96.60
96.50
96.60
96.70
96.70
96.70
96.80
96.60
96.00
95.30
93.90
93.40
92.40
90.70
89.40
87.00
86.70
85.60
84.20
82.00
80.00
78.50
77.30
76.10
77.50
76.60
76.20
72.00
73.60
74.20
70.60
69.68
67.67
65.14
62.92
65.56
64.11
64.02
65.39
64.93
64.23
64.80
65.28
67.26
68.70
70.60
74.50
75.70
78.30
80.10
83.50
87.60
90.70
92.00
92.60
93.50
94.50
95.20
95.40
95.20
95.20
95.70
96.10
96.10
96.40
96.30
96.10
95.40
94.60
94.10
94.80
95.40
96.00
96.30
96.50
96.60
96.80
96.90
97.00
97.20
97.40
97.50
97.50
97.50
97.50
97.50
97.50
97.60
97.70
97.70
97.70
97.70
97.70
97.80
97.90
98.00
98.10
98.10
98.10
98.20
98.20
98.20
98.20
98.10
97.90
97.80
97.90
98.00
98.10
98.20
98.20
98.30
98.30
98.30
98.30
98.30
98.20
98.20
98.20
98.10
98.00
97.90
97.40
96.70
95.50
93.70
91.80
90.00
87.50
84.60
81.90
81.00
81.90
80.40
80.90
79.20
80.20
82.10
82.20
82.00
84.10
85.10
86.50
86.50
87.70
88.80
89.30
90.40
91.50
92.20
93.10
93.20
92.90
92.70
93.90
95.10
95.70
95.70
95.60
95.60
95.80
95.60
95.40
95.20
94.90
94.00
93.70
94.70
95.50
96.00
96.30
96.50
96.00
95.20
94.80
94.50
93.50
95.30
95.90
96.50
97.10
97.40
97.60
97.70
97.70
97.90
97.90
98.00
98.10
98.10
98.20
98.30
98.30
98.30
98.20
97.90
97.60
97.00
95.70
93.50
89.10
86.00
83.60
83.40
82.20
80.00
78.00
77.20
76.50
77.00
76.00
74.30
72.50
70.60
69.49
68.80
68.45
67.43
68.17
69.32
70.80
72.30
65.00
60.99
62.60
63.51
62.81
64.84
67.23
65.91
68.09
68.90
61.82
61.00
61.93
59.99
59.99
59.83
59.49
62.16
65.63
68.37
71.80
71.70
72.50
74.00
74.40
75.10
75.40
83.10
83.70
83.30
84.20
84.20
84.60
86.90
87.20
88.60
89.40
89.50
90.90
92.30
92.60
91.60
91.40
90.60
91.40
92.70
91.90
91.60
91.90
91.30
90.80
91.40
92.60
91.20
91.90
94.20
96.10
95.70
95.00
92.70
94.10
94.60
95.60
96.60
96.60
96.60
96.30
95.80
95.70
95.20
88.60
86.70
86.60
84.80
83.10
82.30
79.10
78.00
75.60
73.20
68.77
65.87
69.07
67.55
66.54
71.30
72.50
68.15
62.84
60.36
59.21
58.61
57.53
58.13
56.67
57.20
58.37
59.20
56.24
54.69
53.18
60.49
82.40
91.40
86.40
90.20
91.60
92.30
88.80
85.70
85.70
83.00
84.70
86.40
85.40
86.20
89.70
90.30
91.30
92.90
93.70
94.70
93.90
92.90
92.60
93.50
94.10
94.60
94.10
93.60
94.80
94.00
91.70
92.40
93.50
94.00
94.60
95.40
95.40
94.90
94.40
94.50
95.00
95.10
94.20
94.90
95.50
95.70
95.70
95.60
95.60
96.00
96.20
96.20
96.50
96.80
97.10
97.40
97.30
97.40
97.60
97.20
97.10
97.20
97.20
96.70
94.30
92.10
90.20
89.10
88.30
87.20
85.60
85.20
83.40
81.90
80.90
80.10
79.80
78.80
77.30
76.70
74.00
72.90
74.00
73.10
71.80
70.50
68.85
67.42
65.24
64.20
63.95
62.96
63.23
60.04
56.37
55.72
54.72
54.35
51.91
52.62
54.93
55.29
55.58
59.24
61.63
63.77
66.47
65.22
66.91
69.54
76.60
78.10
77.30
75.80
78.70
77.80
75.70
71.20
75.00
77.10
78.10
79.00
79.80
79.70
78.40
80.70
80.50
80.90
81.00
82.40
84.00
81.10
82.10
83.70
83.30
83.80
83.30
83.60
86.00
88.40
89.40
89.20
88.60
89.20
90.40
90.40
91.70
92.50
93.70
94.80
94.70
94.80
95.30
96.20
96.60
96.90
96.60
95.20
91.30
89.80
87.10
84.20
83.30
81.80
80.60
79.70
77.00
76.00
74.10
72.80
72.50
70.80
69.27
70.10
67.59
67.54
64.96
63.72
62.69
61.14
61.39
59.83
58.31
57.26
56.36
55.58
53.74
53.83
54.40
53.22
53.25
54.88
53.78
55.67
58.18
58.57
56.84
59.60
61.78
64.25
62.17
59.84
60.07
61.35
62.52
64.93
68.42
68.15
64.82
69.20
72.00
70.90
72.40
78.30
83.20
82.10
81.40
82.40
82.40
83.50
85.20
86.70
87.30
87.90
88.60
89.30
89.50
89.50
88.70
88.80