78.90
79.10
78.20
78.10
79.00
79.20
79.60
79.40
78.90
78.70
79.50
80.60
81.20
79.60
78.40
78.70
78.10
78.10
77.20
74.50
74.20
74.30
74.40
74.20
74.80
84.70
86.30
82.90
79.10
74.80
72.10
70.30
67.19
64.57
62.17
60.16
58.81
57.95
57.40
56.18
55.39
54.95
53.99
54.04
51.48
50.98
52.56
50.57
50.66
51.25
49.88
49.09
49.25
49.37
47.93
48.39
48.08
46.92
45.93
44.36
43.97
44.62
44.44
44.73
43.54
44.26
43.31
44.02
45.80
48.12
50.91
52.95
53.81
54.07
54.25
54.12
54.24
55.70
57.51
59.89
61.46
61.34
61.58
61.98
63.28
64.89
66.92
67.79
68.40
68.13
68.35
68.55
68.46
68.02
66.67
67.55
67.47
67.57
67.44
69.59
71.60
73.30
73.00
72.40
71.10
70.20
70.10
72.40
75.60
82.20
83.10
84.10
82.70
81.10
85.30
88.00
86.60
86.80
87.70
87.60
88.70
89.00
87.20
85.00
84.00
82.20
75.30
73.40
72.80
73.90
71.30
69.96
70.00
67.24
66.25
66.53
64.63
62.49
61.44
58.51
57.06
55.70
54.18
56.06
55.84
56.52
56.51
56.77
56.07
54.85
55.67
58.16
59.83
51.51
48.09
45.64
44.33
42.77
44.91
50.42
52.31
58.82
54.69
49.68
44.69
48.62
47.00
59.42
62.45
64.35
65.51
66.13
62.92
59.76
61.15
60.90
62.36
63.38
64.94
70.40
73.50
71.40
69.87
71.10
73.30
72.60
72.40
72.00
73.10
74.30
77.20
77.20
76.90
79.80
83.80
80.20
73.50
72.70
71.50
74.40
75.70
75.90
73.30
74.50
78.50
76.30
77.50
79.90
76.90
74.70
77.40
84.20
87.30
87.00
86.90
88.40
89.10
88.00
85.80
83.40
82.80
81.50
78.90
76.70
73.00
68.71
66.28
62.43
61.79
59.67
60.20
57.48
56.63
56.98
57.09
58.14
56.35
57.42
57.82
51.85
47.59
44.40
43.43
46.98
45.61
46.72
46.30
47.30
46.79
44.04
42.14
38.61
40.27
40.32
41.24
42.09
42.87
44.70
44.37
44.23
44.77
45.47
54.58
55.55
51.88
50.36
44.72
42.74
37.49
37.66
39.49
44.65
48.48
54.85
60.31
61.80
62.56
64.48
66.45
68.46
69.07
68.02
68.71
68.93
68.04
66.80
66.00
64.10
61.79
63.64
63.23
67.37
71.60
71.70
71.70
71.50
70.80
69.44
67.12
69.81
72.90
72.90
73.50
73.40
73.60
75.50
74.90
76.10
76.40
76.30
76.80
76.50
76.20
76.40
76.20
76.10
76.80
76.20
76.00
75.00
76.20
76.30
72.30
68.34
67.60
64.88
63.11
62.10
61.41
56.29
52.43
45.75
44.28
44.91
44.29
46.26
45.45
42.95
41.85
43.05
45.76
47.35
46.47
47.45
46.12
51.54
61.80
61.08
59.81
64.65
62.41
62.94
62.89
63.84
62.89
64.19
64.85
65.70
66.75
68.79
70.50
71.00
70.70
71.00
70.20
69.66
69.48
68.14
70.20
71.20
71.70
71.90
73.50
72.30
76.40
80.60
82.60
82.20
82.40
83.10
86.30
89.40
89.50
88.90
89.20
88.80
88.40
87.40
87.30
87.10
85.00
84.20
82.50
83.50
84.70
86.60
88.20
89.00
89.90
89.70
88.90
90.30
90.00
90.40
91.10
91.40
90.30
86.70
85.50
84.00
83.20
83.10
84.10
84.40
83.80
83.50
85.20
84.40
86.70
86.50
86.20
85.90
84.80
84.20
83.80
83.50
81.90
79.70
79.90
78.90
78.60
82.80
79.10
75.00
77.60
78.60
81.50
82.70
81.50
80.40
77.90
74.80
72.90
73.60
72.70
73.70
75.10
74.70
75.80
77.30
77.80
75.90
77.00
78.30
78.50
78.60
79.10
80.30
80.70
81.30
81.20
81.60
80.40
80.10
79.90
81.50
83.30
82.70
80.20
79.40
78.90
78.90
79.20
81.30
83.20
84.80
85.60
86.00
85.60
85.40
86.50
87.50
88.00
87.50
87.20
88.00
89.00
88.80
87.90
87.40
86.20
85.70
85.70
85.60
85.50
85.80
86.00
87.00
88.00
88.20
88.30
88.60
88.20
87.60
85.70
84.70
85.10
85.00
84.90
84.70
84.10
83.90
82.70
81.00
79.20
78.40
78.00
74.40
66.78
62.10
58.66
58.34
54.01
53.04
53.43
52.85
51.33
51.05
48.35
43.92
40.79
40.89
41.23
40.38
38.69
39.18
39.70
36.61
40.51
45.33
46.39
47.96
50.76
55.64
60.06
60.85
62.33
62.16
62.75
62.85
64.66
65.65
66.15
59.91
55.07
58.71
60.78
62.53
66.75
72.60
73.30
73.50
73.50
73.50
73.30
73.20
73.80
75.20
75.70
76.10
76.60
76.50
75.40
73.80
74.20
74.10
73.70
75.00
75.90
76.90
77.60
77.80
78.30
79.20
79.50
79.30
79.40
79.20
78.60
78.50
78.20
76.40
75.10
75.30
75.80
76.80
76.70
78.10
77.90
77.30
77.50
78.50
78.40
79.60
83.90
90.50
91.70
93.50
94.10
94.10
94.20
94.60
94.10
94.40
94.30
93.50
91.90
91.50
91.50
91.70
92.00
91.40
91.00
89.80
88.50
88.60
88.10
88.70
89.40
89.90
89.60
88.60
87.90
86.10
85.00
84.00
83.20
83.60
83.90
82.80
82.80
82.70
82.10
79.70
80.40
82.50
83.50
85.50
87.20
88.00
87.50
88.00
88.10
88.60
88.40
86.80
86.00
87.10
88.60
89.80
90.10
89.30
89.00
89.60
90.90
90.90
91.50
91.70
91.50
91.00
90.60
91.00
92.70
93.30
93.90
94.40
94.90
95.10
95.20
95.30
95.40
95.60
95.80
95.90
96.00
96.00
96.00
96.00
95.90
95.70
94.90
94.00
93.90
93.60
93.90
93.80
93.80
93.50
92.70
92.20
91.10
89.80
88.40
86.10
84.20
83.20
80.90
78.80
76.30
73.30
71.40
70.80
70.10
69.01
66.02
68.70
68.80
69.46
70.50
69.53
67.76
65.56
63.38
61.70
63.00
63.97
63.85
63.90
62.82
62.55
63.53
63.65
63.49
63.54
61.71
61.06
60.39
61.41
61.64
61.23
61.49
62.03
62.78
63.89
65.43
66.94
68.55
69.42
69.63
69.84
69.92
69.84
70.10
71.10
72.30
73.10
73.50
73.90
74.20
75.30
76.20
77.10
77.80
78.50
79.30
80.00
80.80
81.30
81.80
82.20
82.90
83.50
84.30
85.70
86.10
85.90
86.50
86.30
86.50
87.10
86.60
85.90
85.70
85.80
85.30
85.40
85.60
84.90
85.30
85.90
85.60
84.50
83.40
82.40
81.20
80.30
78.70
78.70
77.20
75.80
74.30
72.80
70.90
68.49
67.52
65.54
63.95
62.26
61.01
59.27
57.46
56.36
55.63
52.29
50.24
49.34
49.19
48.98
47.46
45.64
46.16
43.28
44.21
45.55
43.74
42.33
42.00
40.22
40.15
40.52
42.16
45.43
46.60
46.66
45.19
44.70
44.44
46.05
48.19
51.68
52.30
53.16
54.53
55.85
57.26
57.64
57.68
59.54
60.26
60.56
61.20
61.56
61.84
58.86
55.59
52.66
53.63
55.59
56.50
59.64
62.03
63.24
64.90
65.37
65.56
66.06
67.04
68.40
67.46
68.60
68.33
69.56
72.40
73.60
71.20
69.03
68.54
69.26
68.15
69.03
69.40
69.44
68.67
69.38
71.40
73.40
75.00
75.70
76.60
78.10
77.50
75.70
74.30
72.20
69.76
67.76
66.92
65.75
63.83
62.50
60.45
57.01
55.54
56.12
55.76
54.35
51.03
49.42
47.25
45.54
44.27
44.29
42.10
42.37
40.08
38.63
37.89
38.56
37.53
36.82
35.05
36.41
35.01
35.16
35.29
34.64
34.24
34.70
32.65
33.55
33.66
35.25
37.08
37.55
36.93
36.98
37.13
37.73
38.70
39.15
41.74
43.31
44.31
46.87
47.36
48.19
48.09
50.11
54.75
59.57
61.70
60.95
60.81
62.22
63.55
65.57
65.88
64.57
65.64
66.91
68.02
68.85
69.16
69.14
68.99
69.19
69.95
70.70
71.20
71.60
71.30
70.80
71.20
72.00
72.60
73.70
75.10
75.60
76.10
76.40
76.50
76.90
77.40
78.20
78.30
77.60
76.60
75.80
75.20
73.70
71.80
70.10
67.98
64.75
62.96
61.28
58.35
57.57
54.92
53.70
52.40
50.24
48.57
45.97
44.84
42.84
43.21
43.15
42.54
40.94
40.33
38.69
36.02
36.44
35.27
32.20
31.69
31.86
31.44
32.29
31.15
32.00
32.54
31.67
31.56
31.84
33.69
34.39
34.93
35.83
36.54
37.29
39.13
42.06
41.46
41.88
41.69
42.43
43.47
44.25
44.90
45.35
46.19
48.20
49.71
50.00
51.46
52.16
51.94
52.74
53.77
53.86
55.09
55.84
57.03
58.38
59.56
60.11
60.36
59.86
60.61
61.54
61.38
61.61
62.92
64.22
64.46
66.25
66.24
66.18
64.31
63.93
67.62
71.50
73.00
72.00
72.00
73.70
74.90
75.60
75.70
75.90
74.20
71.90
72.10
72.80
71.10
69.44
65.10
62.42
61.16
59.39
55.10
53.65
52.44
52.11
51.53
49.67
49.84
49.21
47.78
46.62
44.76
42.41
42.20
42.68
45.59
51.00
61.79
77.40
85.50
86.00
86.00
85.10
86.20
87.20
88.00
89.60
89.60
89.30
89.40
89.80
89.60
90.10
90.30
91.40
92.20
92.90
93.30
93.00
93.10
92.50
92.70
92.80
93.50
93.80
93.90
93.60
93.80
94.00
94.00
93.70
93.60
93.10
92.50
92.30
93.00
93.50
93.80
93.80
94.40
94.80
95.10
95.20
95.40
95.50
95.70
95.80
95.90
96.00
96.20
96.20
96.20
95.70
93.60
92.70
92.70
93.10
92.30
91.40
91.40
91.20
91.40
91.30
91.20
90.90
90.80
90.40
89.50
87.80
86.90
86.20
85.40
84.20
84.40
83.10
83.90
83.00
81.30
79.80
79.30
76.70
75.00
72.30
70.70
70.00
67.68
68.72
65.83
63.84
61.02
61.29
57.24
58.66
57.00
55.20
52.99
52.30
51.86
51.00
50.27
49.10
47.88
47.82
49.21
47.94
47.42
47.31
46.67
49.59
50.17
50.96
51.75
57.74
60.96
59.18
59.62
61.51
63.87
65.95
66.35
66.11
67.00
67.12
67.17
67.56
67.28
67.99
69.82
72.20
74.30
75.40
75.70
73.20
72.80
74.00
75.20
75.30
75.50
76.10
76.90
77.10
76.90
76.10
76.40
76.90
77.70
78.50
79.70
80.20
79.80
78.80
78.60
78.80
78.70
79.10
79.70
80.50
81.80
82.70
83.50
84.20
83.80
83.30
82.40
81.50
80.50
79.20
78.10
76.70
74.60
71.80
69.95
67.00
65.14
63.16
60.66
59.47
57.03
54.19
51.80
48.69
49.41
50.43
48.95
47.98
46.41
46.14
45.11
44.33
42.23
42.68
44.00
43.00
41.69
41.71
43.45
42.31
43.25
42.48
42.16
42.30
42.04
42.90
43.69
44.95
46.18
47.07
47.44
47.28
47.92
52.51
54.94
54.94
56.21
54.25
53.18
53.60
55.48
56.85
58.17
60.11
62.68
65.22
66.73
66.76
68.01
68.69
69.68
70.50
72.00
72.90
73.60
73.90
74.30
74.90
75.60
76.20
77.00
77.30
77.80
78.30
78.80
79.60
79.70
79.80
80.50
81.10
81.70
81.80
81.80
81.90
82.20
83.50
83.80
84.20
85.10
84.90
83.70
81.50
78.60
77.80
76.50
74.80
71.80
70.30
68.17
66.16
63.04
61.26
58.42
57.97
54.07
53.46
51.55
50.21
48.84
50.80
49.44
47.14
47.44
48.62
47.97
48.88
50.22
47.93
44.13
44.68
44.11
46.33
71.90
81.50
85.60
75.20
66.09
70.30
70.70
83.20
81.70
81.70
80.80
77.90
77.60
78.00
78.00
78.50
77.60
78.30
81.10
82.10
82.60
83.20
83.80
84.20
84.60
84.70
85.60
87.00
87.10
86.30
86.10
86.10
86.50
86.00
86.10
86.00
85.50
85.40
85.40
85.30
85.80
86.20
87.10
87.40
87.30
87.10
88.10
87.80
87.60
87.40
88.20
88.40
87.90
86.10
86.10
85.90
86.20
85.80
84.80
84.50
84.80
85.10
86.20
85.80
85.00
84.60
84.00
83.00
81.70
79.40
77.10
74.70
72.70
70.80
69.56
67.25
64.52
63.12
61.60
60.58
58.99
58.52
57.51
56.87
54.98
54.23
53.75
53.60
52.01
50.88
52.59
56.00
57.64
59.75
61.26
60.44
58.85
57.91
61.52
61.69
62.88
62.81
65.22
70.60
69.70
67.74
68.24
73.20
76.40
78.60
79.60
80.20
79.60
78.80
76.00
80.70
83.20
83.90
82.30
83.20
84.10
83.80
84.90
86.50
86.10
84.10
82.40
82.50
85.70
85.30
86.50
86.80
82.60
77.10
77.10
74.60
77.40
80.50
82.10
82.30
86.90
86.80
87.40
90.80
89.60
87.50
87.10
86.60
86.20
88.60
88.70
88.10
88.80
89.70
90.10
89.80
89.20
88.70
89.10
90.10
89.20
87.30
83.40
81.70
83.00
82.80
80.40
79.20
76.90
74.60
73.30
70.40
68.30
66.24
65.42
63.23
61.56
60.75
59.36
58.03
62.16
59.72
63.68
65.88
62.17
60.14
60.58
56.19
53.92
52.21
52.77
54.40
52.35
53.00
53.38
55.29
57.35
59.49
59.34
59.51
60.36
60.91
62.83
62.74
63.09
64.17
61.78
58.92
58.35
56.88
60.79
59.59
53.30
53.48
55.64
54.78
56.96
61.85
70.30
72.60
74.40
74.60
74.20
74.20
75.60
76.70
77.60
77.50
75.30
78.80
79.50
84.20
86.10
87.30
87.20
84.90
85.90
85.50
84.80
84.00
84.60
85.70
84.50
84.50
85.70
85.60
84.70
85.00
84.90
86.00
86.80
87.30
87.20
86.90
86.70
86.60
86.40
85.80
84.10
82.60
80.30
77.40
75.00
73.00
71.70
68.55
67.27
65.21
64.04
61.53
58.83
56.71
53.62
51.63
50.00
49.06
47.94
47.01
46.18
46.27
45.86
48.07
46.65
46.82
44.43
45.52
44.79
43.39
42.94
42.16
41.23
41.04
40.09
40.20
41.32
40.96
41.14
40.70
41.19
41.30
40.16
40.11
40.30
40.91
41.50
43.01
52.42
54.16
50.91
47.85
46.19
51.20
54.97
55.40
58.69
62.55
63.33
64.07
64.20
65.19
65.63
65.60
65.85
65.66
66.08
67.04
67.89
68.33
70.80
72.60
73.20
73.90
75.90
75.40
74.80
74.30
73.80
73.60
72.10
70.10
69.82
70.70
72.20
74.20
75.60
76.90
78.10
78.70
79.10
79.70
80.10
80.60
80.80
79.70
79.40
78.70
77.60
75.70
73.20
70.40
68.09
66.21
64.54
62.51
61.75
59.97
57.86
56.54
55.84
54.77
54.61
54.57
55.74
53.73
52.04
51.49
50.76
49.84
51.02
51.46
48.82
49.49
49.25
45.23
45.88
48.84
49.25
46.92
46.76
49.68
52.41
57.83
58.99
58.50
57.61
57.65
58.30
60.44
59.57
59.14
60.77
60.92
61.65
61.65
60.46
63.31
64.48
63.66
64.70
65.83
65.68
67.37
70.00
72.10
73.00
74.10
73.40
72.60
74.10
75.40
75.60
73.60
71.50
71.40
71.20
70.00
70.50
71.80
72.10
73.30
74.70
85.90
90.70
91.20
92.70
93.30
92.20
92.20
92.40
92.70
93.30
93.20
93.80
94.50
94.50
94.30
94.40
94.60
94.40
94.00
93.70
93.50
93.20
92.60
91.80
92.00
92.00
91.40
91.20
91.40
90.20
89.30
87.20
86.70
85.40
83.70
81.50
79.50
79.40
79.80
79.60
79.10
79.40
79.90
79.30
78.80
77.50
75.60
74.50
74.00
74.20
74.30
73.60
72.90
73.40
72.80
72.20
72.40
73.60
74.40
75.40
76.10
78.60
80.70
80.50
82.30
82.90
84.30
82.80
76.90
72.50
70.60
69.45
69.57
68.61
69.05
72.20
71.60
75.20
78.30
83.50
84.50
83.00
83.50
83.20
83.10
83.90
84.30
85.70
87.20
88.60
88.40
87.40
87.30
86.60
87.90
88.30
88.40
89.30
89.50
89.20
88.50
87.70
87.20
87.60
87.40
88.30
89.00
89.50
90.00
89.70
89.50
89.70
89.00
88.80
88.70
88.10
87.70
87.30
86.50
85.50
81.70
80.10
76.20
73.00
72.80
70.50
68.65
68.78
69.11
67.66
63.60
58.13
57.65
57.58
58.04
60.34
60.68
59.44
55.75
50.80
50.65
50.66
50.27
48.90
48.30
45.50
46.04
46.18
46.53
45.98
46.84
47.35
47.65
48.67
53.25
54.55
55.80
57.00
58.04
60.19
63.08
68.02
70.40
71.90
72.80
72.90
72.30
72.20
72.70
74.40
76.40
77.90
78.80
79.30
79.70
80.10
80.30
80.60
81.00
81.80
82.10
81.80
81.90
81.30
81.40
81.90
82.50
83.00
83.00
83.40
83.40
82.80
82.40
82.20
82.00
82.40
82.50
83.60
84.20
84.90
84.30
84.90
85.10
84.90
84.60
84.50
84.20
84.20
82.70
82.00
82.40
82.50
82.60
82.90
81.80
81.30
80.50
80.20
81.60
82.40
81.10
80.30
81.40
82.20
82.90
80.70
78.90
75.80
74.30
71.50
69.64
68.72
67.43
64.44
63.62
62.96
60.47
60.45
61.49
64.51
67.12
70.30
72.10
72.40
75.40
77.60
79.20
79.00
79.80
79.10
78.30
77.70
77.50
77.20
77.40
77.70
78.40
79.30
80.30
80.60
80.90
81.40
82.60
83.80
84.90
85.80
86.90
87.50
88.40
88.00
87.50
86.70
86.80
87.30
88.20
89.50
89.50
89.70
90.40
90.80
90.80
91.20
90.90
89.70
90.00
90.60
91.50
91.40
91.40
91.10
91.70
92.30
93.00
93.40
93.70
93.90
94.00
93.80
93.90
94.00
94.50
95.20
95.10
94.70
94.90
95.10
95.20
95.20
94.50
92.80
90.90
88.50
86.50
83.80
82.60
80.80
79.60
77.30
73.90
71.60
70.80
68.54
67.87
67.54
68.00
65.78
60.11
61.84
59.75
58.76
58.52
57.79
54.98
54.20
52.23
51.56
50.11
51.47
49.38
49.16
49.26
50.28
50.47
51.12
51.22
52.97
55.10
56.65
58.22
60.01
62.73
63.20
63.53
64.34
65.29
66.91
68.82
69.70
70.70
71.60
72.60
75.70
76.90
78.80
79.90
81.30
82.60
83.70
84.00
83.60
83.40
83.50
84.00
84.60
85.30
86.20
86.70
87.20
87.60
87.60
87.40
87.70
87.70
87.80
88.10
87.60
87.80
88.10
88.50
88.90
89.30
89.50
90.00
90.50
90.50
90.60
90.90
91.50
92.00
92.50
92.60
92.60
92.20
91.30
89.00
86.30
82.70
80.60
78.80
75.70
72.30
69.74
68.44
66.14
64.02
61.21
58.38
56.04
53.03
51.39
49.22
47.73
47.11
47.46
48.02
47.92
47.22
45.96
45.94
45.59
45.61
45.81
43.91
40.75
42.94
43.05
39.27
38.55
36.76
37.89
37.43
37.54
38.93
40.25
38.96
39.74
41.01
42.39
44.23
46.27
47.98
48.83
49.47
50.68
51.41
52.17
53.30
52.84
53.71
54.10
53.80
55.32
57.65
58.95
58.11
58.93
64.08
67.05
69.75
71.40
72.20
73.00
74.00
75.10
73.20
72.70
71.60
71.10
71.70
72.10
72.60
72.70
72.30
73.20
73.70
73.90
74.00
74.30
74.10
73.90
74.50
75.00
75.50
76.50
78.40
79.10
80.20
80.20
79.40
78.70
78.80
79.30
79.50
79.40
78.30
77.20
74.10
71.90
71.30
70.80
69.58
68.47
68.89
68.93
71.20
70.50
67.70
67.76
64.71
63.54
62.09
61.89
62.59
60.13
59.64
58.42
57.64
58.21
57.37
58.14
58.23
61.27
61.78
65.31
67.74
70.20
76.90
81.00
86.20
88.00
86.60
84.00
83.30
84.00
85.50
86.70
88.60
88.50
86.60
86.30
83.90
83.50
84.20
81.90
77.50
76.70
83.00
83.30
83.50
83.10
82.20
82.20
83.80
83.90
83.40
83.60
83.50
83.70
85.10
87.00
82.60
79.30
79.40
75.70
75.20
77.80
79.60
85.20
88.80
93.10
93.70
94.20
94.60
93.80
92.80
93.10
91.60
91.20
93.00
93.60
93.20
91.50
91.60
90.60
90.60
90.30
90.50
89.50
89.80
91.80
89.40
87.50
85.00
81.40
75.70
71.00
69.71
65.78
66.57
67.88
71.10
71.80
71.30
69.40
67.85
65.45
64.85
63.66
62.10
63.84
63.45
61.78
61.99
60.72
65.44
76.40
80.10
80.00
66.27
72.40
77.40
86.40
87.10
87.80
87.90
84.50
84.10
83.20
84.50
86.50
88.40
89.40
88.40
88.70
86.90
87.70
84.90
83.90
84.30
86.40
86.50
87.30
90.70
90.00
90.40
92.60
92.60
92.80
92.80
92.60
92.70
92.50
92.90
93.10
93.00
93.40
93.90
94.00
94.20
94.20
94.60
94.80
95.10
95.20
95.40
95.40
95.30
95.20
94.90
94.70
94.90
95.10
95.20
95.30
95.50
95.60
95.60
95.30
95.10
95.00
95.10
95.10
94.90
94.80
94.70
94.20
93.70
93.50
93.30
92.60
91.50
89.90
88.30
85.00
81.60
78.60
76.00
75.50
74.40
72.20
70.60
70.90
69.06
66.56
66.75
66.57
66.33
65.05
65.56
65.14
65.09
62.86
62.92
60.51
59.80
59.01
58.42
57.65
59.66
60.63
60.09
57.93
58.48
60.19
61.28
62.72
63.16
64.56
66.39
67.68
67.02
69.36
70.30
70.40
71.00
72.10
73.20
72.40
72.10
71.70
71.50
76.70
79.20
79.30
79.90
79.60
80.00
81.80
83.70
83.80
84.90
85.60
85.90
84.70
86.00
85.90
85.00
82.50
87.30
85.20
86.50
87.60
88.30
89.50
90.50
91.20
91.40
91.70
91.60
91.00
90.90
91.10
92.30
94.20
94.00
90.80
84.50
88.60
92.40
92.40
93.80
94.20
94.50
94.50
94.30
93.50
92.40
92.20
91.10
90.20
87.50
86.30
84.00
82.40
82.40
81.20
80.80
78.30
76.30
75.50
73.60
74.00
72.40
71.50
72.40
71.40
66.80
63.55
57.16
53.00
53.79
54.64
53.91
52.82
53.78
53.24
54.65
56.49
57.59
59.28
60.42
63.09
62.87
61.52
60.70
60.58
61.69
63.25
70.50
72.80
73.10
73.70
74.30
75.00
75.90
76.70
78.40
79.20
79.20
79.90
80.30
81.60
83.90
83.80
84.40
87.20
87.10
85.10
82.10
84.00
86.40
88.30
89.70
90.50
90.20
89.80
89.50
90.80
90.50
90.00
91.60
91.80
92.60
92.20
92.80
92.20
92.20
92.10
92.30
93.40
93.80
94.10
94.20
94.40
94.50
94.80
94.60
94.10
92.90
91.80
90.20
89.10
88.60
87.50
87.50
86.90
85.10
82.00
80.70
78.30
76.30
77.00
74.10
74.10
74.50
70.80
71.00
71.60
71.00
71.00
68.28
66.64
66.23
68.11
69.78
70.20
71.00
70.90
67.49
67.58
66.53
66.66
66.90
67.02
67.05
67.97
68.69
70.30
71.80
73.40
74.40
75.20
76.40
76.90
76.30
76.40
77.80
78.20
78.90
79.50
79.50
78.30
76.20
75.70
77.50
78.90
79.70
80.50
81.10
82.10
85.20
83.90
82.70
83.20
84.50
85.80
86.40
84.60
87.30
93.30
92.90
90.80
88.90
89.50
88.20
83.80
85.20
85.10
85.80
84.30
85.80
90.20
93.90
94.70
94.80
94.20
93.10
90.90
88.70
87.10
86.40
85.10
83.50
80.90
77.80
74.80
74.40
73.50
73.30
71.10
69.90
67.65
65.19
63.45
61.38
59.89
57.87
55.03
55.48
54.50
53.70
54.56
52.16
49.00
49.04
48.07
48.65
46.99
47.36
46.35
44.88
43.86
43.11
44.28
42.78
41.38
42.61
44.06
47.95
47.66
48.19
49.40
50.80
51.47
51.66
53.22
55.06
55.66
55.69
55.54
55.03
53.44
53.86
53.26
55.63
57.20
54.95
53.46
57.71
59.02
55.89
55.93
56.60
56.35
55.93
54.64
52.27
52.09
53.40
59.00
68.11
69.77
69.48
71.10
66.04
61.13
59.20
59.62
59.28
57.86
60.46
64.49
67.22
80.00
82.20
84.50
85.30
85.50
87.30
86.10
86.10
89.60
92.60
91.80
89.70
87.20
83.60
82.00
80.70
79.60
76.40
73.40
72.60
69.62
66.56
65.10
63.06
61.09
60.24
58.57
54.70
52.64
52.67
51.97
48.09
47.10
45.42
41.79
40.37
40.47
37.75
37.02
37.82
36.92
36.25
35.81
34.72
34.84
34.40
34.68
33.35
33.35
34.07
37.49
37.09
38.18
38.89
38.90
40.34
41.23
41.71
44.57
43.66
44.75
43.25
41.62
41.69
39.05
34.28
31.51
59.15
72.80
72.20
70.60
70.70
71.10
69.89
71.00
71.60
71.60
72.80
73.60
73.90
73.00
73.80