96.30
96.40
96.60
96.80
97.20
97.30
97.40
97.50
97.60
97.60
97.60
97.50
97.50
97.50
97.60
97.60
97.70
97.60
97.70
97.80
97.80
97.80
97.90
97.80
97.80
97.70
97.50
97.40
97.40
97.30
96.90
96.20
95.70
94.40
93.30
92.70
92.60
91.30
89.70
89.20
87.10
87.80
88.40
86.20
83.20
81.00
82.30
81.70
81.30
80.60
78.00
77.60
76.40
71.70
69.91
70.10
68.58
66.86
67.78
67.02
67.29
61.04
62.09
57.67
60.98
62.02
62.05
61.76
65.05
65.73
66.35
67.23
69.38
71.20
73.60
75.60
76.90
78.30
78.90
79.90
79.70
78.80
80.40
81.30
81.80
82.10
82.40
83.70
84.60
85.10
84.50
85.60
85.90
87.20
87.90
87.20
87.70
89.10
90.20
90.60
91.10
91.70
92.20
92.40
92.40
91.70
92.00
93.00
94.20
94.90
95.50
96.10
96.40
96.40
96.70
96.70
96.50
96.60
96.70
96.60
96.50
96.60
96.70
96.70
96.30
92.70
85.00
83.40
80.40
77.30
76.00
72.10
73.50
73.50
69.05
67.63
66.50
65.65
62.40
61.40
59.70
59.48
58.85
58.35
57.25
57.01
54.46
53.04
54.78
52.69
51.56
48.47
47.50
46.69
49.17
51.65
50.85
51.54
51.31
52.88
55.07
61.94
69.41
70.90
68.39
66.65
65.47
68.70
68.23
72.90
85.20
91.00
91.50
86.10
87.80
90.90
93.40
93.80
93.60
89.60
89.80
89.40
89.20
90.40
91.50
92.00
92.10
92.70
92.20
92.70
93.00
93.10
93.50
93.60
93.40
92.50
91.60
90.80
90.80
91.50
90.70
91.00
91.70
91.30
91.60
92.30
92.50
92.80
93.40
94.10
94.30
94.10
94.60
95.10
95.20
94.90
94.70
93.20
92.40
92.00
91.10
89.10
86.40
84.20
83.50
83.60
83.00
82.70
82.30
80.00
78.90
77.70
75.90
75.40
72.40
71.40
69.29
68.20
65.88
64.39
63.34
60.66
57.82
54.45
53.61
54.13
53.65
51.55
50.16
50.90
50.68
53.04
53.19
52.97
53.96
50.09
52.98
57.19
59.36
60.18
62.18
61.98
65.41
67.56
69.28
69.16
69.10
70.30
71.30
71.50
70.90
70.80
69.98
69.52
70.00
71.10
72.40
74.10
75.60
78.20
77.20
77.00
77.10
76.90
76.10
74.10
73.30
73.20
73.30
75.10
77.90
79.80
80.70
80.00
78.70
76.70
76.00
76.30
75.70
76.90
80.50
82.40
83.30
86.40
87.80
86.80
86.60
86.40
87.00
87.80
88.70
89.10
88.70
87.90
88.20
88.20
87.10
85.90
84.20
82.20
78.70
75.90
73.70
71.20
67.22
67.05
64.15
62.90
62.98
62.30
63.78
61.59
57.60
56.19
56.46
55.41
55.08
53.13
53.60
51.54
50.73
48.59
49.33
48.58
54.88
53.93
56.26
57.05
52.89
48.31
53.99
55.13
48.26
43.90
47.79
52.14
57.11
57.80
58.36
57.22
60.04
64.91
63.31
63.78
64.60
65.66
62.11
64.53
65.07
64.03
64.44
66.24
66.74
66.50
66.26
67.95
67.45
67.61
68.43
68.69
68.62
70.60
73.30
74.70
75.30
76.70
77.30
77.30
78.30
82.20
83.10
83.90
84.50
83.30
82.40
84.90
85.80
87.80
87.90
89.40
90.40
91.30
91.30
91.40
91.60
93.00
93.50
93.20
92.80
92.90
92.90
91.70
89.60
86.00
81.30
79.50
78.60
77.30
76.60
74.80
72.70
69.45
65.00
65.80
63.99
61.42
59.17
57.10
53.48
50.87
48.42
46.33
47.35
47.07
46.16
44.88
46.98
45.54
45.24
43.64
41.05
36.57
37.35
40.30
41.26
45.19
51.75
54.72
56.04
60.33
66.00
84.80
80.60
73.40
76.60
79.40
80.60
82.30
83.50
85.10
87.20
89.00
90.40
91.90
92.80
93.30
92.90
92.80
91.91
91.03
90.15
89.67
88.30
87.50
87.10
88.10
88.70
89.30
90.00
90.00
90.20
90.45
90.70
90.20
90.20
89.40
89.80
90.20
90.60
91.30
91.60
91.80
93.30
94.30
94.30
95.40
96.10
96.40
96.60
96.40
96.10
94.00
94.00
92.90
93.00
90.50
89.10
85.20
82.30
78.80
79.40
76.40
73.30
74.50
72.20
69.63
68.91
67.84
64.39
61.98
59.19
58.45
55.26
52.42
50.25
49.18
47.88
48.77
45.80
46.02
44.73
43.77
42.84
41.95
42.37
42.02
42.66
41.08
40.86
43.18
52.97
60.04
69.14
78.20
78.10
75.80
72.10
77.90
78.80
83.00
83.00
81.20
80.10
83.30
82.50
80.20
81.50
83.10
83.10
82.30
80.40
79.40
79.00
79.34
79.68
80.05
80.36
80.70
81.05
81.37
81.70
82.05
82.41
82.75
83.10
84.60
86.30
86.80
86.60
86.40
86.20
86.00
85.80
84.30
83.30
84.70
86.40
87.10
86.70
86.10
85.30
85.80
88.20
87.10
85.90
86.00
85.30
84.90
85.40
85.30
84.30
82.50
80.10
77.00
74.50
72.50
71.90
71.70
71.60
70.80
76.00
72.10
73.50
73.50
69.05
67.63
66.50
65.65
62.40
61.40
59.70
59.48
58.85
58.35
57.25
57.01
54.46
53.04
54.78
52.69
51.56
48.47
47.50
46.69
49.17
51.65
50.85
51.54
51.31
52.88
55.07
61.94
69.41
70.90
68.39
66.65
65.47
68.70
68.23
64.65
61.07
57.49
57.72
56.81
56.18
56.69
57.97
59.60
60.94
63.23
65.20
70.90
74.80
75.30
74.60
74.80
75.30
74.90
73.90
73.30
73.70
73.30
73.30
73.60
73.30
74.10
75.40
75.90
76.50
77.30
77.80
78.30
78.60
78.60
78.80
79.20
80.10
80.90
82.00
83.10
83.60
83.70
84.40
86.20
86.20
86.20
85.60
85.40
83.80
81.60
79.40
77.70
75.70
73.10
71.10
69.93
67.97
65.84
64.14
62.15
61.39
58.40
57.31
55.73
54.82
53.13
52.21
51.01
50.22
50.10
50.32
48.68
49.75
48.71
48.60
48.48
47.34
46.59
45.80
44.79
45.05
46.86
47.51
45.21
54.17
65.08
67.27
65.94
65.03
64.71
64.34
63.60
63.52
66.07
66.69
66.71
73.80
76.40
77.50
78.50
78.70
78.20
77.30
77.40
77.80
78.00
78.70
80.10
81.30
82.10
82.80
83.40
82.90
81.20
81.60
82.50
82.80
83.30
83.50
83.80
84.30
84.80
85.30
85.30
84.80
85.00
85.80
85.80
85.20
83.80
83.70
83.50
83.30
83.40
83.30
83.00
82.90
83.90
84.80
85.10
85.10
85.50
85.10
84.10
82.20
80.90
79.10
77.60
76.80
74.90
72.30
69.95
67.80
66.61
64.35
61.86
57.60
55.73
53.16
50.02
49.07
48.36
47.64
46.97
45.90
44.62
42.27
41.20
40.16
42.15
43.33
42.31
42.26
42.72
41.68
40.03
40.57
37.95
38.50
39.27
39.15
40.27
40.11
40.07
40.53
41.72
42.63
41.31
39.85
39.50
38.99
45.01
47.45
43.22
45.48
59.83
65.14
65.83
66.89
68.16
68.67
69.52
70.70
72.40
74.30
76.50
79.10
81.60
82.30
83.70
84.80
85.90
86.10
86.30
85.30
84.20
85.30
84.70
85.30
85.30
83.80
84.50
85.00
85.10
84.80
84.60
84.90
85.10
85.90
85.20
86.00
86.80
86.10
86.40
87.50
87.20
86.20
84.50
83.00
80.70
78.40
76.40
76.30
75.80
72.70
67.79
63.32
62.22
59.80
57.81
57.31
53.68
51.70
48.44
46.22
45.82
46.04
45.90
47.95
48.23
45.84
53.13
61.11
62.08
53.74
50.64
48.28
45.97
42.61
40.81
39.68
38.41
38.48
39.92
40.23
39.62
41.09
42.58
42.22
41.58
42.91
44.93
46.62
47.78
48.68
50.61
52.89
56.50
59.58
59.32
59.34
60.04
60.77
61.67
63.49
65.73
66.23
64.18
67.76
68.32
71.60
72.30
65.52
65.62
68.34
69.71
78.40
86.90
85.05
83.48
83.50
81.55
81.65
80.98
81.82
83.03
82.64
83.80
84.56
87.99
89.49
87.93
90.66
89.01
90.20
91.27
91.81
93.61
94.02
92.86
93.61
93.45
93.95
93.18
92.40
92.79
94.72
96.86
93.52
93.52
94.09
94.41
94.21
94.16
92.64
91.78
90.35
89.23
88.76
87.72
82.27
80.95
73.08
68.88
65.08
62.49
59.25
54.26
53.01
52.73
52.21
52.75
51.65
50.04
48.32
46.74
47.14
47.42
48.17
48.35
46.83
47.39
48.05
48.08
48.08
46.83
45.58
45.42
43.42
45.42
43.26
43.17
40.63
42.83
46.24
47.17
48.12
50.83
55.32
56.97
57.76
56.41
54.07
52.71
52.18
53.04
54.90
54.94
53.91
52.65
51.94
53.27
51.94
51.94
51.94
51.94
51.94
52.50
53.97
58.27
68.50
74.74
78.18
78.67
73.87
68.91
68.54
68.70
70.68
71.75
72.26
74.10
75.47
75.99
75.66
76.02
75.77
73.92
73.47
73.47
74.56
74.56
74.78
74.56
74.56
75.98
76.56
77.97
79.54
78.67
75.94
80.24
84.04
80.94
81.36
79.86
75.74
68.10
59.12
54.97
51.32
49.23
49.39
50.26
49.37
49.37
49.03
49.01
49.52
49.62
49.45
49.51
49.45
49.51
49.51
49.51
49.51
48.06
48.04
47.15
46.32
51.36
50.91
50.41
48.31
48.44
44.93
43.31
45.17
48.55
50.42
53.15
54.96
55.25
55.29
54.27
56.71
57.74
58.58
57.07
57.08
56.71
57.57
58.27
58.52
58.52
55.58
54.82
55.31
58.80
59.11
61.52
63.28
66.75
68.98
71.49
71.16
68.17
70.17
72.80
73.25
73.16
73.06
73.13
72.88
73.31
73.73
73.73
74.26
75.40
77.24
75.24
75.97
77.24
77.24
76.38
75.65
75.37
75.86
76.02
74.30
78.38
80.54
80.42
83.10
82.01
79.30
75.97
75.13
71.71
68.46
64.13
61.20
56.68
53.55
50.07
48.19
46.52
44.34
44.98
44.98
44.98
44.98
42.95
42.95
42.95
42.95
42.95
42.95
42.95
42.95
42.56
46.93
47.38
47.82
45.91
46.29
46.75
48.46
52.83
55.44
60.43
60.88
64.46
66.44
70.98
72.36
73.09
73.48
74.29
72.64
72.89
72.89
72.89
73.35
74.90
75.20
74.93
76.98
79.21
77.34
77.02
78.59
79.76
79.90
80.33
79.86
79.91
83.32
79.73
78.86
76.23
80.22
78.94
80.46
79.77
81.47
79.01
79.01
78.94
80.42
80.19
80.42
80.19
79.41
79.44
79.44
79.56
80.82
81.26
78.76
77.44
77.89
81.23
82.43
83.06
84.45
87.45
90.57
89.23
88.30
87.88
89.77
83.43
80.34
79.32
79.72
80.95
84.73
85.01
84.73
84.73
84.73
84.73
83.82
85.01
85.01
84.73
84.73
86.42
86.37
85.97
83.30
80.96
78.91
76.91
74.78
73.06
69.79
66.76
63.91
63.09
62.54
60.82
50.22
50.95
51.03
53.37
56.59
57.19
58.85
62.12
63.15
63.69
66.40
70.50
72.20
72.60
74.00
74.50
75.80
79.80
80.00
83.00
86.20
88.00
89.60
90.30
90.40
90.40
90.80
91.20
91.30
91.20
91.90
91.90
92.50
93.00
93.10
93.00
92.90
93.50
93.90
94.80
94.80
94.70
94.80
94.90
95.70
95.80
95.90
96.10
96.20
96.30
96.50
96.80
96.90
96.30
94.50
92.70
90.40
88.30
86.10
83.80
81.80
78.90
76.90
76.10
73.90
73.40
71.80
69.77
67.30
66.22
62.33
61.35
60.61
56.86
56.95
54.64
51.05
53.43
49.46
49.19
48.60
47.21
48.41
47.92
44.12
42.84
41.74
41.44
39.82
37.92
38.43
37.96
39.17
40.12
40.53
43.72
42.87
42.05
42.76
43.35
45.76
46.89
47.99
48.45
48.64
48.61
55.14
57.04
55.54
57.56
57.98
58.00
58.21
59.06
58.90
59.18
60.81
62.44
64.26
66.14
66.79
64.08
66.86
70.50
74.80
77.50
79.20
81.40
80.10
82.70
85.60
85.20
84.00
84.60
85.10
84.90
84.60
84.40
86.70
89.10
90.50
91.90
91.20
90.10
89.50
89.30
89.30
89.50
88.80
88.20
87.00
86.00
84.70
83.00
80.60
78.20
76.70
76.10
74.50
73.00
71.20
71.00
68.73
68.06
66.27
64.77
62.81
61.48
60.31
58.89
57.96
57.03
56.25
54.04
53.33
51.41
50.62
50.09
51.28
50.32
49.88
47.76
46.78
46.01
47.12
48.44
49.90
49.07
47.34
47.97
49.91
51.06
50.05
47.17
47.35
50.24
50.06
52.20
54.32
54.87
55.21
57.44
57.57
59.50
61.31
63.56
66.40
68.85
70.80
72.20
74.50
73.80
74.40
74.80
75.00
75.00
75.00
75.20
74.90
75.90
77.20
77.70
78.50
78.80
80.10
80.50
80.40
82.10
83.40
84.50
84.40
83.60
84.10
84.60
85.50
86.30
85.90
86.10
87.10
87.90
88.00
87.80
87.70
87.60
86.90
87.30
87.20
87.00
86.30
85.90
87.90
86.60
84.10
84.20
83.80
85.30
85.60
86.40
85.60
83.80
83.10
81.60
79.50
77.90
74.50
71.70
74.30
75.90
75.60
76.30
76.30
74.00
72.50
72.50
72.40
71.10
72.80
71.10
72.40
72.60
73.70
74.70
76.20
76.80
77.50
75.90
76.20
76.80
76.40
76.90
77.00
77.00
76.50
78.30
80.80
82.70
84.10
85.30
86.80
87.20
87.20
86.70
86.40
86.70
87.20
85.50
85.00
85.80
86.60
87.40
88.40
89.20
89.50
89.80
90.00
89.60
89.60
90.00
90.30
90.50
89.90
89.80
90.50
90.80
91.40
92.00
92.50
92.60
92.90
93.20
93.40
93.80
93.90
94.20
95.30
96.00
96.60
97.00
97.20
97.40
97.50
97.50
97.40
97.40
97.40
97.30
97.00
96.40
96.30
96.30
96.70
96.80
96.60
95.80
94.10
93.10
91.50
90.60
89.20
88.30
87.70
86.40
85.80
83.50
82.60
82.30
81.80
81.60
80.60
80.00
79.30
78.30
76.80
75.90
73.50
74.50
74.80
74.90
74.50
74.70
73.80
75.30
74.70
75.10
75.30
75.70
76.40
76.90
76.60
78.50
80.70
82.30
82.70
83.90
85.70
87.30
87.70
85.70
85.80
88.10
88.90
88.20
87.50
84.50
83.50
81.30
80.70
80.60
87.40
87.80
87.30
86.90
85.80
85.10
85.40
86.00
86.10
86.50
86.80
87.50
88.40
88.60
89.30
90.10
90.20
90.20
90.40
90.80
91.30
91.30
91.80
91.80
91.70
92.00
92.30
92.50
92.80
93.00
92.70
91.90
90.10
86.70
82.70
80.10
78.60
74.80
73.40
73.70
71.40
72.60
70.10
69.01
70.30
69.51
68.58
67.39
67.30
66.88
64.58
63.56
62.38
61.04
64.13
64.28
61.37
60.26
60.43
60.42
59.54
58.09
59.77
60.80
62.45
63.13
64.01
66.04
64.41
62.75
58.79
60.23
77.20
84.00
85.00
84.90
85.60
85.50
85.60
88.50
93.20
93.20
93.00
93.50
94.60
95.00
94.10
93.20
92.80
92.80
92.90
92.70
92.10
90.40
88.50
88.50
89.70
90.70
90.90
91.20
90.80
90.00
88.80
87.70
87.10
87.80
89.00
90.50
91.50
92.90
93.90
94.40
94.60
94.90
95.20
95.40
95.80
96.10
96.20
96.40
96.40
96.40
96.60
96.80
97.00
97.20
97.30
97.30
96.90
94.90
91.20
89.00
82.80
76.00
74.60
72.50
71.90
69.89
69.13
68.42
66.70
62.78
61.40
62.69
61.19
59.06
56.17
56.81
56.47
52.82
57.93
55.64
60.23
53.23
51.26
49.35
52.63
53.79
55.18
48.40
47.95
47.73
52.10
48.44
47.33
48.89
51.94
49.19
47.60
49.57
48.00
50.34
57.98
60.86
62.62
62.75
63.43
63.13
62.93
62.27
62.47
63.18
64.56
64.84
60.51
61.02
64.73
68.64
73.10
79.50
80.50
81.20
81.70
82.50
82.00
81.90
82.10
82.30
83.10
84.10
86.70
89.00
90.00
90.70
90.30
90.70
91.60
92.20
92.50
93.40
93.30
92.30
93.20
92.40
92.10
90.90
90.70
91.90
93.00
93.40
93.30
93.40
93.30
89.70
84.70
82.30
80.00
76.70
74.40
73.60
72.00
71.00
69.98
67.29
64.12
62.07
62.42
62.86
62.10
62.09
59.23
58.35
56.95
58.19
57.55
56.71
56.95
58.13
57.46
57.81
57.71
51.05
52.34
52.88
54.27
58.03
62.32
61.27
56.26
56.36
53.27
57.55
61.84
65.82
63.87
57.20
54.56
55.72
63.19
62.44
62.86
64.60
66.82
68.97
70.90
72.90
74.60
74.00
69.63
69.56
72.30
73.30
76.20
77.70
80.00
81.00
79.40
80.00
84.60
87.10
87.90
90.90
92.50
92.90
92.10
91.20
89.90
91.90
91.50
90.40
91.40
92.60
91.40
89.70
91.80
94.10
95.50
95.60
95.70
95.30
95.20
95.80
95.90
95.50
95.50
94.20
93.80
93.90
92.70
92.80
91.50
89.40
87.30
84.90
84.90
82.90
79.60
77.80
76.80
74.80
73.90
71.20
69.31
67.05
63.65
60.49
59.79
60.48
61.15
58.66
57.20
57.53
57.35
56.24
52.84
52.07
50.86
50.92
51.14
49.89
49.04
51.59
58.63
61.69
60.38
53.03
48.59
48.44
47.71
46.66
46.68
47.13
47.92
48.85
51.37
52.01
52.94
53.99
55.88
57.93
59.95
61.15
60.97
60.22
58.21
56.19
55.38
56.15
55.70
58.95
67.61
70.50
67.83
66.36
68.39
71.30
72.40
72.30
72.50
73.00
75.00
77.80
78.80
80.10
80.60
81.40
82.90
83.20
84.80
86.10
87.40
87.70
90.10
92.40
91.90
89.90
90.00
92.30
93.00
93.70
93.60
93.40
93.30
92.00
90.50
87.90
84.60
83.40
80.20
78.60
77.00
75.70
74.90
72.60
71.10
70.20
69.36
67.90
66.52
65.47
65.72
63.59
61.78
60.71
59.87
58.32
59.02
54.50
54.91
51.90
51.95
50.44
49.68
50.25
49.25
50.97
46.24
42.85
44.35
44.72
45.39
45.35
45.60
48.28
46.95
47.24
46.84
45.56
47.22
45.19
46.06
48.58
52.00
57.96
57.32
57.73
61.53
66.86
68.40
69.52
71.10
72.70
74.10
73.20
73.30
77.60
74.70
74.70
76.80
78.10
79.60
81.40
83.10
84.70
84.00
82.80
82.50
83.70
83.40
82.20
83.00
83.70
83.80
83.40
83.20
83.70
84.70
84.70
85.20
86.30
87.10
88.40
89.20
89.10
89.00
89.80
90.30
90.60
89.90
87.50
85.50
84.10
82.60
80.70
78.40
75.80
73.90
72.10
71.80
71.00
69.97
69.01
68.21
66.28
64.37
63.18
63.11
63.15
61.36
60.75
61.25
60.12
61.66
62.00
61.22
59.28
58.31
55.01
52.54
50.56
49.48
46.97
45.55
46.34
46.04
45.42
44.75
42.28
41.27
39.04
39.41
35.27
36.12
37.53
39.98
42.89
43.20
44.69
46.62
49.58
52.85
56.04
58.60
61.18
62.66
63.73
65.36
67.94
69.35
68.88
67.84
66.85
67.96
68.73
69.42
70.20
70.20
72.00
73.60
76.90
79.60
80.90
82.90
85.10
85.30
86.60
88.00
88.60
89.00
89.40
87.20
88.80
89.70
91.20
87.70
86.40
86.60
86.40
86.50
85.60
85.10
85.70
86.60
86.60
86.20
86.20
84.30
81.60
79.40
78.60
76.90
74.60
72.50
69.93
67.58
65.69
64.54
63.22
61.52
60.31
59.48
57.95
55.88
53.99
53.37
50.09
49.64
46.68
46.53
47.01
45.86
45.03
43.13
41.19
41.06
39.06
34.85
34.25
39.40
47.14
63.37
64.54
56.87
53.22
43.09
40.73
41.76
40.41
40.75
41.29
39.15
38.58
38.59
40.24
42.79
44.58
47.56
53.72
54.81
56.08
56.93
58.65
60.33
65.25
71.30
71.30
71.10
74.50
75.90
77.70
78.70
79.20
78.90
77.80
77.10
78.30
78.00
77.10
76.90
76.30
76.70
76.70
78.30
80.30
83.60
85.70
87.40
86.80
86.40
86.90
87.10
87.00
86.90
86.90
86.50
85.80
85.80
87.80
87.90
88.30
87.70
86.60
86.10
83.50
80.90
79.60
79.60
75.90
71.90
68.87
66.45
64.30
59.95
58.57
58.45
56.63
56.02
55.19
53.85
53.22
52.14
49.71
47.92
44.84
42.51
43.10
39.90
40.20
39.42
41.51
39.54
40.15
40.00
39.43
37.96
38.27
39.24
37.51
36.36
43.76
47.52
45.25
44.98
46.95
50.67
51.86
52.12
56.16
58.19
60.94
61.95
62.35
63.70
65.07
67.28
68.90
70.60
71.40
72.60
73.40
74.30
75.80
76.50
77.00
78.50
78.60
78.20
79.80
80.10
80.10
81.40
82.60
84.00
85.50
88.10
86.80
86.50
87.80
89.50
90.40
89.60
89.10
87.30
86.00
88.40
86.60
86.20
86.40
88.60
91.40
91.90
92.00
93.30
91.60
90.80
90.10
88.60
91.50
92.90
90.40
86.70
83.10
79.80
77.40
72.50
68.74
66.08
63.52
62.90
62.26
59.79
60.24
61.25
60.51
58.28
57.87
55.16
57.06
56.68
57.14
55.66
57.68
58.54
74.50
81.50
84.00
83.50
83.30
72.90
76.30
72.20
68.44
69.19
66.81
70.70
68.27
70.20
71.30
71.20
68.82
62.02
61.62
62.72
63.17
66.13
68.91
69.49
68.73
71.30
73.30
75.30
77.90
78.10
78.30
79.60
81.10
81.50
81.80
82.50
81.30
80.70
81.00
81.90
85.70
86.90
87.20
87.00
86.60
85.80
85.20
84.80
83.50
82.70
84.40
85.10
85.90
86.60
86.80
86.00
85.80
86.30
86.60
86.50
86.50
86.40
86.50
87.40
87.50
88.40
89.10
90.50
92.10
92.60
90.00
87.70
87.00
82.50
78.80
80.10
80.10
79.40
76.60
74.10
71.40
68.94
67.07
64.67
63.61
62.08
59.24
56.21
55.15
53.91
52.30
50.12
51.60
48.97
48.23
49.35
49.40
47.84
46.24
43.41
42.69
42.98
42.71
42.00
40.53
39.71
39.39
38.07
38.13
38.64
40.15
40.86
39.30
39.75
41.73
42.90
43.56
42.50
43.96
45.66
47.60
49.40
51.01
51.55
52.51
51.81
51.50
53.98
60.90
65.82
68.04
70.40
73.70
75.50
75.40
73.50
73.20
74.50
76.20
77.10
77.30
77.50
78.40
79.80
81.10
81.80
82.10
83.00
83.50
83.50
83.70
84.50
85.20
86.10
87.20
88.30
89.50
90.20
90.90
91.80
93.00
93.30
93.60
93.30
94.10
94.50
94.30
92.10
90.00
87.90
85.80
82.90
81.10
79.90
78.00
76.30
74.00
72.10
70.10
68.19
65.90
64.58
62.29
61.45
58.60
58.09
57.50
55.42
53.79
52.79
53.44
52.17
52.38
50.71
48.17
48.05
48.38
44.75
45.25
44.66
42.84
41.13
42.20
43.79
42.92
41.02
40.77
40.51
41.60
41.69
43.65
44.07
43.68
44.95
46.68
49.74
52.70
54.80
56.62
56.80
57.28
57.46
57.95
59.91
63.60
67.73
67.97
64.70
62.49
61.74
63.22
64.87
69.65
72.40
72.80
74.00
75.60
77.20
78.40
79.50
80.50
81.40
82.60
81.10
79.90
80.30
81.50
82.50
83.70
85.40
86.00
85.30
84.20
83.40
83.70
84.20
84.60
85.20
85.50
85.70
86.10
86.10
85.90
86.20
86.10
85.40
82.80
81.90
82.70
82.40
79.10
76.10
72.10
71.40
69.24
68.07
66.46
64.43
63.43
62.01
62.60
61.59
57.92
57.71
58.04
56.23
55.11
55.21
55.54
53.84
51.64
51.41
63.38
74.00
84.50
84.50
83.90
84.70
84.20
88.40
90.80
90.80
87.00
85.90
88.60
88.40
85.70
87.00
91.60
94.10
95.20
93.70
94.50
95.20
95.50
95.00
94.80
94.80
94.20
93.60
93.50
93.70
93.00
92.70
92.30
92.50
93.10
93.60
94.40
95.50
96.00
96.60
96.60
96.70
96.70