77.40
78.60
80.00
81.40
82.00
82.10
83.00
84.10
85.00
86.20
86.90
86.70
87.30
87.30
87.60
87.90
87.10
87.00
86.90
86.40
86.40
86.00
87.50
88.30
87.90
87.30
87.40
87.40
86.30
85.40
84.10
83.20
80.90
79.70
80.60
81.30
84.20
89.20
88.40
89.10
90.20
90.80
91.60
91.90
90.80
89.10
89.90
90.20
90.10
87.70
86.60
87.00
86.00
85.50
86.20
84.80
83.70
83.70
83.80
82.90
81.70
78.90
77.20
77.50
78.30
78.80
78.50
79.40
79.70
80.80
81.40
81.80
82.80
84.20
84.90
84.60
83.50
83.90
84.50
84.50
84.10
84.10
84.80
85.60
85.00
85.50
87.30
87.40
86.90
87.20
87.20
87.10
86.90
86.70
86.00
85.50
86.30
85.70
85.40
83.80
81.70
82.10
82.60
83.90
85.50
86.60
87.40
87.90
88.10
88.00
87.90
87.70
86.90
87.20
87.20
86.20
85.80
86.00
87.70
88.00
88.10
88.30
88.50
88.40
87.80
86.40
85.60
85.40
84.70
82.00
79.20
78.10
74.90
70.10
67.87
62.73
59.79
59.28
60.14
59.23
57.65
58.37
58.75
62.58
60.93
57.91
58.33
58.81
62.37
64.09
68.22
70.80
70.80
65.76
65.37
64.77
62.26
67.29
68.45
69.05
70.30
72.80
80.00
84.50
88.00
89.50
91.10
92.00
92.00
92.20
92.00
92.00
91.40
91.10
91.00
91.20
91.20
90.70
89.30
88.00
87.50
88.20
88.60
90.00
90.20
90.60
89.20
89.70
89.00
89.70
90.70
91.50
91.90
92.10
92.20
92.40
91.90
91.70
91.40
91.30
91.20
91.30
91.40
91.70
92.00
91.70
91.30
91.40
92.10
92.20
92.00
92.50
92.80
92.90
93.00
93.10
93.10
92.90
92.20
90.50
88.80
85.30
83.90
84.70
85.20
85.30
85.90
84.00
83.40
81.10
78.70
77.00
76.40
75.00
75.50
74.60
74.20
73.10
72.30
70.40
69.17
68.94
67.85
65.16
62.91
61.63
63.08
61.77
62.59
59.44
56.50
56.15
54.77
57.10
56.68
57.45
58.31
58.04
60.41
62.69
63.25
66.36
69.34
71.30
73.10
73.70
73.80
74.40
74.90
74.90
74.40
74.30
72.90
75.00
74.70
75.50
77.50
79.00
78.00
76.70
77.50
77.40
77.40
77.50
77.70
77.50
75.50
72.90
71.10
70.90
70.30
70.60
71.50
73.40
74.10
74.70
74.10
74.00
75.40
77.00
78.70
79.70
80.60
81.30
82.60
80.80
81.10
81.30
81.50
82.90
86.90
89.70
89.70
89.20
88.90
87.70
88.40
89.90
89.90
90.20
90.30
89.40
88.00
87.80
86.70
85.90
86.20
87.30
86.80
85.80
85.60
85.30
85.00
83.90
81.50
79.50
78.80
75.80
74.80
73.00
73.00
72.50
69.66
68.76
67.99
65.11
63.10
60.99
60.74
63.24
63.21
62.61
64.55
66.00
70.40
72.60
71.70
71.00
69.56
72.60
73.00
74.00
74.50
73.30
73.60
72.30
72.30
71.70
71.80
72.90
74.70
77.00
80.20
79.80
79.50
78.30
77.30
76.30
75.30
76.00
75.60
73.60
72.80
74.00
78.40
81.60
83.50
84.60
85.00
85.40
85.90
85.50
84.70
83.40
81.10
81.40
81.90
83.10
84.30
84.10
82.90
82.40
82.30
83.20
83.80
83.70
82.90
81.80
81.30
81.40
80.90
80.10
79.40
77.20
74.30
73.70
74.40
73.20
69.45
68.51
69.30
68.27
68.64
68.46
68.96
69.01
69.79
70.10
71.30
73.10
73.30
71.60
69.65
72.10
73.60
75.80
77.40
75.90
68.95
69.23
69.12
66.77
64.45
61.95
62.24
59.92
59.91
63.25
63.68
63.22
64.08
67.57
68.22
69.46
68.09
68.56
70.80
72.60
71.20
67.47
66.82
72.30
75.80
75.00
75.10
76.50
77.60
79.00
81.60
80.40
80.80
85.60
86.10
88.20
90.40
91.20
90.80
91.60
91.80
91.70
91.40
90.90
90.90
91.20
90.90
90.50
90.50
90.60
90.80
91.20
91.30
91.30
91.30
91.30
91.20
90.30
89.70
89.70
89.50
90.30
90.90
91.40
91.40
91.60
92.10
92.20
92.20
92.20
92.30
92.40
91.90
91.00
89.70
89.30
88.40
86.40
84.80
83.70
81.60
81.50
80.30
80.90
81.20
80.80
79.50
79.20
79.70
80.00
80.10
82.40
83.80
82.80
78.60
76.90
76.10
74.90
70.80
70.80
70.90
67.03
66.46
68.60
70.10
70.30
69.21
70.90
74.10
71.80
73.10
72.90
71.90
73.50
72.90
72.80
81.20
85.40
84.00
81.00
79.60
80.90
82.60
82.50
82.00
81.00
82.80
83.20
85.80
87.20
83.60
85.20
88.30
90.20
90.40
91.00
91.10
91.40
91.50
91.40
91.90
92.10
92.40
92.50
92.50
92.50
92.60
92.50
92.60
92.70
92.80
92.90
92.90
92.90
92.90
93.00
93.00
93.10
93.20
93.20
93.20
93.30
93.30
93.30
93.30
93.30
93.20
93.00
91.90
90.70
89.10
88.70
88.30
87.20
84.10
80.30
79.80
79.50
79.40
79.20
80.30
80.40
79.10
74.40
72.40
72.10
68.12
67.32
65.51
64.62
63.61
66.01
70.30
74.60
75.10
76.20
72.50
67.66
63.74
61.51
59.78
65.23
72.20
70.10
70.20
67.93
67.62
66.17
64.85
66.22
67.19
68.01
68.52
69.74
71.60
73.20
73.10
72.90
72.00
71.40
71.60
74.20
75.90
76.70
77.70
78.70
79.70
80.50
80.10
79.60
78.70
78.90
80.20
80.40
80.80
82.60
84.00
84.50
86.20
86.20
85.80
86.10
86.90
87.80
88.80
89.50
89.80
90.10
90.70
90.60
90.70
89.50
89.50
89.30
89.70
90.20
90.90
91.50
91.40
90.20
85.20
87.00
86.10
83.70
81.50
77.40
74.60
72.50
74.10
73.80
71.90
69.18
66.64
66.52
64.18
62.98
60.35
58.33
57.41
54.45
55.99
55.49
53.82
52.66
52.51
50.39
48.36
46.63
46.66
47.63
52.94
55.22
57.37
58.57
53.44
47.92
45.07
44.56
45.98
47.05
45.23
47.18
48.65
48.31
47.29
50.67
53.08
52.91
52.88
57.84
60.35
59.45
60.03
60.69
67.71
71.60
71.40
69.21
68.31
67.85
68.49
69.61
70.80
73.30
74.00
76.30
75.60
77.20
77.70
78.20
81.30
81.60
81.50
81.00
81.80
83.10
82.60
82.00
81.50
82.10
81.30
81.10
82.10
84.80
84.30
83.20
80.10
78.80
78.70
78.00
77.50
78.80
85.70
85.80
86.50
87.10
85.80
83.60
81.80
79.30
76.10
72.60
70.40
69.19
67.12
65.92
63.57
63.46
60.93
59.21
56.25
55.70
54.47
51.09
50.58
49.81
48.00
47.65
45.42
44.76
44.41
43.92
45.41
44.84
44.33
45.74
44.01
46.77
51.38
54.16
51.97
51.33
56.42
57.25
53.15
51.34
55.20
58.18
56.01
54.28
52.91
52.90
52.29
53.04
52.84
50.61
50.39
52.26
53.18
54.08
67.40
69.62
65.91
65.41
65.74
67.18
67.92
68.68
69.08
69.69
70.60
71.60
73.30
74.90
76.60
77.70
78.40
79.20
80.00
79.60
79.20
78.40
77.40
75.80
76.80
78.80
81.80
82.50
82.80
83.30
85.90
87.20
88.30
88.50
87.40
86.70
86.00
83.40
82.00
81.70
81.60
80.60
79.60
75.00
72.20
70.50
69.10
67.18
65.62
64.70
63.51
61.28
60.04
58.19
55.55
54.32
52.65
50.61
49.40
48.54
48.09
47.02
46.95
46.27
45.14
44.28
43.37
42.91
42.14
41.45
39.85
39.27
41.44
42.36
39.26
43.63
50.57
53.36
57.52
57.67
59.96
58.98
59.63
62.89
67.17
63.67
48.09
50.69
63.89
69.39
67.37
66.66
59.29
69.26
80.30
83.20
82.30
83.50
83.00
83.40
85.20
85.60
85.30
86.30
86.70
87.20
87.30
87.00
87.40
87.80
87.00
86.60
86.60
86.80
86.80
86.80
87.00
86.40
86.10
86.20
86.10
85.60
85.90
86.40
86.00
86.20
84.80
82.90
82.20
82.70
83.00
83.30
83.00
83.30
83.90
83.40
83.20
82.70
82.60
82.60
82.30
80.20
78.90
77.00
74.70
73.00
71.70
70.90
69.97
69.22
68.77
66.82
66.46
65.89
64.61
64.28
64.91
63.53
61.82
60.70
62.48
61.87
62.31
65.34
77.20
76.00
75.50
79.70
79.50
79.80
74.50
68.79
64.25
61.82
60.46
59.09
57.96
57.95
57.69
58.72
59.33
60.90
63.17
64.79
66.69
66.70
66.78
67.69
69.53
73.80
75.40
76.20
76.50
77.70
79.10
79.20
79.70
80.50
80.10
79.90
80.20
80.80
81.10
81.40
81.90
82.00
82.10
82.40
83.30
84.20
84.50
84.60
84.60
83.90
84.50
89.50
90.60
91.20
91.10
91.40
91.70
91.90
92.10
92.20
92.20
92.40
92.30
92.30
92.30
92.40
92.40
92.50
92.60
92.80
92.80
92.70
92.70
92.60
92.30
91.30
90.60
89.50
88.80
87.30
85.40
83.00
82.00
81.50
79.70
78.20
77.40
74.40
72.20
71.30
69.02
68.14
66.57
65.89
64.44
62.24
60.67
60.00
57.96
56.70
57.39
57.67
55.77
56.12
58.34
59.03
59.69
59.88
60.18
62.39
63.69
63.55
68.10
72.60
74.40
75.10
76.20
77.50
79.30
80.80
80.80
81.80
82.70
80.50
78.30
77.60
80.60
83.30
84.20
85.00
85.30
85.90
86.10
86.60
88.10
89.00
89.40
89.30
88.10
87.50
87.90
88.20
88.40
88.60
89.00
89.30
89.70
89.80
90.20
90.50
91.00
90.90
91.10
91.30
91.30
91.60
91.40
91.60
91.50
91.40
91.50
91.90
92.10
92.10
92.20
92.50
92.50
92.30
92.20
92.10
91.60
91.10
91.30
91.60
92.10
92.00
91.70
91.40
91.50
91.10
90.70
90.70
87.00
85.50
84.00
83.40
82.50
80.70
81.10
82.10
84.50
84.70
86.40
88.20
87.90
87.40
87.40
87.60
87.10
87.40
86.50
85.40
86.70
85.80
86.30
86.30
87.50
87.10
87.30
87.60
87.70
87.40
88.10
88.60
88.60
89.00
89.20
89.40
89.30
89.60
90.20
90.00
89.70
89.60
89.50
89.50
89.70
89.80
90.10
90.40
90.90
91.00
90.80
90.20
90.30
90.50
90.80
89.80
90.00
90.30
90.60
91.00
91.30
90.40
89.60
89.40
90.00
90.70
91.10
91.20
91.30
91.60
91.90
92.20
92.20
92.10
92.20
92.30
92.40
92.40
92.40
92.10
91.60
91.00
90.10
89.30
88.20
87.10
86.30
85.70
83.70
82.20
81.60
79.00
75.80
75.10
76.50
78.00
74.20
70.50
72.50
71.00
68.79
67.94
69.71
74.50
80.00
84.00
87.40
87.70
86.00
83.00
81.30
77.90
76.90
76.00
69.94
69.66
69.96
68.45
65.10
66.30
66.09
66.07
67.87
69.54
71.30
74.30
76.20
76.70
75.90
76.70
78.60
79.50
80.50
81.10
81.00
81.60
82.40
83.00
83.00
83.40
83.50
83.40
84.00
85.40
87.40
88.80
89.10
89.60
90.00
90.30
89.90
89.90
89.70
89.40
88.80
88.80
88.80
88.70
88.30
88.90
89.20
88.60
87.20
87.80
88.50
88.70
88.80
88.30
87.60
86.60
86.70
87.30
88.10
89.00
90.50
90.00
90.20
90.10
89.30
88.20
87.70
88.10
87.80
87.50
86.90
84.80
83.30
81.40
79.90
78.70
78.50
77.80
77.90
78.20
78.70
79.40
79.20
80.10
78.00
77.40
75.30
73.90
72.70
72.50
72.30
72.90
73.80
74.60
74.40
72.40
70.40
70.20
67.69
70.60
75.30
74.30
76.50
78.50
80.80
80.40
81.30
82.10
82.30
80.40
79.30
81.60
84.10
86.00
88.00
88.40
89.40
89.90
83.70
78.20
77.10
79.40
81.70
82.50
83.90
84.10
84.10
83.40
83.10
83.50
84.40
85.80
87.80
88.80
89.50
90.00
90.30
90.40
90.70
90.90
91.00
91.30
91.70
92.00
92.40
92.60
92.70
92.80
92.90
93.00
93.00
93.10
93.20
93.20
93.20
93.30
93.30
93.30
93.30
92.80
89.60
85.20
81.40
80.80
81.10
80.70
79.00
81.00
80.40
78.10
79.60
78.10
77.40
75.20
74.70
71.50
70.30
70.90
70.10
68.44
66.76
63.19
63.67
60.58
59.20
58.53
55.78
57.01
56.73
58.04
59.03
61.24
60.32
60.09
59.87
60.32
63.51
65.16
66.79
66.39
69.20
71.10
72.30
74.50
76.60
78.10
78.70
79.20
79.30
79.90
81.10
81.80
81.70
82.40
83.40
83.50
85.10
85.70
85.10
85.60
86.70
87.70
88.30
89.30
90.30
91.10
91.50
91.90
92.10
92.40
92.60
92.70
92.70
92.80
92.90
93.00
93.00
92.90
92.90
93.00
93.10
93.10
93.10
93.00
92.80
92.40
92.20
91.90
91.90
92.00
92.20
92.30
91.30
87.10
86.20
84.50
80.50
80.50
78.30
74.10
73.10
71.50
71.60
69.33
68.85
68.65
69.29
69.04
68.94
68.00
69.23
70.90
68.24
65.76
62.51
64.27
64.83
63.81
62.21
58.95
58.09
58.82
58.54
55.05
55.01
53.57
55.36
56.88
57.73
55.76
56.65
58.30
61.55
61.51
63.11
63.63
65.17
66.73
68.33
69.61
70.60
70.50
71.30
71.60
72.40
73.60
73.60
72.70
72.60
73.00
73.10
74.30
75.10
76.60
77.50
86.50
87.60
86.60
85.80
85.10
85.60
85.30
87.30
88.50
89.20
89.50
89.90
90.20
90.50
90.90
91.30
91.40
91.60
91.80
92.00
92.00
91.90
91.90
91.70
92.10
92.20
92.40
92.80
93.00
93.10
93.10
93.20
93.30
93.30
93.30
93.10
89.50
82.60
80.90
77.70
77.60
77.50
74.20
72.00
70.90
69.52
67.72
65.90
64.06
62.88
60.48
63.59
58.68
60.47
58.28
56.70
56.17
52.27
49.60
47.20
46.96
46.08
46.24
48.40
54.22
71.50
80.50
88.50
88.90
88.20
87.90
86.30
87.20
87.20
89.60
89.30
89.10
89.60
90.00
90.40
91.00
91.10
89.30
89.50
90.70
92.10
93.40
93.30
92.30
91.90
92.20
92.50
93.10
92.50
91.70
91.40
92.10
91.90
92.30
92.80
92.70
92.10
91.90
91.80
91.20
90.60
90.90
92.10
93.40
93.00
92.70
93.00
92.80
91.30
92.40
93.80
94.20
94.30
94.10
93.70
92.90
92.10
92.40
92.80
93.50
94.10
94.30
93.80
93.20
92.40
92.10
90.80
89.30
88.20
85.90
84.50
81.80
82.80
83.30
82.70
83.60
84.40
84.30
87.80
89.40
91.30
92.80
92.20
90.30
89.10
88.70
86.50
84.30
86.20
85.40
83.40
78.70
76.90
73.00
71.20
71.60
73.70
73.80
78.20
82.10
81.50
83.00
85.50
87.60
90.60
90.60
89.70
90.10
90.30
91.30
91.10
90.90
91.10
91.30
91.70
91.90
92.20
92.00
89.70
90.20
90.00
89.40
89.00
90.70
92.10
93.30
93.30
93.40
93.80
94.00
94.20
94.40
94.30
94.40
93.70
92.40
92.50
92.60
92.10
91.70
91.60
91.30
92.60
93.20
93.50
94.20
94.20
94.10
94.00
94.30
93.90
94.00
94.30
94.50
94.80
94.80
94.90
95.30
94.60
94.90
94.40
92.20
90.10
87.70
85.80
83.10
82.50
82.10
82.90
82.10
80.50
77.20
76.20
75.60
74.90
72.60
70.50
66.94
67.01
66.04
64.87
61.92
61.66
58.08
58.67
57.75
56.49
55.19
55.36
53.16
51.56
52.24
51.31
51.17
51.33
54.38
58.70
62.04
62.96
64.62
67.05
69.76
69.31
69.35
68.49
69.25
71.60
73.00
73.50
73.60
75.70
75.80
76.20
76.50
80.40
81.70
82.20
81.70
80.30
81.00
81.50
82.00
80.70
79.90
80.00
78.10
74.70
80.20
81.80
81.10
79.60
79.50
79.20
81.20
83.40
86.10
87.00
88.00
89.80
90.80
91.80
91.90
92.20
92.20
91.60
91.40
90.80
90.20
90.00
88.80
89.70
90.60
91.20
90.10
91.40
91.70
91.90
91.00
89.20
89.30
90.20
90.60
91.00
90.80
89.20
87.20
87.90
85.60
84.80
85.90
85.20
83.50
82.90
79.90
78.50
78.30
78.20
76.40
74.90
77.60
76.10
76.10
74.90
73.50
71.20
70.10
68.39
71.10
70.50
67.35
65.23
63.26
63.31
64.57
63.02
64.30
65.94
67.85
68.84
69.89
72.40
75.00
76.20
77.80
78.30
77.10
77.60
76.40
76.70
77.20
77.10
77.00
77.90
80.40
82.10
84.10
87.00
87.50
87.70
87.50
87.90
88.30
88.40
89.10
88.80
88.70
88.60
89.00
89.60
90.30
91.10
91.50
92.30
92.90
93.60
94.00
94.00
94.10
94.00
93.90
94.00
94.20
94.50
94.50
94.70
94.90
95.00
95.00
95.10
95.30
95.20
95.20
94.70
94.40
93.70
92.60
92.70
92.70
92.60
90.30
84.90
82.30
78.50
78.50
78.10
80.50
79.40
78.00
74.70
72.60
69.48
68.99
68.57
70.20
67.00
65.62
64.83
63.83
62.28
63.10
61.97
59.18
58.31
58.63
58.35
56.82
59.35
60.81
68.18
77.30
78.80
82.80
88.50
87.40
89.20
91.70
91.70
91.30
91.70
90.90
90.60
89.70
89.20
89.00
90.10
91.60
92.60
93.20
93.10
93.30
93.70
94.00
93.50
93.10
92.90
92.30
92.50
93.20
93.80
94.20
94.40
94.60
94.70
94.90
95.10
95.10
95.10
95.00
94.80
94.70
94.50
94.50
94.50
94.00
93.60
93.20
92.80
93.00
93.10
92.70
92.40
92.30
92.60
92.70
93.30
93.60
93.20
92.20
90.30
90.20
89.50
90.10
90.10
89.10
88.10
87.00
86.50
84.50
80.30
77.70
75.50
74.90
75.30
73.50
73.20
71.00
69.93
68.43
68.08
66.78
65.05
63.65
61.94
60.60
60.03
59.66
59.13
58.81
56.57
55.57
52.69
54.78
53.16
51.53
51.38
58.15
62.44
63.11
66.67
69.36
73.60
71.90
69.15
68.85
67.14
67.89
69.49
71.50
73.70
75.30
77.00
77.80
78.50
79.50
80.10
81.30
82.40
84.20
85.90
86.70
86.10
86.00
86.10
86.60
85.10
83.70
83.70
83.50
84.90
85.20
86.80
87.10
87.70
88.00
88.10
87.60
88.00
88.40
90.10
91.70
92.30
92.50
92.60
93.00
93.40
93.20
93.50
93.60
93.50
93.30
93.30
93.50
93.50
93.30
93.20
93.10
92.00
90.90
90.10
89.40
88.50
88.60
86.80
85.10
83.60
84.50
84.50
84.30
83.50
82.10
80.80
78.10
77.00
75.80
73.20
71.50
69.96
71.00
70.40
69.21
65.43
63.91
62.92
61.51
59.89
60.54
58.02
62.09
63.06
60.72
63.16
65.30
64.74
62.28
63.57
64.08
66.53
70.10
73.30
74.40
77.50
78.70
79.70
80.30
80.90
81.50
82.70
83.10
83.10
82.70
83.30
82.60
82.00
81.50
80.50
81.00
83.00
83.60
84.20
88.20
89.50
90.00
91.00
91.80
92.10
92.00
91.50
90.60
89.90
89.80
90.20
90.70
90.00
89.70
88.90
89.30
90.70
91.00
91.00
91.00
90.30
90.00
90.60
91.00
90.30
90.30
89.90
89.70
89.20
88.60
88.90
88.20
86.40
86.10
85.00
83.60
80.60
77.60
76.10
74.10
73.40
72.70
70.60
69.99
67.76
67.09
66.95
65.29
62.30
61.39
59.40
57.42
55.57
54.84
53.52
54.99
59.31
55.47
54.61
51.90
55.87
60.66
63.50
68.27
71.90
73.90
68.52
60.70
57.97
57.30
56.60
57.09
57.66
58.01
59.66
59.09
58.52
64.91
67.78
68.40
71.80
76.20
79.10
80.30
78.70
81.60
86.30
87.30
87.70
88.10
88.90
89.20
89.30
89.60
90.40
91.10
91.50
91.60
91.60
91.30
89.90
88.20
85.00
84.60
86.40
87.60
88.20
88.30
87.30
87.10
88.10
89.00
89.80
90.80
91.80
92.30
92.80
93.10
93.20
93.20
93.50
93.90
93.90
93.80
93.70
92.30
91.10
88.30
86.10
84.00
81.00
78.60
78.00
77.10
77.60
77.30
74.00
71.10
71.70
69.68
70.10
71.10
68.95
67.84
67.85
65.22
64.54
61.50
60.13
60.19
58.81
59.30
58.90
57.94
53.93
55.88
58.12
52.55
54.18
52.20
49.91
53.12
52.83
51.57
52.37
52.40
52.30
53.96
54.33
56.36
57.29
56.61
58.15
59.98
60.85
60.35
62.33
64.59
65.84
67.23
66.43
66.99
69.14
75.40
79.00
80.50
81.20
80.70
79.60
79.30
79.80
83.50
82.60
83.50
81.40
79.40
81.00
83.40
86.70
88.90
91.30
90.10
89.80
90.80
91.20
91.00
90.70
90.80
90.50
90.50
91.40
91.60
91.80
92.00
92.40
91.40
90.90
91.10
91.90
91.90
92.30
91.70
90.80
88.90
86.40
85.30
83.00
80.60
79.60
77.70
75.50
74.00
72.50
71.70
69.60
67.46
64.35
63.87
62.51
61.24
58.10
56.46
56.30
55.00
54.58
53.80
52.72
52.30
52.38
50.89
49.61
51.49
50.54
49.34
48.49
49.41
49.49
49.86
48.15
49.65
48.60
52.71
55.97
57.02
55.15
56.12
56.81
58.60
61.67
62.69
64.38
66.12
67.76
69.37
69.21
71.40
72.70
73.60
73.70
74.80
74.30
76.10
76.90
78.60
78.80
77.90
77.70
78.80
80.20
81.00
81.00
81.50
82.90
84.50
85.10
85.10
85.20
86.20
88.40
88.90
88.30
87.00
87.40
86.40
87.10
88.00
87.00
87.40
88.60
86.60
85.70
84.90
85.70
86.20
86.40
86.50
85.60
86.30
87.10
86.40
85.60
84.00
83.10
82.40
81.40
80.50
79.20
74.50
70.50
69.34
66.11
64.03
63.61
61.57
60.12
59.43
59.16
57.47
54.51
53.94
54.08
54.14
53.47
50.96
49.63
49.86
48.44
48.03
47.17
45.48
45.12
45.81
46.38
47.60
48.72
49.17
51.22
52.03
60.58
69.40
75.10
76.00
81.10
79.00
76.40
82.50
83.60
83.20
81.40
78.80
76.40
75.60
73.60
78.10
80.20
81.40
81.20
81.10
80.70
80.00
78.40
77.40
76.80
76.70
75.40
75.40
76.80
78.70
82.30
84.40
84.80
84.80
85.60
85.60
86.00
86.70
87.70
88.30
87.60
87.40
89.10
90.60
91.90
92.10
91.50
91.90
92.50
91.20
90.40
90.70
91.70
91.40
91.10
90.40
89.80
87.50
83.80
81.80
81.30
79.50
78.70
74.70
72.80
71.30
69.86
66.65
63.62
63.30
61.65
59.32
60.00
59.45
57.13
56.47
55.62
53.83
51.83
49.74
50.37
50.18
50.47
49.33
49.03
47.42
49.13
49.10
48.59
51.30
48.92
50.04
54.84
55.72
56.40
57.14
56.14
52.16
49.37
48.40
49.20
51.40
52.37
54.25
56.68
64.05
65.51
68.96
71.60
70.20
69.65
71.20
73.40
74.50
75.90
77.60
77.80
77.40
78.60
79.20
80.20
81.30
80.50
79.50
79.20
79.10
78.70
79.00
78.80
78.30
79.10
81.60
82.60
83.30
83.70
84.70
86.00
89.10
90.80
90.30
90.10
91.20
91.40
90.80
88.80
86.80
87.10
88.40
89.90
88.40
88.80
89.70
89.00
87.70
86.80
85.50
84.50
82.70
81.10
79.40
77.50
74.50
71.90
71.60
71.00
68.86
66.59
63.81
63.74
61.74
61.40
56.95
58.78
60.01
56.95
56.47
55.75
56.94
56.84
56.53
56.00
56.54
56.12
55.67
56.14
56.91
56.25
58.30
64.25
72.20
82.30
87.40
90.80
92.00
91.50
90.30
90.80
91.20
89.50
89.90
91.40
91.20
90.20
89.90
90.00
91.50
92.30
92.30
92.30
92.30
92.70
93.10
93.30
93.40
93.70
93.90
93.90
93.80
93.90
94.10
94.40
94.70
94.90
95.00
95.00
95.00
95.10
95.10
95.00
94.90
94.90
94.90
95.00
94.90
94.90
94.70
94.30
93.90
93.70
93.60
93.50
93.80
93.40
93.60
93.40
93.10
93.00
92.60
91.80
90.40
89.20
87.90
85.50
84.50
83.00
81.00
78.70
76.70
75.00
73.10
71.40
70.00
68.83
65.69
64.41
63.68
62.32
61.16
60.06
59.42
58.46
56.48
55.29
54.21
52.85
51.73
51.10
50.60
50.27
49.16
48.44
47.17
46.85
47.73
47.66
46.43
47.90
47.54
46.45
46.33
46.78
47.89
49.00
52.49
54.22
54.38
55.45
57.52
58.27
59.10
63.79
65.67
66.39
67.82
69.51
70.70
70.60
70.10
69.10
69.53
70.20
70.30
70.70
72.50
73.40
76.40
74.50
77.60
75.90
77.50