49.92
50.69
51.97
52.93
54.07
54.62
54.82
55.83
56.75
56.42
57.65
59.33
60.20
61.60
64.08
65.38
66.40
65.33
64.59
66.50
66.70
65.64
64.51
63.62
63.75
65.22
65.88
65.41
66.21
67.90
68.31
68.20
66.88
64.39
61.81
60.18
57.16
56.56
54.76
54.68
55.06
49.85
42.05
38.87
39.74
38.90
38.05
38.09
36.97
37.66
41.20
42.47
42.16
42.94
41.44
40.41
39.67
39.22
40.71
39.43
41.13
35.98
38.41
31.45
34.01
38.80
38.56
38.39
36.09
36.39
38.46
38.93
39.93
40.18
40.25
38.03
40.82
46.17
50.09
49.79
48.35
56.75
59.17
59.12
57.46
56.21
52.69
47.46
42.23
39.16
38.44
41.13
44.80
44.53
43.90
44.59
44.84
49.23
54.48
55.04
54.85
55.69
53.74
53.75
54.04
55.43
55.67
54.30
51.97
51.35
53.12
52.63
52.55
53.14
53.07
52.26
52.25
53.51
53.79
54.82
55.32
54.40
54.44
54.76
55.28
54.40
55.15
57.87
58.87
57.89
58.42
59.47
59.71
60.04
60.85
62.06
57.71
57.20
55.94
54.61
57.37
64.36
58.95
57.89
55.15
53.95
51.06
46.13
45.42
48.33
48.95
50.91
53.34
55.17
55.71
55.49
50.18
58.65
60.73
61.03
61.30
57.74
56.87
56.96
54.15
53.55
53.74
52.31
53.21
50.25
50.55
51.37
52.24
54.79
56.08
57.52
58.94
60.21
59.99
60.41
58.44
56.08
55.11
53.31
51.88
50.84
49.85
49.91
51.98
52.94
53.60
54.70
56.09
56.08
54.91
54.21
55.48
60.79
63.46
64.46
65.04
65.49
66.79
68.91
70.80
72.00
74.30
75.90
75.20
74.50
74.40
75.30
75.90
75.30
74.10
72.50
71.90
72.00
73.10
72.40
71.00
71.90
69.44
70.00
69.19
67.68
65.71
62.25
59.98
57.47
56.20
55.08
53.61
52.76
50.59
48.01
46.57
45.13
47.24
47.83
47.38
47.82
46.52
47.40
47.21
47.14
48.62
49.88
48.98
48.83
51.35
51.82
54.26
55.00
55.29
55.48
55.36
50.77
46.16
43.74
42.66
42.31
42.25
43.15
57.88
63.51
63.82
64.16
63.27
61.72
60.85
61.13
61.83
61.91
62.48
63.87
64.80
65.14
66.17
66.38
67.35
68.43
67.65
65.55
64.81
65.81
65.77
66.74
67.53
68.05
68.24
67.54
68.76
68.55
68.03
66.77
68.05
68.83
70.00
71.00
70.70
72.70
74.50
74.60
74.80
75.50
74.80
74.50
74.40
75.90
76.80
76.40
76.80
76.90
77.10
76.80
76.90
76.50
76.50
76.90
75.80
75.20
73.90
71.50
68.99
66.23
64.38
63.96
61.33
60.78
59.30
59.11
56.81
53.68
46.91
45.24
46.09
44.51
43.56
40.46
39.84
39.52
39.77
40.22
39.96
39.48
38.71
38.95
40.32
38.17
46.46
48.56
38.86
35.48
34.04
36.23
54.30
56.40
54.66
51.00
48.98
47.49
48.30
48.18
51.98
50.72
51.51
58.71
59.09
57.51
59.16
60.27
58.87
63.19
70.40
69.51
64.90
64.94
63.36
60.92
61.76
65.54
68.33
68.62
66.36
67.58
68.14
65.66
63.42
66.05
67.51
68.51
67.60
65.32
65.29
66.93
68.00
69.16
68.69
68.12
67.23
66.45
66.50
66.48
66.34
67.07
69.66
70.50
70.30
70.60
71.30
72.30
72.90
73.00
73.20
71.70
69.22
66.86
64.71
63.06
61.22
59.28
57.31
55.40
52.50
50.69
49.29
47.19
45.98
44.85
43.55
42.65
42.34
42.44
41.26
41.06
41.16
40.20
39.78
39.90
39.69
39.67
38.94
37.98
38.74
40.59
41.46
41.78
42.78
41.96
42.11
43.42
44.36
45.32
46.39
49.17
52.82
56.18
58.88
60.47
60.13
58.60
58.70
58.97
57.30
55.23
52.43
51.71
51.59
51.02
55.50
58.43
60.07
61.36
62.49
63.68
64.97
64.60
63.19
65.24
65.89
64.22
67.85
67.43
61.47
60.59
61.36
62.85
63.28
63.62
64.78
66.71
68.18
70.30
72.70
75.60
77.90
79.20
80.40
81.20
81.70
81.20
80.10
79.90
80.80
81.90
82.10
80.70
80.10
79.00
76.50
73.20
68.09
63.06
59.38
54.77
54.79
54.08
50.61
48.70
45.54
43.48
39.83
36.93
32.29
32.52
32.66
32.64
32.25
30.61
30.19
30.45
30.26
29.48
29.26
29.10
28.77
28.22
28.09
28.10
29.01
29.16
29.46
29.75
30.38
29.85
27.98
30.03
34.06
31.61
30.05
31.13
32.09
30.97
31.30
41.68
42.39
43.08
44.16
45.41
45.95
46.56
46.98
46.95
47.08
47.76
48.59
50.63
53.21
54.92
55.92
57.77
58.46
58.13
56.14
57.06
55.95
55.99
57.82
57.88
58.01
60.53
62.61
65.02
67.00
68.37
69.07
70.00
70.50
71.70
72.90
73.10
74.60
76.40
77.70
78.80
79.70
80.00
79.50
79.00
78.70
77.80
77.20
75.70
73.70
70.00
64.58
62.17
59.25
58.65
69.80
71.10
70.80
70.50
69.12
67.55
66.43
64.57
60.31
58.58
57.97
59.16
60.35
56.76
57.23
57.98
57.04
55.32
55.70
55.76
56.20
56.01
55.42
56.04
56.25
58.13
59.02
57.19
56.71
56.83
56.63
57.42
58.85
60.66
62.57
64.03
65.29
67.60
70.90
71.90
73.50
75.00
76.10
77.30
78.40
79.50
79.50
80.60
81.30
82.10
82.30
82.40
82.80
83.30
83.70
84.80
86.10
85.70
85.90
85.50
85.90
85.90
86.50
87.70
87.70
88.20
88.70
89.40
90.40
91.10
92.00
93.00
93.60
93.90
94.40
94.70
94.30
94.70
94.70
93.60
93.50
93.70
93.60
93.90
93.80
93.50
93.40
93.50
93.40
93.20
90.90
88.00
84.80
81.80
78.50
75.60
71.70
69.45
65.42
63.28
60.76
58.38
57.56
54.78
53.10
51.28
49.38
47.48
44.22
42.89
42.51
40.68
40.07
39.00
38.04
35.74
35.06
33.92
33.13
33.49
33.86
33.17
32.21
31.13
30.72
30.19
29.11
34.12
36.05
37.28
40.12
42.44
42.72
43.68
46.26
48.54
50.39
52.15
53.05
53.90
55.30
56.77
57.29
58.19
59.21
59.96
60.97
61.19
59.81
60.03
61.00
60.86
60.30
62.90
64.03
64.88
66.27
67.82
70.70
73.20
74.90
75.50
76.40
77.30
77.70
77.80
78.10
79.30
80.30
80.70
81.90
82.20
82.90
82.90
82.70
83.60
86.50
89.60
90.80
92.40
93.40
93.90
93.20
92.40
90.50
89.30
87.70
85.20
82.00
79.50
77.10
73.40
70.60
64.01
60.11
58.23
56.42
56.19
53.85
49.34
45.81
44.68
42.05
41.99
40.03
39.52
37.51
35.73
34.24
33.14
32.10
30.61
29.03
29.34
28.58
29.04
27.76
26.71
26.25
25.18
23.35
22.17
23.84
23.64
24.12
24.96
25.86
25.82
29.78
30.01
28.72
29.75
32.95
35.49
36.10
36.78
36.30
36.71
39.55
46.07
49.85
51.23
52.38
53.02
52.95
53.73
53.96
54.94
54.88
55.14
57.23
57.40
58.52
60.47
63.36
63.74
65.85
71.90
72.20
72.10
71.20
67.80
63.17
62.80
63.88
61.63
59.89
60.29
61.47
62.26
62.55
61.38
61.62
62.78
64.31
63.69
63.94
64.88
69.13
69.45
69.48
67.82
66.64
67.46
68.69
65.21
62.62
61.56
55.93
53.91
52.39
51.77
49.07
48.14
46.73
46.06
46.63
47.60
47.24
46.51
44.98
44.72
45.28
46.71
47.78
48.35
51.63
53.26
52.52
52.68
53.04
53.04
53.05
53.50
52.93
53.18
52.95
53.00
53.92
54.93
55.88
56.47
58.01
59.40
59.92
61.86
63.74
65.60
66.66
66.04
65.97
66.74
65.76
66.95
68.39
67.59
67.72
67.00
67.54
68.79
69.45
71.10
71.50
71.60
71.80
73.10
73.30
73.00
73.10
74.60
77.50
79.30
82.50
82.30
83.10
84.50
85.40
86.00
85.10
84.20
83.70
84.20
83.10
83.80
83.20
85.60
86.70
87.60
87.10
84.20
85.20
86.00
85.10
81.50
83.20
84.50
83.20
81.70
80.40
78.90
80.60
75.90
74.40
69.90
66.13
63.11
56.75
53.48
51.40
48.67
45.50
42.83
39.99
37.68
37.52
38.04
36.90
36.54
33.85
32.38
32.12
32.01
31.36
30.29
30.73
29.89
29.82
29.95
31.10
31.63
31.87
32.52
32.24
32.78
33.66
34.32
34.87
35.61
35.12
35.93
37.93
38.81
40.40
40.09
43.98
44.79
44.97
46.28
45.34
42.76
42.86
43.80
44.61
46.48
48.10
49.26
50.60
51.48
52.06
53.23
53.95
54.18
55.18
56.52
57.66
58.93
59.98
60.97
62.97
65.77
67.17
68.27
66.82
69.30
74.00
79.10
81.80
87.00
92.80
94.60
95.10
95.50
95.90
96.20
94.10
93.10
94.90
95.90
96.10
95.60
95.70
96.30
96.60
96.40
95.70
95.40
94.60
92.50
92.40
92.90
91.50
89.90
88.80
89.30
90.20
90.00
88.70
87.00
83.70
80.20
76.90
73.80
71.40
69.17
67.90
66.28
66.64
64.23
61.22
62.03
63.63
64.23
63.18
61.78
59.06
54.65
53.89
54.23
55.99
53.59
52.62
56.03
60.74
65.54
69.95
80.10
81.30
85.30
83.60
77.00
81.70
81.40
83.50
85.40
88.30
88.40
91.50
90.80
87.50
85.60
82.60
87.00
91.60
93.70
93.30
93.00
92.80
93.00
92.70
93.70
95.00
94.80
93.40
92.40
92.40
92.90
93.10
94.20
95.30
95.10
94.10
93.10
93.50
94.30
94.90
94.40
94.70
95.30
95.80
96.40
96.70
96.90
96.90
97.00
96.90
96.90
97.00
97.00
97.10
97.30
97.30
97.20
97.20
97.00
96.90
96.80
96.70
96.40
96.00
95.10
93.20
92.30
91.90
90.20
88.40
86.40
85.50
85.10
85.30
84.40
80.00
76.70
75.80
74.40
73.00
73.10
71.90
72.90
71.30
70.60
70.10
68.02
67.12
68.89
68.52
69.28
68.66
69.56
70.50
70.20
70.80
73.30
78.10
79.90
82.60
88.20
89.20
89.60
90.40
91.50
92.40
93.10
93.70
94.20
95.00
95.50
95.80
95.90
95.80
95.70
95.30
94.90
94.60
94.50
94.60
94.80
95.10
95.40
95.70
95.90
96.10
96.40
96.50
96.50
96.50
96.70
96.80
96.70
96.80
96.90
97.00
97.10
97.20
97.30
97.40
97.50
97.50
97.60
97.60
97.70
97.70
97.80
97.80
97.80
97.80
97.80
97.70
97.70
97.60
97.50
97.40
97.20
96.80
96.40
95.10
93.50
92.50
92.50
90.80
89.80
87.80
86.20
86.30
83.10
84.50
86.20
87.40
88.20
88.90
89.50
87.90
87.40
85.90
83.80
83.20
83.80
83.50
84.00
85.50
84.30
81.90
80.70
79.50
79.80
79.90
80.50
80.90
82.70
84.60
85.80
86.80
88.40
89.70
90.20
90.60
91.00
90.50
90.30
90.70
89.90
90.00
87.20
88.70
90.60
90.40
86.50
87.60
87.90
88.30
88.40
86.80
85.90
86.90
88.70
89.60
90.60
89.90
89.40
89.80
90.10
90.80
91.80
93.90
94.90
94.10
94.70
95.20
95.50
95.80
95.10
95.40
95.20
95.60
96.00
96.30
96.30
96.40
96.50
95.60
90.20
86.40
84.80
85.90
86.60
87.40
87.60
87.90
90.10
90.60
91.00
89.20
88.80
87.40
85.00
82.70
82.10
80.20
77.20
75.90
73.10
70.10
68.44
66.29
64.50
62.54
62.12
64.71
63.20
64.36
65.67
66.07
64.51
66.38
64.41
63.67
62.97
64.56
66.63
68.91
70.20
69.06
69.09
69.03
70.00
70.70
71.20
71.80
72.50
73.60
74.80
75.40
76.50
77.80
79.80
81.90
83.70
85.60
87.20
88.50
89.50
89.70
90.00
90.00
89.90
90.60
91.30
90.70
90.70
90.30
90.60
89.90
90.80
92.20
93.00
93.00
93.30
93.90
94.20
93.90
94.40
94.70
94.80
94.50
94.70
94.80
94.90
95.00
95.20
95.60
95.80
95.60
95.30
94.10
93.40
91.60
91.70
93.30
92.30
88.50
82.50
78.60
75.50
75.50
74.10
71.90
67.79
64.89
61.54
58.79
59.75
58.44
58.12
57.65
55.13
52.59
51.77
50.74
50.52
48.96
47.11
42.94
41.41
43.11
41.91
41.81
41.25
39.58
39.17
37.15
37.21
36.88
35.29
36.44
36.38
36.91
41.86
46.64
45.64
46.91
47.79
48.56
49.10
49.89
50.72
52.07
53.96
55.72
57.66
60.39
62.75
63.51
63.90
66.04
67.17
67.91
68.42
69.51
70.30
71.20
70.90
70.10
70.30
70.70
71.00
71.40
71.50
71.90
72.70
73.70
74.60
75.30
75.80
76.50
77.40
78.30
79.00
79.80
80.70
81.50
82.30
83.60
85.00
86.30
87.20
88.00
88.60
88.70
89.60
90.60
91.20
91.20
90.50
89.80
88.90
87.60
86.70
84.80
82.10
80.00
77.40
74.70
70.50
66.40
63.98
60.52
55.16
53.95
52.12
51.42
50.29
49.44
48.52
48.12
48.70
48.00
46.73
43.41
41.70
42.24
42.00
42.21
43.17
42.15
41.62
42.93
46.36
46.84
47.63
48.51
48.05
49.82
51.73
53.50
55.50
57.10
57.82
58.96
59.01
58.84
59.88
60.76
63.51
64.93
65.39
66.71
66.40
65.44
65.79
66.40
67.12
67.26
67.28
66.58
66.38
66.54
66.76
67.11
67.37
68.35
69.42
69.66
70.60
70.60
71.20
71.90
73.40
73.90
74.10
74.30
75.70
76.30
84.90
94.70
97.00
97.30
97.40
97.60
97.60
97.50
97.30
97.00
96.20
95.70
95.50
95.70
96.20
95.80
95.40
95.60
95.90
95.60
93.70
91.40
90.40
89.80
90.20
90.00
89.50
89.90
89.90
88.60
85.60
83.40
84.30
84.70
84.50
83.90
81.30
78.50
77.10
76.80
71.50
67.85
66.73
65.92
66.80
65.31
64.97
63.95
61.24
61.88
60.11
60.20
62.51
63.19
61.31
59.86
59.74
60.95
62.91
66.19
69.29
71.20
73.40
74.00
74.40
75.00
76.30
76.90
76.20
75.90
76.50
77.50
78.00
77.30
78.10
78.60
79.20
79.90
80.50
80.80
79.90
80.00
80.30
79.30
78.80
79.70
80.70
82.60
85.30
86.40
86.80
86.90
87.20
87.70
87.10
87.70
89.30
89.90
90.90
91.70
91.40
93.00
92.80
93.00
94.50
95.10
95.60
95.90
95.40
95.60
95.50
94.70
92.20
89.80
86.40
85.00
83.10
82.00
81.50
77.80
75.10
74.30
72.40
68.50
65.35
65.41
63.03
60.64
59.00
58.20
57.06
55.66
53.63
51.25
50.94
51.56
50.89
50.05
48.43
47.49
48.09
44.69
44.23
44.51
41.18
40.50
43.55
44.34
44.05
45.90
45.77
47.89
48.87
50.14
50.57
50.72
52.45
52.14
55.14
55.56
57.20
59.94
63.81
64.83
64.34
64.26
64.77
65.39
65.77
67.80
70.50
72.40
70.60
69.25
70.10
70.10
71.10
71.70
72.20
71.30
71.50
72.40
73.00
72.60
73.00
73.80
74.70
74.80
75.80
77.90
80.40
81.60
81.00
82.90
85.90
87.00
87.20
87.90
88.10
87.70
87.40
87.60
86.20
84.10
81.90
82.90
82.50
83.00
80.90
78.90
76.60
75.80
73.30
72.30
71.10
68.33
64.15
61.18
61.04
61.83
61.39
58.38
56.31
55.87
53.61
52.85
52.67
53.78
52.27
49.81
47.37
45.52
44.32
43.21
43.58
42.55
42.51
42.39
42.58
42.08
40.83
41.05
40.51
40.81
40.94
38.74
39.86
41.78
42.94
44.05
44.20
44.24
43.64
46.40
48.40
49.32
53.09
55.18
55.21
56.95
57.53
58.92
58.89
60.39
61.88
63.37
64.41
65.83
66.73
67.46
68.00
69.35
71.50
72.10
71.90
71.80
73.20
74.30
75.70
76.90
77.60
78.20
79.20
80.10
80.80
83.10
83.60
83.00
83.00
83.50
83.70
84.00
83.80
83.70
83.40
84.90
85.60
86.30
86.70
86.30
86.00
86.50
86.60
86.30
85.70
85.40
85.00
83.20
81.40
79.10
76.00
70.70
66.17
64.20
61.20
56.69
51.89
51.75
50.41
46.64
47.72
45.21
43.89
40.32
40.81
45.77
49.70
53.35
58.48
57.44
55.10
55.68
53.50
59.55
63.09
57.65
61.05
64.70
63.08
64.54
65.18
67.32
63.79
59.81
61.69
61.05
60.65
61.48
62.25
63.67
64.50
65.99
65.94
64.34
64.43
66.31
68.06
66.86
64.79
63.67
65.46
67.45
70.50
73.30
73.80
74.50
75.90
76.00
76.30
75.60
77.90
79.70
78.30
75.20
73.70
69.98
68.20
66.30
66.54
67.42
69.94
71.30
72.70
73.40
73.10
72.80
72.00
71.20
72.20
74.80
78.80
78.00
75.80
76.50
78.90
79.60
80.80
80.20
80.10
83.00
85.10
85.90
86.20
84.70
83.00
81.60
78.60
71.30
68.15
68.48
72.90
71.60
66.59
63.09
59.58
59.98
62.56
61.88
60.69
63.11
60.32
54.96
53.72
47.57
48.12
50.65
52.20
55.56
57.75
59.48
61.44
58.16
55.89
58.40
71.40
68.78
63.59
60.93
59.69
57.30
54.97
55.49
56.47
55.53
57.54
59.28
61.34
62.72
62.26
65.77
60.04
60.64
62.24
57.69
58.15
63.84
72.50
75.10
72.40
69.08
66.72
64.08
63.76
63.77
65.51
67.22
68.53
69.24
70.80
75.50
83.40
83.40
83.10
78.80
78.40
78.70
78.50
79.20
81.20
82.10
82.50
82.70
82.90
81.20
81.90
85.30
89.30
85.10
84.10
82.40
80.50
79.80
82.80
88.30
89.80
89.60
89.10
88.40
86.30
83.40
83.00
78.70
75.90
74.00
71.90
69.24
66.71
64.41
62.82
61.59
59.30
56.35
55.67
54.28
52.62
50.97
49.59
47.81
46.94
44.18
42.33
43.23
45.01
42.99
41.36
41.43
40.71
40.19
40.21
40.35
43.28
58.40
62.73
62.78
65.40
72.00
74.80
74.90
74.00
73.60
74.40
76.80
78.60
78.70
79.70
75.80
81.50
85.70
87.10
88.00
87.70
86.10
84.80
84.20
84.40
84.20
85.00
86.30
88.40
90.10
91.50
92.60
93.60
93.40
93.00
93.30
93.60
93.90
94.00
94.10
94.40
94.70
94.80
95.20
95.80
96.10
96.40
96.50
96.40
96.40
96.60
96.80
97.10
97.30
97.30
97.30
97.20
97.10
97.00
96.90
96.90
96.80
96.60
96.00
95.10
94.30
93.30
90.40
87.20
87.40
84.20
82.60
81.40
79.50
77.20
75.40
76.10
75.50
75.30
76.00
74.90
75.60
74.30
75.70
75.00
77.20
76.30
76.00
76.10
75.90
76.60
77.10
77.10
78.30
78.40
78.30
79.60
80.60
81.70
82.30
82.40
83.00
82.70
83.70
84.20
85.30
85.80
86.80
88.10
89.40
90.00
89.90
90.20
90.20
90.00
90.60
90.90
91.20
91.50
91.90
92.30
92.70
92.90
93.00
93.20
93.80
94.40
94.60
94.70
94.50
94.60
94.80
94.90
95.30
95.40
95.80
96.20
96.50
96.60
96.80
97.00
97.10
97.20
97.30
97.50
97.50
97.60
97.60
97.50
97.50
97.50
97.50
97.50
97.60
97.60
97.60
97.60
97.50
97.50
97.30
97.10
96.70
96.30
96.10
96.20
96.10
95.50
94.10
93.30
92.70
91.30
90.90
90.50
89.90
91.10
90.70
91.20
91.40
91.70
91.40
91.70
92.00
92.70
94.10
93.40
93.00
92.20
90.10
91.20
89.90
87.60
87.80
87.90
89.10
90.20
89.60
88.20
87.70
87.50
87.10
87.40
87.40
87.50
89.00
88.50
88.60
89.10
88.80
91.20
91.50
91.90
93.20
93.50
94.70
95.20
95.60
95.20
95.20
95.50
95.80
95.90
96.00
95.80
95.90
95.80
96.00
96.10
96.00
96.30
96.80
96.80
96.70
96.20
96.20
96.50
96.40
96.70
96.60
96.70
96.70
96.70
97.10
97.30
97.30
97.40
97.30
97.20
97.30
97.40
97.40
97.50
97.60
97.50
96.40
94.20
91.00
85.90
85.20
86.30
88.60
88.90
87.40
83.30
81.50
79.20
74.90
73.20
70.90
65.39
65.93
64.94
64.40
62.97
62.95
59.15
57.31
51.72
51.25
52.85
48.01
48.08
48.84
48.85
48.14
45.75
45.99
45.58
44.48
45.19
47.09
44.78
45.10
45.73
45.81
43.61
43.51
43.45
43.01
45.77
51.14
54.19
54.46
55.45
55.52
54.97
55.29
56.41
63.13
58.84
54.00
56.65
66.60
62.57
66.24
65.52
68.71
69.87
68.18
68.00
70.50
71.50
72.60
73.30
74.30
73.90
75.00
75.50
76.00
76.60
78.70
79.60
80.30
81.90
82.60
82.50
82.30
81.80
81.40
81.50
82.10
81.80
82.10
82.00
82.90
84.20
85.90
87.70
88.00
87.40
86.50
85.10
83.20
80.70
76.90
73.30
70.50
68.24
65.83
63.57
61.16
59.43
60.46
57.74
54.54
51.54
50.79
51.05
50.47
49.27
48.97
44.22
44.40
43.87
42.31
39.27
39.58
41.54
39.14
40.03
41.70
40.66
39.09
36.63
39.15
34.98
39.22
40.69
43.98
45.54
47.75
46.69
43.93
45.15
47.37
50.14
56.92
57.11
58.21
60.04
63.15
65.37
66.73
67.61
67.41
66.58
65.17
67.58
70.10
73.40
75.60
75.70
75.10
77.40
78.90
80.70
79.10
79.30
79.50
77.80
77.90
79.20
77.80
79.50
81.40
83.20
84.40
84.50
84.40
84.20
84.90
86.80
90.80
92.90
92.90
92.10
88.30
88.20
86.20
86.10
88.10
88.90
88.10
87.10
87.90
88.00
88.00
86.90
83.50
80.10
76.90
75.80
72.80
70.80
68.74
64.65
61.77
58.78
57.02
50.34
49.09
49.43
48.71
45.92
43.84
41.99
41.48
39.43
38.10
37.46
38.10
37.54
36.87
36.40
37.34
37.30
39.36
40.13
39.68
36.04
31.23
30.79
31.28
32.26
40.96
44.71
41.82
43.08
48.23
47.70
45.91
48.67
53.11
64.54
83.10
87.10
88.30
91.10
87.60
83.80
75.50
73.30
80.20
91.40
92.40
90.50
91.80
92.00
91.10
90.60
90.70
89.30
89.90
91.00
89.80
87.90
86.90
87.40
88.20
89.90
90.40
91.00
90.50
91.60
93.20
93.90
93.50
95.10
95.10
94.60
94.90
94.90
94.50
95.60
95.60
95.50
94.70
93.30
92.30
92.80
92.90
92.60
91.90
91.90
93.10
93.90
92.60
86.00
82.80
83.20
81.20
77.80
75.40
75.60
70.50
64.91
65.96
64.10
59.39
58.40
57.69
56.60
51.86
53.31
52.85
52.13
51.28
47.86
47.48
45.26
45.06
44.42
41.55
39.27
38.51
37.07
37.59
35.86
36.82
40.71
41.59
41.75
42.60
42.55
43.67
43.25
43.72
44.16
48.68
51.89
53.73
54.21
53.09
54.22
55.18
54.65
55.12
55.85
55.50
56.88
56.24
56.44
56.47
56.17
58.78
54.78
54.33
69.63
73.00
70.80
66.39
66.29
65.27
65.33
64.97
63.61
63.26
61.67
61.33
60.76
62.26
61.54
61.84
73.70
78.10
79.10
80.90
82.40
79.30
77.00
75.60
74.70
75.50
76.40
75.90
77.50
79.70
83.30
80.50
77.60
78.20
79.70
80.20
83.90
83.70
80.10
77.40
78.00
77.70
77.40
75.60
73.90
71.60
71.00
68.93
68.67
69.56
68.12
66.15
65.40
65.93
66.09
61.37
58.99
56.33
55.04
52.08
50.96
47.33
48.62
51.17
49.92
50.07
49.60
51.59
52.79
53.21
54.07
53.58
55.78
58.79
61.03
61.07
61.67
62.15
64.08
62.69
62.55
63.60
64.20
64.61
64.44
64.88
65.04
68.00
70.60
71.20
71.30
73.30
75.70
73.60
72.00
71.70
72.40
71.00
69.75
70.20
72.90
75.80
77.90
79.20
80.20
80.70
81.10
81.60
80.20
78.80
79.20
79.20
79.90
79.90
80.00
78.40
77.00
76.70
77.00
78.00
79.60
81.10
82.90
84.50
85.00
85.30
85.30
85.70
85.40
84.20
82.20
80.00
78.30
76.00
73.90
73.30
71.70
72.00
71.90
69.00
67.97
66.27
63.18
59.92
58.47
55.97
56.21
55.89
53.40
52.34
50.25
46.70
47.54
46.82
46.92
45.68
44.00
44.91
43.81
43.28
43.79
42.22
42.44
43.22
41.71
46.33
45.92
45.62
47.69
49.71
52.32
51.36
51.93
51.79
52.15
51.90
58.51
59.20
60.37
62.25
63.66
65.53
67.32
68.85
69.76
70.60
70.90
72.00
72.20
73.50
73.10
74.90
75.50
77.00
77.40
78.80
78.60
79.90
81.10