96.80
96.70
97.10
97.30
97.40
97.40
97.50
97.50
97.70
97.70
97.80
97.80
97.70
97.60
97.70
97.70
97.80
97.60
97.80
97.90
97.90
97.90
98.00
98.00
98.00
98.00
97.80
96.40
93.10
90.50
89.40
85.10
76.70
75.40
77.80
78.90
75.80
75.00
74.80
73.40
72.40
72.60
69.51
68.25
66.04
63.50
61.76
58.37
56.76
55.39
55.22
51.75
51.62
50.85
50.23
50.14
49.49
47.80
48.03
44.87
48.12
48.91
46.95
46.23
43.93
45.41
48.70
50.09
51.01
55.28
54.03
56.02
54.42
56.85
59.54
61.14
63.73
64.80
65.80
68.53
70.60
71.20
71.30
71.60
71.50
72.10
71.30
71.80
72.00
71.30
73.80
77.10
76.50
75.50
77.70
81.60
83.90
85.10
84.00
82.90
80.90
81.80
83.00
81.50
82.00
85.50
87.70
89.20
90.80
91.70
92.00
92.20
91.90
92.20
92.00
91.90
92.50
93.40
92.60
91.80
91.10
89.50
87.50
85.90
82.60
81.70
81.20
78.40
74.90
73.40
70.00
68.09
66.70
64.39
62.96
62.05
62.28
63.38
63.31
64.29
59.87
58.85
59.21
57.70
59.37
61.49
66.83
72.00
70.30
63.77
58.90
58.57
58.34
59.20
59.84
54.84
52.36
53.97
55.64
56.12
56.40
62.06
65.55
68.74
67.38
66.89
67.59
67.99
69.73
70.50
70.10
71.00
70.70
71.80
73.20
74.80
75.30
77.40
78.50
79.30
81.80
83.00
81.40
81.00
81.50
81.30
81.00
82.90
85.70
86.60
87.10
87.50
87.30
87.70
87.70
88.50
89.50
91.20
92.10
93.30
94.20
93.70
94.30
94.10
94.40
94.40
94.30
93.70
93.90
93.70
90.50
87.60
86.70
87.10
87.90
88.90
88.80
88.00
86.20
85.70
85.60
84.80
82.60
79.20
76.80
75.10
73.70
71.80
71.30
72.30
73.10
74.60
75.50
74.50
75.00
76.20
77.80
77.30
77.40
76.30
75.90
75.50
76.00
75.50
73.20
71.30
68.64
68.35
67.91
67.89
68.63
67.36
67.60
68.50
71.00
77.70
90.50
94.60
95.40
95.90
96.00
96.20
95.90
94.50
94.30
93.80
92.30
91.20
91.40
91.40
90.50
90.00
90.40
90.10
90.10
90.30
90.40
91.00
90.70
90.60
91.10
90.80
90.80
91.80
91.30
91.10
90.70
91.10
90.00
89.40
89.90
90.20
89.10
88.50
88.40
88.10
88.00
87.90
86.90
86.80
87.00
87.50
88.70
89.90
90.90
92.00
92.90
93.50
94.10
94.20
94.40
94.30
93.90
93.10
91.80
90.60
89.30
87.90
85.30
80.10
74.40
72.30
70.70
69.03
66.20
61.56
61.51
62.17
59.58
58.58
55.99
56.47
55.07
52.27
50.23
48.61
49.76
47.49
48.25
44.88
47.79
45.63
43.15
42.55
43.99
44.35
43.84
44.64
43.21
42.62
42.48
42.09
41.36
41.58
43.05
44.72
46.28
47.59
49.17
50.46
52.41
54.01
53.98
55.73
57.64
60.70
60.54
59.37
58.38
56.87
56.52
56.82
57.92
57.59
58.51
58.91
60.14
58.65
59.21
57.55
56.85
58.95
60.53
61.48
63.04
63.62
64.17
63.72
63.64
64.01
64.04
64.84
65.69
65.21
64.07
63.53
63.60
64.89
66.54
66.75
68.66
69.39
69.76
69.98
70.40
71.50
70.90
70.60
70.70
70.60
67.47
65.11
64.46
64.16
59.64
57.92
57.69
56.87
54.69
50.20
47.98
44.98
43.64
39.45
36.00
34.88
34.43
31.71
30.73
30.48
29.44
28.82
28.49
27.87
28.43
27.01
27.23
28.42
28.06
27.44
27.81
27.84
28.10
28.31
27.75
29.29
28.71
29.15
29.50
29.79
30.08
31.48
33.40
35.02
37.34
39.68
41.69
42.47
40.91
45.45
47.15
43.34
44.24
45.47
51.37
57.66
57.53
54.82
53.64
53.03
55.19
57.18
53.10
50.44
56.02
62.17
67.61
61.31
59.59
58.95
57.09
57.34
56.31
60.57
63.86
63.65
61.76
62.07
61.74
61.21
61.89
61.37
63.20
64.88
65.65
66.33
66.39
66.31
68.31
69.11
70.50
73.30
73.60
74.00
77.40
78.50
73.30
64.97
62.79
63.15
61.92
58.26
54.64
51.43
50.07
48.94
48.01
46.49
43.72
42.35
38.87
34.40
31.72
31.12
29.26
30.39
28.57
27.80
28.64
29.03
28.37
29.24
28.82
27.43
27.05
27.10
26.73
26.68
26.50
26.28
26.67
25.82
25.59
26.33
26.53
26.13
26.12
26.66
28.50
31.01
32.15
32.97
34.07
36.09
37.97
39.02
40.04
42.31
45.91
44.30
45.20
46.19
45.94
48.59
49.35
48.91
48.69
49.96
50.32
49.59
49.47
51.02
54.69
61.98
65.64
63.33
60.14
55.89
56.21
57.20
56.75
58.56
58.34
60.17
62.42
64.89
71.20
72.50
75.70
76.30
73.90
70.90
71.00
67.22
64.99
66.08
63.75
63.94
70.10
74.70
80.90
83.80
80.90
77.90
74.50
72.20
70.30
61.08
60.16
56.49
52.14
49.58
43.22
42.98
39.32
35.88
31.49
30.91
29.75
28.84
28.77
27.91
28.27
29.26
29.17
29.12
29.80
28.31
28.75
28.68
29.57
30.20
30.02
29.43
28.88
29.08
29.17
29.21
29.07
29.89
30.61
29.73
29.45
29.85
30.42
31.73
32.28
32.70
33.37
36.20
36.95
37.77
37.79
39.15
41.93
39.62
38.79
41.35
42.99
43.49
46.75
53.82
58.11
62.27
60.58
61.62
61.97
61.90
63.25
63.73
63.87
64.76
66.25
68.11
70.30
72.40
74.30
73.60
72.80
74.40
75.10
76.20
76.00
75.70
77.20
78.70
80.40
81.20
82.30
83.00
84.10
84.20
85.90
86.80
87.10
87.00
87.40
87.40
86.90
86.90
86.40
84.80
83.90
82.70
81.20
80.00
79.20
76.60
74.40
69.32
68.34
66.97
67.85
64.63
59.80
58.32
57.44
58.24
57.84
58.23
56.52
55.39
55.36
54.74
54.10
57.65
75.10
90.70
93.10
93.60
93.80
93.90
93.60
93.70
92.00
90.80
91.00
90.10
90.00
89.20
85.80
86.20
87.50
87.80
88.40
90.50
91.60
92.50
93.50
93.40
92.70
93.00
93.80
94.20
94.70
95.00
95.10
95.10
95.20
95.70
95.30
94.90
94.70
94.50
94.50
94.60
94.30
93.80
93.60
94.30
94.10
94.10
94.50
94.90
94.80
94.50
94.60
94.20
93.40
93.20
92.50
92.60
92.30
91.90
92.10
92.60
93.00
93.20
93.40
93.10
92.90
93.00
91.90
90.60
89.90
89.20
87.30
85.40
82.00
80.30
78.90
76.70
75.00
71.70
70.40
68.40
67.45
67.69
63.57
63.63
59.26
57.35
57.10
55.20
55.51
52.30
50.18
48.97
49.13
49.60
49.20
48.40
47.82
46.79
45.22
43.25
42.55
42.19
42.36
40.54
39.86
41.23
39.58
40.09
41.57
41.42
40.85
40.46
40.61
40.93
41.56
44.96
48.49
51.32
53.56
55.48
56.22
59.27
61.71
64.36
65.78
66.37
67.26
68.07
69.75
70.50
70.90
71.40
73.20
73.60
74.20
76.00
76.50
77.70
78.80
79.70
79.50
79.40
80.00
80.40
79.90
80.50
81.20
81.60
81.80
81.40
81.40
81.20
81.60
81.00
81.40
82.20
83.40
84.00
84.70
85.00
85.30
85.00
84.00
82.40
79.70
75.70
73.00
70.30
69.79
70.10
68.26
65.51
66.46
68.09
66.74
64.44
61.40
58.95
56.08
53.73
50.73
49.78
47.31
46.32
45.85
45.16
44.84
43.83
43.21
42.87
40.05
35.99
35.21
37.76
38.08
38.80
38.07
40.15
41.20
37.96
35.82
40.79
44.69
44.44
40.76
36.81
38.22
39.54
40.34
41.52
41.55
44.07
48.16
54.27
57.38
59.11
57.90
57.28
58.14
59.52
61.48
62.09
64.24
65.22
64.46
66.06
68.48
70.30
72.00
72.90
74.50
76.60
78.40
79.70
81.50
82.60
83.10
83.90
84.40
84.60
85.80
87.20
87.50
86.60
86.50
87.30
87.80
88.10
88.20
88.40
88.60
88.60
89.40
90.10
90.50
90.70
89.00
87.30
85.70
84.60
82.80
79.30
75.80
73.30
71.40
67.45
63.17
59.69
57.23
52.81
52.46
51.02
50.57
48.14
46.51
44.16
42.34
40.90
42.18
40.96
40.46
41.33
37.09
35.85
34.18
34.30
34.34
32.52
33.26
32.47
32.00
31.38
31.45
31.03
30.17
30.58
31.96
34.30
36.35
39.30
44.66
48.70
51.96
67.27
83.50
78.70
79.10
78.60
77.00
76.10
75.40
75.20
75.20
75.80
75.20
74.00
74.20
76.20
79.30
83.10
83.30
80.30
75.80
79.70
84.50
80.90
84.00
88.70
89.40
87.20
83.70
83.90
83.30
83.70
83.20
86.30
88.70
89.60
90.60
91.70
91.90
91.50
92.70
93.30
95.50
95.90
96.20
96.20
96.10
96.30
96.20
95.80
96.10
96.50
96.70
97.00
97.20
97.30
97.40
97.50
97.50
97.60
97.50
97.20
96.80
96.60
96.50
96.60
96.70
96.90
96.90
97.10
97.10
96.50
95.90
94.80
93.10
92.30
91.10
89.50
88.50
86.60
85.20
85.30
85.40
85.30
85.30
84.60
83.30
81.70
79.40
78.80
76.50
76.80
73.70
70.90
70.10
69.39
70.80
72.70
76.30
79.50
80.40
81.60
83.20
84.20
85.00
86.40
88.00
90.30
91.80
92.90
93.70
94.30
94.80
95.00
95.10
95.20
95.30
95.30
95.70
96.10
96.40
96.60
96.60
96.60
96.70
96.40
96.20
96.30
96.70
96.90
96.90
97.10
97.30
97.30
97.30
97.40
97.30
97.50
97.60
97.70
97.70
97.80
97.80
97.90
97.90
97.90
97.80
97.70
97.60
97.50
97.40
97.00
96.70
95.40
90.60
88.00
85.40
81.80
78.40
77.00
74.90
72.00
69.04
66.77
67.19
67.55
65.94
65.62
63.04
62.13
62.70
60.12
57.77
56.82
56.90
53.96
54.63
53.14
53.38
53.80
66.59
81.00
84.00
80.90
77.40
72.70
76.30
78.00
76.10
70.50
70.20
71.70
68.25
67.02
64.71
68.68
73.00
77.20
80.90
83.30
85.00
85.40
84.80
82.60
83.30
85.80
86.00
86.90
87.60
87.10
87.30
87.40
87.70
87.10
87.50
87.20
87.20
87.90
88.90
89.30
89.00
89.60
90.80
91.50
91.90
92.30
92.10
88.80
90.40
90.10
90.60
91.30
92.20
93.00
92.50
92.50
91.70
91.10
92.20
93.20
94.20
94.70
95.10
95.20
95.40
95.10
93.10
92.10
91.70
89.80
87.80
86.30
86.40
85.70
84.40
83.40
81.70
80.00
77.50
76.70
74.90
72.20
72.00
72.30
71.60
71.60
68.72
67.13
65.91
66.58
67.36
65.73
66.12
65.75
66.64
66.81
62.88
60.83
58.59
56.56
56.07
57.86
59.03
61.06
60.08
57.57
58.92
59.49
59.56
60.00
61.43
62.48
63.50
65.29
65.71
66.78
67.58
70.40
71.30
72.00
71.50
71.90
74.00
74.40
75.10
77.40
77.40
76.40
76.60
77.70
81.00
83.70
84.30
85.00
86.60
87.80
88.80
90.00
90.60
90.80
90.60
91.50
91.90
92.20
92.90
93.30
93.70
94.10
94.80
95.20
95.40
95.30
95.20
95.20
95.10
95.50
95.90
95.30
94.30
95.20
95.40
94.80
94.90
95.10
95.50
94.80
93.10
90.60
89.60
88.40
87.10
86.80
86.80
86.70
86.70
84.70
83.90
84.00
83.20
82.80
81.10
80.70
78.90
78.30
77.50
75.40
72.60
71.30
69.31
69.00
67.97
68.44
68.07
68.67
68.63
68.30
67.46
65.87
63.89
61.44
60.39
61.59
67.06
69.77
69.81
71.50
74.10
71.80
73.40
78.20
90.10
93.20
93.40
93.70
94.50
95.00
95.60
95.90
96.20
96.30
95.50
95.70
95.80
96.30
96.70
96.90
96.90
96.90
96.80
96.40
95.80
95.60
95.50
95.60
95.70
95.80
96.20
96.70
96.80
96.80
97.00
97.10
97.10
97.10
97.10
97.10
97.20
97.10
97.20
97.30
97.30
97.20
97.20
97.30
97.20
97.20
97.00
96.90
97.00
97.10
97.00
96.80
96.50
96.20
95.80
94.90
93.40
92.90
93.40
93.10
93.40
94.00
93.70
91.90
91.20
89.20
86.50
85.60
82.50
81.10
78.60
77.60
76.30
76.90
77.60
75.60
72.60
70.60
75.50
83.10
82.30
84.90
81.30
71.80
73.00
71.30
69.78
69.95
67.85
70.40
71.30
74.10
75.50
77.20
79.10
79.00
79.40
80.40
81.00
81.20
83.30
84.40
84.70
85.70
86.10
86.40
87.30
87.50
87.90
88.40
88.50
87.80
87.60
89.50
89.60
89.90
90.60
91.80
92.30
92.60
93.20
93.70
93.90
94.10
94.40
94.30
94.10
95.10
95.70
95.80
96.00
96.20
96.30
96.40
96.50
96.30
96.20
96.40
96.60
96.70
96.70
96.70
96.60
96.40
95.80
94.40
92.40
91.40
88.30
85.70
83.70
82.30
81.00
78.60
76.00
75.20
73.70
73.30
71.30
69.88
69.48
69.00
66.67
65.28
62.10
59.84
58.91
56.58
54.41
55.87
52.73
51.35
53.39
51.64
50.55
47.91
49.28
48.06
48.74
45.50
45.20
44.94
47.97
47.46
48.49
48.77
48.24
49.32
49.86
50.63
52.77
54.89
57.02
58.15
58.93
60.37
61.54
61.50
61.78
62.81
63.74
63.45
62.01
62.62
63.04
65.56
72.20
84.20
84.30
82.60
80.80
79.30
81.50
83.80
84.80
84.80
85.30
86.10
87.20
87.00
87.40
89.40
90.40
91.00
91.00
90.90
91.10
91.20
90.80
90.50
90.80
90.90
91.10
92.40
93.00
93.70
93.80
93.30
92.70
91.80
89.80
87.30
87.90
85.40
82.90
80.70
78.10
73.30
70.70
69.67
68.15
67.18
65.14
64.80
64.36
62.22
60.92
61.71
60.04
58.76
58.10
57.55
55.19
54.46
53.40
53.33
54.07
50.96
49.83
49.22
52.66
51.65
48.08
46.27
46.76
46.61
49.03
46.14
47.53
49.38
51.23
53.08
54.93
56.78
58.39
58.67
59.96
60.37
60.18
58.86
57.97
55.17
53.28
52.31
51.79
49.19
46.15
43.27
42.19
44.26
43.62
43.74
41.91
43.19
46.51
47.79
46.79
46.70
46.79
46.65
51.26
58.53
62.46
66.09
68.73
70.12
72.50
74.18
75.80
77.00
78.42
80.90
79.49
77.76
77.52
77.89
78.01
79.06
79.49
81.49
82.58
83.72
84.36
85.60
86.84
85.74
86.30
86.29
85.68
85.90
87.45
87.08
86.94
86.61
86.00
86.30
86.30
86.70
87.48
88.50
88.74
89.52
89.39
88.61
88.26
87.02
84.91
84.00
81.47
76.95
72.58
68.21
67.25
66.11
61.66
59.51
59.27
59.34
59.53
60.08
59.54
57.93
55.55
53.93
51.51
51.22
51.58
50.30
50.38
50.38
51.60
53.37
53.65
50.52
49.28
49.80
49.18
46.45
45.51
45.14
42.68
40.13
39.56
40.66
40.80
41.46
41.13
42.22
41.57
40.91
41.65
42.95
41.86
44.74
48.10
50.15
49.34
50.34
52.02
54.65
56.24
57.82
59.05
63.24
64.81
66.69
70.57
71.81
73.59
73.90
75.33
77.67
80.37
79.51
79.97
80.63
81.08
81.66
81.66
81.43
80.61
82.75
83.54
85.31
85.29
86.01
85.40
86.91
87.66
88.53
90.79
90.76
90.82
89.84
89.62
87.52
86.38
87.14
86.79
86.22
84.95
82.54
79.02
77.85
76.75
73.56
70.67
68.80
67.64
65.59
65.59
64.40
62.76
59.44
57.95
55.15
54.88
55.56
55.36
56.17
56.76
56.61
55.99
54.93
55.44
54.70
54.33
53.74
55.10
56.22
54.48
53.96
50.84
48.71
45.87
41.01
41.63
41.84
43.15
42.19
42.72
42.66
42.38
42.55
43.21
44.71
45.31
49.57
54.62
59.70
61.25
62.14
62.34
62.34
61.51
61.93
61.31
64.36
67.26
69.26
70.96
73.01
75.45
76.39
75.74
75.97
78.83
79.88
87.30
87.40
87.40
87.70
88.90
89.60
90.00
89.80
90.10
89.10
87.90
86.20
83.20
81.60
81.50
81.80
82.30
81.30
80.30
78.00
73.90
69.38
66.90
65.99
68.40
68.54
67.55
67.36
62.30
60.87
59.57
57.89
57.80
56.06
55.99
56.46
53.40
53.03
52.65
53.92
51.83
51.38
50.28
50.05
49.69
51.46
50.25
51.01
49.22
48.38
49.34
48.97
49.78
49.99
50.59
52.95
62.50
67.39
70.10
72.90
75.30
76.40
77.90
78.90
78.90
79.10
79.70
80.90
81.50
82.90
84.90
85.30
85.20
83.70
81.80
80.70
80.80
81.60
81.60
82.80
83.60
84.90
87.40
88.70
89.60
90.60
90.50
92.30
92.70
91.80
92.10
93.00
92.80
92.40
92.70
92.70
91.80
90.90
90.30
89.60
88.90
87.50
87.10
85.30
87.30
84.80
82.30
80.30
78.60
77.10
76.10
75.90
74.60
73.50
72.40
70.50
69.48
68.92
67.90
66.03
64.86
63.11
61.97
62.35
59.25
58.62
57.31
56.78
55.69
54.53
56.87
54.78
52.11
54.06
51.36
52.87
53.54
57.64
64.58
70.30
81.40
85.80
88.60
86.30
85.10
85.40
87.00
89.10
91.00
91.70
93.20
93.30
93.10
93.70
92.80
93.00
94.40
95.40
95.50
93.10
92.20
93.40
94.10
94.60
94.80
94.60
94.40
94.10
93.20
94.00
94.80
95.20
93.80
93.00
92.80
92.10
91.30
89.90
89.20
89.90
91.50
92.90
93.80
93.70
93.60
93.50
93.50
93.30
92.70
92.50
93.50
95.20
95.90
95.80
94.40
94.60
95.80
96.50
96.50
95.90
96.00
95.80
95.20
93.10
91.90
91.40
90.20
90.40
89.90
87.40
86.60
82.00
79.30
79.70
79.90
80.10
78.00
74.70
74.40
77.50
77.20
74.10
71.60
67.75
67.22
69.51
68.69
66.99
67.74
66.04
65.18
65.96
63.51
64.51
63.31
60.42
61.88
63.23
61.82
61.81
63.35
61.64
60.39
58.82
59.27
59.06
60.25
61.47
61.61
62.68
65.51
68.30
69.81
68.82
68.88
69.86
75.10
77.30
78.10
79.30
79.30
80.10
81.60
82.90
84.00
84.90
85.80
88.50
89.50
91.20
92.00
92.50
92.80
92.50
92.10
91.90
91.00
92.70
94.10
94.70
94.10
93.00
93.80
94.60
96.10
96.30
96.60
95.90
95.60
96.70
97.30
97.50
97.60
97.70
97.70
97.80
97.80
97.70
97.70
97.70
97.70
97.30
93.80
86.60
84.20
82.20
82.10
78.50
77.50
78.20
77.90
74.30
71.90
73.90
77.60
71.60
75.20
73.60
71.30
69.78
70.90
86.10
84.90
81.30
84.50
83.80
82.80
82.00
81.20
80.40
78.50
72.50
69.35
66.94
68.78
73.10
74.50
75.20
76.80
79.10
81.40
80.80
83.50
85.70
85.20
86.50
89.70
90.70
88.10
89.00
90.30
89.10
89.90
90.30
92.40
93.20
93.60
93.80
92.70
93.30
93.40
94.50
94.30
90.60
90.50
92.50
93.70
94.80
95.30
95.40
95.30
95.20
95.60
96.00
96.40
96.60
96.50
96.50
96.30
96.10
96.40
96.30
95.80
95.70
95.80
95.90
96.10
96.10
96.00
96.20
96.30
96.30
96.20
94.90
94.30
92.60
90.60
90.40
89.70
87.70
87.30
84.20
81.90
79.80
79.00
77.60
76.30
76.60
73.30
72.60
74.10
72.40
75.90
77.80
72.90
72.00
70.80
64.07
65.86
69.70
70.80
69.52
69.09
67.42
69.66
67.05
67.60
69.65
70.70
73.10
73.50
71.70
72.90
74.20
74.80
73.90
75.90
77.30
78.40
80.40
82.00
82.60
84.00
86.10
87.50
87.80
87.70
83.50
85.50
94.70
96.40
97.10
97.40
97.60
97.70
97.80
97.80
97.90
97.90
98.00
98.00
97.90
98.00
98.00
98.00
98.00
98.10
98.10
98.10
98.10
98.20
98.20
98.20
98.20
98.20
98.20
98.20
98.20
98.20
98.10
98.10
98.10
98.10
98.10
98.10
98.10
98.10
98.10
98.10
98.10
98.00
98.00
98.00
98.00
97.90
97.90
97.80
97.60
96.90
94.70
92.30
91.70
92.00
90.50
89.10
86.10
84.50
83.10
79.10
84.60
94.40
96.00
94.10
93.00
93.20
94.40
95.00
94.70
93.80
95.50
94.60
95.00
95.80
96.00
96.30
96.60
96.80
97.00
97.10
97.20
97.30
97.50
97.60
97.70
97.70
97.70
97.80
97.80
97.80
97.80
97.80
97.90
97.90
97.80
97.90
97.90
98.00
98.00
98.10
98.10
98.10
98.10
98.10
98.10
98.10
98.10
98.10
98.10
98.10
98.10
98.10
98.10
98.10
98.10
98.20
98.20
98.20
98.20
98.20
98.20
98.20
98.20
98.00
98.00
98.10
98.10
98.10
98.10
98.10
98.10
98.10
98.10
98.10
98.10
98.10
98.10
98.10
98.10
98.10
98.10
98.10
98.00
97.90
97.70
97.30
96.80
96.30
94.80
93.00
92.30
92.70
91.00
89.80
88.60
87.90
85.70
85.10
84.30
79.60
78.00
76.20
75.30
73.70
69.63
69.63
70.50
70.40
70.40
71.20
69.44
70.70
71.50
71.80
71.30
69.90
70.20
70.70
71.40
70.50
72.50
75.20
76.80
78.10
78.20
78.70
80.10
83.40
88.00
89.00
89.90
89.10
90.20
91.90
91.60
90.50
89.80
89.80
87.90
88.20
88.00
89.50
89.60
90.00
90.20
90.40
90.80
91.90
93.00
93.70
93.50
93.70
94.10
94.30
94.00
94.10
95.40
95.60
96.00
96.40
96.60
96.90
97.20
97.30
97.50
97.60
97.70
97.80
97.90
97.90
98.00
98.00
98.00
97.90
97.90
97.50
95.40
91.40
88.30
85.80
84.50
83.00
80.30
79.40
76.50
75.40
75.70
74.00
71.90
71.50
71.70
72.70
72.80
71.80
67.95
65.40
71.10
75.50
73.10
68.24
67.60
64.94
66.04
65.15
63.03
57.14
58.91
58.46
54.39
54.78
53.98
53.35
52.91
52.08
53.40
55.52
55.84
56.69
57.90
60.23
63.40
64.46
65.76
64.76
66.07
67.54
67.34
66.48
67.01
68.51
74.00
68.68
68.59
69.14
70.80
70.70
72.00
73.80
74.80
77.10
85.90
90.40
92.10
91.40
90.90
90.50
89.00
87.50
87.80
88.60
89.10
89.70
90.70
91.90
92.20
93.10
93.80
93.40
93.10
93.00
93.40
93.00
92.50
93.00
93.50
92.70
93.20
93.20
90.80
90.40
88.60
87.60
87.50
88.30
87.70
86.30
84.30
83.00
81.20
81.20
77.80
77.70
75.50
71.60
70.20
67.24
65.70
63.87
65.81
67.45
68.29
73.20
81.30
88.90
87.60
87.90
87.90
92.00
92.90
93.50
95.20
95.70
96.00
96.30
96.70
96.90
96.90
96.80
96.60
96.60
96.80
96.80
96.80
96.50
96.00
95.20
95.10
95.50
95.70
95.20
95.80
94.80
94.50
94.70
91.60
91.50
94.90
95.90
96.20
96.50
96.50
96.50
96.70
96.90
97.10
97.30
97.30
97.50
97.70
97.80
97.80
97.70
97.30
96.80
96.50
96.60
96.80
96.80
96.80
96.80
96.60
96.50
96.20
95.90
96.00
96.20
96.40
96.60
96.40
96.20
96.10
96.20
96.10
95.70
96.00
96.00
95.80
93.00
91.80
92.20
90.60
88.10
86.20
83.80
83.70
83.20
82.20
81.20
80.10
79.40
77.60
77.00
75.80
74.50
74.70
72.50
71.90
68.26
69.24
70.60
65.12
64.79
60.94
58.35
59.99
65.01
65.19
65.91
68.09
67.01
67.23
66.92
66.78
66.31
65.45
64.87
64.85
66.87
66.91
68.03
69.33
71.90
74.00
76.90
85.00
90.40
91.60
92.60
93.20
93.10
95.10
94.80
94.00
93.40
94.20
95.50
96.00
95.90
95.90
94.80
94.70
95.00
95.20
95.10
94.30
95.30
94.50
93.60
92.90
91.90
94.40
96.10
96.50
96.20
95.30
94.80
94.50
95.00
95.30
95.90
96.50
96.60
96.80
96.90
97.10
97.20
97.40
97.40
97.40
97.40
97.50
97.30
97.20
97.20
97.10
96.70
96.10
95.30
95.00
94.30
92.60
90.90
88.50
85.00
85.70
87.60
84.80
84.40
82.00
80.60
78.90
73.50
72.80
70.90
70.50
69.91
69.11
68.73
66.85
66.64
67.48
72.10
77.50
78.80
82.90
85.60
88.00
88.80
89.10
88.50
88.20
87.30
88.10
90.60
93.80
95.40
96.80
97.30
97.20
96.40
96.40
96.80
97.20
97.30
97.40
97.40
97.50
97.50
97.60
97.70
97.80
97.80
97.90
97.80
97.60
97.60
97.70
97.80
97.80
97.90
97.90
97.90
97.90
97.90
97.90
97.90
98.00
98.00
98.10
98.00
98.10
98.10
98.00
98.10
98.20
98.10
98.10
98.10
98.10
98.10
98.10
98.20
98.20
98.30
98.30
98.30
98.30
98.30
98.30
98.30
98.30
98.20
98.20
98.10
98.00
97.90
97.50
93.30
88.10
85.30
83.20
81.90
81.00
81.40
80.50
76.60
76.40
73.50
72.20
70.90
70.70
71.10
71.50
70.30
67.38
66.37
65.97
65.81
65.60
66.77
69.68
70.40
71.30
72.40
72.70
75.40
74.00
74.40
76.30
76.90
78.40
78.70
79.40
82.60
84.00
84.10
84.40
82.40
83.60
82.40
87.60
90.60
92.10
93.20
93.90
93.40
94.10
94.60
94.70
95.10
95.40
95.80
96.10
96.30
96.30
96.30
96.20
