73.10
74.20
76.00
76.00
76.80
75.70
73.20
75.20
78.00
79.30
80.20
80.20
80.80
80.80
79.00
79.50
80.00
80.30
81.40
82.30
82.50
83.00
82.90
82.30
81.70
80.60
79.50
78.60
77.00
75.60
73.70
71.10
69.04
68.08
67.24
65.00
62.92
62.14
61.30
59.60
58.32
58.02
57.09
56.56
56.46
55.27
55.74
54.68
54.44
55.19
55.17
54.11
53.13
52.11
50.53
51.05
50.66
49.47
48.31
45.77
45.46
45.10
45.82
44.93
45.07
44.31
45.69
45.68
53.96
61.37
62.66
62.97
63.99
64.66
65.40
66.09
67.12
67.95
67.16
67.50
69.56
71.00
73.20
74.40
75.70
76.20
76.90
78.60
80.30
81.10
80.40
80.70
80.70
80.10
80.10
80.30
80.90
81.30
81.60
82.30
82.90
83.30
84.20
85.40
84.90
84.50
83.80
84.70
84.60
83.20
83.20
84.00
83.30
83.40
83.40
83.10
83.40
83.30
82.90
82.50
82.00
80.20
78.70
77.90
76.30
74.80
73.50
71.40
70.70
68.04
67.39
66.52
65.57
65.04
64.41
64.38
63.08
62.15
60.84
58.88
59.29
58.23
56.57
56.58
55.67
54.87
54.63
53.36
55.80
57.19
57.23
62.03
63.68
62.65
65.22
65.64
65.95
65.37
67.11
68.48
68.10
67.40
64.44
62.89
61.20
63.35
65.49
68.04
69.74
70.40
70.50
71.20
72.20
72.40
73.40
75.20
76.80
77.50
76.40
75.90
76.50
75.40
74.50
75.40
76.70
77.90
79.40
79.60
80.30
80.90
81.20
81.30
81.30
81.90
82.60
83.30
83.80
84.40
84.60
84.40
86.00
87.20
87.70
87.60
87.80
88.00
89.00
89.30
88.90
89.30
88.60
87.90
88.20
87.90
86.10
84.50
83.70
82.70
81.20
78.90
77.00
75.40
73.00
70.90
69.64
69.15
66.87
63.89
61.79
60.01
58.35
58.51
55.59
53.93
54.52
53.63
54.13
56.50
54.76
53.89
54.38
53.21
55.83
54.99
55.80
62.26
65.73
58.73
58.60
65.18
61.87
63.22
66.06
66.64
70.20
65.54
64.60
73.60
79.00
78.10
80.00
82.10
80.30
80.30
83.20
85.80
87.20
87.60
87.50
88.50
89.20
89.60
91.20
92.00
92.10
92.40
91.80
91.90
92.40
92.50
93.10
93.60
93.60
93.60
93.90
94.40
94.80
95.20
95.30
95.10
94.70
94.30
94.50
94.30
94.20
94.60
94.90
94.70
94.60
94.40
94.50
94.60
94.70
94.30
94.60
94.60
94.10
93.90
93.30
92.70
93.40
94.00
94.10
93.20
93.30
93.60
94.10
94.20
94.00
93.20
91.70
91.10
90.90
90.70
90.90
90.20
86.20
80.80
76.70
74.10
73.00
72.10
71.50
70.20
71.50
71.70
70.20
71.20
68.15
68.06
68.44
67.13
64.64
64.98
64.57
63.28
62.88
61.33
61.07
59.19
58.41
58.26
58.03
58.28
58.89
57.61
58.93
60.03
60.96
62.14
62.93
63.43
63.38
64.38
68.21
68.65
70.00
71.50
72.50
73.20
73.10
74.30
75.70
77.00
79.10
80.40
81.30
82.70
82.90
83.30
83.50
83.00
82.20
83.30
84.10
84.80
84.80
84.50
84.90
85.80
85.70
86.90
88.10
88.70
89.20
87.50
86.80
86.80
86.50
86.10
86.40
87.60
87.80
88.00
88.90
90.00
90.20
90.40
90.10
89.40
89.50
89.20
88.20
86.20
83.90
81.40
79.70
75.20
71.40
72.10
71.80
68.78
69.62
69.09
67.35
66.94
71.40
72.50
72.80
72.10
67.14
64.47
59.81
58.40
72.90
85.60
89.20
92.20
91.90
91.80
92.00
93.20
94.00
93.40
93.60
93.80
93.80
94.10
94.20
94.20
94.40
94.50
94.50
94.50
94.50
94.70
94.90
94.90
94.70
94.80
94.70
93.40
93.10
93.40
93.80
94.30
94.70
94.90
94.70
94.50
94.30
93.90
93.90
93.90
94.00
93.80
93.80
94.20
94.50
94.90
95.00
95.20
95.30
95.40
95.30
95.40
95.50
95.60
95.80
95.90
95.90
95.90
96.00
96.00
95.90
95.30
93.70
91.90
92.10
91.20
90.10
90.60
91.20
91.20
91.30
91.40
91.80
92.10
91.90
91.00
89.40
85.30
82.70
83.90
92.00
92.30
93.50
94.30
94.80
94.50
93.50
93.10
93.10
93.10
91.70
89.80
87.90
87.80
89.50
91.00
91.90
91.40
90.80
90.40
90.30
90.40
89.70
88.80
88.10
86.10
85.90
85.40
85.50
83.80
83.60
83.70
83.70
83.70
83.30
84.30
86.10
86.80
87.00
86.90
87.50
88.30
89.00
89.50
89.90
90.10
90.40
90.70
91.20
91.00
91.20
91.60
91.50
90.80
90.60
90.00
89.90
90.10
89.70
89.20
89.30
87.40
85.60
84.50
84.00
86.30
88.10
89.40
90.00
90.40
91.20
91.10
90.10
89.70
89.60
89.20
88.70
89.30
90.40
91.40
92.00
92.20
91.80
91.60
91.40
91.70
91.90
91.70
91.40
91.20
90.60
90.00
89.50
88.80
86.60
85.00
81.50
79.80
79.20
78.30
78.00
75.90
75.80
75.20
75.20
75.00
73.40
74.80
75.80
76.10
77.00
75.10
77.30
75.10
70.20
70.50
72.70
74.50
77.30
76.60
77.40
77.30
77.80
78.60
79.80
80.00
79.30
76.40
74.50
74.40
74.40
76.20
78.70
80.40
83.10
82.80
79.80
81.40
82.50
81.90
82.20
84.70
85.30
84.30
84.20
83.60
82.60
82.40
83.10
83.70
84.20
84.10
84.00
84.10
84.80
85.20
85.10
84.90
84.60
85.20
86.20
86.20
86.30
86.10
86.20
85.30
85.80
85.90
86.40
87.10
87.10
87.90
88.60
89.30
90.10
90.40
90.50
90.10
89.40
89.60
90.20
90.10
89.40
88.60
87.80
87.80
87.80
87.80
87.70
88.10
87.70
86.40
85.70
85.20
83.80
81.50
80.10
78.00
74.60
72.80
67.52
65.88
65.08
67.71
69.61
71.50
65.12
61.38
60.93
58.92
57.60
59.01
60.39
60.85
59.08
58.36
57.57
58.49
59.48
57.60
58.31
62.91
64.67
64.74
68.10
68.92
73.10
73.80
73.80
74.80
79.50
84.10
88.20
89.70
88.90
86.40
89.40
92.50
93.40
93.50
93.30
93.40
93.90
94.30
94.50
94.60
94.70
94.90
94.90
94.80
94.50
94.20
94.30
94.50
94.70
94.90
94.30
93.60
93.50
94.30
94.50
94.70
94.70
94.30
93.80
93.80
94.20
94.50
94.40
94.20
93.70
93.20
92.60
92.60
92.70
93.00
93.30
92.80
92.60
92.50
91.90
92.50
92.10
92.00
91.60
90.70
88.30
86.60
84.50
83.60
81.80
81.20
77.40
77.00
74.60
71.20
70.00
69.32
70.10
64.74
64.53
63.21
63.66
60.98
57.98
61.29
60.20
56.17
58.34
64.75
68.45
65.83
64.02
63.61
61.40
58.17
57.41
57.11
56.09
56.62
56.54
56.81
56.60
58.10
60.62
61.65
63.20
63.60
63.91
62.66
61.02
62.77
61.55
62.23
62.79
69.86
78.30
80.50
81.00
81.90
82.00
81.90
82.10
82.70
83.50
84.00
84.10
84.70
84.70
85.30
86.10
86.40
85.80
83.40
82.70
83.70
83.80
84.50
85.10
85.20
85.50
86.10
86.80
87.70
87.90
87.40
87.40
87.50
87.90
88.20
88.70
88.50
87.80
86.60
85.70
84.40
83.30
82.20
81.10
78.50
76.40
74.20
73.50
70.90
69.20
68.19
65.82
65.13
63.92
61.71
59.51
57.23
55.56
54.77
53.13
51.91
51.32
50.34
48.94
50.42
48.81
47.79
48.75
47.12
48.06
47.60
48.39
47.06
46.34
45.21
49.27
54.41
57.31
55.78
58.95
61.22
61.55
62.72
65.44
67.44
68.38
70.40
69.33
71.20
71.10
70.80
71.40
75.30
78.10
79.50
80.10
80.20
80.70
81.50
81.70
80.40
79.30
79.80
81.70
82.20
82.10
83.20
82.90
81.90
82.30
83.40
81.50
81.60
81.40
81.90
82.70
85.00
86.30
87.90
88.90
89.00
88.80
89.30
89.90
90.20
90.40
90.50
91.80
93.80
94.30
94.20
94.40
94.70
94.90
94.80
94.40
93.50
93.70
92.70
90.80
90.40
90.10
89.40
88.30
86.90
86.20
83.90
83.50
82.70
82.00
81.80
81.60
81.80
80.90
80.00
79.10
77.10
74.60
71.40
70.30
69.91
68.84
65.66
64.69
66.25
68.27
69.43
69.55
66.49
65.70
63.57
62.06
59.64
56.98
56.74
56.62
60.15
63.25
63.43
64.88
66.05
66.20
66.88
68.58
69.41
67.44
66.05
69.73
74.10
76.20
77.30
78.00
77.80
76.30
75.70
76.00
78.00
79.80
80.20
80.20
79.20
80.60
81.90
81.80
82.20
82.20
83.50
85.20
85.70
86.70
87.50
87.50
87.20
88.50
89.40
90.40
91.40
91.80
92.60
92.60
93.10
93.00
92.50
92.60
92.60
92.80
93.20
93.60
94.20
94.30
93.20
90.70
88.70
86.30
83.60
82.20
80.60
77.90
76.20
74.70
73.30
71.90
69.42
68.35
64.42
63.83
61.62
58.63
58.28
54.93
54.25
51.68
51.68
48.61
48.84
47.60
46.14
43.23
41.58
42.11
42.19
41.79
41.27
42.53
42.43
40.49
40.54
42.10
44.07
51.28
50.91
48.84
46.33
43.89
45.14
49.51
56.32
57.31
58.33
59.70
61.59
63.11
64.03
65.81
66.11
65.97
65.55
66.21
68.06
70.70
72.50
74.40
75.90
77.00
77.90
78.90
79.10
78.70
79.10
78.70
79.20
79.80
79.30
80.00
81.30
83.10
84.30
83.50
83.00
82.20
82.20
81.40
82.80
83.90
85.30
85.70
86.10
85.60
85.00
84.30
84.10
84.00
84.10
84.70
84.40
84.40
84.10
83.80
83.10
83.70
82.30
79.40
77.90
75.00
73.20
71.40
69.60
66.97
63.68
61.66
60.30
58.71
55.71
54.10
50.87
46.92
47.30
50.22
52.80
52.75
53.29
52.93
51.96
50.31
60.09
58.56
54.33
51.49
49.04
45.88
43.88
41.74
43.15
45.10
48.80
61.47
73.30
65.79
58.67
55.85
65.86
71.60
74.50
75.50
79.90
81.50
81.60
77.10
74.20
75.10
75.70
76.10
74.70
76.90
79.10
77.10
77.30
80.50
83.40
85.40
84.70
86.20
86.10
84.90
83.10
80.10
80.30
81.60
82.80
83.50
83.40
83.20
85.50
85.70
85.30
85.70
85.50
85.90
87.60
88.30
90.80
92.00
92.10
91.20
91.00
91.20
90.50
88.80
90.20
90.50
88.80
89.40
89.80
90.20
90.10
89.70
88.90
87.30
85.60
84.40
82.50
81.70
80.20
78.80
78.10
76.70
75.70
75.30
75.00
75.50
74.60
73.20
71.00
68.69
67.02
66.60
62.57
59.56
59.34
58.07
55.05
52.68
53.21
55.10
56.67
53.74
54.84
56.26
55.91
57.76
57.84
58.45
56.66
57.57
59.16
59.82
60.03
61.66
63.38
65.07
66.86
68.29
69.49
71.20
72.20
72.30
72.00
70.70
70.90
72.00
72.20
71.00
72.20
74.30
74.10
74.50
75.60
75.80
75.80
77.40
78.70
79.00
77.70
78.30
76.20
75.10
74.70
74.70
74.80
75.80
77.30
79.20
81.50
82.40
83.90
86.20
87.80
87.60
86.00
86.20
87.50
88.30
87.50
87.20
87.30
87.00
85.70
85.30
85.30
85.30
85.10
84.50
84.30
83.30
82.20
81.20
79.40
77.80
76.10
75.20
71.00
71.50
70.00
67.83
67.36
64.98
65.23
64.58
62.92
62.10
61.28
59.81
60.03
59.65
59.62
58.80
56.57
57.00
54.87
54.81
55.38
53.40
52.82
50.41
49.23
50.10
50.80
51.24
50.11
49.28
49.12
48.59
50.84
52.08
52.40
53.59
55.70
55.06
53.41
52.15
52.46
53.76
53.07
53.41
54.55
55.78
59.80
61.80
60.52
62.03
62.14
62.85
68.24
69.43
70.10
69.81
69.50
69.95
70.30
71.00
70.70
71.80
74.90
81.20
80.50
78.70
77.10
76.50
76.20
74.90
74.70
75.60
75.50
76.50
79.60
82.70
83.30
84.60
88.50
89.00
88.50
87.00
86.50
87.50
89.20
88.30
89.60
90.00
90.10
89.10
90.30
92.40
93.20
92.90
91.10
90.60
90.60
87.90
87.90
86.20
85.80
84.50
85.00
85.00
87.00
88.30
88.00
87.00
82.90
80.10
79.30
78.60
77.00
71.80
67.88
67.77
71.10
73.10
72.50
73.40
72.60
71.00
73.60
76.20
75.00
73.50
73.60
73.80
70.50
71.00
71.10
72.70
74.70
77.00
78.90
79.10
77.40
77.90
77.40
80.40
77.30
81.70
85.50
84.50
86.60
88.50
89.30
90.20
90.40
88.60
89.20
85.10
79.00
83.80
85.40
91.80
93.30
93.60
93.70
91.90
89.40
84.10
84.80
87.90
89.30
90.80
89.90
89.40
91.30
92.10
92.00
92.50
93.20
93.30
92.60
91.90
92.20
92.40
93.30
93.40
93.00
93.60
92.80
91.40
89.80
86.90
84.20
82.50
77.70
77.50
72.80
73.40
71.20
69.67
67.96
64.56
64.83
60.19
58.12
58.28
59.16
59.27
55.80
52.53
47.72
48.56
47.42
46.45
43.06
44.20
45.57
47.07
47.25
46.49
45.16
43.07
43.24
40.27
39.95
39.85
39.60
39.10
38.60
39.41
39.64
39.28
40.28
42.48
43.04
42.91
42.37
44.01
46.57
50.53
53.19
52.57
52.31
54.00
53.73
54.80
56.51
57.08
58.46
59.70
61.90
63.13
65.98
69.68
73.60
74.40
74.50
75.40
76.60
78.10
81.10
83.10
83.80
82.90
84.00
82.40
81.50
81.00
78.90
75.80
73.30
70.10
66.63
67.30
69.30
74.80
79.40
79.00
77.80
81.80
82.30
79.90
81.30
83.90
82.90
84.10
83.40
80.10
76.80
76.90
76.30
76.40
73.60
71.10
69.35
66.16
62.27
60.31
58.11
55.15
52.94
50.54
49.72
47.92
46.90
45.81
43.95
41.71
42.11
42.17
41.95
41.80
41.92
41.97
43.12
42.02
44.58
56.28
59.63
63.20
59.16
59.12
60.28
63.89
64.41
65.15
66.04
65.05
65.78
66.05
67.86
70.40
72.20
73.40
74.60
75.20
75.70
75.80
76.20
76.60
77.90
78.40
78.10
77.40
78.00
78.40
78.30
78.80
79.50
78.90
79.80
80.20
79.80
80.50
81.10
82.00
83.60
85.50
86.00
87.00
87.10
85.80
85.30
85.40
85.70
85.80
86.30
87.10
87.50
87.70
87.10
87.40
86.90
86.10
85.90
86.10
86.00
85.40
85.70
85.70
85.30
85.40
84.20
83.10
80.30
76.60
74.10
70.30
69.36
67.29
63.54
62.50
63.66
60.76
59.06
58.84
56.96
56.18
55.07
55.06
54.18
52.91
51.90
49.82
49.37
49.87
48.79
48.21
46.64
44.72
44.88
43.87
45.51
46.59
46.97
46.58
47.75
49.34
51.47
53.83
54.90
57.57
62.47
64.29
64.66
65.48
67.88
69.54
69.28
69.92
69.84
70.90
71.70
73.40
75.00
76.20
76.90
76.80
77.10
77.50
77.00
77.70
78.80
80.00
80.40
80.70
80.80
81.10
81.50
81.00
79.90
79.70
80.10
80.80
80.20
79.70
79.90
79.30
78.80
79.20
79.10
77.50
76.80
76.80
77.30
77.80
77.90
81.90
82.70
86.30
87.90
86.80
86.90
86.50
88.10
89.10
89.20
88.80
87.70
87.90
86.50
84.90
82.80
79.50
77.90
76.50
72.40
71.30
70.80
68.50
66.40
64.62
64.51
66.26
66.12
64.98
62.78
62.43
68.61
76.70
74.20
80.60
80.10
77.20
75.90
75.00
75.70
76.30
73.50
75.20
74.90
74.80
76.80
78.60
79.50
80.60
82.70
84.40
84.10
83.90
85.30
86.50
87.60
87.30
87.80
88.10
88.10
89.00
88.30
87.90
90.60
90.40
89.00
88.30
88.50
87.30
88.40
90.40
91.40
92.00
92.20
93.00
93.50
93.60
93.70
93.80
93.40
93.30
93.50
93.80
93.20
91.30
91.80
92.80
93.60
94.00
94.00
94.10
94.30
94.60
95.10
95.20
95.30
95.40
95.50
95.60
95.60
95.60
95.90
96.00
96.10
96.00
96.00
95.50
91.50
88.30
85.90
83.20
79.50
76.90
74.70
72.30
72.20
71.40
69.22
68.13
66.33
66.18
66.16
64.07
60.30
59.89
58.70
55.70
58.06
58.57
60.46
58.86
58.14
55.77
59.22
58.36
60.81
61.04
63.55
72.10
73.70
77.60
82.80
82.50
85.30
88.00
88.40
89.20
86.00
79.50
81.30
84.10
86.40
81.00
78.20
79.20
81.00
80.80
80.40
82.00
84.00
84.10
83.00
82.40
81.00
80.70
80.90
81.60
82.20
82.60
83.10
83.20
83.60
83.80
84.40
85.30
86.30
87.10
88.70
89.50
89.20
89.40
90.10
90.30
90.80
91.40
91.30
90.80
89.80
88.80
88.40
88.50
88.50
88.50
88.40
88.40
88.80
88.70
89.50
89.90
89.90
89.10
88.40
88.60
86.00
83.70
80.80
78.00
75.10
73.40
71.90
72.70
73.20
73.10
72.60
71.70
70.50
72.00
71.90
71.60
71.60
72.50
72.30
70.20
69.51
69.52
67.11
62.15
59.53
59.44
56.73
56.85
56.07
55.35
54.30
53.83
54.98
56.15
57.01
58.98
63.96
72.90
80.00
71.50
79.60
89.40
93.10
93.70
94.40
95.20
94.90
94.30
92.90
91.10
87.00
87.20
89.30
87.60
85.00
86.30
87.30
88.90
91.60
92.20
92.20
91.50
92.00
92.00
92.30
92.80
93.10
93.20
92.80
92.30
92.30
91.20
92.20
93.20
93.60
93.90
94.20
94.30
93.90
93.80
93.60
93.00
92.60
92.40
92.60
92.60
92.40
92.30
92.10
91.90
91.60
90.90
91.10
92.10
92.20
91.90
92.00
91.40
91.00
89.60
87.20
85.30
83.70
80.00
79.10
77.40
74.90
71.80
69.45
68.78
67.67
64.07
63.28
60.96
59.88
58.70
59.42
58.97
59.09
57.95
57.93
60.84
61.72
56.33
51.48
48.58
48.01
47.66
48.65
47.72
46.70
45.78
42.93
43.13
43.20
44.58
46.59
48.58
49.97
60.92
77.20
85.90
85.20
83.80
83.50
82.50
83.40
83.90
83.00
83.50
85.10
84.40
84.50
85.60
86.10
86.60
87.00
87.50
88.40
88.30
87.90
87.80
87.50
88.10
88.70
89.50
90.10
89.90
90.00
87.90
87.40
87.60
87.60
86.90
85.90
86.90
88.40
88.70
88.30
88.40
88.50
88.20
87.70
87.40
86.70
86.60
86.40
86.60
87.30
87.40
87.50
87.70
87.40
87.10
87.40
87.70
86.90
88.60
91.30
93.30
94.40
94.90
95.10
94.80
94.10
93.10
92.50
92.20
91.20
89.50
87.10
85.00
82.10
82.20
79.70
80.00
80.30
81.50
81.80
82.40
79.60
76.40
75.00
72.00
71.70
70.80
71.30
70.10
70.30
70.30
70.80
71.80
71.50
71.80
72.70
74.10
74.40
74.10
74.20
75.60
76.40
77.70
79.30
80.40
81.10
80.90
81.50
82.20
82.40
82.20
82.10
83.00
85.10
85.20
85.30
85.40
85.80
86.10
86.60
88.10
88.50
89.00
89.10
88.50
88.30
88.90
89.20
89.10
89.40
89.80
90.10
89.30
88.40
88.40
88.70
89.10
89.10
89.10
88.90
88.60
88.80
88.60
88.50
88.50
88.40
88.30
87.50
87.00
86.40
85.60
85.10
83.50
82.00
79.60
78.00
76.50
74.30
71.60
68.47
67.32
67.00
67.00
66.70
65.56
65.05
66.14
65.52
62.87
63.34
62.61
60.84
61.33
59.58
56.99
57.29
56.82
55.68
55.61
54.74
55.54
62.44
68.99
70.80
73.60
74.00
75.70
76.80
76.40
76.30
77.10
78.20
78.80
78.60
79.30
79.50
79.70
80.20
83.00
85.40
85.70
84.00
82.80
82.80
82.80
83.70
84.90
85.90
86.70
87.00
87.20
87.40
88.00
88.50
89.20
89.90
89.90
90.30
90.40
90.60
90.70
90.50
90.80
91.10
91.20
91.10
91.10
90.80
91.00
91.40
91.30
91.00
90.90
90.90
90.60
89.80
88.90
88.90
89.00
88.90
88.70
88.80
88.70
88.60
89.00
88.60
87.70
86.20
84.50
82.60
80.50
79.80
77.10
75.80
75.60
73.90
71.60
70.40
71.70
70.80
67.74
62.38
65.84
65.60
65.14
64.32
62.05
60.45
60.14
59.91
59.09
58.45
58.32
58.30
58.88
57.75
58.46
60.48
61.32
60.57
58.56
57.00
56.38
55.26
56.32
58.73
60.70
61.63
61.65
61.60
62.88
65.18
66.00
67.11
67.20
67.78
69.08
69.22
70.20
70.80
71.40
73.50
76.30
75.90
76.30
78.60
78.40
76.10
77.80
77.20
77.20
77.30
78.70
78.50
78.10
79.20
77.80
78.10
79.60
80.90
82.50
82.60
82.40
82.70
83.40
84.50
85.30
84.60
85.00
85.90
86.40
86.20
86.10
87.00
87.10
87.30
87.70
87.10
86.50
85.60
85.10
85.80
85.00
82.60
80.40
78.30
76.90
75.30
71.10
68.56
68.15
66.58
65.96
64.21
63.22
62.64
63.00
63.17
61.30
61.17
60.36
60.95
59.67
57.42
57.76
62.38
76.20
89.70
90.00
90.40
89.80
88.00
87.40
86.00
80.80
76.40
75.60
80.10
81.40
83.50
84.10
85.60
86.70
87.00
85.00
85.10
78.50
78.10
78.10
78.50
79.50
82.90
85.40
86.20
87.10
88.30
88.40
89.00
89.10
88.20
87.50
88.10
88.00
89.30
90.20
90.70
91.20
91.20
91.60
91.60
91.90
92.00
92.10
92.20
92.60
92.90
92.80
92.90
92.00
91.90
91.60
92.20
92.20
90.90
90.00
89.70
90.50
91.00
90.50
89.80
89.30
89.80
89.50
89.00
88.70
88.70
87.30
86.30
84.80
82.40
79.60
78.00
75.60
75.20
74.30
70.80
69.46
70.70
68.44
66.33
64.73
63.68
61.77
60.39
59.26
57.39
56.87
55.30
54.65
54.45
54.58
55.50
54.25
51.86
48.78
48.57
45.92
45.67
45.74
46.12
46.57
47.16
49.02
49.64
50.35
51.10
51.57
52.09
53.40
54.90
55.81
58.50
59.70
61.92
63.42
62.75
61.83
61.59
62.27
63.71
64.40
65.86
66.45
68.59
70.60
71.60
72.20
72.60
73.00
72.80
74.00
74.50
74.10
74.00
74.00
74.40
74.50
75.50
76.90
77.10
77.00
76.80
77.40
77.80
78.30
78.50
78.80
79.40
79.90
80.80
81.00
80.50
81.70
82.10
82.00
83.30
84.70
84.30
84.90
84.00
82.80
82.00
81.40
80.00
79.20
77.80
75.70
75.80
75.80
73.90
70.70
67.52
65.51
62.10
59.83
57.96
57.59
55.61
52.94
52.83
53.21
51.37
48.85
49.63
51.01
60.93
71.30
67.57
59.72
61.18
56.33
52.36
56.52
60.00
67.36
71.00
70.80
70.30
71.00
68.89
66.26
65.50
65.37
68.26
65.18
68.51
64.58
65.43
66.83
68.55
69.72
70.30
72.10
73.30
73.20
73.30
72.50
70.60
72.70
77.30
80.80
82.70
83.70
85.00
85.80
85.90
86.30
86.20
86.00
86.30
87.20
88.10
88.70
89.30
89.90
90.30
90.80
90.90
91.30
91.20
91.20
91.60
92.30
92.90
93.50
93.60
93.20
93.10
92.70
92.40
92.20
92.10
92.10
92.50
92.30
92.90
93.40
93.00
91.90
90.80
89.90
88.60
87.20
85.40
83.90
81.50
79.00
76.70
75.40
73.40
72.80
71.70
70.70
69.59
68.07
66.56
62.29
63.68
63.81
61.93
60.74
57.72
56.18
55.73
53.01
51.25
50.87
49.61
47.85
47.23
46.61
46.40
46.88
47.18
46.34
46.12
45.53
43.67
44.41
46.38
46.88
46.42
46.95
48.35
49.39
50.93
56.41
62.77
61.33
59.14
57.73
59.38
61.34
61.81
60.58
61.22
68.15
72.30
74.90
74.80
72.90
71.40
71.30
71.90
71.90
72.30
71.70
71.30