82.60
85.20
87.20
87.90
86.30
84.30
84.20
80.50
79.60
81.40
80.30
79.00
80.00
81.80
82.50
81.70
81.70
81.40
81.30
81.00
79.20
79.90
81.20
79.60
80.30
79.00
77.50
77.50
76.00
73.40
72.50
71.30
69.12
67.38
64.59
60.36
56.58
53.67
50.41
47.25
43.35
38.76
35.45
34.70
32.92
32.48
31.69
30.53
30.99
31.83
30.35
29.62
28.84
28.78
28.49
27.85
27.79
26.98
25.71
26.73
27.67
26.54
26.50
26.67
27.24
26.26
27.10
27.09
28.37
30.20
30.83
31.09
30.67
31.09
31.41
32.38
33.18
33.50
35.60
36.75
37.63
40.12
41.15
41.99
43.86
43.69
44.47
44.86
46.79
49.91
52.24
54.07
55.12
55.95
56.22
56.39
56.72
56.90
57.46
60.19
61.94
62.49
64.29
66.56
67.21
67.52
66.77
66.14
66.28
66.96
67.57
67.57
68.21
68.61
68.54
68.25
68.43
69.19
69.99
70.60
71.50
72.10
72.70
73.00
72.60
71.40
70.20
66.88
63.76
60.56
58.52
56.28
53.65
50.91
49.22
48.39
47.57
46.67
45.97
46.46
45.55
45.27
45.99
46.12
44.00
45.59
51.16
53.06
46.65
48.81
52.30
56.61
59.51
59.90
58.63
65.61
64.06
70.30
78.90
82.20
83.70
84.70
84.40
85.20
83.40
82.10
80.70
81.70
82.80
82.40
83.80
85.70
88.80
88.90
91.20
93.50
93.10
92.50
92.80
93.10
94.40
95.60
96.10
96.30
96.70
97.20
97.60
97.90
97.80
97.80
96.90
94.90
94.80
95.10
95.80
96.20
96.20
95.90
95.90
96.00
96.20
96.60
96.80
96.40
96.60
96.90
97.20
97.40
97.40
97.40
97.30
97.10
97.00
97.10
96.90
96.60
96.60
96.60
96.60
96.40
96.10
96.10
95.60
94.50
93.20
91.70
90.60
88.20
85.90
84.90
83.50
82.10
80.90
79.50
77.60
74.80
71.80
68.28
66.90
65.30
64.65
65.46
66.02
63.15
61.13
59.28
60.11
59.78
59.31
58.92
58.95
60.57
62.51
63.88
66.32
64.02
61.38
62.01
62.09
63.19
63.86
64.96
65.99
65.55
65.36
66.25
66.84
67.11
68.63
70.10
69.14
70.60
72.30
72.60
74.50
76.90
77.80
78.80
82.80
84.80
85.70
84.80
83.60
84.00
83.60
82.30
81.00
81.10
81.70
81.80
81.90
82.00
82.40
83.00
83.50
84.30
86.00
86.30
88.10
90.30
89.70
88.20
88.20
89.10
89.10
89.10
89.30
89.00
88.20
88.30
87.70
87.30
87.70
88.00
87.20
86.00
85.00
84.70
84.20
81.00
77.40
72.80
68.75
65.69
62.84
57.70
57.44
55.18
51.89
48.97
47.10
44.45
42.39
40.26
38.85
37.72
36.60
37.65
35.55
35.73
36.04
36.10
34.59
36.97
39.09
38.60
40.59
44.24
44.41
45.51
47.28
47.03
46.77
47.09
48.71
48.43
47.00
47.77
49.16
50.01
50.34
51.08
51.31
51.86
52.01
51.73
51.07
50.92
50.22
55.05
56.03
57.69
55.31
54.01
52.56
52.39
52.48
52.18
50.76
49.74
49.97
53.39
58.25
66.51
74.50
73.60
74.00
70.90
65.62
68.17
78.60
80.20
84.30
92.10
93.90
94.50
95.00
95.50
95.60
95.80
96.10
96.50
96.90
96.60
96.70
96.80
96.80
96.90
96.90
96.80
96.60
96.50
96.30
96.10
96.00
95.80
95.30
94.20
93.70
91.80
90.00
89.50
89.50
88.30
88.10
88.20
88.80
85.60
84.10
82.70
82.10
81.00
81.30
81.20
81.40
81.80
82.20
80.50
82.40
83.00
83.30
83.10
83.30
82.90
81.40
79.60
78.50
74.60
73.40
73.10
71.50
70.20
68.66
70.50
72.80
74.60
76.40
78.20
79.70
80.50
81.00
81.50
83.60
85.70
87.40
88.30
89.30
90.10
90.40
91.00
91.80
92.70
93.70
94.50
95.00
95.10
95.50
95.80
95.90
96.10
96.40
96.40
96.60
96.80
97.10
97.40
97.70
97.90
98.00
98.00
98.10
98.20
98.20
98.30
98.40
98.40
98.40
98.40
98.40
98.40
98.40
98.40
98.30
98.20
98.00
97.70
97.30
96.70
95.90
94.80
93.80
93.10
91.40
90.40
90.00
89.40
89.90
90.00
89.70
88.60
88.30
87.40
86.70
86.60
86.80
86.90
86.30
84.70
84.90
85.80
88.10
88.80
88.50
87.80
88.00
88.90
89.80
91.40
92.00
92.20
92.80
93.20
93.30
92.00
91.10
91.20
91.40
91.50
91.00
90.90
90.70
90.10
90.30
90.60
90.70
90.70
90.70
90.70
91.10
91.80
92.40
93.20
93.60
92.30
92.70
93.80
94.00
94.50
95.40
95.50
95.10
95.50
95.90
96.20
96.00
96.00
95.80
96.30
96.90
97.00
97.30
97.50
97.70
97.90
97.90
98.00
98.10
98.20
98.20
98.30
98.30
98.30
98.20
98.30
98.40
98.40
98.30
98.10
98.00
98.10
98.00
97.80
97.10
96.80
96.70
96.50
95.90
94.60
92.20
91.40
90.10
88.20
86.20
84.00
83.10
81.70
79.10
75.50
74.40
72.90
71.60
70.10
69.75
69.15
66.63
66.92
64.41
62.55
61.84
60.72
59.47
58.54
56.59
55.99
54.76
53.66
53.96
53.71
54.39
55.60
55.59
58.78
60.36
60.52
60.37
61.77
63.64
65.73
67.65
69.40
71.00
72.60
74.20
75.40
75.80
76.00
77.10
78.10
78.80
79.90
80.10
81.80
83.10
84.40
84.90
85.40
86.20
86.40
86.50
87.80
88.50
89.40
89.10
90.30
91.10
91.10
91.60
92.10
92.50
92.50
92.50
92.10
92.10
92.20
93.00
93.30
93.20
93.60
93.30
92.30
92.80
93.20
93.00
93.00
93.00
93.10
93.10
92.90
91.70
90.10
88.80
87.00
84.80
82.00
77.70
72.60
70.20
65.54
63.97
60.97
58.07
56.11
53.91
53.34
52.26
52.61
51.49
50.28
49.36
48.17
47.56
45.33
44.96
42.42
39.52
37.12
35.07
32.78
33.09
33.27
32.25
30.52
32.02
33.65
34.82
35.25
38.62
38.40
37.86
38.35
37.55
38.24
40.06
43.32
45.32
46.91
48.37
49.88
51.73
53.99
55.74
57.12
58.10
58.63
58.42
58.90
59.37
59.35
58.98
58.82
58.92
58.67
58.59
59.13
59.85
60.27
68.17
71.20
69.05
68.37
68.82
70.60
70.50
70.60
70.60
70.10
69.37
69.93
71.20
69.82
69.80
70.90
73.10
74.50
76.00
76.90
76.90
77.20
79.30
82.40
82.80
83.50
83.50
83.90
83.30
84.30
84.20
82.90
81.30
77.40
77.70
78.00
77.10
74.50
69.64
66.74
63.41
62.47
59.40
51.84
50.13
51.57
52.80
51.04
49.78
47.05
46.36
45.68
45.09
43.99
43.80
42.30
41.76
40.89
38.09
38.93
37.96
40.07
43.06
45.66
43.62
44.06
45.33
44.68
44.71
46.29
48.14
49.64
51.52
51.81
52.67
54.14
53.82
55.57
58.84
60.08
60.07
60.84
60.59
59.50
60.74
62.67
63.10
63.63
64.36
64.67
64.27
64.49
63.79
63.68
65.49
66.69
67.67
70.40
71.50
71.90
72.10
73.60
73.10
73.10
73.30
73.90
74.50
73.50
73.50
75.00
77.70
79.50
80.80
82.30
84.00
83.50
83.10
82.00
79.60
78.00
79.70
80.30
80.30
80.20
79.10
77.00
76.00
73.70
71.60
71.40
68.48
65.86
62.13
59.30
56.67
53.74
52.23
49.96
48.88
47.39
45.20
44.39
42.94
40.46
39.99
38.35
31.95
30.65
29.53
28.60
27.32
27.03
26.59
26.72
28.13
28.71
29.04
29.31
28.68
28.56
29.44
30.38
31.15
31.30
31.05
30.79
31.63
32.80
33.77
34.69
35.48
36.33
37.53
43.01
45.96
47.91
49.70
51.09
51.43
51.24
51.93
52.64
53.87
54.13
54.51
55.48
56.34
58.07
60.81
61.20
60.13
61.77
67.99
72.50
75.70
78.40
80.90
81.90
83.10
83.70
84.20
85.70
87.10
88.10
88.50
88.60
89.10
89.80
90.80
91.70
92.10
91.70
91.10
92.00
92.30
91.80
91.20
90.60
89.20
88.50
87.10
85.10
83.50
81.90
81.00
81.10
79.70
77.80
77.30
76.10
75.40
74.70
74.00
73.70
72.60
69.47
67.81
65.48
65.78
64.49
63.19
61.31
59.68
60.09
59.97
59.79
60.23
61.01
61.32
60.49
61.06
60.83
59.81
57.54
57.00
56.94
57.89
57.57
57.84
58.51
58.42
58.79
59.16
59.25
59.93
61.61
61.85
63.19
64.92
66.60
67.95
68.95
70.40
71.90
73.00
74.00
75.00
75.90
76.80
77.10
77.60
77.10
76.60
76.30
75.50
74.60
74.40
74.90
78.00
80.80
82.50
83.20
84.30
85.10
85.20
86.40
86.60
86.70
86.30
87.50
87.20
87.90
87.70
88.70
88.50
88.00
88.10
89.30
90.20
90.20
89.10
89.50
90.60
92.30
93.40
92.60
90.70
87.90
85.70
82.80
79.80
76.60
75.80
72.00
69.08
63.78
58.92
56.08
54.22
50.08
49.05
48.01
44.50
42.23
39.34
36.07
35.03
34.00
33.49
32.59
32.04
30.92
31.83
31.62
30.58
30.72
30.02
30.19
29.32
28.78
29.09
29.18
29.20
29.54
29.81
29.87
30.32
31.41
32.06
32.44
32.95
33.49
34.60
35.86
38.56
40.14
41.07
42.25
43.42
43.81
46.06
49.28
51.68
53.34
54.69
55.13
56.38
58.08
60.30
61.35
62.42
63.65
64.45
65.10
65.41
66.75
67.78
69.21
70.50
71.40
71.30
72.70
73.80
74.50
74.60
75.70
75.60
76.50
76.50
75.10
76.70
78.30
79.10
78.60
80.20
81.40
77.60
76.20
77.40
77.50
75.90
76.90
77.40
77.80
75.60
75.10
74.50
72.30
69.84
65.72
63.37
58.60
55.40
51.21
48.18
46.49
43.80
42.56
40.16
40.13
37.68
37.41
35.58
34.66
33.06
33.11
32.56
32.00
32.41
31.33
30.43
31.38
30.14
30.25
29.92
29.78
29.22
28.99
29.05
29.26
28.78
30.39
33.35
34.89
37.06
37.04
38.84
41.87
43.82
42.78
44.19
46.66
48.61
50.72
51.21
52.96
50.96
54.94
56.61
50.61
48.12
48.10
48.11
49.98
56.22
57.19
57.37
64.51
64.69
64.95
64.86
64.88
62.35
60.70
61.02
59.83
59.20
59.91
61.56
61.80
61.43
62.09
64.43
69.03
69.89
70.20
71.00
73.60
75.50
75.90
77.70
79.20
78.10
77.40
77.50
77.80
80.40
81.90
79.80
77.40
76.10
74.60
73.00
72.30
69.12
65.50
60.87
57.78
53.97
49.55
46.29
42.56
38.54
36.87
35.13
32.19
31.64
31.43
30.87
29.90
28.90
28.80
28.09
27.10
26.86
26.15
27.23
25.48
23.60
25.52
26.66
27.70
32.39
34.39
34.63
34.77
37.19
37.20
38.67
39.31
40.33
40.73
41.32
42.33
43.81
44.22
45.48
46.23
46.58
47.07
47.82
48.19
49.31
50.39
51.65
53.13
54.65
53.43
52.11
53.84
55.78
56.93
57.86
58.51
59.03
59.65
60.50
60.48
60.52
60.72
61.67
64.35
66.28
66.77
66.86
67.51
68.26
68.79
67.15
65.52
66.29
67.05
72.90
74.40
76.00
76.90
76.30
75.00
73.80
73.00
73.40
73.00
72.80
72.50
70.30
70.60
70.10
69.93
69.27
70.30
71.20
72.10
71.00
66.69
62.27
55.25
52.48
48.29
46.08
38.46
33.42
31.67
29.96
27.71
27.41
27.24
26.94
26.62
25.63
24.54
23.10
23.54
23.45
22.71
22.76
22.74
21.57
21.06
21.29
23.02
22.30
22.37
25.32
27.79
31.76
34.07
36.47
39.93
41.30
42.90
43.15
42.40
45.75
44.66
44.98
47.32
47.04
48.30
49.49
50.52
51.22
51.78
52.82
54.14
56.62
59.06
61.11
62.33
63.47
64.41
64.59
64.30
65.81
65.99
67.09
67.62
67.58
66.84
66.92
67.14
67.51
68.76
70.30
71.10
72.50
77.60
78.20
76.20
71.80
66.14
62.22
61.63
64.02
62.82
60.02
60.22
62.71
63.35
63.62
68.76
69.33
70.70
70.70
71.70
72.10
72.00
70.20
67.79
64.69
62.02
58.68
52.30
48.78
45.52
43.81
42.84
41.31
37.45
34.11
32.97
31.75
31.35
31.19
30.31
30.10
29.90
30.96
33.21
42.79
45.11
47.08
55.78
52.37
48.32
51.64
53.75
54.71
59.27
57.50
56.66
59.74
59.49
58.09
57.76
61.24
63.57
64.93
61.37
59.39
59.99
64.29
71.60
72.70
67.03
65.30
66.29
68.04
68.85
66.01
66.80
69.44
72.30
79.30
81.50
80.40
76.60
73.80
75.00
77.80
79.10
78.60
74.60
75.10
82.10
82.80
79.20
75.70
77.50
84.90
87.00
86.60
84.20
88.10
88.60
87.20
86.90
89.50
91.10
92.30
92.90
92.80
92.50
93.00
93.50
93.50
92.50
91.30
89.80
88.90
88.10
87.60
86.70
86.60
85.70
83.80
79.10
77.00
75.60
72.00
71.00
70.10
69.18
66.75
65.15
63.32
61.17
60.03
58.86
53.87
52.15
51.99
49.88
49.49
49.84
50.21
49.36
48.01
48.28
48.10
46.79
46.33
45.10
44.55
45.08
45.66
46.91
49.52
49.94
50.89
52.69
53.92
54.75
56.67
58.87
61.04
63.10
64.34
65.34
66.10
66.67
66.89
67.84
68.28
69.17
70.00
69.29
64.21
66.94
67.24
69.07
70.80
72.90
75.10
76.70
77.80
77.50
76.20
75.90
76.00
76.20
77.10
76.20
74.00
75.10
80.20
84.40
86.90
89.10
89.10
88.60
88.90
92.30
95.00
95.70
96.10
96.50
96.80
97.20
97.50
97.70
97.70
97.70
97.70
97.80
97.80
97.70
97.60
97.50
97.20
96.40
95.40
93.70
92.80
92.30
90.00
86.60
86.80
84.10
84.40
82.40
81.90
80.90
81.30
81.00
80.90
80.50
79.90
78.60
76.60
74.60
74.80
76.10
75.90
75.30
75.10
77.70
79.70
80.00
80.80
82.00
82.30
83.80
84.30
84.70
85.60
86.10
86.20
86.50
86.90
87.50
87.30
87.30
87.20
87.00
87.00
85.70
86.20
86.80
90.50
95.10
94.50
93.90
94.80
95.20
95.30
95.20
94.50
94.00
93.70
93.70
94.00
94.30
94.60
94.50
94.40
94.60
95.00
95.10
95.10
95.20
94.90
95.30
95.10
95.10
95.90
96.30
96.60
96.70
96.80
96.70
96.20
96.00
96.50
97.00
97.20
97.20
97.20
97.10
96.90
96.70
96.40
95.00
92.40
93.30
93.30
92.10
90.20
87.50
85.60
84.00
81.00
78.00
74.20
72.90
69.57
65.51
64.07
60.36
57.36
57.45
56.87
57.28
54.83
55.13
53.77
50.19
49.40
49.82
49.37
51.38
51.19
48.92
47.95
45.62
45.25
46.78
44.23
45.41
46.53
48.91
51.37
53.30
55.11
56.58
57.64
59.84
61.21
61.82
61.92
64.49
65.33
65.45
65.35
65.90
66.89
68.43
68.45
69.10
69.42
70.60
71.00
69.77
70.10
71.00
72.30
74.30
76.30
77.60
78.50
78.80
79.40
79.70
80.50
81.00
81.10
81.60
81.80
81.90
81.90
82.40
82.90
83.40
83.30
84.00
84.50
85.10
85.80
85.90
86.10
86.60
86.80
86.00
86.10
85.40
84.70
83.60
82.50
82.10
81.80
78.20
77.10
73.30
70.20
66.74
64.92
65.15
63.65
62.18
61.14
62.34
58.14
55.47
53.53
51.78
50.56
53.44
52.30
52.09
52.42
52.49
51.51
48.37
50.68
51.18
48.65
48.90
48.06
48.45
48.63
48.30
49.15
52.71
56.20
55.47
55.81
55.80
57.72
57.87
58.11
58.57
59.36
61.63
66.76
66.72
69.80
70.40
70.50
70.70
71.90
74.40
78.30
79.60
80.80
78.10
75.10
77.30
79.70
81.40
83.50
86.80
89.60
91.80
92.40
92.50
92.50
91.00
90.30
92.10
92.80
94.30
94.50
94.30
94.50
95.50
95.50
95.70
95.80
96.10
96.20
96.10
96.30
95.80
94.80
94.70
94.90
94.50
96.50
96.70
96.60
95.40
93.40
93.30
91.50
88.30
85.50
84.10
79.60
80.70
79.10
77.70
76.60
75.00
73.40
71.90
69.72
67.89
64.36
61.12
59.74
55.50
55.92
54.47
52.88
53.38
52.64
51.94
53.55
55.36
57.58
64.28
66.28
67.29
72.80
88.60
86.70
88.90
88.90
85.40
69.12
77.10
86.60
89.10
87.30
86.60
88.20
90.00
91.10
92.40
93.20
93.30
93.00
93.40
93.70
92.20
87.00
77.90
69.79
67.49
66.65
66.93
67.74
69.10
69.60
70.20
70.90
71.20
71.80
72.80
73.30
75.00
75.60
76.10
77.30
77.90
78.80
79.10
80.00
81.10
81.80
82.20
83.20
86.10
87.00
86.70
86.60
87.60
90.00
89.20
87.50
87.60
88.50
89.40
89.60
89.30
88.60
87.70
87.80
88.30
88.40
85.30
81.00
78.50
77.00
74.90
72.30
71.00
70.10
66.36
65.16
63.27
61.00
61.72
60.88
58.44
56.91
58.23
57.57
57.46
55.33
54.20
51.95
53.09
52.14
52.63
51.98
52.41
51.04
49.99
53.18
54.02
53.70
53.68
52.56
50.52
49.51
47.28
46.94
47.74
51.35
52.33
53.36
55.31
57.29
57.84
58.06
57.76
60.60
61.65
63.57
65.44
66.31
68.15
69.26
69.47
69.42
69.38
69.01
69.48
71.20
70.40
70.30
71.70
73.40
75.30
76.00
76.50
75.90
77.40
78.20
79.20
80.50
80.70
82.40
83.40
84.10
85.20
86.30
87.10
86.90
86.80
86.10
85.70
86.90
88.80
88.90
88.20
87.50
87.70
87.80
87.40
86.90
86.30
82.40
77.70
75.80
73.20
71.10
69.15
66.69
63.25
59.46
57.50
56.42
54.25
51.76
49.12
46.19
45.21
46.01
43.94
42.87
40.38
39.85
38.79
40.03
43.16
40.36
40.36
38.70
38.17
36.68
35.44
34.92
34.77
35.47
35.45
34.33
34.69
33.73
33.11
35.61
43.17
45.15
45.96
46.74
47.62
48.96
50.86
52.10
53.58
54.84
56.22
57.33
60.37
62.24
61.60
61.14
60.53
59.28
59.06
59.29
61.87
64.11
66.44
67.90
68.90
69.44
69.22
68.47
67.30
68.14
70.10
70.80
73.20
72.70
72.10
71.50
70.70
72.10
73.30
72.00
73.50
76.10
77.20
78.00
79.70
81.20
80.10
80.70
82.20
82.80
82.20
82.10
82.30
84.30
84.80
81.20
83.00
83.10
83.80
83.40
82.70
80.70
78.50
75.10
70.80
67.17
62.77
59.66
59.35
57.71
56.87
53.58
50.83
50.16
45.82
41.37
39.11
40.32
40.67
40.64
38.50
36.23
36.69
35.93
34.16
34.67
34.52
33.21
32.57
30.63
31.72
33.62
34.75
34.33
34.89
37.31
39.10
40.40
42.79
47.13
50.41
53.32
56.24
58.20
59.91
61.94
64.22
66.66
70.60
82.20
87.20
92.40
92.90
92.50
92.50
93.10
89.00
91.70
94.40
95.30
95.30
94.40
95.40
95.70
95.50
95.70
95.80
96.20
96.50
96.60
96.70
96.80
97.00
97.10
97.20
97.40
97.40
97.40
97.50
97.60
97.60
97.60
97.80
97.80
97.80
97.70
97.50
97.20
97.10
97.30
97.50
97.60
97.60
97.60
97.40
97.00
95.90
93.40
89.60
85.10
83.40
82.70
81.60
78.60
74.60
72.90
70.40
68.11
66.83
64.48
61.87
60.91
58.39
55.63
54.01
52.90
52.38
49.92
47.83
47.90
47.40
46.16
43.81
42.65
41.25
41.19
39.99
38.79
39.58
40.36
39.72
36.48
34.96
35.15
35.79
35.74
38.61
43.35
48.83
51.20
52.61
55.14
55.34
57.21
57.10
58.99
62.78
63.86
66.35
67.78
68.24
67.55
66.62
64.04
64.84
66.82
70.30
71.20
70.30
69.42
67.74
67.40
68.39
70.50
71.70
72.60
71.70
70.60
70.20
70.10
70.30
68.98
67.58
68.36
69.96
71.50
72.00
73.30
75.10
75.80
78.00
80.30
81.00
81.30
81.90
82.70
83.50
83.30
82.00
80.30
78.50
77.60
76.80
76.20
75.30
73.60
72.10
69.96
67.37
65.85
64.18
60.47
56.35
54.78
52.18
50.14
47.09
45.30
44.12
42.47
43.05
44.72
43.71
43.60
42.09
41.51
40.63
38.85
36.22
34.29
40.73
52.05
56.27
64.24
70.20
68.30
70.50
72.40
71.70
68.16
67.44
68.64
66.27
68.78
70.30
71.10
73.00
75.60
74.60
70.60
70.10
72.90
74.30
75.40
75.20
74.60
73.80
73.60
73.80
72.80
71.30
70.90
72.50
71.60
70.50
70.40
72.30
76.00
77.80
78.00
75.90
76.10
76.20
76.00
76.20
76.40
76.30
75.40
76.00
77.20
77.50
75.20
76.30
77.50
75.80
77.20
77.50
79.10
80.40
78.20
79.80
80.70
79.60
79.80
77.40
75.50
73.80
72.60
72.10
70.10
67.56
63.03
61.71
58.36
54.26
53.73
53.35
53.02
51.95
50.72
50.55
49.32
48.46
46.03
44.78
43.26
42.44
42.58
42.08
44.03
42.85
40.00
40.72
41.47
42.89
57.59
76.10
81.60
76.30
75.40
80.90
85.00
86.80
84.80
82.90
82.50
81.10
81.00
81.90
83.40
83.10
79.20
78.70
79.90
79.30
77.00
82.00
81.80
78.90
77.70
79.00
81.00
83.20
84.30
84.70
85.30
85.50
86.00
86.60
86.80
87.20
87.60
86.90
86.80
87.10
86.40
86.70
87.23
87.87
88.37
88.93
89.67
90.05
90.63
91.10
91.72
92.30
92.87
93.40
93.00
92.60
92.20
91.80
91.40
91.80
92.20
92.10
90.30
90.00
89.60
89.10
87.60
85.30
84.40
84.70
83.90
81.10
76.90
73.90
69.81
69.22
64.98
62.92
60.86
57.32
56.13
55.17
54.47
52.52
49.79
48.14
46.21
45.36
47.74
46.05
40.30
39.26
39.52
41.58
45.38
49.58
55.66
61.52
62.32
65.01
61.92
57.19
52.82
49.34
47.72
46.72
50.02
46.74
47.26
49.76
52.33
49.99
51.31
50.26
52.88
51.84
49.69
46.70
53.86
58.34
54.55
55.60
58.71
62.81
64.98
66.80
67.71
68.24
69.47
69.02
68.15
68.10
68.60
70.10
71.40
71.30
71.30
70.80
67.28
64.41
65.12
66.00
67.80
71.10
75.20
74.50
72.80
72.70
74.70
76.80
79.10
80.80
80.40
78.80
77.30
76.40
77.60
78.40
79.00
81.10
83.60
86.70
86.10
83.30
80.60
77.90
74.70
71.60
67.12
65.86
63.23
60.87
59.19
54.37
48.80
48.10
49.39
48.35
47.34
47.56
46.76
45.01
44.25
44.27
44.12
43.38
43.83
43.44
42.57
41.45
41.78
43.01
46.35
54.91
78.40
76.40
78.10
79.10
79.50
78.20
76.60
75.80
73.20
71.90
72.50
73.40
76.60
79.40
80.60
82.30
83.50
85.10
87.20
89.00
90.40
91.90
92.80
93.30
92.90
92.80
91.91
91.03
90.15
89.67
88.30
87.50
87.10
88.10
88.70
89.30
90.00
90.00
90.20
90.45
90.70
90.20
90.20
89.40
89.80
90.20
90.60
91.30
91.60
91.80
93.30
94.30
94.30
95.40
96.10
96.40
96.60
96.40
96.10
95.80
95.80
95.40
94.70
94.60
94.50
94.20
93.10
91.40
90.60
90.70
91.10
92.30
90.40
86.20
81.10
83.00
85.00
85.60
85.50
84.00
80.60
80.10
78.40
78.00
75.70
75.20
74.00
72.70
70.10
69.73
69.64
71.50
72.90
74.50
75.10
75.70
75.90
76.40
78.10
79.10
79.50
78.20
76.60
75.80
73.20
71.90
72.50
73.40
76.60
79.40
80.60
82.30
83.50
85.10
87.20
89.00
90.40
91.90
92.80
93.30
92.90
92.80
93.00
93.10
93.40
94.10
94.40
95.10
95.50
95.90
96.00
95.90
95.80
96.00