71.40
72.70
74.30
75.60
77.50
79.30
80.40
81.10
81.80
82.70
83.40
83.80
83.90
84.50
84.50
83.10
82.60
83.10
83.60
83.10
82.70
82.70
82.60
83.10
82.90
83.10
83.10
81.80
79.90
78.60
78.40
78.20
77.70
76.00
73.90
73.00
71.30
70.10
69.24
65.69
66.03
67.81
68.19
65.47
62.72
62.33
63.07
63.07
62.09
60.37
60.28
59.81
58.78
57.19
55.96
55.28
53.54
52.43
53.33
56.50
56.18
52.82
65.74
75.90
82.40
87.60
87.10
85.40
72.80
71.70
79.20
81.00
84.30
83.40
81.40
81.10
80.60
80.00
79.60
80.60
81.80
84.20
84.80
84.90
84.90
85.40
85.30
84.80
85.20
84.60
84.60
84.90
84.30
84.30
84.50
84.90
84.90
84.30
83.30
83.80
83.50
84.10
83.60
83.00
84.20
85.40
86.30
86.20
86.40
87.30
87.30
86.80
87.60
86.80
85.00
85.50
86.30
87.10
91.20
92.00
92.10
91.90
92.00
91.30
90.40
89.50
88.40
87.90
87.40
85.20
84.40
83.60
81.20
79.90
78.50
74.40
71.30
70.70
69.31
66.65
65.07
62.51
63.46
62.66
61.80
61.10
61.16
59.76
58.93
58.63
58.82
61.85
61.08
54.80
52.96
50.99
52.68
54.24
58.65
64.47
71.40
77.40
78.90
86.30
86.90
89.90
89.90
88.40
89.80
89.90
92.10
93.60
93.60
93.40
93.90
93.70
93.90
93.70
93.00
92.80
92.50
91.80
91.90
91.40
91.60
92.30
92.60
93.00
93.20
93.50
93.30
93.30
93.50
93.00
92.50
92.10
92.20
92.70
93.20
93.60
93.80
93.90
94.20
94.40
94.30
94.10
94.30
94.50
94.70
94.70
94.50
94.00
94.30
94.70
94.20
94.00
94.40
95.00
94.00
94.10
94.80
94.70
94.80
94.60
94.50
94.80
94.90
94.90
95.00
95.10
95.20
94.50
94.20
93.70
92.90
92.10
91.10
89.00
88.10
85.00
83.90
83.10
82.30
81.80
79.10
77.30
74.80
73.20
72.40
71.00
68.70
67.48
66.65
67.48
70.50
69.66
67.40
67.24
65.66
65.28
65.20
66.93
69.17
74.30
75.50
74.00
74.40
75.00
76.10
76.40
78.30
78.20
78.00
79.10
80.00
80.00
80.30
82.20
82.80
82.50
83.50
85.00
82.20
82.20
87.90
92.70
93.70
93.20
94.30
95.00
95.40
95.50
95.50
95.70
95.80
95.90
95.90
95.90
95.90
95.90
96.10
96.20
96.30
96.30
96.30
96.10
95.90
96.00
96.10
96.20
96.30
96.30
96.20
96.10
96.00
95.90
95.90
95.80
95.70
95.60
95.50
95.50
95.60
95.60
95.60
95.30
95.00
94.80
94.60
94.80
94.60
94.40
94.30
94.20
94.40
94.30
94.20
94.30
94.10
93.40
92.90
93.60
92.90
93.50
93.50
93.80
93.70
93.50
94.00
94.30
94.30
94.50
94.50
94.80
94.60
94.90
95.20
95.50
95.60
95.70
95.60
95.50
95.50
95.50
95.50
95.20
94.90
95.00
95.10
95.10
95.10
95.00
95.10
95.10
95.30
95.40
95.30
95.30
95.20
94.70
94.20
94.70
95.20
95.30
95.30
95.30
95.40
95.50
95.70
95.80
95.80
95.50
95.20
95.20
95.30
95.50
95.60
95.50
95.30
95.30
95.40
95.30
95.20
95.10
95.10
95.30
95.20
95.20
95.20
95.10
94.80
94.40
93.80
93.00
91.80
90.50
90.00
89.90
88.80
87.60
85.10
83.80
81.90
81.30
78.40
78.00
77.30
76.30
73.40
72.10
71.40
73.40
80.50
78.40
75.90
77.90
75.40
70.90
67.60
68.78
65.06
63.58
62.40
60.00
59.75
59.16
58.86
57.42
58.60
59.18
59.60
60.27
60.03
60.29
62.41
63.69
63.89
64.75
66.54
66.19
68.81
70.90
72.60
74.00
74.20
73.30
73.40
74.40
75.90
77.80
78.00
78.40
79.30
80.40
81.90
83.40
84.20
84.80
84.80
85.30
85.30
85.40
85.10
84.70
84.00
83.50
83.80
84.70
85.50
86.80
88.20
89.80
90.80
91.10
91.50
91.60
91.50
91.30
91.30
91.20
91.40
91.30
91.30
91.30
90.80
90.00
89.40
89.00
87.70
86.60
85.80
85.20
86.30
87.40
85.70
82.30
80.50
76.70
76.50
73.60
72.60
71.40
81.30
84.00
79.50
71.50
69.83
72.40
70.80
68.53
66.67
66.50
68.19
68.74
67.18
74.60
72.30
71.30
70.10
68.48
68.36
76.50
78.00
74.90
76.30
75.40
81.50
86.70
84.90
83.30
81.70
81.60
82.00
82.30
81.90
81.70
81.90
82.10
82.00
82.10
81.70
82.30
82.30
82.80
83.00
83.30
84.50
86.40
88.30
89.20
88.90
89.00
89.10
90.60
91.30
92.30
93.40
93.10
92.90
92.90
93.20
93.20
93.00
92.50
92.70
92.80
92.70
92.40
92.70
93.70
94.10
94.20
94.20
94.40
94.50
94.50
94.60
94.60
94.60
94.60
94.80
94.90
94.70
94.10
93.70
92.90
91.80
90.50
88.80
88.50
87.00
86.60
85.90
87.30
87.80
88.10
88.50
90.20
91.40
91.90
92.70
92.60
92.30
92.20
91.80
92.10
92.50
91.80
91.10
91.40
91.70
92.00
92.00
90.80
91.70
92.50
92.90
92.70
91.90
91.50
90.00
90.70
91.00
91.00
91.40
92.10
92.00
92.30
92.70
92.90
92.70
92.70
93.20
93.80
94.30
94.60
94.60
94.60
94.70
94.60
94.50
94.60
94.70
94.80
94.80
93.70
92.60
92.80
92.80
92.80
92.70
92.60
91.10
90.90
92.10
92.90
93.70
94.30
94.70
94.60
94.40
94.50
94.80
95.00
95.20
95.50
95.70
95.80
96.00
96.10
96.20
96.30
96.30
96.40
96.40
96.40
96.50
96.50
96.50
96.40
96.40
96.30
96.00
93.60
88.90
87.80
84.90
79.80
77.20
73.50
71.10
75.00
72.70
75.40
76.80
73.80
74.40
73.00
71.60
71.00
68.92
66.92
67.60
67.76
66.28
64.75
64.31
64.16
65.32
63.89
63.78
60.73
61.23
61.00
62.07
61.40
66.56
74.00
76.40
77.60
76.70
78.40
79.60
81.20
85.60
86.90
87.90
89.00
89.50
90.20
91.60
92.40
93.80
93.90
94.20
94.50
95.00
95.40
95.50
95.50
95.60
95.60
95.70
94.70
94.10
94.50
94.60
94.10
93.50
94.40
94.70
95.20
95.40
95.70
95.90
95.90
95.90
95.90
95.80
95.70
95.60
95.50
95.50
95.70
95.90
96.00
96.10
96.20
96.30
96.40
96.40
96.40
96.50
96.50
96.50
96.50
96.30
95.20
88.50
83.70
79.90
76.60
74.40
73.60
70.60
68.31
69.16
66.92
66.52
68.35
65.49
63.74
66.93
60.37
59.48
58.95
58.77
58.47
58.37
57.75
58.86
58.34
58.46
56.84
57.06
56.90
57.62
57.42
66.15
68.18
69.49
68.85
78.40
78.40
79.90
78.80
76.30
75.70
76.30
76.40
77.70
78.60
81.70
83.20
84.70
87.40
87.20
87.40
88.20
85.90
87.80
89.70
92.70
93.70
93.90
94.30
94.40
94.40
94.50
94.30
94.30
94.10
94.20
94.50
94.30
94.40
94.20
93.70
93.30
92.40
93.00
93.40
94.20
94.60
94.90
95.20
95.30
95.40
95.50
95.60
95.60
95.70
95.70
95.60
95.70
95.60
95.60
95.80
95.80
95.60
95.30
94.40
93.70
92.80
91.80
90.20
89.10
87.50
85.50
81.20
80.30
79.20
76.30
74.80
73.40
74.50
74.00
73.70
73.30
71.70
71.30
71.50
70.50
71.90
71.50
71.60
70.90
71.00
68.57
65.96
65.89
69.55
67.15
66.50
62.57
64.36
67.19
68.61
69.82
71.90
73.30
76.10
81.70
90.50
92.90
93.70
94.20
94.90
95.10
95.00
92.90
92.40
91.20
87.80
84.60
82.00
82.90
84.00
86.90
88.80
90.30
91.10
91.50
91.50
91.80
91.50
91.80
92.00
92.40
92.30
92.00
91.60
92.30
92.60
94.20
94.10
94.80
95.40
95.60
95.70
95.90
96.20
96.30
96.30
96.40
96.40
96.50
96.50
96.60
96.60
96.60
96.70
96.70
96.70
96.70
96.70
96.70
96.60
96.60
96.60
96.60
96.50
96.40
96.10
95.60
95.50
95.30
94.60
93.00
91.70
89.50
89.00
89.30
88.40
85.10
79.60
80.30
78.60
77.60
75.80
72.90
69.92
70.10
68.50
67.66
65.83
64.28
66.46
64.09
66.20
65.87
66.26
67.49
67.67
68.41
70.10
72.50
74.30
79.50
80.80
81.80
82.60
83.40
84.70
80.00
80.20
86.70
86.80
87.10
87.60
89.50
90.90
90.50
87.80
85.90
86.70
88.90
89.90
91.10
91.40
91.20
92.50
93.00
93.70
93.60
91.50
88.90
90.80
92.10
92.30
92.50
92.30
92.80
92.70
92.50
93.40
94.10
94.50
94.10
93.00
92.40
92.30
92.40
92.70
92.00
91.80
92.10
92.60
93.00
93.20
93.10
92.30
92.10
92.00
91.40
90.10
88.60
87.90
86.90
86.70
87.50
87.80
87.70
84.30
81.70
82.20
81.50
80.80
82.30
83.50
82.60
82.80
81.30
80.10
80.40
78.70
76.60
75.10
73.20
70.30
68.12
67.97
67.60
67.36
70.30
71.40
70.50
71.30
70.70
71.40
80.10
82.20
80.90
84.20
87.80
89.50
91.60
92.90
93.90
94.10
93.30
92.00
92.10
92.70
92.50
93.40
93.70
94.00
94.20
94.20
94.90
95.20
95.20
95.20
95.30
95.40
95.60
95.70
95.80
96.00
96.20
96.30
96.40
96.40
96.50
96.50
96.50
96.50
96.40
96.40
96.50
96.50
96.50
96.50
96.60
96.60
96.60
96.60
96.60
96.60
96.50
96.50
96.50
96.50
96.50
96.40
96.40
96.40
96.30
96.00
94.30
89.70
88.90
88.50
87.90
87.40
87.00
87.00
86.90
88.00
86.80
84.30
84.70
83.80
76.50
75.00
79.50
79.60
76.90
76.70
76.40
76.90
74.20
71.60
70.20
67.14
67.80
64.67
65.16
66.28
66.20
67.70
67.20
71.20
72.80
70.40
69.84
70.10
69.22
68.87
68.84
69.75
70.70
70.60
72.40
77.20
77.30
77.40
75.90
77.60
79.90
80.60
81.50
82.10
80.60
79.60
78.20
79.00
78.30
77.70
78.40
79.80
80.30
80.20
77.40
77.00
78.90
79.90
81.30
81.90
81.70
81.80
81.90
81.70
82.30
79.90
80.00
83.10
91.50
92.00
90.40
87.70
87.60
87.30
87.30
90.30
89.00
85.90
86.40
86.30
86.30
85.80
83.50
83.90
84.80
84.50
81.40
81.40
79.30
78.90
79.50
77.90
78.10
76.40
74.30
75.40
76.20
73.80
71.90
69.38
70.20
69.74
69.34
69.93
66.84
65.65
66.89
65.71
63.89
63.92
62.12
61.03
62.68
59.44
55.79
55.89
54.20
53.27
53.37
52.90
56.13
58.17
57.72
56.62
54.86
54.51
54.03
57.87
68.59
79.70
87.70
89.40
90.70
90.70
90.90
90.70
90.30
91.30
91.20
90.20
91.90
92.50
92.60
92.90
93.10
92.90
92.40
92.20
92.30
92.70
92.70
93.00
92.90
92.80
93.20
93.70
94.00
94.30
94.60
94.80
95.30
95.60
95.80
95.80
95.90
96.00
96.10
96.10
96.10
96.20
96.30
96.30
96.40
96.40
96.40
96.40
96.50
96.50
96.50
96.40
95.50
90.10
86.80
85.30
84.60
82.40
81.50
79.00
80.10
79.20
78.70
76.10
76.80
75.40
72.60
71.30
68.34
69.10
66.48
66.76
64.24
63.55
64.84
61.90
61.90
60.17
58.48
56.65
62.35
63.79
59.50
65.40
68.68
76.20
84.90
91.10
92.60
93.00
93.70
94.40
94.30
93.40
91.90
86.30
85.30
85.70
86.20
87.20
88.30
88.30
89.50
90.30
89.90
89.40
90.00
88.80
89.80
91.00
91.60
92.40
92.70
93.20
93.10
92.90
92.60
92.50
92.30
92.10
92.00
92.30
92.10
91.90
92.20
92.90
93.10
92.90
92.00
90.60
90.70
92.90
93.50
93.40
93.10
93.10
93.30
93.10
93.00
92.90
93.20
93.30
93.40
94.50
94.40
93.70
91.50
89.70
89.30
89.30
87.80
86.50
85.90
83.80
83.50
83.10
80.30
79.90
78.80
76.40
72.40
71.20
66.71
66.00
64.13
66.28
65.73
65.59
64.75
63.49
64.32
64.96
68.46
69.68
69.05
69.28
67.86
63.43
64.06
74.10
74.10
77.00
80.50
84.50
87.90
89.70
90.30
88.70
88.60
89.80
89.40
86.80
86.40
88.30
89.10
90.00
88.60
87.70
87.50
88.30
89.80
91.20
91.90
91.60
92.10
90.90
87.70
86.50
87.00
87.40
87.50
87.70
88.30
90.30
89.80
88.60
88.40
87.90
89.40
89.10
89.30
89.40
89.00
89.60
89.90
90.20
90.60
91.00
91.00
90.40
91.50
92.10
93.20
93.70
92.50
92.70
92.90
92.80
90.70
89.40
87.90
86.80
86.60
85.00
84.70
85.00
85.20
85.30
84.00
83.80
83.60
82.30
82.20
79.40
78.50
77.30
76.40
75.50
74.50
73.80
72.40
71.40
66.56
62.36
62.03
60.60
60.15
59.02
58.59
58.25
58.12
57.80
57.96
58.63
60.51
57.90
54.30
59.85
60.17
57.40
56.17
53.69
55.99
65.15
69.87
74.00
78.20
78.90
78.20
76.50
76.90
77.90
78.50
78.80
79.50
80.90
80.30
79.90
80.30
79.70
80.10
80.10
80.30
80.30
80.40
80.40
80.90
82.00
82.70
83.10
83.60
83.90
85.20
84.90
85.40
86.30
85.30
85.20
84.20
82.40
81.90
81.30
80.60
83.10
85.40
88.60
90.10
90.50
90.60
91.50
91.60
90.90
90.90
91.60
92.20
93.00
93.60
94.00
93.90
93.20
90.90
85.10
81.60
81.70
81.40
78.70
76.80
75.80
71.00
68.17
67.59
67.17
68.12
71.20
72.80
70.50
68.62
68.52
70.10
68.43
63.98
61.00
59.01
57.16
59.91
57.05
54.53
54.87
52.08
51.72
51.36
53.10
53.46
53.97
58.11
55.23
65.20
70.10
69.05
68.83
69.54
71.60
72.40
73.70
75.00
74.90
75.70
77.40
79.60
81.90
84.10
85.00
85.10
86.80
87.40
87.70
88.80
90.00
90.00
90.00
90.00
89.20
88.50
87.80
91.50
89.90
86.80
86.10
85.60
85.90
84.90
85.20
85.30
85.90
84.70
85.10
87.90
88.70
88.50
88.50
89.90
90.40
90.90
91.70
92.10
91.80
90.80
91.10
91.30
91.90
91.30
92.80
94.00
94.10
93.80
91.20
89.90
90.50
89.20
88.40
87.40
85.00
82.10
77.10
74.90
75.50
72.70
70.50
65.42
62.72
59.72
59.25
60.58
60.64
60.65
59.99
59.81
58.36
54.37
55.85
56.21
54.75
55.22
52.88
51.07
48.19
47.72
47.43
46.74
46.50
43.90
45.10
46.04
46.06
46.17
45.90
44.80
43.98
45.65
51.29
61.96
63.95
67.49
68.42
71.70
73.40
74.50
73.70
73.50
72.10
67.06
67.53
71.60
75.90
79.50
81.40
83.40
85.10
86.50
87.00
86.50
86.00
86.00
86.30
87.10
87.10
86.60
86.50
85.50
87.50
89.90
90.70
90.00
91.40
92.40
92.10
91.00
91.60
93.40
93.60
93.30
92.50
92.20
92.00
92.00
92.30
90.80
90.20
91.70
91.60
91.70
91.60
91.60
90.10
89.50
88.10
86.90
84.10
81.10
78.70
76.70
75.60
72.90
68.54
67.43
67.06
66.12
64.96
64.48
62.26
61.81
62.21
61.69
60.66
58.03
54.98
54.38
55.02
54.22
54.89
52.21
51.71
54.11
53.84
54.02
51.58
56.89
64.95
69.83
72.20
72.50
73.10
69.76
68.41
69.33
68.49
71.00
68.04
75.70
74.90
73.50
71.30
70.10
68.40
67.05
66.60
69.69
70.10
66.58
67.94
67.75
66.84
66.19
76.80
79.30
79.70
80.30
81.50
81.70
82.50
84.20
85.50
86.00
86.80
87.50
88.70
89.60
89.90
90.50
89.30
88.10
89.70
89.70
88.00
90.20
90.90
92.00
92.40
91.80
92.40
93.00
92.50
92.10
91.80
91.50
92.50
92.20
91.10
87.50
85.00
86.40
84.40
80.80
77.50
77.20
74.70
72.90
71.40
71.00
68.13
67.55
66.17
64.03
64.04
63.77
62.69
61.23
60.97
60.49
58.30
54.87
54.57
60.27
61.69
57.50
54.59
57.89
52.38
49.66
49.31
51.07
50.12
54.53
56.02
59.72
66.97
68.15
62.99
71.50
75.30
70.50
63.53
76.30
77.20
78.90
78.40
78.60
78.50
80.30
80.70
79.90
82.40
85.40
85.70
82.20
79.90
81.30
83.00
82.00
82.30
84.10
87.50
88.30
87.80
88.90
89.80
90.30
90.80
91.20
91.90
92.20
92.90
92.80
92.80
93.10
93.90
94.00
93.90
94.40
94.30
94.10
93.90
94.30
94.60
94.40
93.90
93.70
92.90
92.10
90.00
89.90
90.00
89.80
89.00
89.60
89.40
89.30
88.80
88.10
87.10
86.20
85.00
84.20
81.30
78.00
74.80
72.40
71.90
71.50
71.00
71.70
71.20
70.10
69.32
68.07
68.22
69.34
69.10
67.21
64.71
64.84
62.79
59.76
58.77
57.24
56.30
53.66
53.87
53.30
53.22
49.84
50.33
48.60
50.97
50.89
54.02
55.32
55.84
55.29
54.19
53.82
55.45
55.31
55.98
56.06
57.33
58.43
59.37
71.00
74.60
78.60
77.30
79.50
78.80
79.90
79.00
78.10
79.60
83.10
84.00
82.50
82.90
83.00
84.90
85.50
84.80
84.70
86.20
91.60
91.20
92.00
92.10
91.80
92.00
89.70
90.40
91.90
89.40
88.60
89.20
90.90
93.60
91.80
91.40
91.40
92.70
93.70
94.90
95.10
94.20
90.80
88.60
89.30
88.40
87.60
86.90
84.10
82.10
80.90
80.10
78.40
76.60
74.20
73.20
72.50
70.30
67.33
67.13
62.07
60.39
62.45
61.89
58.05
58.68
57.07
56.24
62.51
67.43
71.10
80.40
81.50
82.10
77.90
77.90
77.90
77.50
77.40
77.10
73.30
71.10
72.10
72.60
72.70
72.80
72.70
74.40
77.50
80.10
83.10
85.60
86.40
85.70
84.70
85.30
84.60
83.70
83.80
85.10
84.30
85.20
85.80
87.30
88.20
88.50
89.20
89.90
89.40
88.80
87.90
89.20
90.80
91.80
91.80
90.50
90.40
90.60
89.70
89.60
90.20
90.80
91.30
91.90
92.30
92.10
92.60
93.00
93.30
93.30
92.10
92.80
93.50
93.80
94.30
92.30
89.70
88.00
85.10
84.10
84.10
82.90
81.20
78.80
77.10
74.80
73.90
71.70
68.72
67.12
66.80
65.57
64.39
62.22
60.63
59.70
57.61
58.15
59.46
57.75
56.00
52.65
51.92
52.84
51.23
50.61
48.97
49.28
60.47
63.01
59.32
56.81
55.93
56.75
56.15
55.60
54.07
53.99
68.59
84.00
80.70
80.80
85.90
89.20
87.70
89.90
89.90
91.30
91.30
90.90
90.40
90.10
89.40
88.50
85.80
83.30
82.80
84.20
84.10
85.80
89.30
91.10
92.30
90.80
90.00
90.50
90.80
91.80
92.10
92.50
91.10
91.10
91.20
91.30
91.10
90.90
91.20
91.50
91.80
91.80
92.10
92.80
93.00
93.00
93.20
93.30
93.90
94.60
94.70
94.50
94.30
93.20
92.20
91.80
90.90
91.20
90.50
86.20
83.30
81.30
80.90
79.00
76.40
75.50
71.70
67.13
64.37
64.62
64.08
62.34
59.59
58.01
57.67
57.23
54.61
54.59
53.14
51.61
51.62
51.88
50.40
50.53
50.34
51.44
51.60
51.34
51.11
50.26
50.10
50.19
49.26
49.65
48.72
48.48
47.72
47.53
48.36
49.34
49.88
51.33
53.37
55.45
59.14
63.69
65.97
65.95
65.57
66.83
69.94
73.40
73.90
74.60
72.70
72.70
72.40
74.50
73.50
74.10
74.50
75.60
76.10
76.90
76.20
75.40
75.90
76.30
77.60
79.20
81.60
83.50
86.90
91.90
94.50
94.80
91.20
89.40
89.60
90.50
90.60
88.30
87.20
86.20
86.10
85.60
85.00
88.40
88.00
87.30
86.70
88.90
86.50
84.80
81.70
76.90
75.10
73.10
74.00
72.50
71.90
70.70
70.20
71.00
68.83
65.88
65.29
64.23
63.26
62.82
61.39
60.57
65.33
74.70
77.40
82.50
83.90
78.70
74.90
77.70
79.60
83.20
90.30
91.00
91.00
92.40
92.40
89.40
80.90
88.00
84.80
75.50
76.10
73.90
70.60
69.29
68.24
73.40
79.00
82.40
82.60
84.30
85.00
87.70
86.50
84.80
84.90
85.90
86.30
88.10
88.70
88.80
88.90
89.30
88.70
88.50
88.80
88.50
88.00
88.30
89.30
90.00
91.00
90.40
89.40
88.90
88.10
87.90
88.10
88.80
89.40
90.10
90.50
90.60
91.20
91.70
91.70
90.90
90.80
90.80
90.00
89.30
89.30
88.90
89.00
89.30
89.60
89.70
89.50
89.20
88.30
86.70
85.40
83.60
81.20
78.60
77.20
76.20
75.10
73.40
72.40
72.50
72.30
71.60
68.11
66.46
65.52
64.11
62.12
60.59
61.60
60.66
59.38
57.93
58.47
59.39
58.15
57.09
56.91
55.17
54.89
54.95
54.11
54.70
54.53
56.01
58.03
61.18
61.53
62.05
65.37
65.83
65.04
67.01
69.50
65.50
65.90
67.94
69.90
74.40
73.10
75.10
77.60
77.60
77.70
77.80
78.80
80.70
82.60
83.90
84.30
84.70
84.40
83.60
83.10
82.90
83.00
83.30
84.00
84.10
83.90
84.20
83.80
83.60
82.90
83.10
83.60
84.50
85.20
85.70
86.30
86.70
86.00
86.10
86.50
86.10
85.60
85.70
86.80
86.70
86.70
86.70
87.40
87.60
87.20
86.60
86.20
85.60
85.10
84.30
83.30
83.30
83.60
83.30
82.80
82.10
81.00
79.40
78.00
76.70
77.30
78.60
78.70
77.20
76.30
75.60
73.60
70.60
68.83
66.63
67.08
64.39
62.13
61.53
62.33
62.02
61.67
62.74
63.82
66.54
66.14
68.57
68.06
64.54
63.50
66.66
67.15
67.47
67.91
67.78
78.60
83.90
81.30
79.50
82.30
83.10
82.80
81.80
82.70
83.50
84.20
83.60
83.30
84.60
87.00
87.90
87.90
86.80
86.30
86.50
86.40
86.60
86.90
87.70
88.80
89.70
89.70
89.40
89.40
89.70
89.90
89.20
88.70
88.90
88.80
88.80
89.10
89.30
89.20
89.20
89.40
89.40
89.30
89.10
89.00
88.60
88.20
88.20
88.10
87.60
87.30
86.50
86.00
84.60
83.70
84.50
84.60
84.20
84.10
83.00
79.50
79.40
78.80
76.90
76.60
77.20
75.70
75.20
74.50
72.20
69.08
68.08
66.37
66.48
67.72
66.14
63.18
65.38
67.50
68.36
63.49
57.04
56.01
59.67
59.05
61.95
62.46
59.01
57.26
59.18
60.47
61.75
63.13
63.27
64.59
66.09
67.97
69.29
69.34
70.50
71.70
72.90
73.30
73.80
73.40
73.40
74.80
76.00
77.10
77.90
77.70
78.20
78.50
78.40
79.00
79.90
80.30
79.70
79.90
80.30
80.20
79.80
80.20
80.80
81.40
82.00
82.50
82.90
83.40
83.80
83.90
83.90
83.90
83.70
84.30
84.90
85.40
85.50
86.10
86.70
87.00
87.70
87.90
87.60
87.20
87.70
87.70
85.40
84.10
83.30
83.50
82.50
81.20
79.40
75.70
73.00
69.63
68.26
68.53
70.80
71.70
71.90
71.30
71.50
71.90
72.20
71.00
71.60
69.76
69.39
68.34
68.35
68.49
68.63
67.82
66.95
67.59
66.23
66.30
67.09
66.66
66.76
65.65
54.98
53.93
54.14
54.88
55.25
55.98
59.37
59.35
59.76
60.90
61.88
62.16
61.87
61.94
60.56
59.73
59.84
60.47
61.34
75.20
85.20
88.60
92.50
90.80
91.50
92.40
94.20
94.60
94.70
94.50
94.70
94.80
94.90
95.00
95.10
95.20
95.20
95.00
95.00
94.70
94.60
94.00
94.10
94.50
94.60
94.60
94.70
94.30
93.90
94.20
94.60
94.70
94.50
94.90
95.20
95.20
95.30
95.40
95.20
94.70
94.60
93.60
92.30
92.30
90.20
87.70
85.70
83.60
81.20
81.50
80.80
79.40
78.00
75.30
71.90
70.30
68.70
69.84
68.38
66.79
66.52
68.04
65.33
65.12
64.52
69.79
78.40
91.10
92.80
92.10
91.80
91.60
91.20
91.50
90.90
90.20
90.70
89.70
89.70
89.60
89.80
89.90
89.80
90.20
90.70
90.20
89.60
90.90
92.30
92.90
92.60
91.70
91.80
93.30
93.40
93.00
93.00
92.40
90.90
92.00
93.60
93.70
93.20
92.80
93.00
92.70
92.80
92.70
92.00