-40.49
-39.8
-39.7
-38.99
-39.55
-37.44
-39.64
-42.77
-41.22
-40.27
-39.76
-39.97
-37.38
-38.46
-38.33
-41.99
-41.4
-37.83
-37.97
-38.84
-38.55
-36.63
-38.56
-37.21
-39.36
-31.44
-13.93
16.87
47.8
7.66
97.9
185.5
236.2
288.5
335.2
375.8
319.3
457.1
497.3
535.8
570.1
599
625.6
648.2
555.2
537
697.5
646.7
398.4
433.9
589.4
507.6
429.6
299.2
495.8
723
640.2
306.7
295.9
132.7
296.7
430.4
434.3
312.6
120.9
107.2
121.1
79.7
84.5
30.52
-40.47
-15.6
-23.79
-27.6
-27.48
-31.37
-31.04
-28.71
-26.56
-28.07
-31.56
-38.62
-44.35
-45.31
-42.75
-43.67
-42.55
-42.56
-42.67
-42.37
-43.82
-41.52
-38.85
-38.37
-42.24
-42.73
-41.91
-40.82
-40.35
-42.72
-39.85
-38.7
-40.56
-40.39
-41.77
-37.81
-41.67
-39.34
-34.72
-38.28
-37.74
-39.03
-42.86
-41.78
-39.79
-40.04
-41.35
-42.37
-39.58
-35.91
-29.3
-18.11
-9.01
7.33
41.36
95.5
113.7
128.7
228.5
288.7
323
378.1
407.9
457
492.1
528.1
564.5
580.8
611.8
606.9
614.6
640.1
646
667
627
654.3
684.9
675.7
658.6
674.9
633.2
620.2
562.4
539.6
503.3
484.3
446
405.1
357.6
312.3
255.8
205.5
155
107.1
64.23
25.44
-7.89
-33.2
-46.99
-50.29
-48.76
-47.6
-46.48
-45.25
-45.08
-44.43
-43.84
-44.54
-45.36
-45.66
-45.54
-42.21
-41.42
-41.05
-39.41
-35.63
-28.07
-39.92
-41.91
-44.12
-43.53
-43.72
-41.15
-42.87
-43.5
-43.14
-44.64
-45.14
-44.89
-44.6
-45.54
-46
-42.51
-43.41
-42.43
-42.78
-40.84
-42.04
-41.35
-41.82
-41.75
-40.82
-40.68
-37.89
-39.7
-33.18
-28.08
-23.72
-9.34
26.96
74.2
53.48
118
179
213
282.7
318
373
416.5
464.8
512.9
540.4
556.9
628.6
621.4
596
604
631.6
641
654.3
687.2
678.1
693.2
720
724
706
693.3
482.5
399.6
561.4
559.7
504.5
469.1
436.9
388
325.8
270.3
227.8
183.8
154.5
119.9
72.2
17.74
-21.3
-34.82
-38.76
-37.74
-40.45
-40.83
-40.68
-40.32
-40.74
-38.07
-37.5
-35.7
-35.7
-36.85
-36.89
-36.12
-35.86
-38.28
-38.75
-40.72
-38.97
-37.04
-32.39
-35.75
-35.32
-31.31
-31.6
-32.5
-22.5
-18.47
-18.29
-18.39
-19.85
-20.95
-19.35
-18.13
-19.07
-19.92
-18.61
-18.89
-19.48
-20.65
-23.33
-23.65
-26.03
-21.16
-20.85
-24.89
-30.7
-34.5
-30.14
-18.52
3.642
15.98
18.98
26.69
70.4
108.7
128.7
280.6
458
529.2
483.8
406
553.9
575.2
582.2
613.5
595.6
597.3
633.9
650.4
660.4
650.7
660.7
668.8
686.4
653
667.2
615.3
610.7
582.6
555.8
530.6
545.6
509.3
411.8
365.6
314.5
222
169.7
146.7
117.2
73.4
33.78
-12.31
-20.55
-34.76
-39.57
-41.53
-35.02
-35.99
-41.4
-42.28
-42.85
-42
-42.96
-40.88
-30.17
-12.8
-11.15
-27.74
-98.4
-78.56
-58.72
-43.12
-39.31
-34.26
-38.91
-30.06
-37.73
-40.79
-42.2
-42.94
-47.6
-48.32
-42.13
-46.05
-52.04
-51.13
-50.16
-44.04
-40.05
-35.19
-35.9
-35.47
-31.67
-30.39
-28.52
-30.41
-30.18
-33.1
-33.47
-34.54
-34.93
-37.34
-30.49
-1.967
25.03
50.13
74.4
104.1
103.1
75.6
74.3
224.5
324
459.3
455.5
449.5
477.2
524.2
607.3
593.4
582.1
653
612.6
623.3
530.6
649.8
677.3
689.5
669.8
682.1
660.8
605.7
652.3
615.2
578.7
443
525
450.8
416.5
361.2
309.2
261.4
215.4
165.1
119.4
70.6
27.67
-21.58
-34.88
-41.44
-44.38
-43.73
-41.28
-40.52
-36.74
-11.16
-30.73
-40.67
-40.21
-40.34
-39.21
-40.02
-45.79
-45.09
-38.97
-33.57
-35.13
-41.62
-43.73
-43.59
-41.16
-28.53
-21.34
-29.66
-32.93
-36.94
-43.75
-43.96
-45.38
-45.29
-43.13
-40.33
-41.66
-43.51
-42.75
-42.75
-41.97
-24.18
-19.78
-20.73
-20.88
-22.38
-25.53
-35.18
-29.76
-34.42
-32.11
-26.8
-12.58
-12.9
8.46
48.83
83
78.7
149.7
108.3
217.1
206.7
171.6
308.7
358.8
471.2
538
583
600.5
596.1
602.1
612
635.6
660.9
657.2
681.1
681.3
667.3
698.1
705
675.2
634.2
613.4
589.2
545.6
534.3
501.2
357.2
246.6
369.8
321.2
223.7
142.6
127
111.3
64.54
22.06
-21.36
-33.74
-38.75
-39.22
-36.51
-35.17
-35.56
-38.97
-38.02
-39.81
-38.98
-34.45
-31.7
-36.71
-36.64
-38.4
-37.93
-40.52
-39.11
-40.03
-39.54
-38.76
-38.77
-39.57
-39.96
-40.23
-40.14
-39.57
-36.33
-37.95
-36.35
-34.74
-27.97
-28.7
-28.89
-33.08
-31.13
-28.48
-25.61
-28.47
-28
-25.52
-25.38
-25.6
-26.01
-31.02
-31.04
-32.85
-34.51
-36.14
-35.53
-28.69
-4.36
25.03
27.88
37.55
42.99
48.88
51.21
107.1
146.9
164.4
192.7
236.9
364.9
430.2
282.9
342.8
410.6
490.7
402.2
389.5
456.7
542.2
682
696.3
709
695.2
539.7
682.7
691.1
418.7
695.3
532.4
418.6
588.1
438.5
391.2
306.6
309.6
103.7
40.87
-8.61
-59.38
-50.76
-44.53
-62.63
-49.57
-32.46
-53.71
-62.58
-38.56
-31.63
-34.72
-34.96
-30.69
-27.35
-33.33
-31.27
-26.16
-20.45
-18.99
-20.52
-23.53
-21.46
-22.92
-26.93
-27.04
-28.72
-22.42
-19.93
-19.58
-21.76
-20.73
-25.5
-27.87
-28.66
-26.31
-24.09
-23.26
-20.03
-10.95
-15.96
-16.01
-14.05
-18.96
-26.04
-30.77
-30.37
-34.15
-32.18
-29.53
-28.5
-25.91
-28.26
-27.37
-26.7
-22.99
-18.2
-1.143
34.58
57.13
0.224
45.56
151.1
205.7
192.2
399.1
369.6
139.2
279.6
273.1
633
654.8
671.7
678.6
675.9
714
697.8
713
615.4
501.9
621.3
681.3
641.5
544.1
656.9
665.6
588.1
578.3
563.9
529.2
433.7
423.8
368
298.4
248.9
200.9
129.6
16.41
24.19
29.78
-9.3
-29.73
-42.04
-42.47
-41.35
-41.22
-41.72
-42.12
-41.2
-42.09
-43.16
-43.66
-44.5
-43.25
-42.69
-42.6
-39.2
-35.71
-33.53
-37.46
-37.81
-37.32
-36.23
-36.61
-35.22
-38.11
-36.58
-38.72
-41.38
-41.43
-41.22
-39.64
-21.97
-24.99
-32.57
-27.92
-24.41
-20.58
-24.68
-26.42
-39.27
-42.78
-39.06
-35.87
-32.77
-17.56
-12.91
-11.99
-10.03
-10.38
-17.76
-16.53
1.716
22.79
49.21
63.72
121
144.8
237.6
209.3
202.7
174.7
392.5
403.4
492.7
428.3
289.1
287
480.1
550.7
561.5
486
460.2
468.8
531.3
508.6
487.2
519
507.5
429.6
397.4
425.4
437.8
394.8
386.9
356
430.5
352.6
277.7
270.9
176.3
228.3
165.1
70
17.13
-18.84
-27.82
-46.84
-54.1
-56.11
-56.07
-57.85
-58.13
-58.81
-59.54
-58.71
-59.46
-58.87
-59.93
-60.75
-58.59
-57.56
-57.36
-57.53
-57.66
-58.35
-59.53
-59.75
-60.7
-60.83
-61.27
-58.28
-59.16
-60.68
-60.01
-57.56
-56.07
-58.19
-57.69
-57.08
-56.3
-55.48
-56.83
-53.7
-65.59
-55.55
-52.67
-53.42
-47.79
-58.94
-52.19
-50.6
-46.52
-50
-49.58
-52.64
-47.39
-44.37
-17.61
17.94
63.12
78.3
41.05
82.8
186
248
337.8
307.3
350.7
426.1
467.5
511.2
566.5
460.6
614.8
589.6
555.8
597
665.3
603
609.9
603.9
722
720
697.6
616.8
253.5
583.4
537
591.9
539.5
510
496.6
288.3
356.2
320.6
259.9
211.6
172.3
119.1
40.31
25.05
-7.47
-31.92
-42.48
-46.61
-46.94
-48.38
-49.54
-50.47
-50.19
-46.4
-45.5
-44.67
-45.35
-46.24
-47.33
-46.06
-46.29
-46.11
-47.2
-46.97
-46.98
-46.87
-46.13
-46.22
-45.93
-46.04
-46.17
-45.97
-45.21
-45.29
-42.34
-44.06
-45.38
-46.12
-46.56
-46.93
-46.43
-45.43
-45.05
-43.24
-42.34
-43.28
-42.88
-42.22
-41.05
-42.37
-41.33
-40.74
-27.12
-33.07
-36.62
-32.85
-18.11
12.61
32.25
66.76
83.7
161.4
237.2
246.9
315
374.7
394.8
438.5
474.1
506.9
539.5
575.8
590.4
577.1
589.7
604.1
618.4
621.6
638.6
659
460.1
405.5
626.8
153.3
99.3
400.3
506.2
520.4
307.8
151.3
346.8
428.1
371.6
307.9
190.2
70.7
168
119.2
77.9
29.81
-3.45
-34.48
-43.07
-40.73
-41.87
-41.02
-40.25
-40.64
-40.52
-39.79
-38.75
-38.65
-39.74
-38.78
-38.78
-39.71
-40.28
-38.3
-37.9
-40.41
-37.52
-37.94
-35.65
-36.6
-37.24
-36.57
-35.78
-37.46
-37.48
-37.82
-38.12
-37.64
-36.35
-38.5
-40.11
-42.41
-42.52
-41.47
-39.6
-40.56
-41.41
-42.82
-41.15
-43.39
-42.06
-43.21
-45.6
-43.66
-42
-44.84
-41.39
-34.19
-19.22
21.76
43.31
77.8
106.3
82.1
221.3
266.2
318.8
371.1
405.4
445
498.7
523.8
538.2
587.7
580.3
593
609.1
688.3
657.5
648.8
565.2
630.6
604.2
687.5
713
662.9
651.8
598.4
435.6
406
469.1
497.2
387.4
405.1
349.8
292.4
232.2
182.9
139.9
93.5
52.18
11.01
-30.51
-39.67
-41.34
-42.5
-41.55
-45.05
-42.59
-42.44
-41.77
-42.23
-41.26
-32.71
-28.81
-36.85
-35.32
-33.05
-23.39
-23.44
-27.42
-32.95
-31.36
-33.26
-36.57
-40.58
-38.32
-39.79
-50.14
-42.19
-36.98
-35.7
-35.35
-31.58
-23.54
-30.57
-22.49
-21.48
-22.19
-29.16
-25.06
-28.25
-23.55
-29.86
-34.9
-34.2
-35.25
-37.66
-34.85
-35.1
-36.25
-32.92
-28.69
-23.73
-15.22
-14.11
12.3
34.66
51.9
68.86
71.6
79.1
94.6
114.9
124.5
239.4
333.8
552.4
602.2
560.2
556.1
511.3
582.4
611.4
637.4
634.5
623.9
536.6
640.7
666.3
646
637.2
610
592.3
560.8
533.4
523
526.8
492.1
432.6
235.6
195.1
110
77.6
73.5
60.48
35.86
-1.174
-20.89
-34.8
-36.71
-37.91
-37.85
-36.77
-37.76
-41.97
-43.23
-42.62
-39.79
-37.36
-39.01
-42.54
-43.02
-42.25
-41.69
-41.64
-43.89
-40.68
-40.22
-41.74
-47.7
-41.2
-41.54
-40.61
-39.72
-37.24
-37.25
-37.21
-38.97
-34.76
-39.1
-37.8
-39.56
-38.65
-36.91
-36.93
-36.6
-37.79
-38.28
-36.97
-36.93
-37.79
-38.85
-39.18
-39.35
-39.24
-39.75
-38.94
-40.05
-32.73
-14.99
18.56
-14.06
16.09
86.9
136.1
204.9
272.6
313.2
346.4
400.1
436.9
481.6
516.1
531.7
549.8
555.2
554
563.7
575.3
550.7
628
481.9
565.3
533.4
462.9
603.6
658.1
491.7
372.5
574.3
535.4
489
466
424.2
372.9
325
271.9
232.1
184.5
128.2
100.9
57.08
11.12
-21.37
-40.18
-44.99
-46.99
-47.51
-46.8
-46.58
-44.94
-43.7
-42.86
-42.24
-44.3
-43.65
-43.45
-42.82
-44.04
-42.72
-43.18
-43.74
-42.92
-43.18
-42.44
-41.62
-42.75
-42.39
-43.17
-41.29
-39.2
-38.85
-38.86
-39.15
-40.72
-42.87
-39.99
-39.38
-37.12
-36.43
-38.61
-36.66
-36.15
-37.03
-39.71
-41.58
-38.17
-37.73
-37.66
-38.35
-38.05
-38.89
-39.16
-37.24
-32.05
-16.31
13.8
25.62
-11.33
124.3
171
217.1
257.1
308.2
353.8
397.5
431.8
468.9
513.6
536.9
547.7
549.7
561.1
582.3
588.8
611.2
610.7
623.8
618.2
637.1
653.6
645.9
612.1
610.6
588.3
559.7
518.1
489.3
470.6
420.1
361
326.3
281.5
230.9
179.7
132.5
83.8
43.18
9.1
-21.44
-40.03
-43.2
-44.83
-51.32
-50.37
-49.03
-47.6
-47.11
-48.54
-49.7
-50.57
-48.73
-47.17
-48.98
-49.7
-51.15
-50.81
-50.85
-53.18
-50.58
-48.72
-48.52
-49.8
-47.26
-50.03
-48.1
-42.35
-47.57
-43.79
-45.03
-43.13
-43.52
-43.08
-43.16
-43.75
-45
-43.24
-43.16
-42.79
-41.48
-43.9
-44.11
-42.05
-42.18
-42.94
-42.15
-44.63
-44.28
-43.15
-42.08
-36.46
-21.14
-0.512
28.28
61.93
83.3
123.2
206.1
272.8
304.7
344.9
397.6
437.3
455.3
522.4
543.6
570.1
537.7
549.5
554.2
592.2
620
619.1
610.1
616.2
643.2
654.2
633.9
616.3
615.4
605.5
562.5
584.8
530.5
473.1
416.3
367.9
333.7
282.8
229.8
178.4
127.4
82.4
40.21
5.725
-23.6
-43.77
-51.13
-52.3
-55.65
-55.28
-56.53
-53.47
-54.15
-57.1
-60.49
-58.87
-57.98
-55.1
-53.67
-53.14
-49.99
-49.1
-49.44
-46.8
-46.23
-44.09
-44.52
-44.83
-43.92
-42.99
-40.51
-42.81
-42.14
-39.3
-38.08
-41.65
-40.56
-43.5
-41.57
-41.73
-41.44
-41.87
-44.62
-45.68
-41.76
-41.03
-42.83
-41.81
-41.6
-42.45
-40.75
-40.75
-42.15
-42.49
-40.59
-34.97
-20.3
9.29
26.6
43.47
119.8
162
210.8
267.5
302.1
341.8
387.1
431.6
482.4
511.5
539.4
559.4
555.5
545.5
567.6
579.6
584.4
599.4
603.4
625
633.1
642.3
642.1
614.3
601.7
579.1
557.4
537.9
491.5
436.3
404.1
367.2
317.4
273.9
212.7
164.2
122.5
77.6
36.91
3.995
-23.84
-44.92
-52.32
-54.06
-54.55
-52.66
-53.71
-51.66
-53.91
-51.96
-52.67
-51.74
-51.79
-54.09
-52.28
-50.03
-49.53
-49.94
-49.44
-49.32
-49.19
-48.77
-48.48
-47.42
-47.35
-45.68
-45.05
-45.42
-44.69
-43.85
-43.96
-44.39
-44.72
-45.26
-42.82
-43.94
-42.61
-44.35
-44.6
-45.3
-44.7
-43.12
-42.37
-41.85
-41.02
-28.76
-23.23
-22.83
-32.98
-40.4
-39.93
-34.02
-17.4
19.29
48.24
26.21
88.9
157.2
201.6
258.2
295.3
363.7
397.5
422.5
457.3
489.5
528.2
546.9
525.6
547.8
558
575.6
596.2
574.9
596.9
605.7
621.3
642.6
616.8
613.3
601.9
588.2
539
515.9
486.4
446.7
403.5
354.3
312.9
258.3
209.7
164.7
118.3
70.1
27.16
-6.013
-34.28
-50
-53.36
-52.44
-50.41
-52.05
-51.85
-50.98
-50.22
-49.71
-50.61
-50.46
-47.85
-47.43
-46.98
-47.28
-47.7
-47.26
-46.6
-47.29
-50.09
-50.79
-50.03
-49.12
-48.67
-48.77
-49.4
-49.41
-50.3
-50.49
-50.85
-50.6
-48.46
-52.15
-47.5
-50.13
-49.08
-55.28
-45.71
-48.34
-48.15
-50
-46.69
-46.16
-45.14
-45.9
-46.51
-49.65
-48.42
-47.13
-45.71
-39.26
-27.37
1.309
0.639
9.78
104.9
151.1
203.4
243.4
289.5
332.7
375.4
422.6
458.9
454.2
496
483.9
535.5
527
543.8
532.6
564
182.8
639.7
610
629.7
642.5
657.7
616.8
599.6
558.2
552.6
486.5
492.2
449.5
413
369.3
311.7
266.1
199.6
166.8
112
69.89
37.26
-12.76
-33.91
-41.59
-45.51
-46.98
-42.79
-31.23
-27.13
-38.92
-47
-44.13
-45.38
-44.8
-46.58
-45.74
-45.19
-45.57
-48.38
-45.04
-49.76
-41.07
-40.62
-42.41
-44.56
-46.35
-45.11
-43.94
-43.21
-45.64
-48.8
-42.19
-42.43
-42.98
-43.18
-41.12
-34.03
-35.72
-32.75
-34.84
-36.66
-40.29
-36.77
-33.19
-34.14
-26.08
-36.44
-42.07
-42.77
-43.28
-44.59
-45.67
-43.51
-37.83
-26.28
-11.54
-24.76
-30.49
97.1
109.8
175
195
209.4
342.8
406.3
425
458.1
482.8
515.9
527.3
513.9
526.9
540.5
568.3
573.9
578.6
584.1
593.5
624.2
632.4
633.3
607.7
595.4
570.8
542.1
563.6
504.9
362
424.8
426.9
378.8
367
326.8
153.8
-30.61
-16.65
-6.212
-11.79
-18.87
-25.51
-33.45
-39.13
-50.34
-44.46
-39.62
-35.44
-42.35
-41.65
-38.39
-42.55
-42.7
-41.47
-42.72
-40
-39.96
-42.4
-42.98
-42.93
-43.76
-42
-44.09
-42.13
-42.18
-41.4
-41.28
-40.97
-39.74
-41.28
-40.46
-41.16
-38.78
-27.38
-31.65
-36.15
-37.39
-32.15
-16.66
-6.418
-7
-20.16
-37.01
-42.27
-43.02
-41.21
-41.87
-41.57
-41.22
-43.79
-42.21
-33.74
-7.85
16.14
48.35
115.6
149.1
169.5
157.8
147.4
269.2
325.9
384.2
444.4
468.4
490
528
554.7
576.6
555.5
556.5
566
587.9
585.2
589.5
589.2
599.9
601.2
650.9
621
604.7
574.2
560.7
493.7
396
464.4
420.1
372.5
310.3
272.4
162.2
134
-15.47
-19.36
-22.02
-24.39
-29.02
-40.43
-44.01
-43.05
-42.33
-43
-41.73
-42.9
-44.23
-43.77
-43.12
-41.85
-41.32
-40.32
-40.72
-40.85
-41.87
-42.28
-41.87
-41.36
-42.52
-39.58
-38.85
-41.95
-40.75
-43.19
-39.78
-39.81
-39.34
-40.57
-41.27
-40.3
-40.99
-40.36
-38.45
-41.76
-39.93
-39.17
-38.43
-39.19
-38.53
-38.89
-39.15
-38.99
-38.77
-34.29
-37.06
-36.99
-37.77
-37.54
-38.55
-25.39
-0.829
16.71
23.63
41.08
95.2
101.7
206.2
275.8
237.9
160
282.1
493.2
485.7
592.3
527.4
563.7
564.7
558.3
542.8
558
578.3
577.7
578.2
574.1
580.9
491.5
621.2
597
578.9
543.3
426.4
501.9
485
424.5
325.7
259.9
297.2
211.3
4.359
0.237
1.954
13.64
9.67
-32.75
-4.216
-22.7
-22.35
-24.55
-22.89
-19.19
-12.87
-13.52
-19.83
-19.94
-40.72
-43.41
-39.23
-39.86
-40.86
-39.49
-36.78
-36.53
-35.95
-36.69
-39.09
-38.22
-35.83
-36.02
-36.53
-36.94
-38.55
-41.05
-42.51
-42.33
-42.33
-43.11
-42.44
-40.85
-40.71
-40.86
-41.01
-41.29
-40.1
-41.55
-41.34
-39.04
-40.26
-40.11
-40.66
-38.27
-37.67
-38.22
-37.24
-37.02
-35.48
-31.95
-14.49
19.15
51.09
82.1
85.4
81.1
164.1
187.3
283
356.2
373.3
441.2
472.9
517.5
555.5
562.8
517.2
554.1
527.2
562.3
586.4
564.8
608.5
619.6
615.1
637.8
623.6
595.7
590
557.4
543.2
499.9
466.6
427.2
411.6
355
309.1
253.3
218.4
159.3
76
-5.675
-9.26
3.478
-21.03
-39.19
-41.09
-40.43
-40.29
-39.53
-38.45
-38.96
-38.84
-38.82
-39.3
-37.13
-37.63
-36.95
-37.66
-35.13
-35.45
-34.43
-34.6
-35.6
-36.33
-37.9
-38.16
-37.79
-37
-37.48
-38.83
-38.97
-40.07
-39.59
-38.37
-36.97
-37.65
-36.72
-38.01
-37.81
-37.16
-38.46
-39.79
-37.84
-38.97
-37.35
-36.22
-37.87
-39.05
-39.93
-44.98
-46.86
-43.23
-61.66
-79.6
-43.5
-21.65
7.13
36.98
74.5
115.6
161.1
186.7
270.2
282.6
335.3
367.5
416.3
462.1
487.7
511.5
529.1
519.1
533.2
531.2
547.5
567.6
558.7
587
624.2
528.3
567.9
662.7
533.9
584
566.1
473
494.9
465.6
432.5
385.2
240.3
152.3
192.4
208.5
127.4
-12.94
-18.23
-12.45
2.076
-17.18
-35.22
-40.12
-41.66
-39.81
-40.25
-42.04
-39.98
-38.85
-38.18
-39.56
-39.92
-39.1
-38.09
-37.66
-39.06
-38.71
-37.66
-37.12
-37.33
-38.25
-37.32
-37.78
-37.18
-37.43
-37.14
-36.62
-36.75
-37.07
-37.28
-36.97
-36.77
-37.08
-38.47
-38.68
-38.56
-38.65
-38.63
-38.69
-40.31
-41.42
-41.22
-40.85
-40.28
-41.6
-41.04
-40.35
-40.46
-38.73
-41.99
-40.51
-36.06
-24.39
3.238
39.11
90.5
151
175.6
201.9
244.7
292.7
329.5
379.3
420
460.4
477.9
512.4
528.7
540.7
509.7
569.9
562.3
591.4
537.8
481.3
567.4
582.1
489.9
458
530.9
468.4
437.1
223.8
328.7
94.5
29.93
-2.595
-21.15
-83.3
33.1
74.9
210.5
175.4
131.9
39.83
3.145
-18.68
-33.57
-36.75
-36.82
-36.27
-36.96
-38.66
-38.73
-37.75
-36.43
-36.31
-35.58
-35.75
-37.55
-37.44
-39.86
-40.49
-40.6
-39.22
-38.05
-40
-41.91
-41.55
-41.93
-41.14
-41.38
-40.48
-40.16
-39.79
-38.89
-39.3
-39.31
-39.13
-38.94
-38.96
-39.56
-39.87
-39.73
-39.96
-40.22
-40.4
-40.34
-40.8
-39.6
-40.26
-39.6
-39.16
-39.18
-39.66
-40.92
-39.84
-34.91
-24.27
1.502
30.48
66.84
110
153.6
201.9
244.1
290.2
327.9
368.2
409.1
446.8
474.2
503.3
510.2
517.4
517.7
536.9
555.4
566.8
608.6
657
176.1
135.9
442.4
506.9
585.3
578.2
364.6
486.9
606.8
551
283.8
429.5
104.8
74.7
120
185.5
73.3
65.59
77.2
71.3
11.14
-9.15
-28.23
-29.08
-39.15
-38.3
-37.2
-34.52
-15.26
-13.02
-14.06
-13.22
-12.94
-10.77
-12.56
-43.89
-38.14
-36.74
-20.7
-31.53
-29.25
-28.71
-22.08
-29.45
-31.18
-40.17
-44.2
-48.78
-47.86
-54.3
-52.73
-51.46
-52.09
-46.63
-40.3
-35.28
-24.02
-23.73
-20.5
-15.76
-16.55
-21.8
-18.39
-15.34
-15.24
-18.77
-19.1
-25.66
-26.8
-19.56
-12.39
-10.33
-4.585
-10.09
-2.114
3.044
-3.654
-8.37
6.544
20.18
19.69
48.98
43.64
31.38
10.23
17.17
12.21
42.84
36.01
63.46
161.2
297.6
204.5
236.3
308.9
211.9
246.9
369.8
173.4
136.3
71.3
80.9
66.89
84.7
75.5
51
103.1
167.8
25.77
5.393
31.44
31.33
33.89
33.87
-15.13
-13.3
-8.77
-14.09
-11.94
-10.89
-14.69
-26.63
-26.96
-31.16
-23.62
-16.84
-13.94
-13.4
-13.72
-14.16
-14.49
-17.02
-22.21
-13.47
-9.32
-9.74
-11.09
-9.31
-10.91
-10.37
-9.66
-9.79
-14.08
-15.32
-29.99
-38.49
-23.78
-14.2
-14
-10.96
-9.14
-13.42
-11.08
-9.79
-7.81
-9.09
-8.09
-7.46
-7.37
-7.57
-8.73
-8.93
-8.58
-8.39
-7.84
-7.73
-10.29
-8.92
-5.45
5.052
14.06
44.93
64.83
110.1
152.5
202
250.9
295.9
333.6
373.7
419.2
464.5
487.1
546.8
541.6
520.7
516.7
501
540.2
549.9
564.2
563.8
555.2
555.9
610.4
603.4
587.3
602.4
516.8
540.2
338.3
519
433.3
387.2
326.1
291.8
243.3
197.3
149.6
104.4
62.49
23.22
-5.544
-30.68
-42.33
-45.64
-45.67
-47.01
-47.17
-45.95
-44.56
-44.64
-44.03
-43.06
-43.32
-44.68
-44.74
-44.74
-44.61
-43.76
-44.66
-42.97
-43.55
-42.07
-43.03
-42.88
-43.33
-42.55
-41.53
-42.28
-41.56
-41.13
-40.52
-30.69
-16.36
-24.66
-29.43
-36.31
-15.58
-6.454
-5.009
-4.589
-4.708
-5.328
-5.528
-11.97
-16.19
-22.29
-26.47
-32.13
-38.21
-39.02
-39.11
-37.46
-31.99
-23.83
2.052
33.18
67.75
112.5
153.2
196.9
243.4
294.9
334.4
368.9
401.6
447.4
467.1
505.8
529
544.4
452.5
435.8
516.5
539.1
490.9
388.9
339.7
374.5
571.2
348
339.2
501.6
538.5
458.5
447.3
238.4
318.1
378.8
330.8
287.8
243.8
194.3
145
100.8
57.78
20.66
-9.09
-31.59
-41.08
-42.96
-42.21
-41.13
-42.55
-42.92
-42.73
-41.49
-40.32
-40.64
-41.73
-44.34
-43.28
-43.51
-42.53
-42.06
-42.1
-40.48
-39.44
-38.67
-38.53
-38.33
-38.45
-37.48
-37.47
-38.78
-36.54
-38.28
-38.51
-38.92
-39.02
-39.13
-37.79
-40.06
-37.49
-37.89
-37.31
-35.96
-35.94
-38.54
-36.36
-35.94
-36.06
-37.05
-36.49
-36.5
-36.02
-35.73
-34.58
-34.68
-30.25
-19.26
4.709
34.24
68.37
76.3
126.4
188.9
238.3
285
310.4
370
304.1
482.2
455.4
549.7
455
440.3
519
516.9
511.4
532.5
507.8
500.1
535
549.6
556.5
574.1
563.3
560.7
529.2
515.4
493.3
458.8
410.3
368.5
348
283.8
239
178.8
35.39
3.565
-4.984
-18.03
-27.37
-35.08
-40.05
-41.83
-40.67
-39.89
-40.12
-40.24
-39.25
-39.24
-38.18
-36.52
-36.52
-35.03
-35.43
-35.08
-35.94
-35.67
-36.03
-35.58
-35.16
-34.86
-33.89
-34.75
-35.4
-35.16
-35.76