-35.02
-33.63
-35.08
-33.89
-32.42
-35.29
-34.35
-35.24
-35.2
-32.86
-34.14
-34.28
-34.31
-36.26
-35.6
-35.07
-36.14
-34.35
-33.92
-35
-36.12
-34.33
-33.6
-35.49
-32.59
-28.36
-18.5
7.48
38.26
71.6
107.2
83.3
191.8
236
276.1
315.1
367.7
392
431
467.2
489.4
497.9
514.1
504.3
507.8
528.9
531.4
550.1
572.1
556.6
551.7
506
474.9
585.6
552.2
535.7
521.3
320.3
260.1
428.6
394.9
347.8
290.2
177.7
196.7
144.2
93.8
53.18
17.89
-17.81
-33.64
-38.24
-37.22
-38.86
-42.19
-41.3
-40.39
-39.43
-36.87
-36.65
-36.33
-36.18
-34.71
-34.32
-34.82
-35.26
-37.21
-36.55
-36.01
-37.64
-35.95
-37.93
-39.03
-39.59
-41.21
-41.77
-39.87
-38.12
-42.71
-41.11
-39.25
-37.99
-38.17
-39.61
-37.56
-38.22
-38.01
-42.13
-39.93
-40.24
-37.97
-38.82
-38.8
-38.32
-37.73
-36.06
-35.85
-36.18
-37.01
-39.18
-37.13
-31.42
-21.88
4.395
36.55
68.75
85.2
107.1
191.5
244.3
277.4
320.3
366.7
413.3
445.6
472.3
499.8
528.2
504.6
500.5
511.3
516.4
525.6
536.4
529
547
550.5
572.5
592.8
593.4
559.7
533.4
505.9
477.9
444.4
406.9
331.3
307.3
235.8
242.7
151.8
28.34
16.5
64.27
24.35
-20.06
-35.8
-44.11
-44.49
-47.3
-47.07
-47.1
-45.36
-43.65
-44.48
-46.35
-49.52
-49.88
-48.18
-47.95
-46.45
-45.89
-46.54
-47.16
-45.63
-43.87
-40.66
-35.05
-30.39
-32.14
-20.84
-22.56
-31.77
-43.35
-43.02
-42.96
-46.9
-47.1
-46.56
-46.25
-48.03
-49.7
-50.29
-54.57
-55.02
-51.5
-49.8
-52.07
-55.15
-59.65
-61.33
-57.07
-59.7
-61.46
-61.24
-62.59
-59.02
-57.61
-48.54
-16.48
15.51
52.08
89.2
86.8
109.9
217.5
267.1
316
344.3
389.6
416.2
463.7
487.3
488.7
494.5
488.2
490.8
501.3
510.8
525.3
481.6
533.9
552.7
579.1
578.1
576
536.7
511.5
490.1
452.4
418.8
386.1
345.1
300.7
257.7
207.7
159.5
110
62.82
21.46
-11.92
-36.96
-59.93
-67.95
-68.39
-67.44
-67.97
-68.48
-66.22
-64.64
-62.03
-62.54
-63.23
-63.18
-66.87
-71.2
-77.4
-81.1
-80.7
-82.6
-81.7
-79.5
-73.7
-68.47
-65.49
-61.85
-64.08
-64.26
-64.41
-63.45
-59.48
-58.57
-60.17
-60.67
-62.06
-61.19
-61.29
-64.2
-63.25
-61.73
-61.79
-61.71
-64.31
-63.47
-61.54
-61.46
-60.33
-58.5
-57.87
-58.51
-59.35
-60.26
-58.29
-58.74
-50.82
-28.92
2.134
24.84
34.68
89.3
161.9
209.3
255.6
301.9
344.9
378.8
407.5
433.6
465.7
477.5
469.4
469.6
482.3
486.4
500.2
524.9
522.1
528.1
523.8
554.2
559.9
544.4
531.1
510.6
466.5
436.5
405.4
381.8
326
289.8
250.9
202.5
151.9
103.8
59.67
19.35
-14.17
-37.75
-59.08
-67.94
-69.45
-70.9
-70.8
-71.1
-69.26
-67.4
-67.75
-69.48
-71.9
-69.16
-71.1
-67.76
-67.6
-65.64
-65.73
-63.75
-61.82
-63.41
-62.29
-59.76
-59.67
-60.91
-60.82
-58.07
-58.86
-58.73
-57.7
-54.98
-55.08
-54.55
-54.02
-56.05
-57.73
-57.75
-57.22
-57.09
-59.09
-57.97
-56.94
-58.85
-56.85
-59.03
-56.61
-58.8
-50.42
-51.11
-54.61
-52.61
-55.13
-44.07
-40.06
-16.42
16.7
24.79
77.6
124.8
175
224.7
277.1
309.1
353.7
385.2
421.2
457.9
478.4
480.6
483.4
462.8
483.6
519.2
495.8
527.6
533
524.7
539.8
566.3
565.8
550
551.4
437.6
508.1
460.5
425.5
399.4
363.8
310.1
252.7
205.8
161.9
116.8
74.8
33.45
0.551
-25.98
-44.4
-50.95
-51.74
-52.47
-51.2
-53.21
-51.98
-55.82
-54.85
-54.21
-53.68
-51.9
-51.38
-51
-50.82
-49.13
-48.37
-47.09
-47.03
-46.59
-46.25
-46.09
-43.94
-43.44
-43.11
-42.9
-41.88
-40.85
-39.21
-41.86
-41.33
-43.61
-40.74
-40.02
-40.29
-36.56
-40.96
-38.49
-39.42
-39.14
-38.3
-38.5
-38.24
-37.96
-38.14
-38.29
-39.48
-39.71
-40.69
-42.05
-41.32
-36.18
-25.91
-20.3
-67.36
47.84
91.6
131.2
173.9
223
260
302.4
352.8
386.7
413.7
447.9
477.6
467.6
460.1
466.4
472.7
491.9
501.6
512.4
511.3
508
515.8
546.1
547.6
536.1
508.5
499.2
463
436.7
406.8
366.9
331.9
294.2
244.4
202.6
157.7
112.8
70.9
32.32
0.96
-23.65
-40.63
-45.64
-46.95
-46.17
-44.81
-46.13
-46.77
-45.12
-45.81
-44.61
-43.75
-43.21
-43.3
-44.3
-43.41
-41.32
-40.27
-40.72
-43.19
-41.83
-35.37
-33.3
-24.6
-18.91
-13.46
-11.41
-11.04
-10.61
-11.83
-13.73
-20.4
-16.54
-16.77
-15.94
-13.05
-12.77
-13.83
-15.31
-16.66
-25.28
-31.77
-37.22
-38.91
-42.6
-42.46
-40.21
-41.46
-42.28
-43.36
-43.45
-43.18
-38.88
-31.72
-11.95
5.206
51.32
87.3
130.4
180.1
212.9
262.4
301.1
337.2
373.7
417.8
439.3
466.5
458.1
461.3
474.8
476.1
489.5
500.3
506
514.1
510.7
525.5
548.1
559.8
550.9
519.1
498.6
485.1
437
406.9
386.3
340.4
287.6
276.7
243.2
177.3
126.3
69.85
38.86
3.115
-34.35
-44
-47.85
-49.62
-48.91
-46.11
-43.67
-43.4
-43.57
-45.42
-46.02
-45.65
-45.37
-50.4
-50.15
-49.44
-45.78
-45.9
-44.92
-44.07
-43.04
-45.02
-44.08
-40.45
-37.96
-40.3
-41.85
-42.42
-42.54
-40.74
-39.32
-43.02
-45.02
-45.8
-45.29
-42.1
-36.14
-20
-14.61
-14.11
-10.69
-10.33
-11.11
-8.89
-20.87
-33.06
-30.75
-20.79
-4.978
-2.977
-4.657
-3.537
-3.326
-3.543
1.792
37.02
36.44
39.36
43.02
29.94
23
16.11
16.4
26.2
22.79
71.5
86.7
96
81.7
98.6
98.7
109.4
100.7
106.1
132.2
235.2
238.2
271.2
226.9
206.2
296.5
308.3
225.7
238.7
181.8
114.8
85.9
57.67
41.11
58.81
85.1
80.3
21
18.83
15.51
6.094
-1.373
-6.026
-8.68
-10.47
-9.18
-9.66
-12.84
-11.15
-8.52
-8.34
-19.48
-14.93
-11.01
-10.74
-11.3
-10.32
-9.97
-9.48
-8.79
-9.53
-10.37
-9.89
-9.74
-9.61
-10.04
-10.37
-14.27
-22.94
-28.07
-28.12
-20.3
-19.73
-19.63
-24.57
-18.88
-13.86
-11
-10.61
-14.76
-12.95
-11.62
-10.58
-14.81
-17.36
-16.95
-23.73
-26.74
-31.47
-39.52
-40.68
-37.18
-34.35
-40.6
-51.92
-52.84
-60.54
-56.11
-41.36
-29.56
-2.504
7.67
-24.41
-18.3
4.533
74.3
120.4
145.7
164
212.9
218.7
276.8
332.7
276.8
291.5
288
523
360.3
270.1
337.3
447.2
401.8
397.6
443.3
385.4
404.6
396.7
285.7
314.4
291.3
199.6
201.3
160.4
114.6
70.8
31.46
-2.086
-28.18
-47.09
-53.3
-55.38
-53.75
-56.27
-55.88
-55.55
-55.79
-54.37
-55.69
-55.75
-53.7
-54.78
-54.21
-55
-55.56
-55.42
-55.34
-54.94
-56.27
-55.44
-53.84
-53.98
-54.9
-53.93
-53.94
-55.35
-54.83
-54.83
-55.58
-55.56
-55.21
-54.92
-54.55
-55.51
-54.97
-55.67
-55.72
-56.99
-56.76
-55.94
-56.21
-56.15
-55.04
-54.33
-53.92
-54.68
-53.05
-52.51
-53.14
-52.08
-48.52
-41.43
-17.82
13.09
45.7
87.7
130.9
172.4
212.6
258.4
300.7
345.8
375.3
412
442.5
461.4
464.1
453.6
464.2
470.4
477.2
491
489
490.4
491.8
497.8
525.8
539.7
537.2
519.8
491.3
456
425.2
396.9
374
325.1
287.7
251
201.5
152
107.2
64.84
23.29
-4.31
-30.98
-48.55
-55.66
-57.03
-56.83
-56.55
-54.99
-55.21
-55.25
-55.04
-56.34
-53.8
-54.45
-53.53
-54.52
-52.78
-49.6
-51.78
-55.53
-53.64
-52.11
-52.22
-52.83
-51.95
-52.55
-53.53
-52.74
-53.25
-53.88
-53.17
-53.14
-53.09
-54.59
-53.41
-51.68
-50.65
-50.39
-49.47
-48.9
-51.4
-50.18
-50.34
-49.75
-48.84
-48.19
-47.76
-47.9
-47.72
-47.34
-48.02
-47.11
-46.2
-41.26
-33.55
-12.34
16.96
51.81
88.5
110.7
151.8
212.9
261.5
295.9
335
378.8
407.5
439.4
471.7
457.3
455.1
454.4
394.7
494.9
490.6
499.2
513.7
503.5
508.7
551
542.1
537.6
499
481
465.2
443.1
308.1
321.9
303.7
303.8
246.5
219.1
156.2
111
53.07
29.44
-0.994
-29.66
-45.41
-53.78
-57.13
-55.77
-56.12
-55.04
-53.35
-53.17
-51.23
-53.22
-52.15
-52
-50.07
-52.19
-50.31
-46.54
-45.46
-47.04
-45.8
-45.73
-46
-45.55
-46.32
-44.96
-43.34
-42.94
-43.06
-41.95
-42.16
-42.15
-42.75
-41.93
-42.33
-42.52
-42.29
-44.05
-43.01
-44.96
-45.5
-43.39
-41.56
-41.87
-40.02
-37.97
-39.15
-38.03
-37.65
-36.58
-36.68
-37.44
-36.96
-32.7
-25.09
-6.876
18.57
50.7
85.4
122.5
165.6
210.8
256.7
288.6
335.8
375.5
408.8
438.6
450.3
460
458.5
463.1
467
446.3
447.1
507.4
522
509.3
501
541.5
547.2
539.6
513
496.4
465.5
433.4
401.4
366.4
325.9
287.5
243.6
200.1
158.6
111.3
68.66
29.91
-0.145
-24.9
-40.41
-46.25
-46.05
-45.54
-46.43
-46.71
-47.66
-45.9
-44.54
-45.64
-45.22
-45.49
-45.11
-47.31
-44.63
-45.18
-42.09
-40.56
-39.42
-38.09
-38.6
-40.25
-39.01
-37.32
-40.07
-38.35
-41.53
-41.35
-40.93
-40.51
-40.48
-37.44
-37.97
-37.39
-36.81
-36.22
-35.24
-37.2
-36.24
-35.17
-35.88
-36.59
-36.2
-35.84
-35.06
-35.94
-35.84
-36.58
-36.89
-35.5
-33.28
-30.84
-23.34
-1.597
25.28
48.96
59.48
116.5
161.6
214.8
260.4
294.3
328.2
358.4
391.7
427.4
425.4
442.4
455.8
451.2
466.7
464
476.1
483.3
489.1
484
501.3
533.3
531.7
543.2
496.7
473.8
451.5
431.7
385
357
326.8
293.7
231.1
206
151.2
108.2
60.81
26.93
0.034
-24.04
-39.43
-44.09
-41.87
-42.9
-41.53
-42.21
-42.83
-42.88
-44.85
-44.16
-46.58
-46.43
-47.34
-45.83
-43.73
-41.85
-43.25
-43.94
-41.85
-40.9
-41.85
-41.59
-42.67
-41.03
-39.29
-38.72
-40.65
-40.69
-38.91
-39.57
-37.08
-36.69
-36.9
-35.66
-36.71
-36.63
-36.93
-33.55
-33.57
-33.45
-34.77
-38.68
-41.21
-36.18
-35.88
-34.34
-34.57
-34.61
-34.75
-33.7
-32.08
-53.35
-26.09
-8.44
21.58
51.5
52.41
135.4
169.8
206.4
254.2
290.4
331
376.3
401.2
430
447.1
448.3
442.1
457.9
460.2
461.9
477.1
490.1
495.4
561.5
539.4
566.9
570.6
519.9
438.7
519.4
495.6
464.9
443.5
393.7
375.1
345.7
289.1
207.6
198.6
136.5
79.4
28.81
-4.792
-30.32
-38.1
-42.03
-44.66
-43.82
-43.15
-42.19
-41.23
-44.64
-46.52
-46.75
-48.03
-47.99
-44.87
-44.56
-42.45
-42.45
-44.71
-44.06
-43.03
-41.44
-41.35
-42.34
-42.52
-41.96
-40.78
-41.58
-42.25
-41.97
-42.19
-42.12
-42.6
-41.92
-41.07
-42.39
-42.08
-40.7
-38.64
-38.08
-40.26
-39.66
-39.9
-39.11
-39.39
-38.83
-39.64
-39.55
-38.89
-39.36
-39.61
-40.29
-40.17
-35.97
-28.92
-7.89
21.65
23.66
37.66
120.9
165.4
206.8
254.4
294.3
331.2
364.3
403.7
426.7
439.4
437.4
440.4
447.4
446.3
449.5
461.9
484
488.6
489.6
488.2
537.8
542.3
523.8
501.6
479.6
464.4
332.5
412.1
353.9
321
274.1
233.3
191.1
146.3
100.7
59.79
22.61
-6.806
-30.62
-47.31
-52.37
-52.09
-49.68
-49.6
-49.16
-50.72
-51.18
-50.08
-52.92
-53.37
-48.24
-41.8
-45.02
-46.02
-46.77
-52.52
-51.17
-52.94
-52.38
-54.36
-56.32
-54.49
-55.16
-55.41
-54.45
-54.35
-54.22
-55.8
-55.72
-55.91
-56.3
-55.53
-53.12
-52.31
-51.99
-51.65
-56.73
-77
-57.04
-54.15
-53.91
-54.08
-53.49
-52.85
-53.61
-53.12
-54.09
-54.08
-53.3
-52.45
-50.17
-43.65
-23.67
4.551
33.51
68.4
109.5
148.8
190.5
232
270.9
323.8
352.6
388.9
400.2
386.3
439.1
375.7
393.9
408.1
341.4
423.3
405.3
396.5
383.4
440.8
452.6
432.3
463.1
398.8
385.2
281.2
269.4
400
295
265.7
245
172.7
119.4
88.2
40.97
21.37
6.642
-11.27
-28.65
-43.82
-48.18
-48.43
-49.01
-49.19
-50.7
-46.08
-43.12
-42.6
-44.59
-47.6
-48.02
-46.3
-44.75
-46.28
-47.8
-47.49
-46.4
-45.4
-46.57
-47.14
-45.74
-45.91
-49.1
-50.38
-48.22
-48.33
-49.25
-47.3
-45.38
-43.92
-42.64
-42.16
-42.44
-42.74
-40.49
-36.33
-35.21
-36.96
-37.86
-34.64
-35.05
-35.52
-38.11
-39.08
-40.05
-40.01
-37.84
-39.57
-40.1
-37.02
-36.48
-26.7
-5.229
10.67
-18.35
13.28
36.53
66.37
97.8
130.2
168.3
277.9
309.7
402.3
418.4
419.1
449.3
450.8
429.1
441.7
432.9
478.2
481.2
477.5
481.9
438.2
434.5
475.7
377.3
415
342.4
357
358
402.5
334.2
298.1
235
188.1
176.4
105.1
47.69
46.48
35.52
-0.377
-25.37
-42.31
-46.61
-47.35
-48.79
-48.58
-47.46
-45.81
-44.63
-44.53
-43.22
-37.89
-38.23
-44.01
-46.76
-43.45
-42.17
-41.32
-40.42
-40.02
-39.98
-37.01
-34.43
-34.26
-35.27
-36.41
-35.4
-38.12
-31.29
-25.3
-16.84
-8.34
-5.504
-4.987
-4.68
-4.707
-4.657
-4.562
-4.374
-4.585
-4.665
-4.881
-4.554
-3.965
-3.603
-3.585
-3.646
-3.912
-3.83
-3.622
-3.498
-3.516
-3.463
-2.798
0.393
3.896
6.357
4.997
7.01
16.56
22.31
18.73
19.87
34.63
57.93
56.11
65.29
52.5
122.7
152.4
80
87.7
100.9
108.4
120.7
294.9
283
179.1
357.5
298.9
394.5
265.3
225.5
395.5
410.7
267.8
217.8
109.7
143.4
159.8
113.3
150.7
87.2
73.7
15.02
-25.11
-26.81
-31.04
-40.18
-39.01
-39.15
-39.52
-37.32
-36.66
-30.54
-19.71
-9.63
-5.887
-7.28
-7.4
-6.732
-9.71
-9.65
-5.929
-4.482
-4.754
-7.64
-4.728
-3.606
-3.606
-4.036
-4.137
-5.024
-7.06
-8.69
-10.08
-13.14
-14.11
-17.92
-11.1
-4.216
-3.577
-3.411
-3.25
-3.896
-3.912
-3.696
-3.426
-4.414
-6.531
-7.17
-7.68
-7.28
-6.691
-6.722
-6.606
-6.097
-6.129
-5.165
-0.296
6.623
17.21
30.89
45.5
70.3
69.27
62.52
95.5
133
116.3
137.1
210.1
243.9
355.7
446.5
380.2
486.5
414
305.9
313.1
424.3
372.9
172.8
115.3
87.1
97.9
107.5
120.6
188.8
159.2
177.7
146.7
130.7
112.2
144.4
140.3
110.7
80.8
62.9
38.53
30.76
18.74
1.642
-6.298
-9.42
-11.51
-9.76
-12.31
-14.17
-10.37
-8.76
-6.024
-6.029
-6.8
-13.67
-17.69
-15.52
-20
-8.38
-8.4
-9.11
-6.681
-6.539
-6.188
-6.138
-6.124
-6.043
-6.056
-6.138
-6.006
-5.839
-5.845
-5.628
-5.76
-6.021
-6.415
-6.565
-6.895
-6.705
-6.304
-6.919
-5.881
-5.913
-6.365
-6.164
-4.643
-4.757
-4.968
-4.417
-6.363
-5.996
-5.768
-6.439
-5.927
-4.576
1.772
13.99
19.62
25.44
41.83
52.65
71
86.2
111
134.6
153.2
150.6
142.3
145.4
188.8
183.3
296.2
302.1
291.3
312
417.3
500
546.9
352.8
418.9
449.1
482.9
477.7
532.7
396
423.7
396.7
374
339
311.7
251.4
193.2
201.4
142.8
93.9
60.29
19.07
-10.14
-34.37
-47.64
-50.99
-49.65
-51.23
-49.99
-50.41
-50.49
-51.51
-51.71
-51.17
-50.03
-48.97
-49.92
-48.97
-48.64
-46.87
-45.38
-44.98
-45.56
-45.74
-45.71
-44.16
-41.35
-38.94
-31.44
-22.91
-24.98
-30.18
-31.31
-40.04
-37.76
-38.68
-38.12
-34.7
-31.94
-30.55
-30.79
-30.28
-23.87
-17.61
-14.9
-14.73
-15.65
-15.75
-16.05
-16.95
-20.32
-18.83
-22.1
-24.12
-18.1
-12.11
-1.045
13.31
17.02
32.02
37.89
52.06
90.5
76
112.3
264.4
248.2
136.6
286.7
261
222
227.4
248
288.2
263.3
353.3
286.4
465.1
398
313.9
246.1
202.4
429.4
355.2
420.9
387.2
286.9
223
290.5
124.5
153.6
163.3
150.7
75.6
86.1
47.08
12.88
-10.53
8.84
-22.19
-39.75
-32.05
-28.42
-27.92
-30.06
-37.05
-40.41
-37.98
-34.08
-36.02
-35.81
-36
-34.41
-35.55
-36.52
-37.32
-28.67
-30.22
-34.43
-34.86
-28.27
-26.78
-28.53
-22.74
-23.37
-34.36
-35.52
-35.17
-34.37
-28.21
-27.7
-25.85
-25.31
-11.63
-20.55
-31.21
-16.51
-12.77
-10.03
-9.44
-9.48
-10.56
-11.61
-16.27
-21.94
-25.79
-19.03
-14.15
-14.58
-14.49
-13.95
-13.74
-8.19
2.991
14.4
24.75
47.03
64.01
109.3
142.4
256.5
223.8
269.7
361.1
426
453.8
419.4
310.6
406.9
430.7
440.7
458.6
475
490.3
478.2
512.6
345.6
218.7
44.69
-13.75
-23.78
-6.628
-33.08
20.21
149.7
124.9
163.5
84.9
55
8.65
10.27
3.893
-12.37
-23.87
-31.05
-24.38
-26.84
-21.71
-19.06
-18.49
-19.39
-17.84
-13.13
-17.86
-22.65
-15.27
-27.02
-27.9
-19.94
-18.43
-17.09
-14.31
-15.23
-20.48
-4.25
-5.068
-1.988
-5.103
-9.86
-9.07
-3.804
-1.94
-10.1
-21.96
-18.31
-14.63
-10.26
-5.863
-8.52
-9.65
-5.111
-6.333
-4.031
-4.744
-6.404
-6.362
-4.348
-5.612
-3.931
-3.896
-4.67
-3.83
-6.747
-10.93
-9.69
-6.84
-6.7
-6.766
-9.04
-21.46
-30.82
-13.21
-14.64
-25.44
-20.45
-15.72
-23.73
-24.62
4.764
22.5
62.49
34.62
20.65
17.42
20.11
30.54
19.29
31.73
42.71
37.39
62.81
100.5
69.29
86.5
66.37
-27.07
5.838
2.052
5.614
51.3
28.01
9.97
28.58
5.593
6.588
8.13
0.89
-6.596
-11.56
-13.45
-16.05
-17.35
-21.98
-22.12
-22.25
-18.83
-25.66
-26.91
-21.86
-21.6
-27.56
-24.03
-22.32
-19.39
-17.97
-17.28
-18.03
-20.75
-24.25
-23.92
-24.22
-23.56
-23.71
-23.97
-22.21
-21.35
-21.29
-30.3
-26.12
-28.85
-29.23
-35.6
-48.67
-51.67
-44.7
-49.78
-56.36
-56.88
-58.16
-59.41
-62.88
-87
-57.29
-32.61
-38.26
-54.84
-61.2
-71.8
-59.1
-56.2
-59.39
-65.63
-53.4
-56.03
-52.43
-39.01
-18.85
-11.33
-0.909
0.077
-23.05
78.1
158
212
251.3
324.4
357.8
384.8
405.6
397.7
428.7
418.2
441.1
428
462.3
375.4
361.3
329.2
438.2
484.9
516.4
504.6
460.2
465.9
433.4
405.2
369.4
328.2
290.3
246.4
211.7
169.7
126.8
81.9
39.36
2.178
-28.41
-54.2
-70.1
-75.6
-76.9
-76
-72.9
-73.8
-76.6
-77.7
-75.1
-74
-73.5
-73.6
-73.6
-73.1
-72.2
-73.6
-71.4
-72.8
-74.1
-73.2
-72.4
-72.3
-71.4
-70.3
-71.2
-70.7
-71.3
-71.9
-70.8
-70.9
-69.85
-70.2
-71.9
-71.2
-70.1
-70.1
-68.76
-66.6
-66.82
-65.42
-67.05
-65.53
-65.86
-66.31
-63.99
-63.88
-63.73
-60.86
-55.39
-49.02
-54
-56.85
-46.04
-33.98
-21.79
-2.658
13.18
89
121.9
148.2
169.2
289.9
205.5
369.7
309.7
349.2
406.1
267.5
381.1
427.1
413.4
412.1
442.7
371.5
475.7
463
450.5
470.8
447.7
488.8
473.2
479.4
434.5
357.2
377
322.9
316
240.9
205.6
160
112.4
75.3
32.77
-1.689
-30.09
-53.21
-65.16
-67.24
-67.19
-67.75
-67.64
-69
-66.78
-62.49
-61.56
-61.43
-61.02
-61.66
-62.37
-62.88
-59.43
-59.54
-60.41
-59.99
-58.3
-53.56
-52.14
-55.16
-55.77
-56.4
-54.7
-54.66
-54.79
-54.58
-53.79
-52.19
-50.32
-46.75
-46.8
-47.17
-45.58
-46.96
-46.44
-47.26
-46.26
-44.37
-43.45
-43.62
-43.6
-41.73
-41.93
-42.23
-42.61
-41.25
-40.7
-41.08
-34.23
-25.65
-17.19
-11.91
8.45
39.22
82.9
98.5
130.6
174
222.6
263
294.6
356
326
236
317
380.9
434.1
339
434.9
442.7
474.7
450.4
443.5
446
384.8
285.1
508.1
487.9
215.3
421.7
327
162.2
224.9
330
329.2
279.3
173
142.5
117.2
37.7
53.75
27.97
-0.549
-30.36
-42.49
-40.97
-42.89
-37.71
-32.65
-38.61
-43.92
-43.88
-44.66
-43.67
-42.7
-42.23
-40.82
-40.16
-39.96
-40.49
-37.87
-39.24
-37.78
-36.8
-37.51
-36.37
-36.08
-35.72
-35.57
-36.44
-35.79
-33.07
-31.26
-33.62
-35.71
-35.43
-34.43
-33.41
-33.48
-31.41
-29.23
-30.29
-31.49
-30.52
-29.66
-27.83
-27.04
-32.25
-33.18
-32.53
-30.89
-32.24
-31.88
-31.02
-27.31
-25.15
-24.22
-11.34
10.42
26.03
67.16
100.1
136.3
188.3
214
255
280.6
320.3
366.9
407.7
414
410.2
411.1
421.2
420.9
422.7
446.5
448.3
447.9
462.7
465.6
481.7
468.2
490.8
464.7
452.4
423.6
392.8
366.8
329.6
290.2
255.2
233.1
178.1
123.9
94.5
50.03
9.12
-20.2
-37.66
-48.3
-52.02
-52.17
-49.68
-51.41
-50.97
-50.09
-49.69
-48.74
-47.03
-48.62
-48.49
-46.5
-47.63
-46.19
-44.3
-44.79
-45.52
-44.69
-45.13
-44.02
-44.21
-43.7
-43.49
-42.97
-43.37
-44.97
-43.63
-43.04
-43.58
-44.11
-43.75
-43.23
-43.06
-43.22
-43.4
-42.43
-42.14
-43.02
-43.15
-42.73
-42.3
-41.91
-42.24
-41.1
-40.75
-40.27
-41.07
-40.82
-37.09
-37.97
-36.32
-22.54
-1.22
37.52
33.35
81.6
115.2
151.5
186.6
220
216.9
206.6
227.1
233.6
276.1
354.4
361.4
412.3
404.2
422.7
450.6
447.4
465.7
355.2
317
337.8
331.3
296.9
321
351.7
399.1
263.7
258.7
248.3
343.1
261.3
180.9
232.2
191.4
161.9
84.9
33.78
-13.02
-26.99
-36.92
-44.21
-47.43
-47.86
-39.44
-39.96
-51.46
-52.79
-54.63
-53.88
-53.59
-53.88
-54.06
-54.01
-53.37
-52.98
-54.15
-53.19
-52.96
-53.02
-52.42
-44.99
-22.88
-14.1
-24.84
-28.57
-23.97
-25.79
-22.69
-18.05
-13.48
-12.52
-13.08
-12.69
-14.43
-15.33
-15.12
-16.73
-14.96
-14.75
-15.86
-14.46
-14.4
-14.7
-14.35
-14.02
-14.02
-14.4
-13.49
-13.72
-13.92
-13.75
-13.24
-10.87
-6.583
-1.65
3.695
10.94
22.29
35.21
44.53
58.5
66.12
81
90.7
143
185.2
218.5
221.2
305.2
335.3
357.7
316.4
394.3
376.8
457.5
394.3
464.9
251.4
530.4
457.3
474.7
413.3
439.1
393.9
351.2
256.7
257.6
252.5
211.9
185.4
93.8
35.75
19.54
-13.44
-36.31
-46.12
-54.85
-56.18
-57.16
-57.3
-57.8
-57.91
-59.48
-57.07
-57.71
-57.48
-57.94
-56.84
-57.02
-56.61
-57.14
-57.37
-56.93
-57.16
-56.57
-57.18
-56.11
-55.41
-54.83
-54.84
-54.38
-54.51
-53.37
-55
-53.36
-53.37
-54.08
-52.99
-52.27
-52.81
-52.92
-53.55
-52.94
-53.24
-53.85
-52
-51.98
-51.84
-51.33
-52.47
-53.64
-52.54
-53.24
-52.62
-53.21
-54.5
-53.26
-53.79
-52.1
-56.42
-24.84
23.16
55.49
93.8
126.9
166.9
190.8
246.2
289
325.1
345.8
384.4
383
418.3
380.5
416.5
369.4
389.6
382.1
417.9
431.3
446.8
446.3
456.2
484.5
485.2
467.8
428.7
413
384.5
360.4
320.7
286
248.5
213.6
162.6
122.2
81.7
43.62
8.21
-18.47
-41.26
-53.9
-59.59
-58.63
-58.21
-58.82
-59.82
-57.65
-57.79
-58.01
-56.58
-56.05
-56.32
-57.12
-57.05
-59.19
-56.43
-55.62
-55.55
-56.3
-55.99
-55.62
-55.44
-56.5
-55.74
-55.42
-54.78
-54.68
-55.65
-53.46
-54.61
-52.71
-53.98
-53.86
-53.63
-54.41
-53.6
-53.2
-54.11
-54.22
-54.39
-53.22
-54.01
-51.9
-52.78
-50.48
-50.13
-50.39
-49.7
-49.41
-49.68
-49.24
-47.19
-43.56
-46.06
-18.8
18.68
52.71
88.8
129.7
170.6
212.1
250.6
290.5
311.9
350
398
397.6
402
392.9
401
416.7
435.3
429.5
433.4
435.2
424.8
461.5
441.1
478.3
477.3
465.2
442.6
431.9
382.9
354.5
331.8
276.3
235.6
207.8
139.5
106.1
80.1
42.43
9.59
-15.92
-38.42
-51.88
-54.81
-53.3
-50.87
-49.11
-47.92
-49.8
-45.8
-44.95
-43.41
-43.26
-42.08
-43.7
-42.27
-44.55
-46.08
-45.15
-42.86
-43.72
-40.5
-43.82
-44.07
-42.31
-42.05
-41.67
-41.74