-50.18
-50.97
-52.36
-51.55
-48
-48.05
-49.82
-47.34
-47.44
-45.53
-48.49
-43.65
-41.25
-41.59
-42.96
-42.63
-44.79
-42.17
-42.88
-43.21
-43.35
-42.69
-43.53
-42.88
-39.65
-32.58
-21.26
0.436
33.41
76.8
100.9
96.8
180.7
212.8
244.7
306.5
335.6
380.3
412.1
443.1
475.2
504
452.7
483.5
574.8
575.4
583.6
546.2
545.1
541.8
537.3
522.9
508.8
494.6
457.2
419.3
412.6
439.5
419
378.2
359.1
320.1
273.3
243.9
195.7
146.6
98.2
58.13
19.23
-15.8
-46.56
-69.79
-74.3
-74.7
-74.2
-70.7
-71.5
-70.9
-70.4
-65.89
-60.54
-54.11
-49.94
-50
-46.59
-56.72
-54.35
-42.25
-54.76
-58.76
-59.67
-61.3
-54.93
-49.66
-47.91
-43.13
-42.32
-37.99
-46.06
-43.99
-41.16
-32.65
-35.32
-41.49
-37.81
-36.49
-47.69
-46.7
-44.77
-43.05
-43.77
-55
-58.46
-57.69
-58.24
-57.76
-58.47
-58.85
-60.96
-60.17
-54.57
-45.48
-35.71
-18.02
3.627
32.43
67.01
103
146
188.8
230.9
272.8
313.5
356.4
387.8
426.1
455.5
478
500.2
521.5
536.7
528
547.6
521.6
527.1
513.7
502
476.8
453
388.7
429.6
396.5
390.3
398.7
411.1
370
284.8
248.2
255.4
226
170.4
121.6
62.61
18.47
-11.87
-41.07
-59.43
-76.3
-79.3
-79
-71.7
-69.17
-69.46
-68.83
-68.23
-68.29
-69.99
-71.3
-72.2
-69.22
-69.33
-69.27
-67.82
-57.88
-51.31
-53.4
-55.71
-59.02
-57.02
-55.24
-59.15
-56.88
-55.31
-57.9
-56.97
-51.59
-52.3
-49.03
-47.18
-47.69
-50.18
-50.79
-50.09
-49.76
-48.87
-47.15
-48.08
-48.48
-48.75
-50.56
-50.13
-51.32
-52.8
-52.77
-53.47
-55.53
-53.1
-46.82
-30.41
6.485
38.11
39.26
78.5
118.3
165.4
190.5
263.9
304.4
328.1
365.7
399.6
423.4
456.3
475.3
494.3
529.8
533.2
551.6
558.3
556.6
428.8
512.9
525
427.3
313.8
437.9
469.8
490.2
459.9
458.5
424.2
384
370.8
313.8
269.4
209.6
177.1
131.5
86.2
62.29
18.41
-20.67
-46.16
-67.16
-67.92
-64.71
-61.17
-60.42
-55.97
-58.49
-58.62
-62.26
-63.66
-68
-65.46
-69.41
-62.37
-54.62
-56.04
-56.66
-59.65
-55.99
-55.58
-53.22
-52.29
-53.94
-54.49
-54.07
-49.56
-51.02
-50.28
-51.09
-50.99
-53
-52.5
-53.17
-50.7
-48.25
-49.76
-55.13
-56.14
-53.23
-54.01
-54.56
-55.99
-58.62
-58.56
-59.36
-59.69
-58.32
-56.74
-58.68
-53.86
-45.09
-30.9
-16.6
11.58
43.66
74
110.9
154.6
189.9
240.7
283.2
328.2
358.2
399.3
430.6
465.2
481.2
509.8
532.6
539.5
551
561
548.5
526.9
517.2
527.6
513.1
491.9
497.1
495.8
500.2
496
461.9
420.8
385.5
364.4
334.4
286.8
248.7
204.7
160.9
108.3
60
17.52
-42.44
-51.04
-49.08
-56.98
-54.05
-52.96
-56.59
-58.14
-59.89
-59.69
-61.5
-53.07
-41.64
-47.88
-56.61
-56.61
-56.88
-58.15
-58.27
-57.08
-55.94
-55.48
-53.73
-53.08
-52.81
-53.23
-52.58
-50.68
-51.63
-52.34
-52.4
-52.64
-50.46
-50.43
-49.08
-46.34
-44.01
-41.99
-40.19
-40.04
-38.71
-35.77
-36.76
-39.92
-43.63
-45.78
-43.08
-39.95
-39.42
-38.97
-41.69
-44.12
-38.35
-25.88
-7.76
12.87
39.9
72.3
112.9
148.5
189.5
234.7
271.8
240.7
341.9
396.2
355.2
386
374.3
509.9
520.7
524.6
553.3
583
581.5
599.7
580.2
562.7
559.3
548.8
533
517.5
516.4
500.2
493
460.4
429
393.7
348.5
304.1
264.4
211.7
163.2
119.5
75.2
33.59
-2.304
-38.26
-54.24
-57.09
-56.08
-55.42
-55.26
-54.16
-54
-52.27
-53.38
-52.93
-53.64
-50.76
-47.03
-46.98
-48.23
-48.39
-48.59
-47.72
-46.7
-46.03
-46.37
-45.06
-47.52
-47.56
-46.57
-46.7
-47.7
-46.58
-47.49
-47.98
-48.22
-47.6
-48.28
-49.5
-49.08
-48.87
-47.34
-48.38
-47.96
-47.53
-46.58
-34.24
-27.92
-22.83
-11.89
-20.43
-23.59
-33.53
-29.04
-18.22
-0.674
1.859
10.94
33.27
35.42
23.69
30.97
33.43
-48.97
-46.36
-27.26
8.22
98
135.6
266.6
274.3
314.6
343.9
236.5
241.4
218.3
224.7
168.1
186.5
293.2
241.4
252
277.2
319.9
329.2
387.5
309.5
400.6
425.3
460.4
424.3
221.6
149.2
246.6
225
151.9
66.41
54.37
20.55
-0.452
-9.47
-19.21
-30.6
-38.36
-41.14
-40.26
-40.18
-39.08
-37.35
-30.57
-26.62
-26.61
-23.21
-18.1
-17.1
-17.9
-18.49
-15.84
-14.61
-13.67
-15.27
-13.87
-12.5
-13.66
-11.92
-11.73
-14.16
-18.29
-16.48
-13.99
-13.12
-15.88
-14.08
-16.66
-16.91
-13.63
-15.36
-17.19
-18.22
-23.22
-24.96
-25.01
-24.87
-23.58
-28.05
-33.66
-30.21
-28.13
-25.44
-22.75
-20.1
-10.07
0.835
7.31
64.96
80
103.1
144.7
192.1
237.5
275.3
317.9
371.6
424.6
445.1
475.3
496.1
529.6
565.2
591.7
533.9
619
619.8
602.7
493.8
559
599.8
467.6
558
552.8
504.6
534.4
531.1
506.9
467.6
436.4
395.1
361.6
304.5
200.1
215.4
154.8
115.3
77.1
31.55
-9.59
-33.52
-52.26
-55.47
-55.51
-53.39
-53.87
-52.08
-50.41
-49.99
-50.58
-50.53
-50.84
-50.99
-49.47
-49.07
-48.57
-48.35
-47.09
-44.99
-45.93
-44.98
-43.38
-43.37
-42.77
-42.57
-40.67
-42.42
-43.96
-43.21
-43.38
-44.36
-43.81
-43.01
-40.88
-39.26
-36.12
-39.35
-40.9
-41.97
-41.65
-40.72
-41.65
-41.48
-41.89
-42.7
-41.33
-41.24
-41.01
-39.29
-39.09
-34.5
-25.64
-11.92
7.19
31.76
66.72
103.4
140.2
173.9
225.5
281.5
315.2
365.4
401.7
435.8
440.3
506.3
519.6
538
547.9
584.4
594.6
600.9
593.1
580.7
583.4
584.8
561.9
534.4
539.4
519.7
486.5
518
483.3
455.1
433.1
392.8
344.6
304.1
255.2
212.5
161.8
118.7
73.9
30.77
-6.956
-40.56
-61.09
-67.24
-65.07
-64.24
-61.38
-59.91
-58.52
-56.44
-55.85
-54.19
-55.46
-53.34
-52.22
-51.65
-51.63
-51.78
-50.67
-51.23
-50.7
-49.38
-48.46
-47.63
-47.23
-46.6
-47.82
-47.8
-44.72
-41.57
-39.86
-39.31
-38.79
-37.83
-37.67
-38.3
-37.94
-37.24
-38.97
-39.42
-41.48
-41.68
-41
-41.25
-40.78
-40.37
-39.99
-40.22
-38.98
-38.61
-38.24
-33.79
-25.94
-13.78
7.32
33.27
63.77
101.1
142.9
180.7
220.3
266.1
302.9
347.6
389.5
426.6
449.4
511.6
535.6
568.7
582.6
593.8
611.3
601.8
622.2
618.8
601.6
601.6
557.9
569.1
567.2
530.6
512.1
536.9
512.2
471.5
443.5
416.4
361.5
311.1
268.2
215.5
171
123.1
77.2
34.06
-5.274
-39.48
-61.14
-66.64
-68.47
-68.22
-65.18
-66.37
-62.86
-65.77
-62.61
-64.02
-62.76
-59.96
-58.3
-57.3
-57.14
-56.34
-53.35
-53.25
-53.34
-52.82
-53.39
-53.38
-51.66
-50.34
-50.66
-50.37
-50.35
-52.59
-50.41
-46.85
-45.99
-44.13
-42.8
-41.09
-42.6
-39.16
-22.71
-26.43
-37.14
-37.68
-38.52
-41.7
-41.83
-40.09
-37.54
-37.74
-39.93
-40.09
-38.9
-37.44
-27.6
-16.45
0.047
21.56
52.53
91
111.3
169.7
190.3
249.9
289.6
329.1
374.7
393.8
430.9
480.2
491.6
537.8
525.5
551.3
566.1
596.6
582.4
572.8
564.1
567.7
559.4
551.9
537.6
506.5
503.5
490.7
456.6
467.2
233.3
156.1
153.2
69.67
48.51
180.1
129.4
54.44
2.283
1.906
-8.29
-17.95
-44.41
-44.9
-53.37
-39.47
-25.83
-32.13
-49.2
-52.77
-45.76
-48.6
-53.19
-49.01
-43.24
-42.04
-39.09
-44.9
-48.16
-50.56
-52.8
-52.82
-49.46
-41.24
-40.22
-43.29
-42.05
-41.32
-41.64
-44.82
-43.21
-41.88
-40.38
-40.11
-40.49
-41.64
-43.7
-45.05
-45.4
-44
-45.74
-46.61
-45.18
-43.29
-44.06
-44.69
-44.63
-45.37
-44.21
-43.44
-43.09
-38.5
-29.18
-5.627
23.35
38.74
75.5
53.64
129.3
187
218.7
261.3
309.3
353.8
398.2
437
465.6
503.6
526.4
552.1
572.6
608.5
596
600.2
593.3
606.4
598.9
584.3
571.9
535.4
565.4
558
535.3
522.4
479.6
447.5
424.1
392.9
313.9
88.9
-0.438
5.22
0.348
24.46
110.2
114
39.86
-11.23
-44.35
-53.41
-60.14
-55.94
-54.01
-56.83
-60.64
-58.05
-56.13
-52.6
-47.25
-49.66
-49.29
-51.67
-51.33
-56.8
-53.98
-48.45
-47.51
-49.58
-52.4
-48.39
-49.25
-51.91
-48
-45.93
-46.43
-47.55
-49.18
-46.09
-44.8
-46.48
-41.85
-39.1
-38.22
-36.61
-34.06
-32.91
-35.49
-37.56
-35.82
-38.67
-40.69
-41.11
-40.41
-39.66
-39.19
-37.81
-37.42
-33.56
-23.37
-10.05
9.39
30.11
52.68
42.11
93.5
110.8
195.8
135.8
183.4
163.6
148.7
323.2
268.4
435.8
518.8
549
568.9
591.5
598.9
623.4
628.7
615.7
603.7
595.4
582.3
576.1
563.7
547.2
528.7
520
497.2
470.8
440.1
406.7
134.4
45.69
28.58
25.45
1.358
-12.59
-19.63
-23.83
-27.27
-30.48
-34.89
-37.62
-37.13
-38.41
-40.5
-44.63
-49.89
-51.22
-46.37
-44
-44.62
-46.25
-46.02
-37.8
-35.76
-40.71
-41.48
-36.6
-33.69
-30.41
-28.87
-31.18
-30.78
-27.16
-26.79
-28.15
-31.15
-32.07
-31.52
-27.81
-24.3
-24.35
-22.89
-24.24
-24.24
-23.41
-22.31
-21.41
-20.15
-64.76
-69.82
-57.4
-53.91
-52.87
-49.12
-46.88
-28.36
-6.683
-6.646
-5.387
-2.638
3.752
7.63
8.98
8.52
13.27
21
21.7
28.83
30.53
68.55
76.5
83.8
98
98.2
132.1
182.6
153.5
153.8
222.8
228.4
198.5
227.3
228.6
237.5
302.4
402.8
324.5
364.1
481.1
337.3
403.8
517.7
402.6
395.4
382.4
235.2
150.4
99
73.3
59.89
60.65
31.34
16.94
-12.81
-31.33
-39.95
-35.8
-41.37
-49.64
-50.37
-50.58
-51.5
-51.58
-50.13
-50.48
-49.22
-48.66
-49.75
-50.06
-49.66
-49.21
-48.39
-47.91
-47.93
-47.83
-47.51
-48.84
-47.7
-45.48
-46.39
-46.05
-46.34
-45.03
-31.28
-5.833
-3.908
-5.883
-7.09
-12.62
-28.02
-38.47
-43.48
-43.55
-43.03
-40.09
-39.26
-33.79
-32.41
-26.72
-25.59
-23.41
-23.46
-27.14
-25.57
-21.46
-10.98
1.175
20.36
53.9
81.3
105
124.3
142.6
169.4
173.4
162.9
214.8
252.4
237
263.2
286.7
359.1
411.7
445.4
568.2
520.1
559.1
660.5
548.6
612.4
619.7
669.2
554.6
519.9
557.7
555.5
544.7
513.8
492.7
453.6
404
370.2
313.7
275.4
222.2
175.9
129.6
81.2
38.59
2.49
-27.47
-49.82
-57.22
-58.1
-58.3
-56.31
-56.73
-56.37
-57.81
-57.02
-57.95
-57.89
-58.35
-57.19
-55.34
-54.4
-52.84
-52.72
-51.97
-50.33
-51.01
-51.33
-51.39
-51.06
-50.06
-50.24
-50.19
-51
-51.91
-51.14
-50.67
-50.38
-49.87
-49.72
-49.99
-48.77
-48.93
-47.33
-51.77
-49.49
-48.89
-49.79
-48.48
-45.39
-45.35
-44.91
-43.3
-43.32
-42.71
-42.79
-36.3
-26.15
-9.02
15.61
42.93
78.2
112.9
154
202.8
244.9
290.6
339
367.8
425.4
446.8
480
508.7
529
558.7
577.8
611.1
620
620.2
655.5
584.7
426.1
451.4
496
485.4
371.3
386.4
374.5
405.9
265.2
470.9
349.5
267.4
265.2
230.8
208.8
173.1
98.8
43.4
25.57
6.816
-6.043
-28.05
-47.19
-60.04
-60.11
-59.15
-61.1
-62.41
-66.49
-67.99
-66.43
-66.39
-66.22
-66.21
-67.15
-67.39
-66.47
-66.46
-65.08
-64.52
-61.6
-60.15
-56.01
-55.16
-61.59
-62.01
-64.64
-62.64
-61.12
-60.85
-61.66
-61.4
-61.83
-62.25
-52.29
-58.66
-62.7
-61.32
-62.81
-62.68
-61.65
-60.99
-59.88
-59.52
-60.15
-57.49
-57.51
-51.37
-42.29
-52.63
-47.59
-40.9
-27.5
-5.976
12.45
49.76
98.2
130.8
140.5
92.3
145.8
196
205.5
378.5
350.1
440.8
448
466.2
529.4
493.6
457.3
576.4
600.8
587.2
598.8
534.5
586.6
616.7
524.4
513.3
588.7
600.8
488.8
166.3
458.3
457.9
424
389.6
338.2
314.9
229.2
140.5
56.26
19.9
-7.55
3.664
-22.59
-50.72
-66.21
-73.6
-73.7
-71.8
-69.86
-69.33
-66.65
-66.61
-65.81
-64.53
-63.67
-62.61
-64.03
-64.57
-65.25
-65.05
-65.34
-63.97
-63.57
-62.74
-64.05
-62.06
-61.58
-60
-61.85
-61.71
-62.13
-61.12
-60.82
-58.36
-59.18
-58.77
-57.61
-57.58
-56.69
-56.05
-55.97
-54.65
-50.35
-46.89
-45.99
-44.79
-46.64
-46.55
-45.11
-46.58
-50.23
-45.27
-40.75
-33
-24.99
-7.25
16.91
41.62
73.8
113.2
154.3
204.4
238.3
294.3
336.7
370.8
372.9
403.9
428.4
489.6
517.8
532.4
573.2
609.2
603.6
608.7
630.1
627.3
613.8
619.8
548.9
401.3
561.5
536.7
541.7
521.3
491.6
454.1
410.1
384.2
338.5
290
242
191.2
143.9
101.9
58.44
21.06
-12.12
-38.24
-57.08
-63.95
-63.63
-63.5
-63.07
-62.9
-61.94
-58.69
-60.94
-58.13
-58.47
-56.45
-57.48
-52.87
-54.12
-52.81
-47.48
-37
-39.91
-44.55
-42.21
-42.95
-39.73
-38.81
-42.06
-37.16
-27.05
-21.44
-23.8
-32
-37.79
-42.61
-32.79
-39.48
-45.24
-41.23
-34.32
-26.73
-36.86
-30.85
-41.95
-41.82
-37.35
-42.79
-43.75
-41.27
-39.39
-40.38
-36.64
-28.63
-16.67
1.727
28.72
63.43
86.6
117.6
149.7
183.1
224
269.9
350.6
340.2
392.3
423
468.8
475.7
519
516.8
529.7
544.9
547.5
521.5
505.1
486.2
609
576.1
543.8
553.6
531.7
505.8
446.4
505.5
458.1
436.3
400.3
370.1
322.4
229.9
179.2
128
93.9
62.84
31.84
1.862
-25.29
-41.15
-53.3
-62.75
-57.76
-52.97
-51.74
-51.51
-51.26
-48.98
-46.97
-47.67
-43.69
-43.35
-45.71
-44.56
-20.68
-22.18
-33.81
-44.22
-47.84
-48.32
-49.31
-48.31
-48.7
-49.04
-49.09
-48.49
-48.15
-46.55
-45.31
-47.12
-47.74
-47.39
-48.48
-47.81
-47.6
-47.21
-47.77
-50.52
-50.62
-47.91
-42.95
-39.69
-41.31
-43.11
-40.35
-40.72
-41.78
-44.69
-42.23
-35.79
-25.52
-9.08
12.6
39.01
72.1
108.6
153.8
196
244.5
280.6
321.4
372.3
404.7
427.4
460.6
502.3
523.2
550.4
560.7
571.4
565.3
596.4
561.8
502
488.7
514.8
508.3
298
277.9
378.9
392.8
461.8
432.6
395.2
367.6
314.1
293.1
267
229.1
188.4
140.8
99.8
59.26
18.69
-11.18
-35.79
-46.14
-49.87
-47.11
-54.89
-55.62
-55.19
-56.32
-55.37
-54.58
-53.11
-44.54
-34.89
-33.96
-36.88
-45.98
-49.94
-47.44
-45.57
-42.09
-44.6
-47.23
-36.87
-33
-28.16
-30.75
-29.52
-26.18
-26.88
-26.31
-27.02
-27.28
-27.61
-27.43
-26.32
-26.31
-27.44
-27.39
-26.78
-26.42
-28.22
-35.25
-30.99
-23.26
-24.2
-24.97
-24.99
-25.84
-27.49
-25.67
-21.24
-13.1
-2.183
-0.172
12.9
14.13
3.593
15
32.76
83.3
88.2
67.2
65.17
102.5
209.9
300.9
298.1
222.6
156.7
121.7
310.1
454.9
186.6
184.9
170.1
122.1
72.9
48.83
-45.74
-9.38
-40.57
92
261.3
274.2
197.1
163.8
107.6
87.8
60.61
50.67
31.91
26.98
21.66
7.84
0.554
-2.386
-5.422
-11.75
-13.81
-12.98
-13.93
-89.5
-67.4
-58.37
-40.17
-26.6
-27.09
-31.33
-23.46
-24.12
-21.08
-16.91
-12.99
-11.02
-10.34
-13.62
-15.02
-14.11
-12.88
-11.37
-9.91
-8.87
-10.43
-10.29
-8.29
-9
-9.67
-8.47
-8.66
-18.58
-16.4
-17.41
-17.68
-18.79
-14.85
-12.44
-10.27
-10.83
-12.22
-12.59
-14.74
-12.6
-9.8
-10
-10.03
-8.14
-6.603
-3.038
1.461
2.213
16.53
24.19
17.92
23.35
41.03
62.97
132.1
94.9
92.2
93.1
82.5
85.2
71.4
58.89
177.5
121.2
174.9
172.2
83
246.6
246.1
132.4
110.3
211.2
255.5
417.2
325.3
254.4
203.6
231.4
229.5
183
183
182.5
206.4
184.4
214.1
90.6
94.9
20.79
8.4
-4.403
-15.99
-29.31
-33.7
-35.56
-33.64
-33.8
-34.96
-39
-34.73
-32.81
-30.67
-29.26
-32.39
-38.56
-37.46
-48.04
-54.61
-54.74
-54
-51.56
-52.9
-50.97
-51.04
-51.57
-44.68
-42.56
-37.82
-39.73
-46.86
-47.4
-41.99
-41.08
-43.59
-37.31
-36.44
-37.89
-35.46
-39.67
-43.68
-45.23
-50.08
-54.22
-56.3
-57.9
-59.85
-62.19
-61.79
-61.49
-61.84
-56.47
-40.8
-10.53
11.66
41.07
61.32
103
137.5
159.3
133.3
198.6
184.4
388.1
347
275.4
381.3
471.7
472.2
557.7
479.2
399.9
329.6
384.6
638.3
666.2
610.1
564.2
293.4
202.6
213.7
337.5
591.1
293.4
245.7
186.6
154.7
169.2
237
309.1
303.8
115.5
165.8
109.2
117.3
84.1
25.29
38.42
-16.22
-53.2
-70.7
-71.5
-72.4
-72.6
-72.8
-74.8
-73.6
-71.9
-76.5
-74.8
-69.96
-70.5
-65.62
-49.7
-48.02
-50.36
-49.03
-53.29
-48.64
-42.26
-44.82
-43.48
-47.11
-55.87
-59.44
-54.72
-59.21
-61.09
-58.6
-58.07
-68.29
-66.62
-64.09
-61.69
-58.44
-57.76
-55.43
-56.28
-55.79
-55.28
-59.5
-60.44
-59.63
-56.1
-52.96
-50.99
-49.32
-49.39
-53.53
-49.13
-12.86
19.74
57.17
103.8
145.9
193.2
243.9
293.8
336.5
390.2
438.7
472.3
513.3
536.6
580.8
604.3
630.9
634.3
657.9
668.8
674.8
667.9
676.5
673.4
668.3
656.1
671.5
643.7
635.3
619.7
582.2
544.7
516.4
471.9
432.7
400.6
354.8
293.9
245.1
188.7
137.9
84.2
33.8
-8.46
-41.65
-68.28
-76.8
-75.3
-77.7
-75.8
-73.2
-72.6
-71.5
-70.4
-70
-75.8
-73.3
-66.52
-65.47
-68.43
-71.9
-72.6
-74
-73.9
-73.5
-77.2
-77.5
-74.7
-74
-74.4
-74.8
-77.2
-74.9
-74.4
-75.3
-73
-69.27
-67.15
-70.5
-72.7
-70
-67.28
-65.07
-64.86
-60.3
-59.34
-59.96
-59.9
-57.75
-59.51
-61.53
-60.33
-62.01
-59.19
-59.66
-45.11
-17.3
13.93
49.12
92.1
135.9
184.3
233.6
284.7
327.6
374.4
430.2
454.9
487.9
518
570.6
594.9
616
629.9
653.4
662.6
670.4
679.7
672.5
669.1
659.6
650.3
655.8
634.5
617.2
601.7
579.2
538.8
486.4
444.4
421.8
384.8
332
286.6
236.9
185.8
133.8
83
37.72
-4.641
-40.12
-67.74
-84.3
-83.8
-88.6
-84.2
-82.5
-82
-81.2
-85.5
-78.7
-77.6
-73.8
-71.3
-68.24
-68.28
-69.15
-69.83
-74.1
-76.2
-74.3
-74.5
-73.9
-73.1
-72.2
-71.1
-72.1
-69.6
-67.69
-62.24
-51.85
-59.52
-68.51
-68.01
-68.53
-67.02
-64.83
-58.42
-60.62
-62.6
-60.85
-60.51
-59.94
-59.59
-59.05
-55.45
-54.14
-53.54
-49.1
-45.36
-40.8
-20.8
24.95
54.64
65.83
86
142
191.9
244.7
296.3
323.8
381.7
413.2
465
502.9
529
517.6
578.5
594.2
618.2
603.8
603.1
607
623.7
608
628.2
635.9
635.3
616.2
626.7
590.9
574.6
543.1
495.9
483.1
445.2
370
329.2
263.6
206.9
221.25
171.5
121
69.74
27.38
-10.5955
-42.34
-68.125
-89.1
-89
-88.8
-86.2
-84
-81.1
-86.5
-85.4
-83.4
-84.1
-81.9
-80.7
-80.7
-80.6
-78.9
-78.4
-76.2
-69.51
-69.68
-70.4
-69.79
-67.74
-59.17
-58.8
-60.07
-57.55
-58.02
-57.47
-48.16
-45.64
-56.66
-56.88
-50.37
-56.45
-57.68
-53.43
-58.84
-61.93
-60.48
-57
-52.87
-46.46
-39.49
-27.9
-18.73
-17.46
-19.81
-23.56
-19.88
0.51
30.04
42.38
54.13
79.8
90.9
112
263.7
247.1
330.6
363.6
399.1
424.4
450.7
498.1
518.4
566.2
596.4
593.5
598.9
612.9
617.2
631.6
627.5
624.4
624.2
612.8
602.1
591.9
558.1
522
513.5
486.5
417.9
375.9
368.3
347
302.4
261.7
205.6
157.2
108.2
56.48
17.04
-16.55
-44.56
-68.51
-74.5
-72.7
-74.2
-72.2
-69.96
-69.78
-68.25
-68.92
-68.82
-70.1
-64.26
-65.44
-65.74
-67.33
-65.4
-64.63
-64.56
-61.52
-61.57
-61.34
-60.8
-61.45
-62.47
-61.34
-64.02
-62.17
-63.1
-62.75
-60
-58.4
-59.26
-57.07
-56.46
-53.93
-48.1
-42.48
-34.5
-25.4
-33.39
-32.98
-23.22
-22.95
-26.93
-35.67
-46.7
-46.11
-45.6
-44.52
-37.52
-24.3
-3.216
26.74
60.55
87.3
115.5
153.8
204.6
253.3
304.7
326.4
328.8
369.2
395.4
474.2
516.6
566.8
553.5
581.9
572.4
574.6
595.5
608.7
618.8
613
620.4
580.8
589.5
570.7
547.7
531.4
500.5
469.5
378.2
357.2
365.5
326.2
291.9
248.1
190.6
144.3
95.4
56.96
19.85
-11.97
-43.73
-63.79
-72.3
-74.3
-69.86
-70.5
-66.76
-68.06
-65.32
-64.12
-65.35
-63.57
-62.15
-59.05
-58.5
-55.65
-52.33
-55.25
-56.67
-58.6
-57.28
-53.09
-47.38
-51.92
-54.59
-53.82
-50.17
-51.65
-52.08
-47.21
-47.17
-48.25
-46.57
-47.36
-43.66
-42.74
-39.48
-39.7
-37.44
-36.39
-37.99
-39.01
-44.49
-39.11
-36.63
-38.62
-41.6
-42.28
-40.38
-39.06
-32.47
-20.48
-0.816
18.97
43.8
79.8
112.4
150.2
186.2
230.3
278.1
310
334.5
381.9
415
462.2
500
492.1
531.9
548.7
567
561.6
593
600.1
594.6
606.7
596.4
593.8
565.4
529.3
508.5
447.4
429.5
243.3
254.9
308.7
261.8
236.4
216.7
178.8
146.3
109.3
72.5
38.41
6.99
-17.27
-36.83
-48.61
-53.84
-54.43
-56.71
-54.86
-54.77
-61.91
-58.95
-59.36
-58.15
-55.92
-53.07
-50.5
-51.23
-49.04
-50
-52.52
-51.37
-52.95
-52.7
-45.09
-46.18
-50.22
-47.14
-37.32
-38.35
-43.44
-43.95
-45.44
-45.51
-45.61
-45.94
-46.7
-45.97
-45.01
-45.14
-44.55
-44.11
-43
-42.8
-43.17
-43.34
-42.98
-42.89
-42.7
-42.31
-41.39
-40.81
-36.65
-27.45
-13.57
5.661
28.09
54.91
86.5
121.5
155.7
198.1
237.1
280.4
321.2
354.8
394.1
406.8
367.6
439.8
462.2
508
523.5
376.2
485.8
519.2
579.1
593.6
599.1
578.3
553.5
527.6
465
390.6
384.9
284.8
401.3
374.1
307.8
252.9
262.9
261.4
170.8
37.86
21.45
8.68
55.68
23.02
-11.55
-34.42
-47.29
-49.7
-49.35
-49.03
-48.77
-50.51
-49.11
-48.64
-52.71
-52.2
-52.27
-50.36
-52
-51.09
-47.59
-41.58
-37.64
-33.56
-36.42
-39.04
-37.16
-36.26
-26.53
-19.74
-23.83
-23.94
-24.9
-29.46
-30.36
-31.53
-34.81
-32.7
-24.22
-26.96
-18.09
-12.71
-15.22
-29.83
-37.58
-38.76
-37.55
-35.07
-33.76
-37.19
-37.46
-35.59
-33.9
-32.98
-25.29
-13.35
9.34
33.04
37.39
43.45
65.56
117.7
166.3
204
246
284.1
325.2
391.1
391.9
430.8
504.4
528.2
563.6
597.8
602.2
617.8
649.2
636.7
666.1
633.5
629.6
634.8
631.7
618.3
603.4
581.7
556.3
532.1
500.9
394.7
99.7
23.22
6.918
-15.1
-105.4
-120.1
-85.5
0.885
83.7
70.2
73
22.71
-19.53
-37.79
-40.44
-40
-38.71
-34.75
-31.31
-29.53
-28.95
-29.34
-30.76
-28.49
-26
-26.82
-25.41
-26.57
-28.7
-28.48
-29.59
-28.53
-26.03
-32.38
-32.72
-30.6
-28.56