-41.84
-41.55
-40.68
-40.37
-41.62
-41.41
-39.84
-40.2
-39.29
-36.38
-38.28
-42.42
-42.01
-43.31
-41.57
-40.91
-39.86
-39.47
-41.27
-42.71
-42.38
-42.6
-41.21
-41.99
-38.91
-29.11
-2.84
29.14
67.75
112.7
160.8
213.6
264.1
317.3
357
406.3
448.9
497.6
534.9
569.8
606.1
631.6
658.7
675
695.9
701
747
744
781
772
775
769
777
743
733
660.6
374.7
133.3
140.2
135.6
148.3
155.4
174.7
233.5
298.8
72
92
79.7
55.29
39.73
40.22
13.29
-5.343
-28.68
-35.57
-36.99
-39.49
-41.95
-42.97
-42.64
-40.88
-29.79
-32.59
-32.24
-28.09
-25.96
-33.76
-37.71
-38.21
-36.63
-35.77
-36.91
-34.59
-36.46
-37.98
-37.85
-36.61
-33.07
-36.41
-37.19
-34.44
-38.42
-39.54
-40.19
-40.28
-38.5
-36.4
-36.6
-35.94
-33.71
-35.44
-37.75
-37.66
-40.26
-37.2
-29.31
-30.65
-35.12
-37.61
-38.71
-30.16
-16.65
-6.957
5.057
47.79
129.2
215.4
250.1
279.7
352.2
387
429.8
471.7
523
549.1
605.1
663.4
642.1
525.1
444.5
704
764
778
818
865
902
904
932
852
802
750
717
685.6
687.5
643.2
628.6
236.3
99.2
438.6
534.8
448.5
120.4
50.98
75.2
102.6
1.498
-30.95
-34.14
-37.03
-36.42
-35.83
-40.51
-41.11
-37.15
-36.96
-36.64
-38.97
-32.47
-35.53
-38.8
-40.62
-34.48
-32.29
-29.55
-34.79
-33.48
-14.51
-29.21
-29.36
-22.51
-27.45
-46.7
-30.55
-19.94
-23.92
-26.24
-27.06
-22.54
-23.4
-20.35
-18.91
-22.07
-16.73
-15.64
-18.02
-17.7
-20
-17.93
-18.04
-20.39
-17.62
-16.44
-22.62
-26.57
-33.31
-31.64
-29.33
-7.93
7.7
12.32
27.72
49
84.5
113.5
177.9
215.9
166.2
400.5
446.6
403.6
654.5
359.5
524.4
628.8
265.4
428.8
672.3
942
645.2
726
713
527.6
430.5
608.9
786
366
400.1
714
596.7
342.8
703
636.2
594.1
379.4
325.2
173.9
36.22
3.782
-4.194
-8.29
-13.27
-16.73
-20.32
-19.65
-12.61
-22.9
-25.06
-23.41
-24.56
-25.59
-28.81
-31.25
-33.96
-37.13
-40.44
-42.46
-42.02
-42.88
-43.59
-46.7
-45.12
-46.25
-46.25
-45.44
-45.03
-44.53
-43.95
-41.94
-40.51
-40.46
-42.3
-44.2
-43.77
-42.24
-40.07
-41.53
-42.48
-44.01
-42.8
-43.03
-41.69
-45.71
-45.5
-44.33
-43.72
-43.91
-36.42
-40.05
-40.02
-41.19
-47.53
-44.58
-40.77
-30.83
-4.126
32.67
40.53
92.5
173.9
229.1
277.1
313
385.8
436.7
476.6
518.5
577
609.6
637
659.5
708
717
745
744
781
776
793
791
823
770
777
777
753
750
729
708
683.8
690.4
714
410.6
70.8
46.4
51.61
92.4
192.8
155.9
115.2
46.46
21.83
18.72
12.57
-17.79
-21.88
-18.07
-20.67
-29.64
-59.99
-31.46
-37.13
-45.25
-46.05
-45.15
-48.26
-44.73
-46.06
-47.09
-45.12
-37.93
-29.63
-40.65
-45.09
-46.59
-47.69
-44.5
-41.4
-40.32
-40.04
-42.67
-42.83
-43.46
-40.48
-42.25
-44.64
-42.94
-45.62
-42.72
-44.57
-43.41
-47.91
-51.44
-48.28
-43.25
-39.46
-39.68
-47.08
-46.65
-51.36
-39.96
-25.63
-11.67
11.4
39.86
63.12
69.82
112.7
153.9
171.7
220.1
270.4
277.6
392.9
585.4
528.2
568.1
652
583
618.4
720
730
758
764
779
818
833
491.1
718
804
772
752
734
615.6
653
579.3
418.4
494.4
477.9
690.2
462.4
342.6
241.3
278.7
232.4
78.3
1.793
34.07
-23.26
-35.17
-44.95
-49.87
-52.73
-51.58
-50.17
-50.94
-50.09
-48.71
-47.92
-47.9
-48.78
-50.23
-48.74
-44.89
-41.61
-44.11
-40.65
-40.35
-42.59
-41.4
-41.64
-41.13
-40.17
-41
-41.9
-43.95
-43.86
-47.07
-46.81
-47.02
-47.74
-48.93
-47.43
-47.39
-42.7
-45.47
-44.08
-39.58
-43.33
-41.14
-41.22
-42.09
-43.59
-44.33
-42.69
-42.93
-46.1
-38.42
-32.23
-16.89
-17.54
63.34
109
165.3
218.6
267.5
314.9
383.6
436
469.9
524.2
566.2
597.5
635.6
671.9
689.6
714
750
764
753
769
786
782
784
771
780
752
719
705
686.2
660.3
628.1
608.8
555.1
507
467.4
419.3
374.6
336.4
284.6
207
153
106.3
75.9
15.5
-18.32
-35.94
-47.39
-49.27
-49.9
-49.27
-48.63
-47.86
-48.73
-50.47
-48.01
-50.38
-50.52
-50.33
-47.46
-46.67
-46.58
-47
-46.88
-48.31
-49.55
-47.91
-48.74
-50.3
-51.47
-52.08
-53.28
-52.95
-53.13
-51.49
-50.54
-46.35
-40.32
-42.63
-47.2
-39.66
-34.23
-35.05
-32.44
-21.96
-28
-34.42
-29.21
-30.26
-32.49
-39.76
-42.11
-46.55
-42.12
-27.87
-18.13
21.73
100.2
127.4
160.5
220.4
263.2
335.8
382.7
399.2
491.5
511.6
556.1
583.5
629
655.1
684.3
716
721
748
754
768
769
791
785
767
753
748
747
717
698.6
696.6
746
598.7
289.4
258.7
177.1
385.2
353.8
310.4
287.4
195.1
111
-23.15
-26.58
-34.28
-36.05
-43.92
-47.58
-46.22
-48.02
-50.05
-50.94
-50.4
-49.82
-49.41
-48.43
-45.89
-47
-47.53
-48.02
-48.01
-48.22
-49.7
-49.12
-49.68
-51.84
-48.21
-55.01
-50.81
-51.58
-50.5
-50.15
-50.6
-45.88
-46.5
-38.3
-27.71
-23.54
-46.6
-41.34
-44.24
-43.05
-43.73
-47.67
-43.82
-43.98
-44.69
-42.26
-46.04
-47.88
-46.27
-48.24
-49.52
-39.89
-25.81
-28.9
-4.716
73.2
72.1
143.3
216.5
313.1
338
353.9
336.7
443.3
520.9
488.9
562.3
617.3
645.7
677.5
697.8
731
735
757
754
764
761
760
757
766
739
741
707
644.6
682.1
638.8
602.6
596.1
558.4
554.2
442.8
228.1
158.6
176.5
124.6
80.6
46.44
16.44
7.66
-27.36
-41.2
-47.71
-47.71
-46.81
-47.3
-47.23
-49.62
-48.47
-49.11
-47.29
-50.04
-47.3
-48.11
-49.34
-48.36
-50.51
-52.68
-51.18
-50.99
-51.31
-50.62
-48.47
-47.86
-47.06
-47.31
-46.79
-47.05
-47.02
-47.49
-47.8
-48.72
-48.7
-49.32
-49.42
-48.84
-48.69
-42.96
-22.71
-32.1
-36.2
-30.16
-37.58
-44.8
-45.05
-46.14
-45.5
-45.12
-41.56
-29.02
-13.41
2.138
21.44
75.5
131.7
182.6
233.3
296.4
357.7
385.9
469.9
500.2
543.1
576.9
622.7
650.5
675.2
698
717
737
766
764
799
604.6
752
739
774
774
754
688.5
239.7
46.37
53.03
45.55
29.47
19.55
5.783
-48.74
-35.89
-45.59
-50.45
-3.602
29.57
47.52
45.09
11.76
-20.67
-37.25
-42.94
-40.72
-41.45
-42.73
-43.42
-44.89
-46.99
-46.64
-48.63
-49.69
-49.89
-46.16
-49.06
-48.11
-48.58
-67.15
-53.14
-49.02
-49.09
-50.26
-49.09
-48.96
-48.07
-46.77
-45.32
-43.82
-42.02
-39.13
-35.9
-34.58
-35.02
-33.49
-31.87
-35.3
-37.39
-39.2
-38.81
-38.86
-37.17
-39.7
-40.52
-45.68
-48.07
-35.58
-32.3
-39.89
-36.69
-26.08
-13.11
32.97
25.73
57.41
154.1
199.8
186.1
228.6
291.4
524.3
571.8
532.8
580.7
605.7
631.3
665.4
662.4
684.6
734
719
715
571.6
704
854
607.8
771
774
794
738
730
685.3
658.3
633.8
597.2
573.7
383.8
60.38
50.95
51.46
59.79
82.9
102.7
130.9
143.6
65.57
11.17
-15.44
-26.78
-36.8
-41.99
-42.74
-38.28
-38.79
-30.33
-20.57
-29.22
-25.56
-33.29
-39.69
-44.24
-45.73
-47.31
-45.33
-44.71
-43.51
-30.82
-25.22
-28.6
-27.82
-34.9
-39.95
-41.3
-40.73
-39.92
-33.23
-32.33
-39.54
-39.62
-39.16
-36.54
-32.93
-35.67
-36.67
-33.48
-31.39
-36.73
-36.79
-32.49
-28.35
-26.99
-32.18
-38.68
-37.19
-35.24
-31.18
-27.97
-19.17
-5.208
32.6
91.1
115.9
162.1
221.7
305.8
335.4
423.7
483.7
492.5
578.3
497.8
646.8
723
691.1
723
426.2
697.6
623.5
796
851
815
681.8
583.5
558.8
753
704
464.1
246.7
433.9
693.3
641.2
216.1
74.2
93.2
104.8
193
311.3
153.3
172.6
96
-5.02
-17.53
-24.96
-33.67
-42.23
-43.98
-40.81
-43.06
-43.84
-44.72
-45.66
-45.68
-45.29
-44.09
-45.63
-45.35
-43.84
-43.6
-44.5
-43.01
-42.15
-37.01
-37.14
-25.42
-36.94
-37.9
-36.54
-32.28
-8.36
-8.22
-9.03
-14.49
-31.08
-12.84
-12.12
-11.81
-18.43
-15.43
-14.43
-15.96
-17.56
-14.54
-17.36
-17.29
-15.51
-16.93
-20.58
-23.69
-24.61
-21.81
-22.94
-16.24
-16.11
-17.14
-10.72
-10.49
-15.18
-11.61
-5.615
-2.595
1.486
7.9
17.86
33.44
60.07
110.8
159.3
207.8
228.2
266.6
465
609.8
799
520.1
519
644.2
467.2
519.6
423
604.6
634.7
736
789
664
423.2
508.3
294
487
472.6
463.4
410.8
343
300.1
253.1
174.5
93.3
61.81
10.16
-7.95
-32.27
-38.42
-41.74
-42.43
-42.75
-42.82
-43.53
-41.5
-41.36
-39.98
-40.22
-41.51
-40.87
-38.93
-40.06
-39.36
-40.71
-38.73
-37.73
-38.21
-39.88
-40.16
-35.4
-22.33
-21.76
-20.34
-19.48
-19.28
-17.47
-17.05
-19.42
-17.2
-17.22
-19.31
-29.37
-38.2
-26.37
-16.97
-16.23
-16.15
-22.31
-29.94
-22.88
-16.95
-13.68
-17.74
-20.09
-32.66
-17.55
-20.76
-18.1
-8.39
12.77
21.26
50.45
77
126.3
200.8
109.3
152
349.4
516.8
490.1
550.3
639.9
623.4
726
590.5
712
623.9
765
755
762
779
759
756
749
749
710
684.2
592.8
538.3
422.8
354.9
316.2
272
321.5
331
208.4
189.6
204.9
143.6
55.69
3.93
-6.639
-19.18
-32.55
-38.12
-39.74
-38.32
-36.13
-37.17
-39.08
-38.79
-39.41
-40.58
-41.55
-41.96
-42.24
-40.65
-39.63
-37.84
-36.6
-35.41
-35.15
-34.84
-35.15
-38.75
-34.82
-34.57
-36.07
-36.93
-35.71
-35.94
-36
-35.75
-35.55
-34.37
-32.26
-34.47
-36.01
-34.47
-33.51
-34.94
-31.92
-32.49
-28.95
-21.08
-11.63
-5.136
-9.45
-31.13
-20.7
-15.65
-30.14
-20.84
-6.358
14.71
51.36
157.3
65.71
86.1
293.7
321
334.8
299.1
399.7
455.1
562
577.6
616.5
596.3
647.1
685.3
680.7
733
734
735
744
764
730
714
698
713
691.8
693.5
679.4
641.6
599.4
580.7
528.1
471.1
443.3
398.5
341.1
290.1
243.4
172.2
127.9
76.2
12.65
-24.55
-33.01
-39.22
-38.85
-40.67
-40.2
-38.49
-37.91
-35.42
-35.64
-36.18
-36.17
-36.51
-38.27
-39.78
-38.92
-37.65
-36.6
-36.68
-37.38
-36.07
-35.42
-34.14
-32.45
-24.66
-14.27
-21.82
-25.23
-53.79
-74.4
-39.94
-30.27
-15.76
-17.58
-24.13
-32.05
-27
-24.67
-24.84
-21.05
-18.37
-24.73
-19.47
-25.64
-19.54
-21.33
-15.01
-21.66
-29.85
-26.66
-17.46
-13.38
4.587
13.41
10.46
-3.6
14.54
16.11
23.83
2.302
13.1
14.88
39.56
58.15
78.9
90.2
99.8
127.6
130.2
157.5
223
329.3
441.4
570
650.8
675
659.4
632
563.6
536.9
498.9
512.5
386.9
329.6
377.1
435.9
385.3
265.6
199.5
139.6
101.3
75.3
61.17
40.03
18.86
0.696
-13.63
-26.11
-33.48
-33.92
-36.82
-40.26
-41.4
-41.68
-40.48
-40.6
-41.37
-40.61
-40.92
-39.7
-37.98
-37.49
-37.23
-36.75
-37.21
-37.83
-37.08
-37.94
-33.58
-33.74
-33.27
-33.99
-30.09
-30.96
-22.17
-24.09
-24.31
-24.21
-38.36
-29.18
-30.97
-35.31
-33.14
-28.94
-27.84
-34.8
-30.35
-30.1
-29.51
-34.99
-40.04
-40.33
-39.16
-39.48
-38.97
-35.79
-12.33
11.89
23.61
56.04
54.27
114.8
239.8
236.9
249.1
197.4
339.7
382.6
470.6
549.4
320.4
516.7
564.9
630.3
647.3
682.1
641.8
618.3
470.5
324
431.1
380.7
431.5
551.5
524.6
388.4
397.2
568.6
653.1
520
356.8
243.1
174
139.2
98.6
39.03
49.15
41.14
26.37
15.43
3.391
-6.578
-15.7
-13.51
-8.08
-29.81
-38.42
-33.84
-29.99
-20.34
-19.79
-21.36
-22.73
-23.34
-25.16
-25.38
-25.3
-25.28
-26.97
-29.44
-32.05
-32.49
-34.39
-35.09
-36.44
-33.87
-28.57
-24.9
-26.9
-34.43
-37.42
-36.99
-34.66
-34.12
-36.75
-33.16
-23.04
-19.22
-19.34
-12.56
-11.89
-23.13
-23.83
-12.72
-11.49
-14.64
-19.87
-16.73
-15.3
-20.24
-14.37
-16.88
-5.772
-5.64
5.049
33.03
55.25
87.7
187.4
211.7
262.7
252.5
321.9
322.5
269.8
338.8
306.3
302.2
426
501.9
581.5
651.3
589.3
517.4
446
402.5
406.5
366
451.6
580.5
555.3
721
739
642.7
493.3
553.5
583.2
572.3
478.4
283.9
292.1
331.2
281.2
227.1
216.5
125.2
41.08
5.743
-18.75
-34.04
-36.89
-31.28
-36.14
-34.98
-33
-35.03
-33.91
-32.31
-28.94
-33.05
-35.23
-31.16
-31.37
-34.27
-33.33
-31.35
-29.33
-28.12
-27.48
-31.89
-33
-35.37
-35.16
-31.1
-30.15
-30.91
-31.68
-31.13
-36.25
-31.33
-30.55
-31.93
-26.73
-23.64
-12.64
-13.87
-23
-24.92
-20.42
-18.86
-17.85
-17.59
-14.51
-15.61
-16.73
-20.61
-23.14
-21.44
-18.04
-14.02
-12.86
-8.48
-5.126
-3.822
-3.774
-1.085
1.732
6.63
2.333
12.47
9.27
7.12
0.011
4.157
16.39
19.95
46.13
96.4
128.5
151.4
149.6
120
131
134.3
169.2
174.6
121.2
147.9
201.9
209.4
258.9
157.2
218.1
133.2
53.55
131.5
160.3
86.4
146.1
64.79
67.96
52.06
40.37
17.32
3.032
-15.87
-16.14
-22.56
-23.92
-26.25
-37.97
-37.89
-35.59
-31.9
-24.35
-23.61
-16.8
-12.71
-13.41
-12.09
-11.89
-12.65
-11.49
-10.44
-11.61
-9.04
-11.93
-23.9
-15.51
-15.23
-12.48
-11.39
-12.59
-14.32
-10.36
-17.67
-16.44
-16.72
-14.78
-13.15
-14.87
-15.2
-13.04
-13.33
-12.44
-15.61
-13.41
-12.2
-14.64
-14.71
-9.07
-9.04
-8.94
-7.89
-5.177
-0.378
-0.665
0.391
-2.658
-29.38
-30.36
30.02
49.81
81.1
90.7
159.5
104.7
113
263.8
371.6
297.7
380.9
396
284.2
292.9
355.1
328
555.6
614.1
713
529.7
499
507.9
538
535.1
402.4
449.1
549.3
451.5
512.3
366.5
295.3
325
207.5
223.6
144.3
171.2
98.8
63.56
19.9
-14.71
-39.78
-49.43
-50.57
-50.62
-49.19
-52.46
-51.4
-46.81
-48.56
-51.32
-50.6
-48.72
-50.66
-51.57
-51.11
-45.98
-43.9
-36.58
-42.05
-42.99
-45.21
-55.71
-41.61
-37.06
-51.36
-48.24
-51.6
-52.44
-53.11
-52.26
-54.33
-52.39
-51.65
-53.44
-52.78
-56.58
-56.58
-54.03
-54.76
-53.93
-51.65
-50.44
-49.69
-49.97
-45.58
-26.7
-42.44
-38.99
-29.27
-27.6
-11.65
6.494
52.13
85.3
91.1
144
168.5
205.6
285
380.1
480.5
543.9
464.8
445.7
506.9
394.4
507.1
581.8
640.2
623.7
650.4
694.8
620.6
478.8
514.2
569.4
494.5
468.6
579.2
691.8
699.6
649.5
482.2
479.3
459.7
338.9
423.8
316.6
342
178
248.5
125.6
61.83
35.75
21.21
10.26
-14.74
-38.71
-46.63
-46.31
-47.29
-46.75
-48.17
-48.78
-48.9
-49.99
-49.03
-46.4
-45.63
-45.7
-45.58
-44.02
-43.29
-40.78
-27.13
-15.46
-21.07
-19.64
-36.02
-36.88
-20.27
-11.75
-12.92
-12.09
-14.02
-11.03
-11.44
-12.18
-11.46
-11.46
-11.94
-12.09
-11.99
-10.93
-10.99
-12.37
-11.99
-12.55
-12.37
-11.55
-11.75
-12.95
-12.72
-13.18
-12.57
-10.09
-2.542
7.77
24.81
44.54
64.28
87
122.5
165.9
142.4
173.7
117.3
81.8
67.46
181.1
274.6
60.11
47.89
125.2
122.1
161.9
174.5
250.6
249.8
395.3
421.2
748
671.5
363.3
149.4
666.4
524.3
473.4
327
55.23
100.4
77.8
274.3
262.9
246.8
250.8
129.7
132.8
40.98
18.23
1.428
-16.15
-33.39
-33.33
-29.61
-30.85
-31.27
-34.76
-34.97
-31.77
-30.76
-31.38
-32.12
-33.47
-38.8
-40.28
-42.07
-42.79
-42.49
-41.05
-41.03
-42.25
-49.57
-44.88
-44.72
-43
-40.57
-38.3
-37.47
-38.39
-39.03
-39.44
-40.34
-39.76
-40.28
-42.43
-44.23
-42.86
-43.86
-42.03
-41.67
-41.09
-41.53
-41.96
-40.36
-39.79
-40.71
-41.72
-42.42
-43.1
-40.19
-31.95
-22.64
-18.99
-4.773
72.4
102.7
101.8
163.4
174.5
324.1
405.4
418.7
501.8
538.4
566.9
590.3
625.6
649.1
682.4
693.9
702
711
569.5
644.3
812
782
627.3
548
731
759
711
530.2
695.1
599.9
566
528
471.8
415.7
242.2
100.7
57.01
40.33
44.15
51.85
29.04
27.64
-8.98
-28.51
-33.96
-32.19
-30.26
-26.99
-20.45
-21.18
-30.76
-34.19
-33.17
-34.3
-36.28
-38.89
-39.4
-40.05
-40.39
-31.19
-20.95
-24.12
-29.01
-35.52
-36.88
-28.21
-27.68
-26.48
-31.11
-27.76
-23.43
-27.6
-33.24
-33.11
-23.95
-22.4
-20.31
-20.73
-20.83
-19.96
-22.64
-34.77
-36.84
-38.13
-39.19
-38.02
-39.04
-38.06
-40.69
-39.21
-39.21
-37.13
-28.42
-10.7
23.19
57.06
47.43
143.9
194.6
243.4
290.6
350.4
394.4
442.6
492.2
525.6
554.6
601.5
629.3
655.5
685.2
704
703
720
704
734
734
748
736
729
704
683.7
672
655.9
613.9
574.8
541.2
500.5
456.9
414.5
366.7
328.4
274.8
223.8
136.6
57.31
34.52
-43.74
-68.74
-69.76
-47.45
-32.04
-25.08
-41.1
-47.26
-38.12
-36.5
-31.29
-27.8
-26.59
-28.58
-28.74
-29.21
-27.71
-26.55
-27.42
-28.26
-26.22
-24.7
-25.98
-23.72
-23.43
-23.52
-25.02
-22.09
-20.51
-22.75
-24.42
-24.4
-21.2
-22.94
-22.61
-22.27
-21.53
-22.44
-22.31
-25.59
-25.31
-25.43
-22.48
-25.5
-25.71
-29.16
-30.26
-32.78
-36.23
-38.87
-36.18
-32.3
-7.07
35.97
52.08
13.04
61.83
156.9
247.4
305.2
351.3
395.3
447.2
494.6
537.3
563
602.2
628.3
656.4
685.1
692.5
698.6
701
715
727
713
719
711
696.7
727
539.5
680.1
655.4
691.5
584.7
504
593.3
489
129.5
184.9
344.9
335.9
262.5
52.21
30.38
6.627
-2.693
16
-7.82
-19.19
-35.99
-30.26
-24.68
-29.32
-26.24
-22.84
-19.23
-19.61
-20.86
-24.71
-26.35
-26.77
-29.49
-29.68
-30
-31.39
-33.02
-33.26
-34.32
-35.17
-36.2
-33.94
-34.33
-38.7
-34.07
-34.33
-35.22
-30.62
-31.74
-30.53
-30.2
-34.58
-40.27
-21.34
-14.38
-9.35
-34.49
-34.75
-35.02
-36.71
-37.21
-40.81
-37.6
-32.39
-6.938
-5.561
-4.935
-2.183
5.085
16.48
84.3
144.2
88.6
73.9
285.4
299.2
341.8
397.5
435.4
480.3
522.2
548
609.5
635.8
650.6
675.9
670.4
594.1
603.6
660.2
662.1
635.8
731
703
695.4
698.7
704
659.6
654.2
600
587.1
584.6
548
412.5
425.2
326.1
362
374.1
287.1
128.8
73.4
111.9
64.28
18.08
-21.77
-31.09
-33.32
-37.83
-40.88
-40.22
-40.64
-41.21
-40.69
-39.57
-39.85
-41.67
-39
-39.74
-51.35
-39.91
-37.05
-36.92
-39.44
-40.11
-40.17
-40.56
-40.34
-39.87
-41.12
-45.26
-43.82
-41.38
-44.79
-42.56
-42.25
-41.63
-42.91
-44.89
-42.15
-41.84
-44.91
-47.53
-48.3
-44.95
-43.78
-46.89
-45.06
-48.01
-45.41
-45.7
-44.61
-46.56
-43.15
-39.55
-14.06
13.14
50.06
92.9
143.1
139
160.7
301.8
363.9
414.4
449.6
502.9
540.1
554.4
590.4
624.5
607.7
596.7
551.1
580.8
602.7
591.5
595.5
684.6
692.1
639.7
691.4
694
671.8
641.4
629.7
585.6
564.5
535.2
492.5
457.4
408.2
350.1
309.4
252.5
197.8
143.9
90.8
45.07
-10.78
-35.09
-46.9
-50.13
-52.69
-50.94
-51.8
-53.52
-53.61
-49.92
-50.3
-51.35
-50.06
-49.31
-47.57
-46.37
-45.79
-47.62
-48.9
-47.68
-49.26
-48.22
-48.58
-47.79
-47.3
-47.34
-46.52
-47.05
-47.43
-48.97
-49.2
-47.56
-45.38
-45.21
-44.54
-45.17
-43.38
-43.5
-43.86
-45.38
-45.38
-46.65
-46.33
-46.33
-46.04
-44.98
-46.33
-44.95
-44.74
-46.55
-42.13
-36.43
-17.3
-15.85
45.23
87
138.2
191.6
194
298.5
342.3
387
438.4
488.4
515.2
555.8
591.2
619.4
652.6
671.8
670.8
664.5
676.5
687
702
703
716
722
701
706
675.7
648.6
622.8
535
565.4
525.4
475.4
432.7
387.9
344.5
297.3
245.8
192.2
144
96.5
24.14
-25.11
-28.85
-40.48
-43.74
-42.64
-42.29
-42.01
-41.89
-41.59
-39.05
-41.58
-43.37
-41.52
-41.35
-42.67
-41.97
-42.74
-42.96
-43.83
-44.57
-45.3
-44.41
-43.71
-42.95
-43.08
-43.52
-43.41
-43.47
-42.94
-43.44
-43.04
-42.7
-42.53
-25.32
-32.18
-41.18
-40.8
-43.01
-42.43
-41.53
-41.67
-40.54
-41.11
-41.19
-41.58
-43.24
-42.3
-39.26
-42.17
-43.08
-39.2
-31.84
-25.95
16.97
51.34
96.7
143.4
197.4
252.7
296
352.3
398.9
437.5
489
525.3
545
590.7
611.6
658.6
667.9
664.6
676.2
693.4
705
710
709
754
725
722
703
681.2
648
644.4
610.4
564.8
535.6
498.1
441.8
385.4
350
291.3
232.7
181.7
133.7
89.2
51.5
1.69
-36.25
-49.36
-53.02
-55.87
-53.28
-52.63
-50.32
-48.16
-48.61
-49.35
-51.93
-53.22
-52.62
-50.98
-51.13
-53.17
-51.32
-51.81
-53.29
-52.97
-49.35
-48.06
-47.78
-47.35
-46.4
-46.47
-46.01
-46.03
-45.16
-45.56
-44.26
-45.36
-45.11
-42.07
-42.61
-43.37
-40.97
-41.46
-39.71
-40.35
-39.43
-37.05
-40.36
-41.09
-40.32
-41.13
-40.95
-43.31
-47.58
-38.79
-34.81
-12.78
20.97
55.05
48.59
135.5
187.4
244.5
290.9
332.8
404.7
445.3
485
533
559
587.3
604.5
648.8
641.7
650.7
655.4
682
679.1
686.1
716
703
707
705
696.9
671.2
636.9
622
588.8
551.3
510.1
493.6
424.4
386.5
335.3
293.6
237.2
181.8
126.1
78.7
36.43
0.061
-36.27
-45.14
-49.59
-48.03
-47.57
-46.98
-46.21
-45.65
-44.48
-44.16
-42.13
-44.1
-45.86
-49.81
-47.4
-47.73
-48.45
-49.11
-48.04
-47.45
-48.76
-49.43
-50.38
-51.66
-49.6
-49.77
-48.87
-47.86
-46.02
-45.16
-46.4
-47.4
-45.66
-48.08
-45.41
-45.48
-46.42
-45.8
-44.39
-45.93
-46.01
-48.15
-46.63
-50.99
-49.19
-45.7
-46.86
-46.03
-47.65
-44.76
-39.63
-20.07
-5.98
66.88
67.98
89.5
165.2
139.7
217.7
248.8
266.2
347.2
374.8
486
556.6
543
609.1
636.3
640.9
639.1
649.3
659.2
663.2
672.7
675.6
688.6
681.8
698.3
667.3
653.1
618.1
613.5
578.9
541.5
503.5
489.3
428.4
389.1
312.1
211.5
17.49
-10.57
-11.86
-19.25
-26.61
-28.22
-27.35
-28.9
-28.52
-26.37
-31.01
-37.11
-39.28
-39.78
-40.65
-39.71
-40.11
-39.3
-40.64
-40.29
-39.21
-39.48
-39.79
-40.89
-41.72
-40.26
-42.28
-43.31
-42.85
-43.86
-43.6
-42.3
-41.91
-40.58
-42
-42.41
-42.67
-41.17
-42.44
-41.73
-40.73
-40.91
-35.84
-38.5
-41.9
-40.03
-41.34
-45.69
-43.66
-43.01
-43.22
-41.39
-40.85
-42.97
-45.14
-41.93
-36.4
-34.88
7.47
6.967
48.69
69.16
49.99
193
357
188.9
311.8
413
479.2
514.4
542.7
552.6
581.5
579.5
424.9
376
693.6
566.2
588.2
668.6
670
684.9
673.1
675.8
667.9
685.9
512.6
621.1
593.6
553.2
502.7
457.8
309.5
212.7
173.8
115.6
92.5
71.1
41.82
19.59
2.809
-12.92
-27.45
-37.77
-41.04
-41.61
-41.9
-42.26
-41.72
-38.93
-37.89
-37.89
-39.81
-40.33
-40.56
-41.62
-41.94
-43.1
-44.67
-44.54
-43.44
-42.33
-41.31
-43.72
-39.53
-38.75
-39.28
