-55.11
-56.22
-54.02
-52.87
-54.87
-53.98
-54.24
-53.27
-51.98
-51.36
-46.61
-41.95
-40.1
-39.32
-41.5
-44.53
-43.93
-41.59
-37.91
-40.55
-37.96
-38.55
-38.3
-39.99
-44.17
-45.38
-38.14
-28.53
-7.35
28.35
37.16
42.99
29.39
58.3
67.54
90.4
120.8
158
136
377.7
430.1
409.9
437.9
457.7
467
489.1
498.2
459.6
383.3
457
428.8
407.5
402.6
388.7
387.2
373.3
358.3
341.6
329.5
314.1
280.1
263.8
221
182
106.1
56.89
46.24
-18.53
-17.95
-45.99
-60.57
-63.93
-62.93
-59.93
-60.32
-58.28
-58.12
-57.82
-56.86
-57.43
-56.9
-50.7
-49.98
-50.36
-47.7
-36.17
-35.63
-43.49
-49.02
-47.71
-50.56
-52.19
-50.61
-49.01
-45.67
-46.79
-46.59
-45.78
-44.62
-41.72
-33.93
-22.46
-8.23
-9.34
-18.21
-30.44
-42.83
-48.6
-46.25
-43.22
-36.19
-16.44
-15.39
-26.09
-33.42
-40.11
-50.69
-50.48
-50.06
-48.61
-44.04
-41.78
-37.19
-30.88
-12.34
-5.318
30.62
62.98
102.5
146.8
197.3
230.7
162.7
281.7
349.5
367.1
402.6
409.2
437.3
445.7
465.6
489.8
491.7
462.1
440
449
424.2
406.5
399.1
387.6
377.3
362.1
345.3
339.1
315.2
305.6
274.9
253
210.5
173.5
130.2
87.5
46.4
11.66
-16.01
-43.51
-66.06
-68.57
-68.69
-68.5
-66.96
-67.78
-69.26
-68.8
-68.69
-69.67
-72.9
-75.7
-73.8
-68.53
-60.46
-56.53
-53.17
-58.22
-58.82
-56.87
-62.24
-67.28
-67.28
-66.65
-66.44
-63.14
-65.68
-64.64
-63.75
-62.2
-65.07
-64.04
-62.19
-58.56
-55.25
-54.55
-55.71
-53.05
-55.6
-56.46
-54.03
-52.86
-51.18
-52.88
-50.05
-50.08
-49.36
-49.72
-48.43
-49.49
-49.79
-57.16
-51.47
-34.85
-30.08
-13.84
22.37
58.44
44.47
49.32
99.8
223.1
281
318.2
221.5
301.3
354.2
384.2
462.9
478.7
475.7
477.7
476.3
464.1
441.7
421.1
415.7
412
401.4
388.7
375.9
365.5
356.8
348.4
317.3
309.8
284.1
245.6
229.2
178
164
144.2
79.7
25.31
-4.925
-39.75
-57.83
-70.1
-67.38
-69.69
-65.77
-67.1
-64.16
-69.69
-70.6
-70.3
-65.37
-65.44
-68.59
-68.21
-67.85
-67.9
-67.39
-67.24
-68.29
-67.53
-65.79
-64.07
-64.12
-65.37
-65.71
-68.14
-64.77
-62.59
-61.83
-62.66
-63.45
-63.16
-64.53
-60.77
-60.45
-58.2
-56.14
-57.55
-57.74
-58.49
-58.52
-55.61
-58.93
-61.89
-62.93
-60.96
-60.5
-59.99
-57.58
-59.57
-58.7
-55.53
-51.61
-49.33
-34.48
-9.95
10.14
36.79
74.9
106.1
147
180.1
235
271.5
295
338.1
375.3
403.5
421.1
458.4
490.2
496
466.1
452.6
416.7
428
422.4
411.1
397.9
384.9
370.3
373
354.7
342.9
320.4
295.2
285.7
254.1
223
172.7
129.3
87.2
49.33
10.07
-19.88
-48.1
-68.78
-74.5
-77
-76.3
-77.5
-77.2
-76.3
-75.6
-74.6
-74
-76.2
-73.4
-72.5
-66.55
-61.49
-60.14
-64.6
-63.88
-60.8
-62.14
-64.87
-66.49
-65
-64.6
-61.37
-62.91
-62.32
-60.25
-66.53
-63.29
-60.79
-57.87
-59.37
-58.67
-58.62
-58.23
-58.56
-56.86
-57.86
-57.52
-53.6
-55.43
-52.62
-54.32
-51.39
-51.53
-50.27
-52.78
-51.58
-51.7
-52.15
-50.18
-46.54
-41.25
-29.25
-6.627
22.19
50.41
91.3
120.1
162.2
199.5
235.8
275
301.6
334.5
366.3
392.7
417.7
433.9
452.4
452.1
446.7
427.1
414.2
415.3
408.3
395.2
390.8
387.1
388.3
377.2
373.2
364.3
351.7
322.8
296.3
253.9
215.4
171.1
130.3
87.6
45.51
8.71
-21.07
-46.56
-63.6
-70.1
-70.7
-68.76
-67.56
-65.71
-63.84
-62.3
-60.57
-61.53
-66.25
-68.55
-68.68
-66.96
-66.22
-62.19
-60.73
-62.9
-63.14
-61.36
-62.66
-62.77
-62.31
-59.18
-60.29
-60.72
-60.55
-61.46
-63.34
-63
-63.8
-63.77
-64.48
-63.36
-62.82
-60.78
-57.56
-57.84
-57.3
-57.4
-58.91
-58.94
-59.02
-59.32
-59.59
-60.62
-61.69
-60.14
-60.25
-59.77
-59.95
-58.29
-56.57
-53.4
-39.32
-14.08
10.69
39.45
73.8
111.1
152.1
193.5
229.8
262.5
291.5
327.5
363.6
388
416.1
429.8
443.5
434.5
421.9
407.7
405.4
403.9
399.8
394
385.2
386.4
385
377.7
376.2
367.7
352.1
320.6
292.2
250.4
213.5
172.8
132.4
88.8
46.08
8.79
-23.01
-48.94
-64.38
-69.77
-69.72
-67.49
-69.03
-66.22
-66.66
-65.55
-67.48
-70.4
-67.96
-66.43
-68.32
-66.82
-62.59
-64.12
-63.64
-59.87
-58.5
-60.58
-62.67
-59.39
-60.21
-57.66
-58.93
-61.91
-60.27
-56.1
-56.73
-59.52
-55.52
-56.53
-58.04
-56.5
-57.66
-56.07
-58.58
-53.99
-53.92
-56.63
-53.03
-46.44
-34.17
-30.7
-27.96
-27.14
-29.96
-30.85
-27.6
-21.12
-18.22
-16.66
-9.44
-3.662
3.472
14.62
28.99
42.87
52.65
68.49
86.5
100.1
104.8
115.3
153.3
161.1
167.1
177
193.7
246
277
307.7
374.7
414.7
432.3
425.9
408.2
408.7
399.7
412.7
407.7
393.5
386
379.8
343.1
328.6
294.7
242.6
222.6
179.3
103.9
44.48
-8.12
5.265
-34.06
-43.65
-55.54
-58.11
-40.63
-28.57
-26.73
-30.1
-27.54
-24.39
-24.78
-28.77
-29.53
-26.1
-24.52
-26.5
-28.38
-29.94
-49.31
-59.98
-63.09
-65.81
-59.76
-60.34
-54.42
-48.71
-51.12
-52.65
-56.07
-56.97
-58.24
-53.83
-57.41
-59.77
-56.25
-57.92
-59.89
-59.34
-57.35
-58.37
-55.81
-52.45
-52.96
-55.39
-53.34
-52.84
-51.34
-47.36
-47.91
-49.69
-47.8
-42.38
-42.66
-44.22
-34.01
-24.21
-16.32
-4.883
18.2
30.78
63.04
120.1
163.7
207.5
237.3
271.8
305.4
337.8
378
402.8
429.9
444.7
453.4
450
441.6
435.9
421.1
413.8
406.4
398.3
397
396.4
394.5
383.2
386.1
379.1
367.6
339.5
297.4
261.1
229.7
184
138.9
97
53.81
16.63
-15.28
-43.61
-64.96
-72.7
-72.7
-72.9
-71.1
-68.02
-69.19
-69.98
-70.6
-68.98
-71.5
-69.19
-65.55
-63.59
-60.58
-63.31
-63.26
-63.1
-63.32
-62.26
-63.85
-63.08
-61.88
-60.66
-60.33
-60.26
-56.28
-49.22
-50.99
-51.96
-50.92
-41.79
-47.16
-50.69
-50.9
-51.9
-50.46
-37.71
-35.63
-35.85
-38.16
-43.67
-46.6
-47.66
-50.64
-47.61
-47.57
-49.61
-51.19
-49.62
-52.92
-49.81
-48.29
-45.11
-30.73
-6.891
17.83
47.23
80.6
121
158.8
202.7
220.9
265.9
297.7
342.6
380.2
408.6
412.2
450.5
449.6
449.8
425.4
417.8
425.5
423.5
417
412.6
414.9
395.7
395.8
388.8
390.2
388.6
362.1
328
301.1
270.7
228.6
184
145.1
104.2
59.49
21.68
-10.68
-37.29
-58.39
-65.8
-64.73
-61.89
-62.08
-62.57
-59.11
-62.87
-63.28
-64.44
-65.69
-64.35
-63.8
-63.05
-60.59
-62.08
-62.15
-62.28
-62.67
-63
-64.74
-64.22
-61.87
-61.25
-61.35
-58.16
-57.43
-54.78
-52.8
-52.63
-52.9
-53.12
-54.92
-54.49
-53.72
-54.8
-54.83
-52.48
-55.08
-51.54
-51.98
-53.39
-51.36
-52.12
-51.85
-53.05
-52.59
-53.43
-53.25
-56.16
-53.85
-52.91
-49.47
-48.43
-36.85
-15.37
7.78
39.39
73.7
112
153.2
191
230
269.8
298.4
339.7
365.9
393.9
421.6
443.5
458.9
446.4
428.4
411.8
415.8
408.4
406.6
400.9
394.5
391.2
380.7
394.9
396.8
390.9
372
335
296.4
258.4
217.1
176
128.6
88.8
48.54
9.88
-24.07
-52.83
-72.6
-80.2
-80.4
-80.8
-77.2
-79.1
-77.5
-79
-78.3
-77.4
-76.7
-78.6
-73.4
-73.2
-72.2
-71.2
-69.51
-69.11
-70.3
-68.87
-68.75
-71
-71.9
-71
-70.5
-70.1
-68.91
-68.39
-66.21
-63.93
-65.12
-62.18
-62.75
-63.45
-65.35
-64.05
-61.96
-60.37
-58.85
-59.72
-59.44
-60.05
-59.3
-58.65
-57.39
-56.92
-56.13
-58.57
-58.18
-59.71
-61.18
-59.25
-59.46
-59.14
-45.16
-19.57
5.622
36.96
73.3
112.4
152.1
193.6
234
275.2
300.6
337
371.9
403.4
430.9
454.6
455.8
441.2
432.2
434.5
422.6
410.9
400.3
397.9
405.5
402.5
391.9
392.3
394.1
383
381.6
334.2
299.3
257.2
212.7
176.7
135
90.4
50.53
11.76
-22.18
-51.84
-74.8
-84
-86.5
-86.8
-82.3
-86.1
-88
-82.2
-84.3
-85.2
-79.3
-73.9
-71.5
-73.6
-71.3
-68.36
-69.62
-69.2
-67.44
-66.93
-67.12
-63.84
-65.69
-63.89
-65.49
-63.93
-61.24
-61.66
-58.38
-59.27
-58.63
-58.98
-60.32
-57.92
-58.78
-55.55
-55.09
-55.69
-57.37
-59.34
-57.92
-57.39
-58.26
-53.44
-54.5
-55.33
-55.6
-56.35
-56.29
-58.28
-55.38
-52.51
-50.01
-48.28
-34.35
-10.59
13.51
44.2
77.9
118.4
157.8
192.9
232
264.5
300.1
337.4
365.8
399.4
410
430.8
451.5
440.4
431.4
415
413.8
415.8
421.7
402.8
384
397.6
377.2
377.8
363.5
360.1
346.4
313
283
243.6
205.7
169.8
125.6
80.9
41.5
6.898
-22.74
-46.56
-65.3
-73
-75
-70.6
-69.92
-69.16
-69.16
-70.6
-70
-64.98
-63.47
-64.78
-62.26
-63.77
-67.23
-65.08
-68.07
-68.48
-66.05
-66.15
-66.63
-66.69
-61.44
-61.38
-63.5
-63.59
-61.68
-60.55
-62.48
-61.58
-60.48
-60.52
-59.79
-62.83
-63.25
-59.46
-59.88
-62.63
-59.8
-59.05
-57.42
-57.41
-56.33
-56.08
-55.25
-56.74
-55.08
-54.1
-54.55
-56.33
-55.43
-53.32
-50.87
-48.27
-33.4
-9.01
16.57
47.57
83.7
117.3
160.5
202
239
275.4
305.7
344.5
372.5
397.8
429.2
446.6
451.7
449.4
444.4
442
420.9
408.7
404.4
400.6
395.1
392.9
391.6
393.2
391
382.6
358.5
324.2
301.5
258
220.8
179.6
138.4
93.2
52.03
15.44
-16.49
-44.41
-64.1
-71.1
-74.1
-72.6
-73.1
-74.5
-73.8
-73.9
-69.81
-66.66
-66.2
-67.96
-67.57
-64.18
-64.63
-66.51
-64.74
-63.16
-64.83
-63.17
-59.07
-59.71
-65.58
-66.79
-65.91
-66.94
-64.98
-63.67
-61.3
-60.74
-58.47
-59.15
-58.9
-63.05
-57.54
-56.31
-56.12
-53.5
-51.28
-51.43
-51.34
-47.84
-48.53
-48.93
-47.25
-47.26
-47.64
-49.12
-48.88
-49.09
-49.37
-49.94
-48.84
-48.49
-34.43
-9.6
14.22
48.45
82.4
120.4
160
204.7
244.6
288.9
319.9
348.1
390.2
415.8
438.2
466.8
469.2
470.5
441.6
432.2
430.6
421.8
418.3
411.9
411.2
410.7
406.6
406.8
400.2
389.9
379.6
345.3
316
276.4
238.2
187.7
140.3
98.5
53.23
15.72
-16.5
-44.57
-67.48
-74.6
-73.7
-72.9
-74.2
-71.5
-66.75
-67.99
-66.33
-63.23
-64.61
-64.32
-60.76
-63.3
-62.09
-62.65
-64.17
-65.81
-64.42
-65.32
-63.87
-62.74
-62.72
-59.1
-57.29
-57.56
-59.28
-58.16
-58.9
-59.02
-58
-57.01
-57.41
-57.89
-57.17
-56.08
-57.46
-57.08
-57.92
-60.22
-59.66
-61.28
-58.29
-57.43
-57.78
-58.76
-57.72
-61.77
-61.92
-61.26
-59.66
-60.41
-58.94
-59.8
-45.9
-21.72
4.107
35.8
71.4
110.5
153.8
193.8
230.2
264.8
306.7
334.5
361.2
403.9
434.7
447.8
460.4
445.2
434.4
429.1
416.1
414.3
412
411.4
399.8
402.2
405.1
409.2
407.1
395.1
373.9
343.1
299.8
266.9
227.3
183
142
94
49.55
11.67
-23.63
-49.53
-73.6
-81.9
-83.2
-83.4
-82
-81
-81.8
-79.7
-79.2
-77.5
-77
-74.7
-75.8
-76.6
-73
-72.2
-69.48
-69.77
-68.26
-67.53
-65.88
-65.96
-66.2
-66.96
-61.07
-56.67
-58.93
-57.75
-58.42
-60.01
-58.51
-61.28
-63.89
-62.77
-65.04
-61
-60.36
-60.17
-58.82
-59.41
-57.09
-57.28
-55.88
-55.43
-55.46
-54.78
-55.07
-55.6
-51.24
-48.66
-51.47
-53.19
-53.25
-52.63
-37.75
-9.73
18.89
48.36
82.3
123.6
158.9
202.3
238.8
284.9
328.2
356.2
378.4
408.8
444.6
465.6
473.3
466.4
443.4
442.9
426.7
430.8
418.2
412
400.1
402
401.7
407.6
410.8
396.9
380.2
349
312.2
275.7
235.1
196
148.8
104.5
61.29
22.25
-12.15
-41.3
-65.13
-74.2
-75.2
-73
-73.3
-70.5
-70.3
-70.3
-67.69
-66.19
-65.2
-65.1
-63.51
-61.74
-62.22
-61.08
-59.6
-60.76
-60.02
-59.22
-59.17
-58.02
-56.9
-57.73
-57.45
-55.87
-54.67
-52.9
-54.28
-53.67
-50.85
-50.76
-53.09
-54.74
-56.4
-58.05
-57.12
-55.48
-55.9
-55.47
-57.35
-58.8
-58.22
-58.41
-59.09
-57.71
-58.73
-59.36
-59.35
-58.25
-57.62
-56.27
-54.7
-53.32
-37.74
-10.47
16.6
48
85.4
122.6
164.2
201.2
241.6
277.7
315.3
345.8
383.6
401
431.7
450.4
464.8
458
430.8
419.5
415
406.4
407.1
401.2
394.9
398.4
392.5
401.5
402.6
398.1
367.6
339.2
307.3
269.5
231
193.3
152
105.9
63.89
23.58
-12.09
-40.44
-63.15
-71
-70.6
-68.89
-65.23
-64.9
-66.23
-65.29
-65.23
-62.94
-61.74
-61.12
-62.66
-62.73
-65.96
-66.28
-64.36
-65.27
-65.5
-66.42
-65.17
-62.83
-63.71
-62.83
-62.81
-61.63
-60.77
-62.36
-63.63
-61.98
-59.19
-58.95
-59.48
-57.48
-56.95
-58.24
-56.87
-57.01
-56.53
-56.45
-57.41
-55.7
-56.76
-57.79
-53.26
-52.64
-53.3
-52.94
-54.4
-54.71
-54.3
-53.23
-48.61
-48.99
-35.36
-11.67
10.85
39.44
77.9
126.9
158.5
204
244.4
283.8
315
356.4
380.8
399
431.9
463.2
454.9
445.7
435
425.3
435.9
312.3
392.6
403.9
404.5
400.6
403
402.4
407.1
386.7
373.3
335.7
304.4
263.1
223.2
184.6
141.6
98.9
58.42
20.6
-13.74
-43.58
-66
-76.6
-82.8
-83.9
-80.8
-74.5
-74.2
-76.5
-76.6
-72.4
-66.13
-66.91
-68.75
-67.95
-65.56
-59.95
-56.83
-57.61
-56.67
-57.7
-53.81
-49.68
-51.95
-55.18
-53.27
-54.21
-53.95
-51.83
-49.39
-46.98
-45.98
-44.88
-44.75
-49.24
-49.63
-44.58
-39.53
-39.61
-43.78
-48.48
-46.55
-49.69
-51.89
-51.04
-50.75
-50.22
-46.94
-46.53
-49.55
-49.42
-50.47
-50.27
-49.02
-47.74
-33.76
-9.05
17.53
48.47
86
123.7
163.3
204.1
238.6
280.1
314.5
358.4
383.7
407.9
431
456.5
462.6
454.3
444.9
434.3
420.3
419.3
414.1
411
400.7
428
406.5
408.8
420.5
397.5
377
340.8
310
274.4
229.6
195.9
150.1
107.3
64.49
25.99
-7.5
-34.8
-54.61
-63.24
-62.63
-62.98
-61.44
-60.02
-59.72
-58.73
-60.01
-60.12
-59.75
-59.52
-56.82
-60.47
-58.25
-56.92
-56.35
-55.53
-56.1
-53.39
-53.01
-52.87
-52.5
-53.08
-53.81
-53.86
-53.95
-55.68
-55.36
-57.51
-56.53
-54.99
-53.6
-52.29
-51.97
-49.24
-45.72
-46.02
-45.89
-42.71
-41.46
-41.54
-41.62
-42.91
-44.58
-44.22
-44.82
-43
-45.51
-44.88
-46.02
-44.09
-41.67
-39.54
-25.15
-1.671
22.6
52.68
85.6
125
165.2
200.9
219.2
281.5
319.9
347.8
388
413.2
448.1
449.4
456.7
442.6
430.4
424.7
423.8
430.9
413.4
408.3
399.8
410.5
417.8
422.4
416.6
404.7
294.8
340.8
324.6
274.4
244.9
198.9
147.5
116.3
67.31
27.92
-5.96
-31.79
-51.93
-59.88
-63.49
-64.25
-62.28
-61.48
-63.33
-61.43
-60.5
-61.09
-61.54
-62.61
-62.13
-61.95
-60.69
-59.22
-59.28
-58.11
-59.15
-58.63
-57.68
-57.05
-57.85
-59.23
-56.82
-57.27
-56.55
-55.52
-56.68
-58.13
-55.41
-54.3
-53.71
-53.74
-55.08
-58.03
-57.2
-58.66
-57.7
-56.81
-57.99
-57.1
-56.97
-57.71
-58.24
-57.64
-57.85
-59.58
-59.85
-59.71
-59.12
-57.22
-56.24
-56.01
-39.77
-12.76
15.08
46.46
83.4
123.4
162.6
203.9
243.3
277.4
311.5
346.2
372.7
404.1
421.2
443.3
451.1
439.9
425.4
421.6
414
414.6
400.9
392.2
386.7
393.2
399.6
402.4
409.8
387.6
366.2
339.2
309.8
275.8
229.5
191.7
147.6
105.4
61.41
23.79
-11.37
-40.46
-64.03
-76.9
-76.3
-76.3
-74.5
-73.7
-75.3
-76.5
-72.2
-72.5
-70.5
-71.8
-66.06
-67.52
-67.38
-62.51
-59.64
-59.68
-59.48
-59.68
-58.83
-59.84
-59.44
-58.51
-57.9
-55.86
-54.81
-58.35
-57.99
-55.96
-55.57
-54.23
-54.25
-57.55
-56.78
-56.64
-55.69
-55.72
-55.37
-54.86
-56.53
-56.83
-55.72
-55.48
-54.78
-54.86
-53.21
-51.88
-51.29
-49.95
-50.55
-49.46
-46.57
-43.39
-28.76
-3.248
23.06
52.94
84.5
126.2
115.2
203.3
270.6
198.4
292.6
312.3
249.4
251.9
386.8
299.2
438.5
432.9
442.8
422.1
417.9
447.4
423
417.8
408.9
413.6
291
301.9
300.6
259.1
239.7
286
174.9
77
234.1
213.3
163.6
115.1
74.4
33.03
-1.635
-39.71
-49.54
-59.84
-61.4
-60.45
-60.49
-60.02
-58.44
-55.29
-53.94
-52.86
-52.38
-50.77
-50.4
-51.75
-51.64
-51.41
-51.3
-51.64
-49.9
-47.83
-46.93
-52.63
-54.8
-53.78
-52.87
-48.1
-50.02
-53.42
-51.61
-50.38
-52.52
-51.76
-52.54
-52.37
-49.64
-35.61
-40.19
-46.48
-46.77
-43.88
-45.59
-51.45
-51.98
-51.51
-51.83
-54.49
-54.9
-55.18
-55.62
-54.55
-53.53
-49.54
-49.49
-44.92
-31.07
-8.03
15.93
46.93
82.5
121.3
157.6
197.6
235.7
271.9
311.3
344
369.6
398.5
424.2
441.9
457.6
445.6
425.6
411
412.5
409.7
402.5
389.9
398
398.5
394
412.8
406.6
406.5
374.4
337.2
310.5
272.8
230.9
193.7
149.8
103.2
63.13
22.88
-11.91
-48.55
-58.35
-71.6
-74.7
-72.7
-70.9
-76.1
-72.5
-71.5
-69.54
-62.8
-64.33
-61.89
-60.76
-54.87
-55.81
-56.25
-58.01
-57.74
-58.12
-60.66
-58.78
-56.7
-58.1
-56.71
-56.59
-56.82
-58.2
-58.22
-59.96
-58.89
-57.49
-54.46
-54.7
-53.29
-54.69
-54.64
-51.9
-50.62
-54.32
-53.17
-56.56
-58.95
-58.15
-57.33
-55.65
-58.09
-56.99
-58.05
-58.56
-60.14
-59.46
-58.6
-56.34
-51.54
-37.6
-11.83
15.72
45.76
81.3
119.3
160.5
199.2
240.6
285.2
322
343.4
378.8
399.9
428.1
462.6
459.5
455.8
448.4
437
420
424.5
416.4
409.6
401.2
407.1
408.5
409.7
420
415.2
382.6
358.9
332.1
274.5
236.1
196.2
151.6
110.1
67.14
27.03
-6.951
-37.23
-63
-75.9
-73.7
-72.4
-71.4
-70.6
-69.77
-70.9
-66.37
-66.12
-68.51
-68.86
-68.06
-66.64
-66.18
-64.14
-66.3
-65.74
-64.93
-64.2
-62.58
-61.79
-60.15
-60.68
-61.57
-60.85
-61.74
-58.25
-56.66
-54.77
-56.25
-55.61
-54.54
-53.99
-53.57
-54.67
-54.54
-54.45
-40.42
-10.33
-4.579
-3.132
-2.289
-2.532
-3.451
-5.69
-10.05
-15.84
-22.54
-30.13
-16.12
-4.201
-2.593
-0.034
3.868
9.37
19.54
43.34
61.36
91.2
86.9
109.2
141.7
177.9
254.4
216.2
260.1
493.9
420.3
475.3
462.2
483.4
463.5
448.9
456.5
450.6
447.6
449.2
435.6
434.2
440.9
444.1
449
434.5
398.4
373.7
338.6
295.2
259.7
218.1
172.1
129.5
85.5
42.23
5.311
-26.7
-52.6
-67.56
-69.73
-69.18
-69.39
-69.31
-68.7
-67.24
-66.33
-66.1
-65.21
-64.12
-62.51
-60.07
-58.79
-57.21
-58.34
-57.43
-55.75
-55.43
-58.73
-60.63
-55.75
-54.12
-53.23
-50.75
-49.25
-50.6
-50.82
-51.16
-51.16
-50.36
-50.46
-48.73
-48.2
-47.46
-46.2
-44.85
-44.7
-45.46
-47.37
-49
-49.97
-48.84
-47.53
-47.04
-45.85
-45.84
-44.83
-42.37
-41.4
-40.45
-30.95
-17.57
-3.605
12.54
34.24
64.37
98.9
129.5
146
138.9
244.7
282.2
312.8
378.4
394
413.9
440.9
474.9
475.3
469.7
457.4
455.9
445.3
435.8
436.7
435.1
419.5
422.4
428.7
421
430.9
392.6
389
366.6
328.1
291.5
233.7
204.4
155.3
116.8
68.2
27.51
-7.01
-37.96
-61.83
-72.5
-76.6
-78.3
-77.9
-76
-75.5
-77.2
-75.4
-68.5
-69.4
-66.91
-70.3
-73.7
-75.9
-71
-65.64
-67.12
-64.16
-62.61
-56.87
-60.06
-57.25
-61.4
-61.28
-62.19
-62.25
-60.33
-58.52
-58.47
-58.64
-59.62
-63.7
-65.87
-66.47
-63.07
-61.17
-56.99
-59.89
-58.78
-58.03
-58.74
-58.06
-54.12
-54.75
-56.25
-55.79
-60.02
-58.07
-58.62
-58.33
-59.89
-57.9
-51.4
-34.6
-12.86
-12.51
45.27
79.9
122.6
166.8
202.7
251
285
328.7
359.6
393.7
422.1
440.7
458.1
477.1
463.1
440.1
433.7
433.3
454.2
434.6
425.6
409.9
418.3
410.8
416.2
426.3
400.2
374
337.4
307.1
267.6
231.9
192.4
149.6
107.8
62.63
20.01
-18.62
-50.45
-70.4
-82.1
-83
-85
-82
-76.7
-78.8
-78
-72.7
-76
-77.1
-77.8
-75
-72.3
-73.8
-72.2
-69.88
-68.48
-73.3
-69.25
-68.95
-67.43
-65.55
-67.74
-65.15
-64.1
-63.83
-65.48
-65.47
-63.05
-63.79
-63.46
-63.45
-61.41
-60.11
-61.4
-63.28
-61.13
-55.44
-50.96
-51.52
-54.23
-54.56
-56.64
-56.8
-57.11
-59.63
-55.54
-57.2
-55.08
-57.01
-54.43
-51.1
-47.21
-30.59
-4.236
22.62
54.95
92.5
131
168.6
207.4
246.3
289.6
323.3
354.7
379.2
428.5
445.4
460.9
467.1
464.2
440.7
432.1
441.5
434
435.1
420.2
428.1
408.7
416.5
417.9
423.9
410.6
382.5
349.6
320.9
276.1
230.5
197
151.4
102.8
58.72
20.32
-12.87
-44.91
-63.88
-73.3
-74.3
-74.7
-73.3
-75.8
-72.7
-73.4
-69.14
-70.3
-69.67
-70.6
-71.2
-69.96
-70.3
-67.59
-70.1
-66.96
-67.33
-68.29
-66.34
-63.78
-64.13
-63.38
-63.61
-62.83
-60.35
-59.16
-58.98
-59.42
-60.13
-63
-63.38
-63.13
-63.9
-60.02
-58.73
-59.46
-60.17
-59.79
-57.67
-55.73
-52.09
-51.63
-49.47
-52.11
-50.45
-47.35
-46.1
-49
-51.16
-46.68
-46.76
-44.79
-31.12
-7.74
17.74
50.41
85.3
123.6
167.4
211.1
253.8
282.4
317.5
361.9
371
419.8
452.4
459
470.7
470
450.5
430.7
441.4
437.9
432.4
428.6
416.5
421.8
419.2
421.6
437
414.1
379.7
354.4
318.8
275
241.5
192.3
151.3
108
64.06
24.42
-9.53
-36.84
-56.99
-65.77
-65.58
-72
-70.9
-70.9
-65.04
-64.74
-66.7
-65.61
-65.3
-63.71
-63.22
-63.13
-62.56
-73.4
-66.82
-65.15
-63.3
-62.82
-63.47
-63.89
-64.49
-64.35
-64.68
-67.33
-66.28
-67.76
-65.28
-62.62
-64.1
-61.49
-63.1
-60.33
-59.09
-61.08
-56.2
-52.59
-54.55
-53.6
-54.5
-56.27
-55.17
-55.92
-54.22
-53.28
-51.86
-51.61
-48.37
-47.58
-49.51
-49.9
-50.71
-46.74
-33.67
-10.49
17.73
49.9
83.9
125.2
167.4
208.9
246
281.9
318.8
354.9
391
413.6
444.3
473.8
481
463.8
452.4
425
432.8
434.9
431.1
426
389.1
359.7
392.4
427
420.2
402.2
376.8
346.8
288.9
218.3
226
202.8
153.7
85.8
66.75
27.06
-4.054
-29.34
-57.64
-69.89
-72.1
-67.29
-65.54
-66.1
-61.35
-56.33
-55.51
-56.03
-56.87
-55.93
-53.56
-54.35
-60.91
-64.41
-63.52
-63.57
-56.29
-54.73
-60.2
-60.01
-59.94
-61.2
-60.35
-60.88
-61.84
-60.77
-59.67
-59.58
-59.85
-61.26
-65.9
-63.28
-59.38
-61.71
-60.62
-58.39
-58.76
-57.07
-54.55
-55.83
-56.93
-55.77
-55.15
-54.63
-56.26
-55.99
-57
-56.57
-56.26
-53.2
-45.73
-38.54
-26.65
-7.87
19.16
53.68
91
129.3
164.8
210.3
249.4
285.8
321.4
335.9
373.6
396.6
417.2
440
451.4
451.6
427.6
423.2
425.1
426.2
418.4
420.4
411.1
407.5
412.5
422.2
422.1
401.1
376.1
344.9
318.7
273.9
229.2
167.6
153.6
108.4
66.53
15.46
-4.209
-22.88
-52.73
-66.4
-65.69
-58.14
-37.2
-34.7
-44.77
-41.8
-38.94
-37.62
-31.52
-30.61
-47.12
-49.31
-32.82
-36.18
-44.5
-53.43
-60.1
-62.31
-59.02
-56.7
-54.93
-46.37
-40.48
-48.9