-14.06
-15.23
-20.92
-26.61
-27.24
-25.69
-24.32
-20.83
-7.61
-4.564
-9.47
-7.71
-9.33
-17.51
-23.24
-28.4
-28.41
-26.44
-26.97
-27.87
-29.61
-31.03
-32.3
-32.24
-34.64
-40.33
-29.02
-5.916
-7.13
14.55
19.14
44.46
34.92
76.7
116.1
185.4
282.2
385
664.8
392.8
418.5
346.1
303.1
349.6
291.5
300.6
297.2
394.2
331.8
358.3
330.8
391.4
412
382.5
372.8
475.6
349.2
458.6
400.2
554.1
507
395.4
437.6
427.4
248.5
205.4
210.9
164.9
110.3
72
37.82
5.829
-17.69
-30.41
-35.37
-37.44
-37.73
-38.21
-37.99
-37.84
-36.94
-36.9
-36.16
-34.56
-35.92
-36.26
-34.45
-33.01
-33.37
-34.64
-34.9
-34.11
-32.83
-34.25
-28.32
-32.5
-35.13
-34.86
-35.96
-28.97
-22.79
-31.58
-31.02
-33.11
-33.39
-33.64
-34.4
-30.12
-27.8
-25.11
-19.11
-18.18
-17.82
-16.63
-12.84
-6.428
-16.59
-13.08
-8.65
-13.22
-12.87
-13.14
-9.09
-6.027
1.782
19.48
40.86
68.26
93.3
70.9
88.3
125.7
191.8
197.5
240.2
305.3
544.3
500.7
534.1
306.7
646.2
576.3
685.8
743
302
647.5
852
613.3
526.5
677.9
656.2
287.8
110.5
142.9
181.1
193.8
265.6
246.1
102.3
235.2
337.5
232.1
258.7
179.7
139.9
144.2
71.1
23.19
-3.924
-20.53
-21.99
-18.8
-23.97
-34.12
-36.25
-34.38
-33.31
-31.95
-26.98
-36.38
-25.02
-24.1
-22.84
-24.28
-21.39
-21.89
-29.76
-34.22
-35.53
-34.9
-34.68
-34.7
-34.19
-34.26
-34.06
-32.11
-34.7
-35.05
-35.94
-36.3
-37.13
-36.97
-37.08
-38.01
-37.48
-38.17
-37.13
-37.2
-36.46
-36.3
-35.79
-36.19
-35.46
-36.18
-36.06
-35.67
-32.24
-18.48
17.73
50.07
115
185.1
208.1
343.1
312
139.9
143.9
214.2
317.4
295.3
378.5
508.7
625.4
680.6
708
715
742
831
891
788
588.2
843
514.2
420.7
544.1
647.6
742
720
543.4
728
670.5
372.3
343.3
353.9
374.9
287
241.2
273.2
233.1
177.7
122.8
71.1
32.89
-4.255
-28.52
-36.39
-39.36
-40.07
-39.36
-38.91
-37.23
-37.24
-38.43
-35.71
-36.88
-38.68
-38.33
-35.93
-35.36
-33.5
-33.47
-38.21
-51.65
-38.12
-37.56
-34.43
-34.56
-37.59
-38.16
-37.48
-36.94
-36.75
-36.06
-36
-35.25
-35.27
-35.75
-36.26
-36.09
-35.8
-35.07
-11.58
-16.7
-31.82
-33.23
-30.87
-24.25
-33.89
-37.19
-36.62
-37.03
-35.69
-32.36
-18.21
13.33
31.47
77.5
128.8
135.8
194.9
208.5
295.8
373.1
270.7
396.8
394.1
569.5
574.5
503.2
559.6
531.1
541.4
570.5
509.3
607.2
681.4
373.9
550
409.5
597.4
533.8
667.6
611.2
543
576.1
494.7
586.3
346.5
434.5
537.9
377.2
165.3
106.3
130.8
161.3
128.6
105.2
73.5
28.03
-6.755
-26.04
-34.57
-34.16
-28.25
-29.9
-15.56
-66.6
-57.06
-52.85
-38.86
-43.06
-37.02
-35.87
-30.08
-21.05
-34.3
-40.58
-43.85
-42.22
-47.3
-40.47
-34.19
-32.88
-32.12
-30.44
-31.66
-32.94
-31.67
-30.11
-30.87
-33.63
-30.29
-32.46
-31.11
-32.68
-39.3
-38.28
-41.35
-41.75
-34.43
-38.3
-39.23
-35.96
-38.5
-37.09
-32.18
-29.49
-34.42
-30.94
-7.36
-11.6
-5.609
36.2
5.884
35.35
105.1
207.5
300.6
416.6
310.3
410.2
419.4
509.3
617.2
714
750
615.3
532.2
360.5
553.6
639.6
227.3
112.4
161
184.1
83.8
102.5
57.32
80.4
49.28
25.08
28.75
40.72
50.49
59.7
61.07
51
35.51
17.48
8.1
-16.78
-8.16
-4.686
-7.97
-5.338
-11.89
-22.02
-23.09
-24.45
-29.34
-29.97
-38.47
-34.85
-37.44
-43.76
-45.7
-37.74
-37.9
-39.26
-33.43
-34.7
-33.18
-32.59
-35.62
-29.58
-31.53
-33.09
-34.35
-33.41
-34.67
-34.63
-27.32
-30.5
-27.49
-29.6
-32.48
-21.15
-23.72
-27.35
-22.8
-32.34
-31.3
-22.13
-25.44
-26.83
-24.41
-33.59
-31.69
-35.24
-29.26
-28.4
-31.22
-31.82
-33.57
-27.92
-11.81
10.84
-16.3
37.99
70.5
186.1
236.8
286.9
292
414.5
332.2
434.7
442
422.4
542.6
458.6
378.6
616.3
219.6
683.2
397
632.3
557.1
666.3
238.8
637.7
406.5
701
672.8
164.5
-99.8
-90.5
-28.83
-37.35
127.1
143.4
159
294.1
301.7
281.1
248.5
233.7
-70.5
-59.9
-34.07
-30.46
-16.3
-39.38
-37.38
-48.86
-50.78
-93.4
-117.5
-53.14
-36.6
-33.46
-30.67
-32.25
-32.81
-32.75
-37.12
-36.31
-34.56
-31.95
-28.32
-30.93
-39.52
-34.73
-35.43
-37.67
-38.74
-39.31
-40.13
-43.11
-43.66
-44.31
-43.82
-48.63
-45.74
-44.45
-44.41
-47.86
-50.42
-49.21
-47.46
-47.9
-46.2
-46.03
-47.38
-45.05
-45.61
-46.7
-41.21
-43
-43.06
-34.41
-6.586
29.75
72.3
125.2
151.3
134.7
267.4
317.9
373.7
420
463.1
505.8
547.1
581.5
609.2
643.8
666.1
694.1
715
721
731
734
758
794
796
805
510.9
384.7
268.8
331.3
83.4
207.4
726
622.3
530.8
474.3
416.1
362.1
318.8
271.8
219.4
165.4
120
69.89
25.78
-7.8
-37.55
-54.74
-60.39
-61.54
-62.26
-61.81
-58.09
-56.68
-53.78
-49.1
-48.98
-50.36
-49.7
-47.88
-43.39
-52.2
-55.86
-58.84
-59.41
-59.96
-60.39
-58.73
-59.73
-59.86
-58.11
-59.75
-61.9
-60.58
-59.9
-59.53
-61.31
-61.25
-60.71
-61.13
-61.87
-61.39
-62.14
-62.82
-64
-64.33
-63.35
-62.55
-61.66
-64
-63.45
-62.65
-65.2
-64.03
-62.06
-57.13
-26.04
-32.34
39.7
102.1
152.4
208.3
263.3
309.5
358.9
406.3
457.4
517.8
546.7
570.2
612
646.1
663.5
687.6
712
718
722
737
733
731
747
741
708
716
690.6
679.4
648.2
624.4
584.9
564.4
502
455.7
422.9
371.5
324.2
264.9
213.7
163.5
109.7
62.25
20.86
-12.25
-38.93
-55.81
-59.88
-60.25
-59.48
-59.32
-58.97
-59.16
-57.75
-59.83
-60.61
-60.22
-59.44
-61.36
-60.78
-61.28
-61.44
-61.14
-61.43
-63.1
-62.47
-62.32
-65.61
-66.02
-65.2
-64.32
-62.85
-63.97
-53.56
-66.58
-65.67
-63.17
-62.68
-62.47
-63.82
-65.68
-60.07
-62.39
-60.18
-60.67
-67.17
-68.27
-69.58
-60.22
-64.51
-69.71
-62.73
-66.78
-60.03
-50.58
-22.38
-2.209
27.59
95.6
173.9
157.1
260.8
314.4
368.9
403
453.8
493.8
531.1
578.7
608.2
642.7
667
677.9
687.1
709
723
720
747
743
720
724
715
726
678.9
639.4
634.3
623.3
579.3
560.5
498.9
460.3
414.5
358.5
318.3
265.5
205.2
161.1
109.4
64.98
24.04
-7.38
-36.67
-49.83
-56.33
-59.76
-58.97
-57.21
-55.7
-54.46
-54.48
-54.17
-53.2
-53.5
-54.8
-54.34
-55.74
-56.08
-54.22
-54.32
-55.27
-55.05
-52.87
-51.57
-52.8
-52.28
-54.12
-55.91
-53.86
-52.12
-52.86
-54.23
-56.54
-55.67
-55.3
-57.53
-53.54
-52.13
-52.57
-52.26
-53.6
-52.24
-52.68
-49.14
-47.04
-48.96
-48.6
-48.97
-50.01
-48.16
-45.97
-38.3
-13.38
21.89
64.43
104.3
49.58
213.5
272.6
319.7
360.6
402.9
440.6
486.8
529.5
567.4
608.8
632.4
673.9
680.5
679.7
699.6
720
725
737
742
748
735
719
702
696.2
704
632.9
604.8
570
539.5
505.2
457.6
410.4
374.2
315.9
261.4
207.8
158.5
106.5
34.09
-7.22
-4.629
-28.49
-43.96
-49.74
-53.03
-53.3
-53.07
-49.51
-46.56
-45.23
-50.91
-52.05
-52.92
-49.68
-48.07
-50.43
-49.68
-49.49
-50.33
-52
-52.2
-51.41
-51.42
-51.09
-48.68
-46.88
-44.01
-39.28
-47.89
-48.96
-48.5
-49.06
-49.19
-49.04
-48.37
-48.51
-48.18
-47.41
-46.71
-46.33
-45.58
-45.59
-44.7
-42.33
-43.2
-46.5
-42.86
-47.35
-50.52
-42.97
-36.84
-10.6
11.67
45.27
74.1
161.3
214.1
268.3
284.8
344.8
410
441.2
490.4
525.6
557.4
587.5
615.9
650.1
661.9
682.6
712
718
723
720
728
747
723
724
717
713
662.6
550
580.9
492.7
406.7
259.8
208.7
208.6
219.4
153
132.2
108
81.8
60.22
41.3
20.68
2.076
-15.45
-27.25
-34.44
-39.18
-40.09
-38.46
-41.95
-42.57
-41.32
-41.46
-43.3
-42.39
-43.17
-41.22
-43.71
-44.96
-43.8
-45.76
-44.97
-44.37
-42.96
-42.59
-41.73
-41.68
-42.33
-41.87
-42.24
-42.73
-42.8
-43.91
-33.63
-24.65
-20.06
-23.73
-19.4
-23.21
-34.03
-42.29
-43.18
-42.71
-39
-38.42
-40.43
-21.91
-15.19
-16.42
-18.53
-20.64
-40.33
-27.69
-8.03
16.47
39.3
94.7
154.5
206.1
248.7
315.1
350.5
212.1
459.7
356.7
417
522
652.8
682.8
666.3
717
682.7
698.8
713
724
728
734
772
663.8
543.4
557.3
377.8
212.3
143
122.9
108.5
127.1
163.5
186.6
192.8
185.3
228.5
296.9
237
125.1
134
86.2
30.19
-2.354
-13.17
-8.23
-67.98
-34.54
-51.35
-31.19
-34.08
-33.56
-37.23
-35.8
-37.59
-38.36
-48.41
-41.48
-36.53
-35.81
-35.43
-34.65
-38.89
-34.47
-34.15
-31.17
-29.3
-31.16
-29.93
-31.29
-29.75
-25.99
-23.77
-26.46
-29.1
-29.45
-35.11
-36.31
-39.57
-36.45
-37.82
-36.5
-36.61
-34.17
-38.15
-42.63
-43.52
-43.47
-43.13
-47.1
-43.68
-40.69
-47.78
-59.44
-50.24
-56.54
-48.65
-48.53
22.13
103.4
219
307.6
351.8
399.9
442.6
482.3
522.9
552.3
580.3
609.9
642.2
660.9
682.5
699
703
699.5
725
742
725
713
695
573.2
656
631.8
637.2
603.2
583.8
534.1
494.4
452.5
407.4
354.8
315.3
260.8
213.9
93.8
31.76
-3.303
23.53
-2.208
-27.5
-35
-41.81
-44.49
-47.11
-45.48
-42.98
-40.84
-39.75
-39.53
-36.84
-38.25
-39.09
-40.3
-41.11
-41.9
-42.17
-41.7
-42.18
-42.64
-43.18
-43.62
-43.39
-42.53
-42.24
-41.61
-41.48
-40.93
-40.09
-41.64
-42.26
-41.59
-42.35
-42.6
-42.73
-42.34
-42.35
-41.03
-38.63
-36.19
-36.03
-37.43
-34.46
-32.16
-36.13
-39.19
-39.71
-40.22
-38.49
-32.21
-18.69
24.7
69.17
124.7
184.3
207.2
133.4
159.9
222.4
234.9
282.4
213.7
205.2
355.8
389.2
395
416
646.9
558.6
514.7
473.7
379.3
104.4
39
26.19
32.1
40.51
51.59
86.9
224.6
400.9
636.9
31.02
22.46
46.19
150.9
241.9
262
309.1
286.5
240.1
187.1
122.3
72
31.94
5.852
-12.55
-26.83
-35.17
-37.1
-37.75
-37.91
-37.4
-37.53
-37.61
-38.41
-37.18
-36.39
-36.02
-34.79
-32.2
-35.6
-34.27
-32.53
-34.34
-37.03
-37.29
-37.86
-38.04
-38.9
-39.3
-38.67
-38.53
-37.24
-37.21
-36.77
-37.64
-37.23
-36.28
-33.71
-33.28
-33.59
-35.87
-37.24
-34.12
-31.82
-30.41
-29.08
-29.97
-31.22
-32.39
-33.75
-35.57
-36.63
-36
-31.39
-19.46
0.267
17.22
38.39
142.5
120.8
260.9
311.2
341.1
387.5
426.2
476.2
517.6
550.1
590.2
609.1
675.5
631.4
436.2
421.9
453.8
452.3
414.4
461.1
548.8
696.7
679.7
655.1
674
625.3
454.7
354
546.5
535.3
502
435.5
156.2
24.2
17.13
24.88
33.91
4.345
-9.88
-6.449
-22.3
-24.78
-19.43
-18.82
-19.26
-18.79
-19.84
-26.6
-28.22
-30.54
-43.05
-34.1
-21.1
-16.78
-16.85
-16
-12.95
-8.1
-7.51
-37.84
-30.67
-25.8
-29.82
-31.33
-32.75
-22.66
-18.91
-9.97
-9.47
-15.77
-18.15
-14.82
-15.55
-16.5
-13.94
-13.91
-14.9
-15.86
-15.89
-16.48
-16.37
-16.41
-17.94
-16.97
-18.13
-19.75
-18.9
-18.55
-16.85
-16.97
-16.45
-14.65
-11.12
-1.441
3.527
6.14
10.19
6.23
20.56
35.99
48.93
82.2
102.6
196.9
239.7
326.7
349.2
325.4
329.4
294.3
337
503.6
699.1
519.3
465.1
398.7
384.3
592.6
724
576.5
474.8
684.8
593.3
679.3
479.2
487.6
569.4
524.6
456.2
369.7
205.7
238.1
270.1
178.3
142.6
135.1
96.6
27.03
-16.46
-34.02
-40.9
-42.94
-42.29
-41.15
-40.35
-40.08
-41.07
-41.37
-41.54
-42.61
-41.62
-42.29
-43.36
-43.55
-42.43
-39.94
-37.45
-37.15
-39.05
-49.6
-50.9
-39.77
-36.83
-34.4
-34.55
-36.73
-31.25
-30.05
-22.7
-24.71
-23.08
-32.57
-39.45
-36.25
-31.11
-32.04
-36.33
-35.44
-40.91
-36.29
-25.35
-20.48
-23.58
-23.16
-23.42
-22.11
-23.12
-17.16
10.66
25.19
117.8
155.2
167.8
166.2
171.7
272.6
382.3
404.9
437.7
499.8
521.4
555.5
600.4
641.8
641.2
674.3
693.2
695.9
717
735
708
723
717
713
709
685.7
666.4
635.8
614.6
580.1
526.4
525.9
478.1
438.8
394
347.9
302.7
255.4
196
142.4
97.2
54.71
19.51
-8.73
-27.48
-33.58
-37.32
-40.55
-43.99
-42.92
-39.79
-41.52
-40.22
-41.35
-44.34
-44.8
-45.84
-45.02
-44.87
-43.76
-41.14
-40.65
-38
-39.62
-37.43
-37.32
-37.39
-38.66
-40.63
-40.11
-40.46
-40.29
-42.39
-40.92
-41.54
-40.25
-40.28
-39.57
-36.07
-38.27
-35.36
-33
-35.45
-38.9
-41.52
-31.05
-29.33
-36.46
-38.45
-38.77
-40.71
-40.32
-40.2
-32.39
-15.43
23.3
76.1
119.5
124.3
142.3
265.4
317.7
353
405.6
464.8
480
553.7
551.6
595.1
630.9
651.2
672.6
675.9
698.8
692.9
724
713
722
713
690.9
686.1
674.5
666.9
638.9
612
597.8
576
522.2
473.5
432.9
392.7
355.2
289.8
250.2
195.2
143.2
97.7
51.64
16.7
-14.12
-37.42
-43.3
-47.11
-48.67
-49.11
-49.78
-50.53
-48.45
-48.78
-46.36
-45.25
-43.72
-46.36
-45.27
-43.15
-46.25
-46.44
-43.78
-41.62
-41.91
-42.98
-42.65
-39.52
-40.85
-42.49
-42.59
-40.75
-38.07
-37.56
-41.12
-37.6
-37.29
-42.27
-60.09
-40.54
-39.89
-39.93
-36.71
-35.41
-36.64
-38.81
-56.59
-41.96
-41.41
-41.29
-41.6
-40.41
-39.65
-39.06
-33.19
-13.09
18.32
60.34
104.1
154.6
201.4
251.9
302.5
343
390.4
432.2
475.5
513.9
546.2
595
626.5
636.8
663.2
695.1
687
702
694.2
726
689.8
722
708
710
678
662
632.1
613.3
582.4
546.6
517.1
497.8
433.7
410.4
350.8
304.2
251.2
204
148.3
100.4
56.75
24.84
-8.26
-30.9
-37.54
-40.78
-39.65
-38.07
-37.71
-38.88
-38.9
-37.94
-36.68
-37.14
-38.03
-39.03
-35.49
-34.58
-36.3
-33.74
-24.65
-27.65
-34.88
-28.94
-31
-35.76
-37.17
-38.32
-38.67
-38.66
-38.36
-37.94
-36.83
-38.05
-38.9
-37.04
-38.77
-38.99
-39.41
-39.4
-39.29
-39.07
-39.36
-40.03
-40.36
-43.12
-41.47
-40.85
-41.72
-39.15
-34.25
-40.03
-35.39
-20.9
18.29
58.49
109.8
179.6
247.1
272.6
305
356.5
408.2
469.8
494.3
513.6
563.8
657.4
623.1
564.4
691
726
501.7
390.8
761
726
740
718
704
696.7
722
485.6
98.7
70.6
42.96
-12.15
41.13
1.507
108.1
100.4
87.2
20.81
7.22
1.322
-3.368
-2.267
3.336
3.798
-2.307
-12.5
-18.91
-20.06
-27.8
-35.48
-37.34
-37.54
-34.64
-36.03
-36.59
-36.49
-36.61
-35.39
-33.52
-32.24
-34.56
-35.6
-33.29
-32.92
-33.73
-32.87
-34.34
-36.81
-33.75
-32.17
-32.28
-32.48
-33.42
-38.68
-46.38
-46.82
-52.39
-58.12
-40.17
-35.33
-35.21
-34.96
-34.07
-33.92
-33.57
-33.73
-34.84
-34.33
-38.7
-39.25
-41.51
-40.54
-37.28
-33.24
-29.28
-15.83
-0.43
25.65
77.6
139.2
217.7
276.7
276.3
202
243.4
385.7
480.4
350
291.6
325.1
371.9
447.1
600.6
612.5
710
704
678.1
732
729
648.8
690.4
674.8
579.7
280.7
297.1
399.5
259.8
199
235.7
307.9
265.9
156.3
17.1
-14.39
94.9
178.4
117.1
84.2
49.45
3.798
-12.78
-22.87
-32.32
-37.56
-38.52
-38.2
-38.16
-35.14
-34.41
-35.87
-46.61
-49.87
-40.14
-39.36
-39.27
-40.32
-42.31
-42.03
-41.76
-41.46
-42.04
-41.48
-41.05
-41.09
-39.65
-39.35
-39.5
-39.36
-38.81
-38.04
-39.11
-39.77
-36.75
-28.77
-19.32
-21.4
-32.81
-37.25
-38.08
-37.6
-37.71
-23.89
-24.39
-27.36
-34.4
-36.79
-21.41
-15.59
-14
-20.4
-18.56
-6.235
22.99
58.97
100.5
130.8
187.4
241.6
300.8
348.5
388
429.8
465.8
505.4
537
554.4
578.3
568.6
606.3
704
524.3
495.5
594.3
603.2
593.6
713
601.4
269.6
524.9
435
590.3
102.3
266.8
429.9
499.1
462.3
427.8
386.5
324.6
285.6
226.7
32.49
65.77
21.64
-16.44
-5.139
-12.49
-18.41
-29.87
-37.6
-35.81
-38.23
-38.23
-37.74
-38.41
-37.72
-26.95
-33.63
-38.69
-38.54
-38
-36.19
-30.93
-35.93
-37.71
-37.89
-37.96
-37.74
-36.6
-38.11
-37.06
-29.97
-25.12
-28.5
-33.12
-34.44
-35.78
-31.95
-20.75
-27.47
-31.61
-35.32
-35.84
-35.05
-34.28
-32.11
-28.16
-26.73
-26.22
-29.74
-32.66
-35
-35.74
-34.34
-26.05
-23.21
-21.74
-14.03
6.536
35.66
34.21
65.28
174.1
128.1
120.5
111.7
156.3
322.7
288.7
161.2
150.6
174.5
215.1
319.3
260.2
407.5
232
303.6
415.9
269.9
252.1
382.9
450.9
370.4
343.1
348.5
335
502.6
563.8
445.4
457.2
424.7
188.5
122.1
171.4
128.9
73.1
16.8
48.78
37.97
42.58
13.2
-10.04
-33.13
-33.41
-36.5
-36.85
-34.59
-31.26
-33.35
-34.72
-34.83
-30.56
-33.44
-33.93
-33.7
-34.03
-30.86
-31.39
-29.63
-32.67
-33.74
-34.9
-32.29
-29.17
-28.33
-28.13
-28.18
-27.35
-24.47
-24.79
-28.92
-25.31
-35.55
-31.11
-36.45
-34.27
-26.19
-22.82
-23.56
-24.53
-21.76
-24.91
-23.32
-25.04
-26.11
-25.37
-29.64
-34.9
-36.99
-34.57
-34.35
-29.93
-14.44
-4.865
9.47
2.305
21.84
18.03
18.48
60.88
147.4
320.6
194.1
185.5
191.3
214.9
273.5
285
301.7
369.9
421.4
571.9
266.6
232.3
401.5
675.1
509.8
223.7
267.4
215.8
422.5
165.3
337
227.7
133.1
23.07
81
137.1
134.9
100.6
80.3
54.1
35.88
24.3
18.06
8.27
-5.275
-5.291
-22.15
-29.61
-32.17
-30.52
-29.17
-30.41
-30.87
-28.59
-29.21
-30.93
-21.06
-19.14
-6.364
-9.58
-10.36
-19.52
-20.08
-26.27
-14.03
-15.25
-8.13
-16.39
-18.17
-15.08
-14.63
-11.37
-15.24
-13.77
-25.94
-25.18
-28.96
-30.62
-25.29
-25.43
-32
-31.29
-28.96
-9.7
-13.76
-31.4
-31.24
-25.29
-14.71
-14.91
-23.25
-15.29
-21.31
-28.16
-25.89
-9.4
5.467
36.86
30.34
100.8
158.3
214.2
224.2
300.8
352.2
403.7
221.8
424.1
288.8
424.8
314.8
210.9
584.5
654.1
596.7
185.7
579.6
743
485.9
581.3
772
633.3
406.3
706
72.4
48.31
121.3
152
33.96
13.65
6.478
25.78
37.71
45.16
39.03
37.42
39.81
50.27
61.58
11.51
-18.22
-24.28
-38.4
-37.63
-36.67
-32.15
-19.35
-34.83
-36.41
-28.85
-30.66
-14.09
-17.52
-15.61
-16.95
-19.24
-15.26
-24.95
-15.56
-15.23
-12.57
-12.89
-13.97
-15.81
-14.8
-13.93
-15.43
-14.93
-15.97
-13.07
-15.86
-17.72
-17.18
-10.42
-9.89
-9.79
-8.46
-13.22
-13.44
-13.58
-20.5
-19.96
-25.1
-19.79
-26.02
-18.97
-18.9
-17.79
-19.78
-24.02
-21.95
-17.16
-14.43
-11.22
-9.02
-4.96
-7.06
0.348
2.508
9.9
17.55
32.41
51.04
67.18
67.89
75.9
90.3
85.8
95.3
116
95.6
96.8
82.3
115.2
126.1
109.7
165
192.2
256.9
466.4
563.4
644.1
601.1
582.3
537.5
526.5
461.5
423.6
376.6
334.3
282.9
189.7
76.1
128
93
32.32
3.334
-17.99
-35.55
-37.07
-41.36
-40.08
-40.66
-40.07
-39.71
-37.54
-37.72
-36.92
-34.39
-32.43
-25.08
-26.23
-25.02
-25.97
-28.19
-28.02
-29.99
-30.99
-31.05
-30.11
-32.09
-34.31
-35.83
-35.06
-25.32
-23.87
-32.64
-34.25
-32.29
-31.88
-30.03
-31.96
-29.21
-25.68
-24.97
-29.08
-31.78
-32.5
-32.65
-32.59
-32.7
-34.2
-32.93
-27.77
-28.85
-34.7
-34.23
-29.17
-23.58
-18.55
-19.67
-24.32
31.63
101
133.1
87.3
210.3
248.8
203.2
179.7
225.1
228.7
120.8
219.2
207
111.7
107.7
37.75
8.28
12.56
-12.93
-7.94
-1.375
-1.898
-1.98
-2.093
-1.341
-1.692
-0.359
-0.011
0.594
3.632
7.58
9.59
8.49
-9.49
3.777
11.87
7.95
10.47
9.61
11.79
7.46
-6.346
-18.06
-24.86
-27.16
-27.22
-28.54
-30.86
-33.73
-32.58
-31.81
-34.86
-32.85
-32.9
-33.3
-33.22
-31.06
-29.88
-32.42
-31.38
-34.78
-34.4
-31.96
-27.63
-25.17
-29.25
-28.34
-28.71
-28.9
-24.65
-23.84
-21.25
-17.94
-14.77
-19.52
-18.13
-15.86
-13.61
-13.87
-14.28
-14.74
-13.97
-14.36
-12.99
-10.85
-11.82
-12.68
-12.24
-12.33
-15.69
-14.97
-14.23
-8.88
7.66
16.97
15.52
73.4
226.5
97.4
49.47
35.33
88
346.1
463.9
452.9
583.5
490.3
493.5
530.7
373.4
593.7
715
655.6
775
543.5
782
69.54
0.747
19.93
50.17
30.6
83.8
178.3
189.6
423.8
225.2
423.9
217.3
250.1
190.1
264.6
227.8
181.1
119.9
93.2
36.35
6.514
-22
-38.12
-36.18
-37.98
-40.25
-39.12
-36.92
-35.72
-31.97
-24.49
-31.19
-32.79
-30.93
-32.07
-34.11
-37.55
-51.32
-39.81
-35.66
-35.61
-35.59
-35.41
-21.41
-12.82
-14.03
-14.39
-14.61
-14.32
-14.02
-14.25
-13.07
-11.89
-12.2
-13.37
-14.6
-23.46
-42.28
-16.57
-14.23
-13.95
-14.92
-15.55
-16.15
-15.21
-14
-14.31
-14.81
-14.22
-14.57
-14.32
-14.81
-10.55
7.68
19.36
35.01
55.92
78.6
125.1
145.6
170.7
219.4
296.6
309.7
353.2
277.5
281.5
446.5
708
740
779
650.4
644.3
619.6
668.9
611.3
642.1
706
722
376.9
68.23
74.2
169.1
349.4
318.3
401.6
244.4
338.8
282.9
133.2
138.3
109.2
47.12
67.28
32.63
11.94
-6.515
-20.5
-18.51
-18.12
-26.48
-17.71
-15.51
-13.62
-13.7
-15.03
-16.17
-16.78
-16.77
-16.83
-11.99
-15.09
-16.97
-15.89
-16.28
-16.66
-13.33
-16.79
-16.92
-14.24
-13.22
-13.99
-13.36
-13.73
-14.98
-15.36
-17.28
-17.99
-20
-18.56
-18.23
-18.37
-18.74
-19.36
-20.48
-20.38
-16.54
-15.78
-20.58
-24.14
-22.7
-22.32
-22.23
-20.9
-20.18
-21.43
-19.57
-10.44
5.356
26.06
45.48
65.92
51.26
78.1
104.4
110.5
114.2
120.5
155.5
193.7
252
382
267.8
352.7
287.4
351.2
345.5
238.7
658.7
550.1
564.3
350.7
97.3
107
101.9
-1.76
9.94
-16.73
0.449
9.08
15.75
26.24
13.99
15.24
18.69
6.42
10.64
12.97
19.16
36.27
15.9
13.9
3.4
-9.58
-17.68
-19.21
-17.61
-16.46
-15.65
-15.29
-14.17
-16.96
-18.74
-17.21
-16.73
-16.6
-19.94
-24.86
-21.95
-18.22
-18.88
-20.41
-19.81
-15.53
-8.85
-16.26
-18.54
-19.6
-18.46
-19.4
-19.55
-23.71
-23.8
-25.94
-26.31
-22.4
-18.22
-16.13
-14.1
-15.9
-15.08
-17.22
-19.02
-17.27
-16.31
-19.02
-16.87
-18.83
-19.91
-19.49
-21.08
-17.22
-11.68
-7.86
-13.74
-1.708
27.89
40.18
44.43
61.28
105.6
89.3
80.2
59.69
60.42
56.93
94.2
151.4
233
595.9
457.2
456.7
369.3
428.9
254.2
208.4
231.9
294
274.5
229.2
329.9
495.4
717
733
420
418.1
538.7
505.6
448.8
229.2
140.3
134.3
90.7
69.54
40.98
22.92
6.203
-0.501
-2.676
-8.91
-16.41
-11.74
-17.6
-21.87
-17.86
-14.21
-13.6
-8.63
-6.433
-14.84
-23.39
-18.05
-22.78
-22.51
-20.48
-16.81
-16.14
-12.88
-16.17
-18.29
-18.54
-16.76
-12.3
-11
-17.47