-28.36
-28.94
-28.55
-24.58
-24.05
-22.95
-21.93
-21.2
-21.07
-20.64
-23.61
-26.67
-29.4
-36.34
-34.3
-32.17
-30.71
-29.05
-29.6
-29.81
-30.52
-31.9
-29.99
-24.66
-6.85
19.83
58.39
31.84
66.91
128.4
144.5
244.1
221.3
194.9
192.5
206.1
271.8
383.8
464.8
736
338.5
341.2
325.3
309.4
286.6
358.8
444.6
450.4
711
702
577
549.7
683.8
767
694.5
488.7
596.6
680.5
371.5
451.7
399.3
423.9
591.8
566.7
303
340
347.5
309.7
259
193.8
130.6
58.24
43.63
2.104
-29.71
-32.84
-32.34
-29.13
-25.73
-25.38
-25.54
-25.58
-29.07
-30.52
-30.13
-26.11
-27.79
-31.32
-36.34
-36.13
-34.35
-33.2
-35.03
-34.85
-34.16
-36.1
-35.38
-35.09
-32.94
-32.26
-30.79
-29.71
-31.99
-32.78
-33.28
-30.32
-31.24
-32.18
-32.8
-30.62
-31.2
-30.88
-31.31
-30.91
-32.15
-31.13
-31.57
-31.73
-29.07
-21.12
6.758
35.77
37.3
91.9
153.9
229
187
200.3
298
360.1
402.9
525.9
450.7
521.4
561.9
564.3
602.7
657.1
720
700
757
828
541.8
840
835
633.9
778
857
795
867
316.9
141.2
407.2
393.6
732
718
695.3
546.7
415.3
469.2
305.8
194.9
112.6
117.6
86.7
66.84
54.14
42.74
9.06
-15.46
-29.31
-36.6
-35.59
-27.32
-13.84
-19.54
-13.11
-17.63
-64.46
-28.15
-22.51
-18.42
-16.56
-18.21
-18.01
-19.16
-22.29
-23.37
-23.8
-25.55
-27.03
-29.32
-30.51
-30.63
-31.6
-30.33
-17.51
-22.61
-19.86
-27.24
-26.48
-28.68
-28.34
-30.6
-32.11
-33.16
-33.43
-32.39
-30.84
-25.78
-28.66
-30.09
-30.59
-15.89
-12.74
-15.66
0.166
15.7
31.21
54.9
41.59
39.46
84.1
94.7
156.6
265
165.8
256.2
283.6
317.9
323
341.6
390.9
474.6
561.8
650
330.4
360.3
734
926
754
567.5
861
136.4
-56.52
103.6
90.3
43.28
31.94
46.01
71.5
104.8
234.4
344.8
215.5
170.3
104.9
30.07
12.65
4.264
-40.14
-11.81
-4.083
-5.458
-6.414
-13.01
-14.81
-12.3
-13.12
-10.24
-9.14
-10.49
-13.69
-12.87
-16.05
-21.42
-23.95
-22.6
-26.02
-26.52
-26.77
-27.99
-31.11
-32.76
-31.55
-28.54
-27.49
-28.62
-27.59
-27.31
-28.82
-30.03
-29.06
-28.65
-29.99
-31.59
-30
-16.51
-11.26
-10.25
-9.34
-10.61
-14.86
-13.32
-15.1
-13.99
-16.94
-14.96
-11.99
-14.22
-13.8
-8.15
-1.043
9.62
33.22
50
49.62
77
117.2
158.1
206.6
263.7
273.5
315.1
364.8
257.4
449.9
487.4
418.1
370.9
527.2
274.3
534.6
493.6
741
614.6
650.6
207.3
714
245.3
227.1
389.6
559.2
438.1
439.8
131.7
111.8
589.6
698.9
333.9
530.8
160.9
275.1
249
328.1
285.4
299.9
227.1
154.3
95.5
24.12
-29.47
-55.96
-65.66
-66.35
-65.57
-66.65
-66.23
-65.42
-64.78
-65.01
-64.67
-63.1
-59.85
-62.28
-61.16
-42.77
-33.46
-31.93
-38.42
-43.27
-35.94
-36.89
-37.75
-32.78
-32.2
-47.23
-58.63
-54.6
-47.79
-51.27
-56.98
-57.99
-55.74
-54.62
-56.96
-60.25
-60.33
-62.73
-61.82
-61.97
-63.01
-64.83
-61.62
-58.84
-61.95
-61.3
-64.53
-53.87
-28.28
5.627
38.91
76.9
126.9
173.4
230.1
286.4
329.9
383.1
435.3
490.6
522.2
561
623.6
548
599.2
642.7
282
268.1
589.5
269
570.3
433
680.6
549.7
341
925
851
901
851
803
648.8
821
754
707
300.8
559.4
644.5
595.6
533.4
430.5
349.2
289.9
234.1
181.7
107.5
50.66
-0.726
-47.38
-77.9
-79
-76.4
-77.9
-73.6
-75.6
-74.4
-68.64
-62.41
-63.1
-66.84
-66.57
-62.71
-62.86
-62.54
-59.53
-54.19
-58.65
-57.82
-55.55
-58.77
-53.19
-52.75
-51.14
-52.35
-58.45
-59.87
-64.3
-56.56
-51.96
-51.3
-53.47
-47.88
-58.44
-54.46
-51.64
-49.5
-47.12
-52.38
-49.46
-48.41
-49.12
-48.74
-51.84
-57.69
-52.89
-30.02
1.753
33.1
71.9
115.1
167.8
215.4
276.7
325.4
385.8
417.4
476.1
526.2
553.2
594.7
624.2
664.2
701
729
760
752
793
829
803
823
812
836
815
810
803
778
769
730
724
683.6
658.4
623.5
571.2
535.5
490.1
448.6
384.5
338.1
275
214.8
153.1
96.3
43.26
-5.294
-48.49
-68.55
-70.5
-61.73
-68.37
-68.28
-63.19
-68.52
-61.69
-62.91
-66.22
-71.8
-70.8
-69.15
-67.85
-64.18
-64.19
-64.79
-64.62
-63.97
-61.87
-56.58
-60.88
-58.72
-59.22
-58.81
-64.28
-60.12
-63.59
-61.81
-60.84
-62.96
-61.56
-61.88
-64
-61.25
-67.81
-75.2
-67.69
-63.92
-58.62
-59.88
-63.82
-66.2
-60.21
-64.5
-57.02
-35.19
-0.776
28.05
66.34
113.5
157.7
204.9
256.1
315.4
369.1
418.5
469.4
502.3
567.9
602.1
634.7
684.5
701
731
756
750
768
793
813
806
805
810
817
812
750
777
761
739
716
710
648.8
619
561.8
534.5
472.8
430
381.8
330.2
263.8
209.4
147.1
93.6
44.89
-5.125
-46.79
-67.33
-65.3
-64.25
-63.48
-64.18
-59.72
-58.03
-58.37
-61.8
-61.24
-58.85
-55.89
-54.76
-54.82
-56.99
-57.02
-58.57
-56.78
-54.89
-55.21
-54.92
-57.28
-56.09
-61.82
-60.11
-56.79
-55.4
-55.05
-55.6
-57.08
-53.19
-56.81
-57.05
-56.94
-53.74
-53.67
-50.68
-48.95
-47.64
-54.04
-51.73
-52.48
-49.97
-44.97
-47.55
-45.82
-29.01
10.05
42.19
77.5
120.3
170.1
217.7
271.7
326
364.7
412.9
482.4
512.8
555.3
590.6
634.4
663.4
681.4
738
741
769
773
798
801
815
815
814
814
816
819
414
680.1
430.8
728
716
692.5
652.3
478.6
527
495.2
428.6
374.3
322.4
265
223.2
161.1
105.6
49.85
2.55
-39.59
-58.32
-60.92
-60.96
-60.79
-64.14
-59.61
-56.53
-54.41
-54.8
-54.64
-53.9
-53.6
-51.22
-50.61
-51.73
-51.04
-50.21
-47.69
-51.98
-52
-51.92
-51.44
-50.87
-49.09
-49.24
-46.55
-44.12
-44.62
-41.73
-39.59
-39.48
-28.26
-7.08
-8.5
-9.81
-25.4
-58.55
-31.16
-27.96
-25.2
-29.27
-36.07
-40.29
-41.01
-41.46
-32.88
-17.01
12.26
42.44
78.7
122.5
174.9
219.2
269.6
308
353.8
408.3
454.4
494.6
540.7
583.6
617.6
664.2
701
725
747
760
777
794
804
816
818
812
816
794
790
761
773
740
693.5
675.7
653.6
617.9
581.6
546
504
439.7
386.8
336.9
278.1
221.9
167.7
110.7
31.97
-35.36
-32.27
-51.17
-51.4
-51.22
-43.73
-41.21
-38.22
-34.53
-37.28
-35.95
-40.32
-41.03
-38.61
-38.15
-34.15
-34.1
-37.38
-38.75
-34.24
-28.84
-27.71
-28.33
-32.47
-32.07
-30.56
-29.61
-26.38
-24.79
-17.8
-15.8
-18.06
-21.81
-26.68
-32.31
-29.95
-24.18
-20
-33.3
-34.54
-30.15
-26.86
-29.65
-24.08
-19.9
-25.04
-28.63
-21.74
-10.44
19.58
45.05
80.6
115
168.9
212.7
251.9
312.9
360.7
415.3
465.2
500.3
551.1
585.9
617.2
643.2
674.3
715
724
753
781
814
818
688.1
361.3
776
830
822
828
770
287.4
206
161.6
125.7
66.69
52.36
48.07
19.12
-0.195
-5.827
-6.703
-4.361
1.499
-3
-4.328
-13.05
-19.55
-30.67
-17.43
-19.36
-20.02
-18.09
-25.52
-23.37
-21.8
-20.87
-20.47
-20.01
-21.25
-23.67
-25.63
-25.6
-15.31
-13.91
-13.72
-13.75
-13.56
-14.45
-14.05
-12.19
-13.47
-14.28
-15.68
-15.43
-16.28
-17.19
-24.71
-30.93
-30.97
-31.37
-30.25
-29.35
-31.19
-31.11
-30.53
-28.25
-22.53
-25.68
-29.08
-31.01
-30.14
-33.3
-31.11
-27.22
-17.84
7.96
43.4
82.5
156.9
108.5
97.9
70.7
123
247.9
366.8
453.5
523.4
567
704
736
659.6
645.5
940
631.2
766
770
882
836
694.7
825
814
801
805
806
812
800
777
774
776
791
680.9
673.8
603.4
482.2
414.3
220
174.9
124.3
79.4
58.84
51.99
65.87
52.32
-3.416
-31.59
-38.77
-42.02
-42.96
-41.05
-30.93
-33.45
-29.34
-34.63
-35.92
-35.4
-38.63
-38.25
-37.3
-36.76
-34.28
-33.49
-33.33
-32
-33.31
-33.67
-29.79
-24.63
-19.1
-27.18
-31.71
-29.18
-25.81
-29.21
-28.65
-24.58
-28.13
-27.21
-22.97
-17.86
-5.712
-10.56
-26.59
-34.52
-15.9
-12.01
-11.85
-10.49
-12.66
-10.35
-16.03
-12.54
-1.972
19.08
44.84
53.79
82.7
165.3
220.5
249.7
308.6
377.2
439.2
509.7
503.5
543.8
603.9
641.2
680.7
709
745
732
552.5
662
780
863
636
772
869
702
788
805
792
795
774
740
655.6
659.9
633.2
572.5
566.2
537.8
514.9
474.7
370.2
334.8
266.3
194
140.9
77.5
-0.683
-19.53
-42.7
-46.06
-45.56
-44.44
-42.66
-40.67
-39.33
-38.83
-37.56
-39.03
-38.43
-38.7
-38.34
-37.38
-34.96
-34.2
-33.72
-30.08
-35.13
-31.52
-33.61
-38.04
-39.51
-36.59
-36.43
-39.55
-40.51
-38.2
-37.19
-37.36
-36.59
-39.2
-35.48
-36.32
-34.99
-32.52
-33.6
-35.41
-36.87
-36.21
-34.57
-34.29
-33.65
-33.02
-33.24
-29.56
-12.26
10.81
34.67
52.23
116.3
171.3
211.1
244.2
325.1
377.2
419.7
445.4
477.4
581.8
589.4
627.4
695.3
758
741
645.1
650.8
706
873
888
876
337.2
622.6
767
813
833
811
847
679.7
563.7
180.4
179.9
172
179.4
186.7
180.2
207.3
150.3
104.2
81.9
51.09
33.19
17.92
11.4
1.232
-35.29
-47.66
-50.95
-51.23
-52.13
-48.61
-49.95
-50.64
-49.22
-46.46
-45.17
-45.55
-46.48
-44.77
-41.45
-39.67
-37.71
-37.27
-39.9
-39.44
-38.64
-35.66
-35.74
-35.26
-36.68
-37.94
-42.61
-39.81
-39.84
-37.73
-36.38
-40.93
-38.46
-36.39
-37.31
-34.5
-35.27
-36.17
-37.38
-39.78
-40.15
-41.36
-39.63
-38.66
-39.8
-36.1
-28.82
-17.29
4.711
22.51
14.41
69.45
111.1
192.3
235.9
273.6
350.4
403.2
460
516.6
562.1
613.6
602.2
661.2
714
725
750
752
790
741
789
554.1
708
868
856
732
750
822
726
729
555.4
636.3
688.9
467
571.4
284.9
73.2
34.69
39.53
277.4
301.6
219.7
117.5
21.03
34.64
-0.092
-37.97
-43.56
-45.71
-46.32
-42.64
-40.97
-39.65
-40.06
-40.77
-39.47
-38.1
-39.65
-39.21
-37.64
-38.48
-37.55
-36.12
-37.46
-37.18
-36.28
-34.58
-33.73
-33.26
-33.85
-34.48
-36.36
-37.02
-36.62
-37.79
-37.62
-37.77
-39.09
-40.15
-41.23
-41.18
-40.41
-39.62
-35.91
-34.24
-35.06
-50.4
-42.8
-40.4
-39.67
-37.58
-33.66
-22.04
5.956
18.57
44.5
79.6
106.3
125.1
204.7
262.7
224.6
186.3
389
284.6
345.9
391
500.7
481.9
528.5
675.9
539.1
651.4
648
685.4
689.2
763
633.4
672.8
617
620.9
528.2
604.8
624.4
518.3
584.7
573.3
424.5
296.2
241.7
272.1
268.8
257.5
202.4
194.9
233.3
130.7
61.76
34.44
42.03
31.11
-0.198
-12.48
-28.17
-29.53
-27.77
-25.27
-27.53
-26.39
-25.98
-26.99
-29.01
-22.28
-23.12
-26.28
-25.53
-23.57
-23.72
-21.44
-21.23
-23.57
-26.42
-29.77
-27.58
-26.55
-25.55
-23.85
-23.95
-26.08
-26.04
-26.68
-22.97
-17.99
-13.28
-24.14
-32.94
-33.27
-32.05
-18.53
-12.82
-15.67
-18.08
-15.22
-14.08
-13.54
-13.02
-21.56
-25.85
-13.18
10.71
46.49
81.4
87.7
79.7
106
113.6
182.1
278
269
291.3
303
386.1
302.4
493.1
477.7
376
580
647.9
791
758
694.2
391.9
589.4
364.7
718
824
769
771
787
854
607.7
475.3
484.3
366.1
395.1
327.4
263.1
262.6
294.9
275.9
90.5
45.06
31.63
11.82
0.148
-13.19
-18.37
-20.61
-21.41
-13.61
-43.44
-54.48
-43.3
-52.35
-27.51
-18.41
-16.32
-21.87
-19.18
-19.31
-14.84
-22.13
-27.87
-28.06
-28.67
-31.88
-32.84
-29.73
-24.93
-24.97
-23.77
-22.98
-21.92
-21.4
-16.75
-16.7
-16.53
-15.58
-15.51
-16.8
-16.9
-19.02
-19.12
-14.74
-12.49
-12.5
-14.33
-16.07
-16.38
-16.19
-17.25
-20.14
-19.59
-16.54
-10.24
-2.92
3.257
8.03
21.22
45.83
71.1
90
151.7
243.2
339.9
327.1
274.1
422.5
337.4
327.5
240
646.4
716
767
557.2
630.6
480.5
375.3
324.3
364.7
396.4
478.4
450
726
737
959
778
513
277.3
349.1
371.7
380.8
337.3
315.7
485.1
435.8
72.2
245.2
291.6
235
179.1
128
74.8
19.03
-29.87
-43.32
-40.54
-40.17
-38.97
-37.5
-37.66
-35.07
-35.22
-33.79
-32.44
-34.1
-36.4
-35.6
-35.48
-33.74
-35.78
-35.32
-32.69
-32.54
-19.58
-17.09
-20.65
-22.27
-18.66
-20.32
-26.39
-24.72
-23.95
-20.28
-15.26
-11.23
-18.35
-24.36
-24.54
-27.67
-24.95
-30.65
-31.5
-29.37
-27.45
-26.87
-24.14
-22.53
-22.22
-21.54
-14.19
-5.947
-0.731
3.556
8.3
36.66
77.5
114.3
112.7
80.5
35.63
48.6
74.5
54.68
45.05
70.9
108.7
126.3
144
146
159.4
146.9
178.6
213.6
161.2
129.4
106.7
128.9
169.2
163.3
234.5
372.8
399.4
498.5
722
428.7
696.5
569.3
569.4
500.5
222.2
144.3
233.2
106.1
68.08
-19.2
-10.17
-3.805
-7.78
-10.77
-11.59
-12.1
-11.72
-12.44
-12.92
-13.21
-13.7
-13.38
-14.02
-15.05
-16.73
-17.02
-18.74
-18.54
-19.86
-24.51
-30
-30.96
-27.46
-25.01
-26.29
-29.83
-34.27
-31.94
-17.14
-15.61
-22.45
-28.24
-32.71
-28.33
-14.74
-16.87
-14.95
-16.28
-14.81
-18.08
-18.87
-18.06
-17.61
-17.14
-17.34
-21.06
-26.18
-22.11
-18.59
-15.19
-7.28
11.24
25.62
34.83
68.46
94.5
158.8
163.8
256.2
272
315.7
345.3
478.1
505.4
510.4
510.3
640.6
464.4
419.7
573.2
662.1
706
750
586.4
620
576.8
539.4
347.7
315.3
224
164.5
155.7
212.1
97.4
147.5
45.76
96.1
134.1
113.4
361.1
120.8
289.5
128.4
189.3
199.1
127.8
92.5
38.14
10.3
-4.222
-28.73
-10.19
-8.45
-18.78
-9.21
-10.91
-10.38
-23.17
-12.86
-12.82
-31.7
-38.32
-37.3
-36.87
-38.79
-38.74
-36.46
-37.4
-37.58
-37.13
-36.91
-37.38
-37.46
-38.59
-39.3
-37.81
-31.5
-25.41
-29.97
-33.2
-28.27
-27.76
-32.69
-34.83
-32.52
-32.61
-34.39
-32.8
-34.28
-38.38
-37.12
-32.85
-31.27
-38.07
-40.57
-36.48
-28.82
-15.55
-0.182
-15.82
-6.618
102.9
140.1
190.8
240.5
272.5
331.6
266.8
311.6
411.2
467.8
506
645.9
444.6
566.9
560
470.6
521
500.4
662.2
633.1
588.8
485.6
715
667.8
776
647.6
686.2
649.8
604.1
717
677.4
666.6
490.3
578.4
346.4
479.7
443.2
399.3
339.3
274.7
218.1
153.7
42.82
26.64
5.815
-32.27
-59.45
-63.81
-63.49
-63.92
-63.18
-59.65
-54.33
-56.4
-57.7
-60.72
-60.38
-58.78
-58.51
-58.48
-56.83
-60.02
-60.55
-61.42
-58.25
-59
-59.82
-59.81
-57.44
-56.19
-55.54
-59.31
-58.02
-56.34
-55.13
-52.78
-53.61
-55.93
-54.81
-52.51
-55.32
-59.8
-61.57
-62.08
-57.37
-54.1
-58.52
-58.29
-58.41
-58.71
-56.8
-46.13
-32.17
-14.39
-0.75
17.34
42.63
74.6
134.2
172.9
244.5
267.7
318.1
365.1
344.2
384.6
414.4
431.7
402
427.4
529.2
747
714
542.5
396.1
619.7
783
805
833
754
549.9
851
868
739
748
701
370.3
224.4
144.3
194.7
269.8
277.7
332.2
206.7
124.5
119.4
75.9
18.99
21.8
45.64
14.96
-29.7
-52.99
-54.99
-54.26
-50.38
-38.49
-42.28
-43.67
-39.39
-50.32
-54.73
-53.66
-49.32
-46.74
-50.97
-54.02
-53.21
-52.37
-53.87
-53.46
-54.09
-53.26
-53.28
-53.36
-53.11
-52.54
-54.57
-52.37
-53.28
-53.28
-52.34
-52.36
-52.98
-52.42
-50.55
-48.75
-48.2
-44.03
-45.07
-49.47
-49.55
-48.43
-49.93
-48.25
-46.52
-45.63
-37.51
-21.53
1.238
41.76
45.23
94.6
142.8
231
292.6
302.8
396.7
428.1
440.5
497.3
537
568.5
615.1
627.7
584.8
730
752
670.6
847
660.1
876
315.6
505.1
903
601.3
899
880
856
361
338.7
818
756
497.9
659.6
262.4
382
473.7
472.7
408.5
279.8
260.2
135.4
129.5
7.97
17.64
-11.38
-41.11
-55.37
-56.6
-56.54
-54.06
-52.93
-53.79
-55.06
-55.07
-56.3
-56.4
-55.3
-54.26
-53.17
-54.84
-51.28
-49.91
-50.94
-57.13
-54.91
-53.81
-54.18
-52.51
-51.53
-51.93
-52.25
-52.74
-52.65
-53.31
-51.53
-46.48
-46.77
-44.25
-43.27
-44.67
-43.89
-45.41
-44.21
-41.82
-43.5
-39.13
-35.39
-31.15
-23.26
-19.31
-8.1
-1.734
7.91
8.68
39.2
58.39
71
87.2
94
178.5
214.5
224
270.7
268.6
268.3
465.1
591.9
608
606
647.8
694.3
721
733
743
827
773
746
744
733
766
852
626.1
439.3
368.9
387.3
399.6
512.1
612.6
479.5
388
435
449.1
355.4
331.5
316.4
307.3
284.4
185.6
87.8
16.77
-13.45
-36.83
-43.38
-46.37
-47.27
-47.26
-49.82
-50.21
-48.38
-47.65
-43.91
-42.66
-42.43
-44.53
-44.33
-44.36
-43.89
-42.64
-42.88
-43.19
-43.68
-41.77
-40.13
-40.1
-38
-35.04
-35.62
-35.99
-38.48
-38.62
-38.55
-38.19
-34.47
-33.18
-35.81
-37.42
-37.21
-38.85
-38.52
-37.89
-35.37
-32.2
-33.57
-35.41
-35.6
-32.39
-31.81
-25.78
-25.96
-27.78
-14
10.26
43.75
50.69
90.8
135.7
201.3
295.1
290.8
319.9
437.1
553.5
603.6
616.9
666.7
650.9
644.1
707
619.8
516.3
805
446.5
486.8
498.9
502.6
710
823
815
711
610.3
661.9
742
600.4
650.4
645.8
525.8
540
537.9
433.9
334.5
264.9
200.6
101.2
86.2
94.8
73.8
6.63
-34.22
-44.2
-45.79
-46.27
-46.54
-46.5
-45.41
-42.87
-41.46
-40.63
-38.93
-37.79
-37.62
-36.78
-35.13
-35.92
-36.76
-37.89
-36.54
-35.86
-36.96
-34.78
-34.48
-36.45
-33.4
-34.47
-35.68
-36.74
-37.24
-35.28
-31.07
-25.02
-24.48
-27.84
-23.13
-24.85
-31.45
-35.87
-36.9
-35.91
-36.25
-34.89
-35.48
-31.62
-27.51
-32.55
-24.25
-13.93
-3.98
9.11
32.27
89.3
131.9
190.8
238.9
365.2
346.4
298
290.6
381.8
453.7
528.1
516.5
612.2
415.8
616.2
678.6
691.8
687.5
525.3
548.1
758
785
778
794
650.5
424.2
129.8
119.8
52.28
-16.51
-22.12
30.76
25.19
23.66
39.64
15.24
3.4
7.33
15.85
11.17
1.003
-7.35
-11.07
-12.84
-15.51
-18.56
-20.32
-23.27
-24.52
-29.3
-29.01
-27.35
-31.12
-30.97
-29.79
-28.08
-26.09
-27.31
-25.21
-23.03
-21.28
-21.4
-20.96
-23.06
-22.34
-25.44
-30
-34.41
-31.88
-25.01
-24.62
-25.55
-23.78
-23.25
-25.95
-25.02
-26.76
-29.28
-29.8
-32.39
-33.5
-32.97
-33.35
-34.58
-34.43
-33.76
-32.63
-33.08
-34.07
-34.32
-32.6
-25.53
-12.62
2.262
19.52
37.21
63.71
96.5
156.8
144.9
201.8
298.7
416.8
429.4
350.6
304
163.2
119.8
52.57
61.83
79.3
224.9
325.1
335.1
306.8
179.4
291.1
540.3
515.4
586.6
719
237.4
143.6
104.6
22.5
15.96
8.2
14.15
41.2
63.71
52.68
51.24
59.7
69.9
59.3
48.75
51.75
45.79
30.58
17.76
20.3
-12.39
-34.46
-31.05
-37.27
-39.31
-37.89
-37.64
-37.78
-37.9
-36.44
-39.62
-42.13
-42.89
-42.01
-35.25
-36.72
-33.1
-32.67
-30.87
-28.47
-29.74
-27.22
-34.65
-30.89
-26.03
-26.69
-26.75
-28.12
-24.24
-16.07
-12.59
-14.18
-22.92
-24.15
-23.48
-22.08
-21.16
-21.06
-23.44
-24.17
-22.48
-9.2
-7.9
-0.108
-4.2
1.217
6.673
15.73
27.17
42.04
53.52
66.24
74.5
86.9
128
157.4
206.4
342.6
293.3
210.9
279.6
300.9
416.9
388.6
525.5
474.2
727
550.3
177.3
112.8
246.4
384.2
191.9
172.1
-3.69
3.253
-9.18
3.964
25.01
31.04
38.42
30.57
17.04
7.18
3.664
3.608
3.577
9.9
13.5
12
8.39
1.745
4.358
1.795
-2.479
-3.263
-11.97
-20.83
-21.14
-22.35
-21.78
-20.85
-18.79
-16
-13.99
-12.7
-11.5
-13.12
-18.84
-21.24
-20.59
-20.27
-13.11
-16.96
-13.17
-26.25
-27.64
-28.42
-28.24
-26.99
-27.59
-26.48
-24.29
-20.41
-18.62
-17.44
-17.7
-19.88
-21
-18.62
-17.26
-16.88
-15.3
-13.2
-12.32
-12.36
-12.55
-14.21
-17.07
-19.62
-20.07
-19.6
-10.69
-0.079
8.42
31.39
71.3
113.5
58.12
94.3
185.9
298.1
349
310.8
313
327
529
547.7
537.6
517.6
625.9
762
750
724
702
697.9
752
633.9
470.8
577.9
720
800
902
864
332.5
192.5
98.3
58.03
43.86
95.8
131.4
130.9
120.2
109.5
93
81.3
66.59
58.8
39.21
18.26
1.76
-13.06
-21.06
-21.8
-20.67
-9.69
-41.56
-10.2
-6.698
-6.395
-7.66
-7.88
-8.84
-8.42
-8.75
-9.42
-9.68
-9.05
-10.82
-12.59
-12.91
-13.82
-14.47
-15.07
-13.78
-12.58
-12.95
-13.78
-14.43
-15.78
-16.42
-17.26
-16.08
-17.81
-19.49
-19.52
-22.29
-21.35
-20.13
-20.18
-20.98
-23.97
-24.4
-23.61
-24.43
-23.99
-23.41
-21.31
-15.44
-7.99
2.215
10.46
19.07
36.12
73.1
110.8
111.3
107
205.8
286.8
250.4
240.7
324.1
374.2
294.8
373.2
333.7
398
436.9
349.8
429.2
343.4
461.5
554.9
798
894
612.4
858
590.4
250.2
144.5
268
104.1
1.14
2.416
-0.491
-2.169
3.716
6.881
9.73
8.93
0.253
-4.208
-5.712
-1.185
-3.543
-10.68
-23.3
-29.02
-24.81
-21.37
-20.12
-21.42
-21.05
-20.88
-16.3
-14.69
-13.39
-13.68
-14.86
-16.82
-15.49
-16.71
-21.93
-23.49
-20.47
-18.16
-19.07
-19.96
-21.66
-23.98
-26.93
-29.07
-25.98
-21.22
-16.44
-16.37
-18.22
-19.4
-20.29
-21.47
-25.41
-25.08
-24.56
-23.35
-23.03
-19.7
-21.25
-15.46
-15.74
-15.47
-14.6
-13.28
-11.82
-9.7
-2.869
13.06
33.36
57.46
93.9
134.1
156.7
160.9
171.3
241.4
155
230.7
425
578.5
455.6
506.6
500.7
524.1
407.7
405.6
374.8
512.4
646.8
733
687.3
838
718
584.8
237.8
165.3
55.26
25.6
-0.929
2.306
-4.505
1.776
-1.045
-1.072
5.334
9.61
7.63
3.508
3.761
2.948
-0.623
0.787
-3.83
-8.39
-13.48
-15.68
-16.04
-15.28
-14.34
-14.17
-13.71
-14.06
-15.3
-15.43
-6.713
-11.25
-16.74
-18.66
-16.58
-15.02
-15.64
-19.18
-18.64
-19.64
-19.72
-20.79
-24.74
-28.72
-28.99
-28.38
-30.54
-31.5
-30.71
-30.76
-30.21
-30.04
-28.62
-29.12
-26.11
-24.01
-24.24
-26.19
-21.37
-16.73
-24.07
-21.47
-21.26
-16.28
-14.09
-12.38
-6.594
-1.481
6.108
14.04
33.02
43.62
126.3
140.1
120.4
104.7
50.91
148.9
294
338.2
265.8
510.5
275.3
336.9
496.8
534.3
332.8
464.2
483.6
464.7
367.8
464.1
694.1
675.6
516.9
526.4
859
846
800
741
796
781
739
638.8
680.5
616.7
535.6
515.9
339.9
33.4
17.76
24.89
75.7
180.9
47.98
-0.765
-11.7
-23.06
-33.92
-29.99
-28.01
-32.54
-33.9
-32.26
-28
-26.24
-24.38
-25.28
-26.82
-27.62
-17.86
-16.89
-17.86
-18.51
-20.25
-19.67
-18.98
-18.37
-20.1