-57.71
-55.31
-54.82
-51.46
-51.15
-49.66
-50.67
-49.09
-50.24
-50.3
-47.63
-48.18
-46.26
-45.66
-42.97
-31.99
-31.25
-29.84
-24.67
-31.67
-32.42
-32.02
-34.83
-31.15
-30.57
-28.73
-25.77
-17.3
20.57
53.36
39.17
85.1
111.1
121.4
90
219.7
311.2
339.5
371.8
391.1
437.4
433.1
432.1
440
392.6
430.8
432.7
449.4
439.3
398.5
405.7
466.7
473.4
458.7
439.5
413
385.4
360.9
323.2
290.5
254.8
213
176.6
138.5
97.7
60.97
26.2
-2.152
-25.88
-46.24
-55.4
-59.33
-59.52
-59.68
-57.79
-58.54
-59.47
-59.25
-58.47
-59.6
-58.49
-57.42
-57.67
-57.38
-56.95
-56.34
-56.13
-55.54
-53.36
-54.27
-54.48
-53.3
-53.87
-53.67
-53.86
-52.39
-51.85
-51.56
-50.9
-51.55
-50.63
-50.93
-50.2
-50.01
-49.74
-47.88
-48.95
-46.15
-44.86
-45.69
-45.54
-45.55
-45.14
-46.23
-46.28
-46.09
-46.97
-44.85
-44.34
-45.92
-44.89
-42.81
-34.92
-16.03
10.93
38.79
76.6
77.8
88.5
88.1
112.2
146.3
156.8
184.4
222.2
301.9
386.6
388.1
443.5
448.6
485.8
472.3
487.2
477.2
478.2
473.2
471.7
493.8
496.2
494.8
475.8
450.9
426
383.1
356.3
318.9
259.3
250.6
192.3
155.9
110
71.1
34.55
2.678
-23.69
-45.63
-55.24
-58.94
-59.64
-61.54
-60.9
-59.86
-59.09
-59.91
-60.9
-61.92
-60.96
-59.22
-57.99
-60.92
-60.73
-61.57
-60.28
-60.16
-61.55
-62.36
-60.77
-61.52
-59.5
-57.75
-57.62
-57.75
-56.82
-54.92
-54.35
-53.31
-53.93
-54.19
-54.3
-53.25
-52.72
-51.48
-50.42
-49.78
-49.5
-48.76
-50.21
-48.85
-48.34
-48.48
-46.95
-46.32
-47.25
-46.75
-45.76
-45.1
-45.28
-42.5
-33.36
-13.42
14.33
47.85
86.5
130.7
169.1
213.1
265.6
291.6
329.7
369.5
410
433.6
443.5
465.1
456.4
459.4
457.6
483
480.9
492.5
482.4
482.9
467.4
493.2
515.2
505
463
443.1
400.5
371
350.6
317.2
279.9
229.8
197.9
154.8
110.5
74.7
36.68
3.658
-23.9
-47.12
-58.51
-64.48
-66.11
-66.68
-63.28
-63.18
-64.29
-64.59
-63.8
-63.05
-63.13
-63.66
-64.01
-65.12
-62.29
-62.1
-60.6
-59.97
-59.37
-58.05
-57.94
-57.47
-58.57
-56.47
-57.81
-56.04
-54.93
-55.12
-54.71
-53.78
-51.91
-50.56
-49.54
-50.42
-49.48
-49.36
-52.02
-51.2
-51.08
-51.71
-50.94
-51.45
-46.24
-19.82
-10.25
-7.01
-6.973
-6.654
-4.556
-2.727
-0.018
1.583
4.381
10.04
17.82
24.5
35.66
48.67
61.08
73.5
79.2
86.7
98.4
129.9
148
154.4
173.7
197.4
225
186.9
203.8
218.5
221.2
268.9
295.7
341.6
330.7
327.7
337.5
347.8
258.7
185.4
205.1
190
188.4
114.9
121.8
137
152.2
138.5
111.3
73.3
52.06
25.37
8.27
-7.36
-12.8
-15.26
-23.37
-33.12
-31.55
-21.83
-10.5
-14.35
-37.54
-26.82
-54.27
-59.67
-58.74
-57.32
-56.22
-50.09
-57.64
-58.56
-56.56
-46.93
-50.34
-21.16
-5.202
-14.6
-15.92
-9.06
-11.61
-15.51
-24.47
-46.21
-56.57
-59.22
-58.59
-57.11
-57.12
-56.18
-56.24
-31.51
-2.753
-19.31
-55.6
-53.09
-35.65
-45.44
-35.65
-49.96
-52.4
-52.25
-51.42
-50.53
-49.18
-46.22
-35.48
-16.9
12.78
43.03
86.4
128.3
174.2
212
257.4
298.9
342.1
371.6
337.2
403.9
464.7
484.5
473.8
465.3
459.6
479.3
493.8
487.7
498.1
492.7
494.1
505.4
526.9
504.7
490.6
459.4
430.5
398.2
364.7
330.4
281.1
244.1
200
152.2
112.2
68.9
30.2
-4.334
-32.42
-56.14
-65.83
-68.98
-71.1
-69.53
-69.34
-68.44
-66.57
-66.59
-67.7
-66.62
-65.9
-65.43
-65.2
-63.81
-65.14
-62.61
-63.19
-62.12
-61.1
-61.2
-60.44
-59.61
-59.56
-60.62
-58.11
-58.54
-58.21
-60.68
-59.93
-58.99
-56.77
-57.92
-57.41
-56.42
-56.97
-56.7
-56.12
-55.67
-55.68
-56.4
-55.95
-55.69
-55.07
-53.14
-53.58
-52.46
-51.31
-49.74
-50.25
-49.23
-46.67
-43.56
-30.37
-7.48
21.24
56.29
99.1
142.6
184.8
230.7
268.1
308.1
334.7
392.3
425.6
448.5
468
481.5
468.6
470.1
466.8
490.2
494.1
490
486.2
484.6
494.6
501.5
510.5
509.1
461.9
446.3
420.5
385.9
360
325.6
280
234.4
187.8
148.3
105.3
55.24
-4.211
-30.23
-25.56
-44.77
-62.33
-71.8
-70.2
-69.61
-66.53
-65.33
-62.27
-62.03
-60.4
-60.5
-60.3
-57.52
-60.91
-57.85
-59.05
-58.24
-58.77
-60.46
-62.48
-61.83
-58.87
-59.17
-54.12
-51.89
-49.42
-48.81
-51.73
-54.6
-55.72
-54.4
-58.41
-56.99
-55.57
-54.24
-53.59
-50.71
-49.89
-49.13
-48.08
-47.41
-46.85
-45.42
-46.47
-46.22
-46.58
-45.13
-45.05
-44.89
-44.76
-43.76
-42.37
-38.68
-20.52
6.517
25.09
55.76
62.8
116.5
147.5
211.6
262.2
297.8
323.3
370.3
418
434.8
462.2
477.2
478.2
471.7
476.4
466.3
496.9
483.9
482.4
484.4
485.3
499.5
519
498
475.8
442.3
413
385.3
334.9
302.3
275.1
225.2
186.3
146.8
98.2
54.78
17.13
-16.64
-42.42
-64.88
-74.6
-78.3
-78.4
-79.7
-78
-77.6
-69.83
-67.72
-66.57
-65.13
-66.2
-65.18
-64.32
-65.36
-65.68
-64.9
-67.87
-63.27
-65.16
-65.28
-62.51
-62.13
-62.2
-61.32
-59.5
-59.12
-58.17
-56.36
-55.41
-51.78
-51.87
-50.93
-51.58
-50.66
-50.82
-49.18
-50.26
-51.58
-52.39
-52.75
-51.81
-51.36
-50.63
-52.09
-47.39
-45.45
-45.19
-46.06
-44.88
-44.45
-41.9
-39.85
-31.11
-11.24
11.28
42.57
87.6
130.5
178.7
225.9
262.6
300.8
342.2
377.1
408.4
436.1
460.6
475
461.2
461.6
458.3
474.8
477.2
480.1
486.4
473.8
455.2
468.7
469.2
466.9
455.2
425.5
414.9
381.6
340.3
303.5
263
226.2
179.3
131.8
96.2
57.02
18.59
-15.5
-42
-65.05
-74.5
-78.8
-77.4
-79.7
-80.9
-77.2
-72.7
-74.7
-70.9
-73
-73.1
-73.4
-70.5
-73
-73.8
-73.9
-72.8
-71.1
-73.9
-70.2
-67.28
-69.41
-66.34
-63.62
-64.2
-62.22
-63.13
-62.26
-57.45
-55.96
-54.25
-51.5
-51.82
-52.28
-51.39
-52.24
-52.77
-51.61
-52
-51.39
-48.26
-49.63
-48.47
-48.88
-51.33
-52.9
-52.27
-52.13
-50.92
-53.15
-51.12
-48.84
-36.16
-12.53
14.5
46.85
85
125.4
167.5
209.7
248.5
282.3
323.9
361.3
397.1
427
458.6
484.6
470
462.9
467.7
473.3
491.1
489.1
489.4
476.5
478.4
505.3
512.8
487.4
462.8
444.9
410
380.5
347.5
311.6
266.7
225.5
183.5
137.6
93.7
51.77
14.98
-15.21
-38.55
-58.74
-68.91
-74.4
-73.4
-72.7
-72.6
-72
-69.83
-69.16
-67.45
-66.23
-65.11
-65.49
-67.06
-66.32
-64.65
-63.37
-63.74
-64.21
-62.9
-62.29
-61.76
-62.89
-62.46
-62.21
-63.28
-61.72
-62.48
-63.14
-63.52
-62.45
-61.83
-60.45
-61.46
-58.13
-57.02
-56.46
-57.93
-57.76
-55.31
-54.88
-52.77
-52.84
-53.26
-51.6
-52.3
-50.8
-50.43
-48.38
-48.69
-48.36
-48.74
-43.92
-30.08
-20.78
15.68
49.22
87.6
128.1
168.8
216.2
259.9
299.6
336.8
378.1
406.6
439.5
475
482.2
482.1
480.5
478.7
479.6
500.6
497.9
493.7
490.5
495.8
507.8
521.9
496.6
489.3
471
453.1
383.7
439.4
422.6
375.2
331.6
284.9
230.9
178.7
130.9
87.5
41.76
1.846
-32.04
-56.04
-65.09
-64.47
-64.23
-65.54
-66.01
-65.95
-66.68
-66.8
-66.2
-65.6
-63.71
-64.42
-64.11
-62.98
-62.44
-61.14
-59.69
-58.48
-58.35
-56.64
-56.17
-55.43
-54.94
-54.47
-53.69
-53.03
-53.08
-52.86
-52.81
-52.1
-53.04
-50.35
-50.36
-56.05
-50.88
-50.06
-51.66
-50.51
-46.6
-47.26
-51.47
-49.85
-54.1
-53.03
-49.78
-49.17
-48.42
-49.08
-48.36
-47.42
-45.38
-39.04
-36.12
31
88.8
133.1
180.1
225.9
275.1
329.4
366.1
420.6
466.7
485.8
518.3
560.1
570.4
601.6
642.7
655.9
666.1
663.9
677.6
655.1
668.4
671.6
637.8
652.6
621.3
603.9
571.3
521.4
509.8
471.6
426.4
387.7
341.7
277.1
212.5
177.8
123.2
61.39
0.121
-43.79
-60.73
-74
-75.4
-78.5
-78.6
-78.4
-73.9
-72.8
-71.9
-70.1
-71.6
-71.3
-69.8
-68.31
-69.16
-67.95
-70
-68.79
-67.49
-67.6
-67.3
-69.15
-68.96
-64.04
-63.16
-62.38
-64.9
-65.8
-65.67
-67.71
-67.26
-66.63
-67.38
-65.68
-64.33
-62.88
-62.16
-61.63
-60.98
-60.22
-60.38
-60.83
-60.37
-60
-59.71
-60.19
-59.53
-60.42
-59.94
-60.69
-62.15
-60.76
-56.14
-44
-25.05
4.061
38.63
75.2
105.4
134.5
171.9
203.9
244.3
275.6
313.7
352.2
381.2
420.1
437.3
432.3
436
439.4
429
423.3
426.6
420.2
426.1
424.1
394.8
374.2
375.2
335.7
324.8
282.6
230.9
194.6
188.9
146.1
189.7
145.3
109.5
62.24
27.55
-0.958
-35.19
-49.93
-62.29
-69.23
-74.5
-74.9
-73.8
-72.2
-70
-69.47
-69.37
-67.47
-67.31
-65.68
-62.03
-60.94
-61.79
-62.39
-61.13
-60.07
-59.06
-57.9
-57.26
-57.37
-56.9
-56.55
-56.97
-57.28
-56.18
-55.42
-54.16
-51.7
-52.23
-50.37
-45.04
-44.29
-41.9
-41.91
-40.67
-39.49
-40.09
-42.24
-42.31
-43.98
-42.34
-41.72
-41.54
-42.81
-42.65
-42.66
-44.91
-45.08
-43.72
-32.44
-24.92
-30.59
-26.77
-13.83
12.19
35.6
57.52
85.2
119.9
155
189.4
213.3
232
235.4
257.1
294.9
327.3
345.3
362.9
402.9
409.8
434.9
442.4
433.4
433.8
425.4
414.3
412.3
383
353.6
331.1
304.8
281.4
252.1
208.5
156.1
81
146.8
110.4
75.9
35.42
10.54
-16.93
-37.51
-50.81
-61.57
-67.23
-67.34
-64.93
-64.08
-63.73
-63.15
-61
-59.96
-59.49
-58.62
-58.44
-57.63
-57.96
-57.3
-56.58
-55.89
-56.71
-58.7
-56.77
-56.49
-56.51
-56.71
-55.38
-57.78
-56.58
-57.1
-57.87
-58.05
-58.71
-57.21
-56.34
-57.27
-58.43
-57.46
-58.1
-59.09
-57.42
-57.4
-55.14
-56.5
-55.86
-56.49
-56.02
-54.31
-54.57
-54.57
-54.7
-55.36
-54.33
-54.12
-47.62
-32.27
-8.34
20.43
53.6
89.5
129.3
171.9
213.1
257.1
295.5
324.4
359.9
408.5
428.8
450.8
487.5
503.5
515.7
532.8
545.1
543.3
552.2
544.4
538.2
542.7
521.1
504.6
490.3
444.9
382.2
364.5
332.6
303.6
242.2
171.8
104.8
155.9
121.1
84.3
38.87
14.96
-14.07
-36.76
-55.02
-64.78
-68.09
-67.56
-67.77
-67.99
-65.44
-64.44
-63.78
-61.99
-60.69
-61.25
-60.4
-60.07
-60.39
-59.32
-58.29
-59.55
-57.29
-57.16
-57.28
-57.71
-58.5
-59.38
-59.33
-59.61
-57.57
-56.68
-57.78
-56.87
-56.99
-57.53
-57.95
-58.75
-58.01
-57.49
-56.69
-57.73
-57.32
-58.03
-57.71
-57.35
-56.66
-56.11
-54.5
-54.76
-55.66
-54.78
-54.91
-54.4
-54.48
-51.69
-47.89
-31.54
-4.154
28.42
65.44
106.2
150.2
195.1
240.2
290.9
330.8
370.7
408.2
442.3
472.7
502.1
530.8
552.2
575
582.3
591.9
601.1
603.6
598.3
595.1
581.5
571.7
550.2
526.9
490.3
440.7
406.4
369.8
336.1
255.5
182.9
123
176.5
134.6
93.8
45.36
14.55
-17.83
-40.89
-53.12
-64.98
-72.3
-71.8
-69
-68.59
-67.74
-66.37
-68.09
-68.82
-72
-69.65
-64.4
-64.61
-63.86
-61.52
-65.82
-64.53
-62.34
-57.82
-58.83
-60.15
-60.25
-60.97
-56.2
-56.05
-56.91
-56.22
-56.96
-56.28
-54.79
-53.24
-52.07
-50.77
-51.04
-50.06
-50.35
-49.71
-49.56
-48.93
-48.77
-47.86
-49.53
-49.45
-50.59
-51.41
-48.28
-59.94
-50.18
-49.59
-49.94
-47.56
-42.11
-21.35
2.228
30.83
65.42
106.7
149.2
196.3
239.1
287.8
330.9
366.8
431.7
465.4
480.1
529.8
537
553.4
571.9
605
597.5
619.6
615.2
598.7
608.8
586.6
589
564.1
531
486.2
432.7
401.1
365.9
329.3
259.3
186.3
158.3
169.7
126.9
89
47.91
14.11
-19.9
-44.22
-57.57
-67.83
-73.2
-75.5
-75.9
-79.6
-75.2
-67.71
-63.37
-62.88
-62.6
-64.52
-62.2
-59.28
-57.89
-55.48
-50.07
-55.25
-54.69
-53.9
-52.53
-51.86
-52.4
-49.2
-50.07
-51.84
-52.44
-52.01
-52.14
-51.63
-52.03
-52.27
-54.93
-56.65
-55.68
-55.44
-55.44
-55.22
-55.03
-54.17
-55.42
-54.76
-51.84
-52.86
-54.08
-56.32
-54.18
-55.19
-55.16
-54.86
-54.35
-53.69
-44.84
-27.59
-0.536
33.85
73.8
114.5
161.6
213.3
264.4
310.5
357.8
392.4
426.9
467.3
493.8
518.6
543.4
559.4
577.4
593.5
615.9
612.4
614.8
628.5
617.8
588.2
584.8
550.8
530.7
478.5
435.7
406.3
308.7
278.1
191.7
115.4
136.8
134.3
94.7
64.52
34.84
6.154
-23.64
-47.52
-58.67
-69.43
-75.1
-74.9
-72.5
-72.1
-65.51
-66.77
-68.23
-64.98
-64.64
-63.97
-62.23
-66.67
-63.51
-62.08
-60.65
-62.73
-62.16
-68.25
-67.36
-64.33
-60.81
-57.84
-56.27
-59.09
-63.29
-60.71
-60.29
-59.17
-60.47
-57.33
-56.06
-54.52
-53.66
-53.37
-51.69
-52.3
-52.76
-53.61
-53.37
-53.26
-54.77
-54.35
-54.49
-54.73
-56.14
-58.5
-61.13
-62.34
-62.63
-56.45
-45.49
-23.94
4.478
38.21
76.3
119.5
164.7
213.4
262.3
302.1
350.4
390.4
424.5
464.1
493.9
525
546.1
570.9
579.3
605.3
610.9
624.5
610.9
617.3
582.8
493.2
498.2
489.7
485
451.5
359.2
348.2
309.1
229.6
239.3
195.3
165.6
166.5
138.2
93.3
49.25
6.213
-30.77
-54.27
-66.78
-77.7
-85.6
-82.1
-78.5
-78.2
-76.6
-74.5
-73.7
-72.5
-67.29
-70.7
-70.4
-72.3
-71.4
-71.8
-70.2
-69.23
-66.44
-63.7
-62.71
-60.83
-61.57
-67.92
-64.23
-67.47
-64.59
-64.88
-64.53
-62.77
-64.72
-66.22
-65.85
-65.84
-66.42
-65.71
-65.34
-66.7
-65.45
-66.49
-63.96
-62.42
-61.82
-59.86
-54.52
-54.15
-53.67
-52.57
-52.21
-50.81
-49.63
-42.69
-35.2
-16.68
8.81
41.16
76
113.5
153.9
200.8
238
289.4
335.5
380.6
424
450.2
466.8
488.5
542.3
561.7
576.1
545.8
472.6
501.8
487.9
493.7
498.5
515.4
515.2
490.8
470
438.7
424.8
391.7
353.8
317.4
277.1
238.5
200.1
158.5
114.8
74.2
35.07
1.297
-27.31
-50.57
-67.88
-78.4
-84.7
-88.8
-85.2
-85
-86.2
-84.3
-81
-81.7
-79.4
-80.5
-79.2
-75.4
-73.8
-71.5
-70.8
-69.33
-70.7
-68.17
-66.65
-71.2
-67.75
-71.3
-70.6
-69.6
-68.29
-68.55
-62.92
-62.04
-62.69
-60.33
-56.16
-57.34
-53.81
-53.27
-46.51
-47.56
-50.72
-54.13
-53.05
-52.13
-51.03
-54.48
-53.95
-56.43
-55.34
-50.65
-49.01
-44.47
-46.01
-47.26
-39.27
-23.02
0.386
20.99
43.46
70.9
106.6
144.3
183.3
221
265.5
293.7
330.1
362
391.4
406.7
412.9
410.3
430.1
447.8
451.1
463.5
464.6
466.9
481
498.9
486.1
449
448.8
433
403.9
368
334.1
312.4
275.5
236.1
203.8
161.6
116.1
76.9
35.24
2.294
-26.25
-49.58
-66.5
-78.1
-84.3
-82.5
-83.5
-83
-81.5
-79.7
-75.3
-80.2
-84
-83.1
-80.6
-77.6
-76.4
-70.8
-71.6
-72.4
-70.5
-70.1
-69.18
-66.91
-67.09
-64.7
-65.14
-67.1
-65.04
-64.82
-67.68
-67.49
-66.76
-67.75
-68.96
-67.98
-66.24
-67.29
-69.24
-67.66
-62.82
-63.09
-61.64
-59.75
-59.15
-58.44
-57.77
-54.97
-53.75
-55.95
-56.82
-56.09
-55.64
-52.31
-45.47
-27.63
-1.804
31.38
68.11
106.8
149
194.3
240
279
327.2
351.8
382.8
413.3
447.5
451.6
442.9
448.7
471.5
483.3
478.9
479
488.4
445.5
436.9
433.5
450.6
465.8
446.7
403.5
337.5
331.9
296.2
239.5
201.6
179.8
123.7
78.6
55.74
35.39
11.24
-13.85
-36.77
-54.89
-70.2
-80.5
-86.6
-88.7
-87.7
-85.1
-85.2
-82.4
-83.8
-82.7
-77.6
-77.5
-81.4
-78.2
-74
-77.9
-78.9
-74.7
-74
-74.2
-71.4
-73
-71.1
-71.1
-73.7
-74.6
-75.6
-74.2
-71.5
-64.05
-71.3
-69.81
-69.87
-68.95
-67.89
-67.7
-68.52
-66.22
-68.09
-68.35
-64.84
-62
-56.67
-54.07
-52.6
-55.67
-54.13
-52.72
-60.04
-63.73
-65.53
-62.98
-53.08
-34.27
-5.894
25.64
63.38
103.4
146.4
188.3
231.2
272.6
305.7
338.4
379.7
428.1
437.7
442.7
436.5
425.6
442.4
426.4
409.5
382.3
357.3
357.6
438
395.3
373.3
375.4
349.6
292.3
280.1
300.9
330.2
299.1
231.3
225.4
161.4
110.9
70.1
52.46
11.72
-8.47
-28.2
-47.46
-65.9
-74.6
-82.5
-83.5
-80.1
-77.5
-78.8
-71.2
-77.8
-78.2
-77.8
-77.2
-77.2
-74
-73.4
-74.1
-76.6
-73.6
-74.7
-70.4
-71.7
-71.7
-71.7
-69.25
-64.87
-63.65
-60.53
-58.4
-56.89
-64.14
-65.37
-61.62
-60.94
-60.17
-59.19
-61.56
-61.02
-61.47
-62.96
-62.06
-61.46
-59.85
-61.48
-59.29
-57.68
-56.76
-58.17
-57.18
-56.26
-54.76
-54.34
-53.59
-45.37
-29.89
-9.36
16.94
47.73
83.9
121.7
160.2
197.2
234.4
266.8
306.5
340.1
370.3
394.5
405.4
414.1
406.3
417.5
430.5
426.8
437.2
424.4
426.6
457
458.8
451.4
402
385.6
316.1
353.8
287.2
262.6
242
195.8
172.3
161.2
140.7
98.6
56.52
17.78
-11.25
-32.99
-50.11
-63.1
-71.6
-78.8
-80.4
-77.6
-77
-75.9
-73.3
-73.8
-72.8
-70.9
-72
-72.7
-72.6
-72.6
-72.3
-69.56
-67.76
-66.13
-67.73
-68.45
-64.16
-61.44
-63.28
-63.49
-65.87
-67.26
-65.56
-64.95
-63.98
-63.83
-64.37
-62.52
-62.04
-59.01
-58.18
-56.97
-56.1
-54.65
-54.12
-54.87
-52.99
-51.91
-53.7
-54.32
-53.93
-54.69
-53.39
-54.52
-55.06
-55.58
-54.07
-48.25
-32.43
-12.67
11.24
38.53
68.64
101.5
134.5
165.2
197.7
230.7
267.2
311.6
347.9
376.8
396.1
403.4
407.4
420.4
423.6
436.6
446.1
425.8
430.7
425.6
426.5
412.3
415.5
410.9
377.1
341.8
288.4
257
226.3
199
173.7
149.3
116.7
86.9
53
25.63
-0.593
-22.98
-43.31
-58.84
-69.82
-75.7
-79.7
-79.5
-74
-73.9
-75.3
-73.2
-71.1
-68.6
-70.3
-68.71
-66.86
-67.79
-68.82
-69.31
-65.58
-64.64
-66.65
-62.8
-63.63
-64.06
-63.71
-63.63
-65.01
-63.34
-64.85
-64.4
-61.71
-57.8
-53.81
-53.53
-51.5
-49.4
-48.84
-46.95
-45.71
-47.46
-49.68
-51.79
-51.29
-49.7
-48.4
-46.27
-48.01
-47.42
-48.31
-49.77
-50.16
-51.34
-50.4
-43.67
-26.9
-6.752
19.12
48.69
84.8
124
161.4
209.9
254.4
290.2
316.4
358.9
393.1
424.6
452
428.9
423.4
432.4
433.3
444.3
463.9
457.7
425.5
423.4
414.9
388
343.1
402.1
397.3
351.9
335.2
282
213.3
154.6
115.7
95.1
74.5
40.71
11.69
-10.9
-28.66
-42.53
-53.82
-64.46
-70.2
-73.1
-74.7
-75.9
-73.6
-76.5
-73.4
-71.2
-69.63
-68.28
-69.98
-73.1
-79.5
-76.1
-76.3
-71.1
-66.89
-63.47
-65.27
-68.96
-70.6
-67.91
-64.59
-60.94
-61.41
-60.47
-60.07
-60.39
-61.73
-59.47
-59.88
-58.74
-57.07
-55.47
-56.8
-61.92
-61.38
-63.06
-63.94
-59.42
-55.93
-56.69
-56.37
-60.18
-56.87
-56.41
-57.87
-58.1
-57.49
-60.43
-59.5
-50.64
-30.95
-5.184
25.91
60.84
96.8
138.2
177.9
214.1
245.9
280.8
329.4
356.8
396
423.7
435.8
426.5
417
415.7
410.5
361.9
404.4
334.9
369.4
345.9
351.7
330.1
311.7
295.4
308.7
327
312.1
286.9
257.5
228.1
218.2
164.6
124.5
105.9
75.7
34.56
-5.068
-25.59
-43.33
-57.67
-71
-77.5
-79.8
-78.8
-76.2
-78.1
-76.9
-75.5
-75
-79.8
-78.1
-74.6
-72.2
-67.74
-72.6
-71.4
-70.5
-71.4
-67.69
-68.89
-63.92
-61.36
-63.12
-63.53
-63.24
-62.76
-60.28
-62.17
-62.17
-58.43
-63.13
-61.88
-54.34
-52.21
-52.05
-52.35
-51.43
-55.28
-54.65
-54.33
-51.86
-49.41
-48.6
-52.45
-54.77
-55.47
-55.19
-59.3
-56.28
-55.87
-51.6
-38.46
-20.14
3.602
30.6
62.84
98.7
138.7
174.6
215.5
247
283.7
319.4
352.5
389
414.7
419.5
425
432.5
443.1
453.5
457.4
447.7
432.7
432
414.5
404.4
416.8
351.3
337.4
322.1
297.7
292.7
264.5
237.3
193.6
165.2
122.5
109.6
70.6
42.7
21.51
-7.23
-30.77
-49.41
-62.92
-76.3
-78.2
-76.3
-70.6
-71.7
-72.1
-73.1
-71.8
-70.4
-71.8
-70.5
-70.5
-70.4
-69.69
-68.64
-69.65
-65.84
-67.64
-63.51
-60.78
-64.65
-63.84
-64.35
-65.5
-63.01
-63.68
-65.12
-64.04
-62.17
-62.58
-61.95
-56.16
-51.6
-54.58
-52.72
-53.31
-53.77
-50.01
-49.72
-49.58
-49.75
-46.59
-42.93
-48.64
-50.11
-50.93
-52.82
-57.05
-55.34
-53.45
-50.02
-43.85
-27.39
-10.46
12.1
40.64
70.8
105.3
139
176.1
211.8
250.4
287.7
309.2
308
341
360.8
361.8
371.3
385.1
393.8
396.9
407.2
409.8
424.8
431.8
423.3
407.6
396.7
387.6
377.3
345.9
277.2
304.6
264.6
187.5
77.5
82
78.6
112
64.56
28.71
6.205
-16.23
-35.35
-48.47
-59.95
-63.67
-68.02
-60.21
-52.72
-48.61
-51.72
-56.15
-58.92
-64.08
-64.67
-68.63
-66.54
-61.47
-56.92
-60.15
-61.19
-62.31
-60.02
-58.06
-55.61
-52.94
-51.98
-55.77
-56.48
-54.54
-55.49
-57.1
-55.82
-53.95
-48.32
-52.62
-50.24
-54.44
-55.78
-52.36
-48.76
-45.72
-40.65
-45.18
-46.85
-43.52
-40.62
-44.02
-43.68
-42.49
-40.31
-39.25
-40.75
-37.02
-30.47
-24.64
-10.81
7.89
35.44
69.97
92.6
120.4
150
176
233.7
262.3
284.6
305.1
337.5
361
392.1
403.2
419.9
408.1
424.3
416.4
440.7
447.3
442.3
447.1
446.9
436.2
422.5
402.4
388.4
373.1
339
309.8
272.7
230.9
202.6
171.5
134
98.2
67.11
39.23
12.2
-9.29
-28.11
-45.12
-58.53
-65.45
-66.99
-67.38
-65.32
-64.3
-63.71
-65.05
-69
-62.78
-61.66
-65.24
-62.16
-64.21
-66.61
-72.1
-63.06
-67.06
-61.16
-54.69
-56.3
-59.85
-60.75
-58.3
-53.54
-50.84
-51.62
-51.93
-52.89
-50.58
-47.58
-48.89
-49.19
-50.29
-49.09
-53.6
-50.73
-46.04
-46.24
-43.67
-44
-42.97
-45.54
-45.41
-45.76
-44.19
-44.38
-49.47
-50.05
-48.53
-43.46
-33.52
-17.05
-0.348
26.1
46.98
74.9
107.3
146.5
182.1
212.6
253.4
282.4
308.9
321.4
352.7
381.9
393.7
397.8
412
426.2
442.4
446.1
456.8
451.8
449
440.6
434.9
420.7
330.7
321.5
306.8
302.9
260.7
196.1
205.5
142.5
123.3
113.9
80
48.96
22.21
1.741
-15.3
-31.99
-45.02
-52.97
-58.4
-57.34
-54.61
-53.47
-52.61
-54.14
-53.7
-54.22
-53.84
-54.39
-54.83
-54.35
-53.59
-54.76
-53.85
-53.1
-53.1
-51.75
-50.81
-53.1
-47.31
-44.12
-46.02
-48.54
-45.49
-42.93
-37.94
-37.44
-37.26
-38.02
-38.47
-37.81
-35.56
-36.74
-37.41
-40.97
-38.97
-37.78
-34.74
-36.25
-38.13
-36.91
-38.86
-37.55
-37.54
-36.36
-39.92
-37.86
-38.47
-36.84
-28.68
-14.2
2.503
25.25
51.94
85.6
120.9
156.4
189.6
237.1
273.3
292.7
315.9
370.1
380.5
414.5
426.1
430.9
436.7
453.9
461.4
455.8
473.9
442.4
486.7
458.8
428
426.1
411.7
377.7
347
147.6
259.3
108.6
226.4
225.1
136.3
78.1
10.81
3.56
-1.253
-18.14
-17.97
-19.69
-23.91
-33.09
-36.11
-29.99
-41.24
-38.55
-32.01
-21.41
-24.5
-28.47
-35.88
-32.25
-19.99
-19.08
-19.21
-145.3
-111.6
-16.57
-110.5
-119
-105.9
-76
-79.5
-101.5
-85.6
-86.8
-80.5