-54.98
-53.21
-54.39
-51.86
-49.33
-48.04
-46.88
-46.89
-49.42
-50.68
-50.17
-52
-47.57
-47.69
-45.26
-45.48
-45.99
-47.5
-46.3
-44.8
-42.51
-41.9
-38.51
-41.83
-47.61
-47.87
-44.91
-36.09
-15.27
13.51
20.69
37.19
103.2
140.1
183.6
223.6
258.5
294.2
325.1
362
381.2
356.4
369
394.1
396
399.5
408.9
423.3
409.5
416.6
403.8
420.2
443.3
459.7
451.3
432.5
394.3
378.5
348.9
309.8
273.7
239.8
199.3
154.4
113.9
75.2
36.59
3.123
-24.48
-48.81
-63.15
-66.42
-66.8
-70.7
-70.1
-67.52
-72.8
-69.87
-68.56
-67.72
-66.62
-66.79
-65.4
-65.26
-62.9
-62.02
-62.1
-62.78
-61.34
-60.43
-59.16
-54.24
-52.09
-47.48
-42.36
-43.71
-44.99
-47.41
-49.28
-52.52
-53.8
-49.79
-47.08
-45.08
-43.34
-44.21
-44.54
-44
-44.44
-40.7
-38.06
-42.02
-44.62
-45.02
-46.44
-44.8
-40.56
-40.35
-45.13
-49.36
-51.5
-46.17
-45.05
-36.94
-15.17
25.25
29.64
54.73
75.2
70.3
153
197.5
217
186.1
221.7
283.9
252.2
289.8
395.1
265.8
413.9
371.3
404.9
406.4
419
414.6
418
425.2
438.6
457.5
437.9
422.1
400.5
370.8
340.1
298
267.2
231.4
188.4
147.5
103.6
63.62
24.87
-7.3
-32.83
-55.98
-69.2
-70.1
-70.3
-68.09
-68.58
-64.97
-66.8
-66.92
-63.25
-59.27
-59.6
-60.15
-57.05
-56.29
-59.35
-62.42
-65.7
-57.6
-47.49
-45.27
-45.98
-46.39
-51.35
-55.33
-52.35
-51.1
-48.91
-45.81
-49.07
-52.55
-51.2
-51.61
-49.9
-51.6
-51.59
-55.39
-54.96
-54.36
-54.97
-55.59
-52.87
-51.12
-48.99
-45.27
-52.41
-49.48
-48.03
-49.45
-41.5
-36.41
-37.6
-37.11
-35.92
-30.52
-23.45
-0.393
22.84
61.47
96.2
134.1
174.6
213.1
248.1
282.8
315.3
345.7
371.5
377.5
374.6
397.7
386.3
388.3
391.5
392.1
399.9
404.6
409.5
423.1
429.6
440.3
436.7
408.6
394.1
365.5
336.3
293.4
258.3
229.5
185.4
144.9
99.8
59.39
23.14
-8.16
-35.08
-55.98
-69.92
-74.8
-71.9
-68.31
-66.71
-69.36
-73.3
-70.8
-69.99
-67.27
-67.93
-69.46
-68.37
-65.69
-66.91
-67.46
-69.74
-69.1
-68.39
-68.57
-67.04
-65.54
-65.8
-64.03
-63.35
-62.58
-60.06
-56.95
-58.02
-57.96
-58.45
-58.37
-57.14
-59
-60.48
-60.68
-59.37
-60.51
-59.75
-58.16
-58.8
-57.91
-57.27
-57.82
-57.84
-57.72
-58.95
-58.82
-58.59
-59.41
-58.84
-56.7
-51.48
-43.79
-23.97
1.077
29.1
61.38
96.7
135.4
176.7
214.4
248.7
283.6
321.5
348.6
364.2
365.3
379.9
380.7
389.1
388.9
393.9
394.5
385.9
396.7
394
401.2
416.9
428.6
423.4
397.4
370.5
348.9
312.6
282.7
245.3
209.9
172.4
140.8
98.8
59.83
23.51
-7.51
-34.17
-55.5
-70
-73.7
-73.9
-72.2
-69.56
-67.48
-66.96
-66.68
-67.35
-66.23
-65.83
-66.25
-65.64
-65.79
-63.65
-63.62
-63.64
-63.68
-64.21
-62.51
-64.72
-61.62
-61.59
-61.36
-61.63
-62.31
-63.74
-63.3
-62.27
-61.57
-61.22
-59.67
-58.48
-56.63
-55.51
-55.16
-55.72
-56.53
-56.9
-56.8
-55.16
-54.18
-54.49
-54.91
-54.91
-55.07
-54.4
-53.62
-53.83
-54.06
-53.99
-52.46
-49.04
-40.27
-21.3
2.226
29.26
62.26
97.3
134.4
173.6
210.7
249.9
283
321.7
348.5
362.8
369
367.9
373.4
382.6
381.1
384.6
397
399.2
405.5
400.9
406.9
428.3
440
428.3
412.5
390.4
363.8
334.7
299.6
263.9
230.9
188.4
150.9
112.1
71.6
34.91
2.075
-26.16
-49.59
-63.67
-64.98
-65.44
-63.45
-62.73
-63.27
-64.69
-61.45
-62.63
-63.03
-63.52
-62.63
-65.04
-62.77
-65.37
-66.17
-68.11
-69.47
-69.49
-69.98
-70.9
-69.63
-69
-66.64
-65.61
-66.38
-64.49
-65.98
-65.49
-65.54
-65.94
-64.53
-64.78
-63.49
-62.81
-64.01
-63.23
-63.25
-62.75
-62.24
-62.41
-61.65
-60.27
-59.79
-59.19
-58.65
-58.59
-58.86
-58.96
-58.57
-58.49
-56.89
-55.15
-46.85
-25.2
0.961
29.75
63.86
100.1
139
179.2
217.3
252.2
292.7
322.1
356.7
374.9
386.1
386.1
381.9
382
389.8
387.3
392.4
392.2
400.8
402.3
411.7
427.4
441.7
435.5
416.1
389.3
363.2
334.1
300
266.6
228.9
191.5
146.8
108.7
69.23
30.75
-3.328
-30.96
-54.67
-66.2
-68.99
-71.1
-69.71
-70.9
-71.9
-71.6
-70.9
-68.96
-68.49
-69.61
-68.81
-67.69
-65.44
-65.13
-64.9
-63.53
-64.01
-64.05
-64.23
-64.55
-64.03
-62.32
-62.48
-61.72
-59.27
-58.34
-57.08
-55.75
-55.66
-54.85
-55.53
-55.49
-56.77
-55.45
-54.68
-53.52
-54.97
-53.31
-51.1
-52.96
-54.29
-54.12
-53.48
-52.71
-52.44
-53.47
-52.55
-52.57
-52.36
-51.22
-48.87
-45.48
-37.31
-16.56
9.41
38.13
71.7
107.6
147
184.1
220.9
255.8
295.5
328
357.9
383
389.7
387
383.7
390.5
390.9
395.3
390.3
395.6
400.1
411.8
414
423.7
435.8
434.4
415.8
391.4
368.3
338
308.6
272
232.2
194.9
154
115.2
75.2
35.12
0.069
-27.97
-51.59
-65.42
-67.35
-70.7
-67.95
-68.77
-67.94
-66.77
-67.57
-67.09
-65.39
-65.71
-63.09
-62.48
-62.79
-61.42
-59.4
-58.93
-58.38
-61.24
-63.62
-61.86
-62.47
-62.21
-60.69
-60.41
-60.01
-58.81
-57.11
-56.06
-55.9
-55.93
-54.6
-55.23
-55.34
-54.82
-54.82
-53.86
-53.48
-52.78
-52.72
-52.01
-50.96
-50.28
-48.56
-49.02
-47.84
-47.49
-49.09
-49.91
-49.7
-49.75
-48.6
-45.69
-37.46
-14
13.39
38.09
72.7
109.6
135.2
185.1
225.2
259.8
301.1
335.6
361.5
382.1
395.2
398.3
399.8
403.3
396.6
395.9
397.9
403.5
414.4
409.6
417.3
422.8
441.3
441.5
419
397.2
379.2
348.5
321.2
278.8
238.7
202.5
153.3
104.7
66.58
37.76
6.973
-32.2
-41.71
-55.42
-61.59
-62.62
-61.44
-60.99
-63.21
-62.96
-63.32
-62.03
-61.54
-62.65
-62.45
-58.48
-56.27
-55.88
-56.14
-56.89
-56.47
-56
-54
-53.09
-52.16
-54.69
-53.09
-57.81
-56.3
-53.29
-54.45
-54.63
-55.26
-56.03
-55.02
-56.6
-53.45
-50.46
-50.14
-49.36
-48.82
-50.62
-49.17
-47.13
-49.02
-48.59
-45.24
-48.57
-52.25
-50.13
-51.32
-51.54
-54.89
-53.46
-51.66
-51.5
-44.86
-23.74
4.938
31.98
65.37
101.7
140.7
185.9
225.4
265
306.7
340.9
364.3
395
406.4
404.2
411
415.2
418.6
413.2
413.2
424.1
428.7
432.9
439.9
446.9
456.5
462.5
452.1
408.1
389
357
323.4
285.9
248.1
208.3
170.1
126.3
84.1
42.94
6.669
-23.08
-48.3
-64.44
-68.6
-69.09
-66.74
-66.92
-67.74
-65.68
-65.85
-65.83
-66.39
-64.5
-63.38
-63.42
-61.66
-61.03
-60.75
-59.1
-58.53
-58.91
-60.23
-60.63
-59.21
-58.46
-57.62
-56.49
-57.57
-57.41
-57.23
-57.62
-59.4
-57.96
-57.19
-56.97
-56.85
-55.34
-56.32
-52.72
-53.28
-53.49
-52.99
-52.37
-51.62
-50.88
-50.74
-50.18
-50.99
-49.98
-50.27
-50.29
-49.75
-48.89
-48.96
-44.84
-33.44
14.01
16.48
3.482
23.01
51.16
55.27
50.24
52.29
53.64
57.06
63.73
53.4
59.55
62.12
69.77
72.3
71.3
63.95
68.81
96.9
75.6
107.4
133.7
75.5
92.2
88.1
75.5
70.9
71.7
68.13
69.15
39.08
42.54
47.14
40.33
37.07
31
24.11
14.64
6.416
-0.085
-4.622
-6.989
-8.48
-8.57
-8.25
-8.56
-8.65
-8.45
-9.04
-8.54
-8.89
-10.15
-11.43
-10.42
-8.53
-8.01
-8.15
-8.38
-7.91
-8.4
-10.38
-12.38
-19.03
-21.44
-23.38
-16.48
-16.39
-15.66
-12.12
-11.22
-9.37
-11.96
-10
-13.19
-14.2
-9.7
-7.08
-5.929
-6.383
-6.936
-7.03
-5.488
-6.923
-7.73
-5.991
-6.741
-6.281
-6.54
-8.24
-6.017
-7.64
-6.947
-7.86
-4.92
5.502
12.3
24.97
35.9
26.15
10.41
17.15
49.23
55.81
72.6
31.47
50.8
72
108.9
115.5
114.8
85.4
72.3
120.2
79.5
141.2
135.5
95.3
38.83
112.6
48.06
49.07
121.8
155.8
94.5
42.61
48.24
72.2
72.5
48.58
29.27
43.95
32
11.02
-3.741
-0.079
-1.242
-9.42
-9.28
-10.05
-9.11
-8.75
-8.96
-8.09
-7.98
-6.972
-6.502
-6.42
-6.061
-4.988
-5.31
-7.61
-8.81
-6.993
-7.21
-7.28
-6.599
-7.07
-5.707
-7.02
-7.79
-7.33
-7.02
-7.59
-6.907
-6.859
-6.183
-6.288
-6.122
-6.41
-7.17
-7.61
-7.02
-7.84
-7.46
-7.66
-6.73
-6.307
-5.34
-5.82
-6.225
-5.992
-5.979
-5.353
-5.411
-5.947
-5.577
-4.943
-4.201
-4.365
-2.362
3.282
11.43
20.8
27.18
28.48
31.57
24.21
24.85
8.7
-0.864
33.55
46.66
65.78
101
129.6
137.8
131.2
133.9
161.7
160.7
187.8
257
327.6
427.5
433.3
451
455.1
453.2
430.7
373.3
385.3
348.9
324.3
289.4
260.1
207.2
156.8
129
90
69.4
23.26
-18.71
-42.34
-51.09
-55.93
-58.14
-57.21
-57.3
-55.21
-54.79
-52.13
-51.57
-47.73
-49.86
-49.89
-50.44
-49.9
-49.03
-46.91
-46.98
-48.45
-48.7
-49.39
-50.07
-50.74
-49.01
-50.33
-51.59
-49.64
-50.1
-51.48
-53.5
-53.99
-52.4
-52.49
-52.28
-48.35
-48.75
-47.99
-49.19
-47.97
-47.44
-47.21
-46.02
-44.86
-44.74
-43.71
-43.75
-43.72
-42.58
-41.22
-39.84
-40.46
-41.86
-39.71
-36.72
-28.87
-16.13
7.85
52.78
92.6
80.6
145.9
187.9
151.9
204.7
267.9
318.6
350.2
377.6
405.5
423
423.7
413.4
414.8
419.8
420
424.1
420.4
420.5
423.1
424.2
452.2
460.1
432.6
405.8
373.8
348.3
308.6
267.2
238
202.8
163.3
124.2
82.9
46.17
10.66
-18.55
-41.74
-56.94
-63.25
-60.84
-60.91
-62.35
-60.12
-60.03
-61.29
-62.24
-60.1
-57.38
-56.19
-54.24
-51.3
-50.3
-52.36
-53.51
-54.61
-52.54
-48.29
-49.61
-49.17
-46.16
-44.94
-43.29
-42.52
-43.93
-43.07
-43.31
-42.71
-41.76
-40.46
-40.38
-42.85
-43.56
-42.38
-41.78
-40.47
-38.85
-38.99
-41.01
-40.18
-36.36
-34.68
-36.54
-36.77
-36.89
-35.48
-35.02
-36.41
-34.68
-34.62
-31.06
-23.36
-3.718
19.06
44.7
73.3
106
145.5
184
222.6
265.6
291.8
330.4
356.5
380.5
406.8
402
397.4
397.5
410.1
398.1
411.4
415.5
412.7
417.6
423.1
432.1
432.9
437.1
420.5
387.6
369.3
342.1
318.6
301.7
241.5
200
158.7
119.6
80.5
44.93
11.83
-15.19
-38.01
-50.86
-55.75
-55.78
-53.81
-53.38
-52.06
-56.71
-56.46
-56.13
-55.4
-54.08
-55.06
-54.17
-54.39
-55.55
-52.08
-50.47
-49.64
-46.52
-45.61
-46.8
-48.29
-47.69
-46.65
-45.01
-46.88
-47
-43.11
-41.06
-39.83
-36.13
-32.27
-21.53
-24.26
-14.48
-20.85
-32.27
-35.78
-32.18
-25.86
-37.34
-36.23
-36.78
-42.63
-46
-46.81
-47.09
-45.82
-45.11
-46.5
-46.52
-42.31
-18.21
-3.243
10.87
23.81
35.18
54.9
74.9
114.5
200
259.1
299.7
329.2
352.9
426.3
441.4
489.2
450.7
413.9
436
439
417
419.7
436.7
436
440.3
451.6
441.8
462
464.1
448
416
385.8
354.3
319.9
284
253.1
212.3
171.9
133.2
88.7
51.48
20.38
-9.94
-33.71
-48.15
-53.23
-55.05
-54.73
-53.72
-54.41
-52.82
-53.88
-53.73
-52.02
-50.68
-50.48
-49.84
-49.76
-50
-50.63
-51.02
-51.39
-49.61
-49.48
-49.43
-48.58
-46.69
-47.35
-47.29
-47.08
-45.82
-46.17
-44.75
-43.55
-43.06
-43.92
-43.69
-42.6
-41.41
-39.98
-38.63
-38.63
-39.26
-40.28
-39.98
-39.5
-40.66
-43.38
-41.19
-40.94
-41.46
-40.96
-40.31
-41.03
-40.14
-38.02
-34.94
-25.45
-5.517
21.27
48.05
78.4
101.8
108.5
193.2
235.2
272.3
302.9
330
362
386.1
420.2
421.2
416.5
427.2
421.7
406.8
427.5
441.8
433.6
428.8
433.4
421.1
440.5
440.5
431.6
409.9
372.6
364.5
321.4
291.8
245.9
202.8
159.2
121
90.3
52.51
17
-12.68
-33.56
-49.57
-55.67
-56.73
-55.42
-54.18
-55.39
-54.76
-53.07
-55.3
-57.34
-55.22
-51.98
-53.56
-51.97
-50.35
-52.81
-49.96
-47.21
-45.35
-47.03
-47.41
-47.83
-45.08
-43.85
-43.22
-43.83
-43.38
-41.64
-40.73
-42.14
-43.11
-43.72
-43.41
-41.72
-40.74
-41.31
-41.59
-40.79
-41.97
-40.63
-38.37
-39.5
-40.15
-40
-39.59
-40.48
-40.74
-40.39
-39.88
-39.59
-38.94
-38.24
-31.91
-15.34
-14.78
-29.94
52.95
85
72.5
99.6
167.6
182.8
250.3
229.1
329.9
170.8
304.9
409.4
395.5
398.5
406.2
395.5
405.9
443
420.2
451.1
408.6
426.8
431.7
449.7
366.9
431.9
400
162.5
352
302.9
193.8
197.8
198.6
113.3
132.5
88
26.55
2.537
-0.364
-24.32
-40.8
-45.03
-36.53
-29.4
-26.37
-29.74
-22.95
-25.12
-23.59
-15.71
-17.89
-51.19
-60.105
-69.02
-58.38
-37.58
-34.13
-30.99
-34.14
-43.31
-51.24
-42.05
-41.8
-44.42
-53.41
-46.58
-51.04
-54.75
-64.83
-18.38
-14.4
-20.73
-20.04
-22.19
-19.45
-12.91
-9.94
-7.99
-6.728
-8.39
-11.98
-11.72
-11.01
-11.49
-4.497
-5.022
-4.906
-8.16
-3.898
-3.216
-3.491
-3.845
-2.693
-1.936
-1.466
0.114
2.685
2.553
8.29
13.21
24.47
23.64
63.79
69.04
120.8
131.4
120.7
204.9
124.6
141.5
101.5
129
182.9
96
70.7
59.51
40.22
59.84
99.1
104.7
150.5
108.3
348.1
313.9
372.5
209.7
265.6
220.3
319.5
107.7
84.4
161.2
67.31
58.55
-2.594
-29.62
-50.62
-57.48
-58.58
-58.3
-60.59
-60.98
-61.83
-60.82
-61.15
-59.04
-58.57
-54.73
-58.42
-55.46
-56.06
-55.99
-55.68
-55.07
-57.4
-59.01
-59.55
-63.39
-65.33
-66.69
-68.01
-67.85
-67.23
-66.7
-67.15
-64.93
-63.61
-64.82
-66.36
-64.87
-64.17
-61.12
-62.24
-62.78
-64.91
-65.97
-66.66
-65.52
-64.76
-64.13
-64.43
-66.71
-67.07
-69.91
-68.88
-67.95
-68.89
-67.28
-62.42
-49.51
-28.74
-24.87
8.62
62.63
110.6
150.4
184.1
235.2
275.8
313.5
353.8
386.5
414.8
452.5
462.2
500
498.6
488.2
469.1
460.4
467.8
449.9
445
436.9
424
417.5
424
430.6
414.2
393.7
365.3
324.7
278.2
231.6
225.5
174.7
143.8
97.8
48.94
7.07
-37.49
-59.56
-65.12
-70.7
-71.9
-71.9
-70.2
-71
-73
-71.3
-67.89
-65.47
-64.39
-62.15
-62.04
-61.96
-58.8
-59.55
-58.31
-56.51
-54.56
-53.47
-52.18
-51.32
-50.95
-52.07
-52.28
-51.66
-51.93
-52.39
-52.67
-54.58
-52.06
-50.53
-50.2
-50.3
-48.63
-47.18
-44.91
-45.3
-43.66
-42.59
-41.82
-41.81
-40.61
-40.59
-40.42
-41.53
-43.15
-42.18
-41.08
-40.81
-41.41
-41.82
-37.67
-28.41
-7.37
16.99
44.75
75.3
117.3
154.9
205.9
253.4
279.2
322.1
360.9
392
410.4
449.2
470
434.9
506.8
497.3
469.7
469.7
411.4
451.7
439.6
448.2
445.4
445.7
427.2
443.2
386.5
377.4
419.9
336.6
290.6
265.2
194.1
209
79.3
42.22
68.73
36.91
-4.07
-23.7
-42.44
-51.63
-56.28
-57.18
-56.02
-53.07
-51.01
-49.92
-47.71
-49.94
-40.9
-42.99
-49.52
-48.59
-51.32
-49.42
-47.18
-45.56
-43.8
-44.09
-42.46
-41.75
-41.77
-43.43
-43.48
-45.51
-42.82
-40.9
-41.27
-42.74
-42.72
-43.82
-42.99
-42.62
-42.42
-44.68
-44.51
-43.59
-41.81
-40.05
-40.18
-38.43
-38.12
-41.47
-41.68
-42.75
-44.58
-45.78
-43.52
-38.86
-34.65
-29.39
-24.15
-11.87
2.13
9.82
33.86
78
108.3
161.4
200.1
247.4
280.1
310.9
348.8
380.2
416
450.5
443
407.4
491
486
456.5
453.3
437.5
451.8
322.5
461.7
411.5
428
390.9
436
380.2
401
353.5
350.1
309.8
261.6
192.8
90.6
125.3
103
66.06
28.38
-1.933
-26.58
-46.19
-52.42
-54.05
-51.89
-53.63
-54.88
-54.25
-53.02
-50.59
-48.57
-46.25
-44.51
-43.04
-41.66
-43.32
-42.48
-41.75
-41.25
-42.26
-43.54
-45.08
-43.31
-35.26
-44.63
-44.3
-44.74
-45.56
-45.33
-45.9
-45.82
-31.44
-27.18
-38.84
-45.9
-45.61
-45.19
-44.91
-45.55
-44.99
-43.68
-43.41
-42.01
-42.09
-42.17
-41.33
-41.66
-42.22
-40.75
-39.63
-38.96
-37.83
-36.38
-32.15
-22.76
-2.4
21.3
50.02
79.8
117.1
149.5
185.5
147.1
223.6
303.5
328.6
352
394.8
416.7
443.2
461.2
474.7
464.1
452.7
432.1
234.6
419.1
472
365.7
366.6
428.1
393.1
391.1
301.3
378.7
193.9
298.1
294.1
261.7
222
181.7
139
99.4
61.4
13.66
-24.12
-27.81
-34.15
-36.86
-39.87
-41.52
-42.45
-35.29
-39.71
-33.09
-22.62
-36.83
-20.7
-21.29
-22.27
-22.19
-32.29
-38.68
-38.15
-31.4
-32.59
-30.33
-37.76
-34.6
-32.67
-29.61
-20.78
-28.05
-31.2
-19.36
-38.75
-57.375
-76
-81.55
-87.1
-70.7
-46.09
-41.12
-40.18
-39.87
-39.19
-38.58
-39.2
-38.84
-39.05
-33.41
-25.02
-32.11
-36.55
-21.96
-12.48
-17.73
-22.71
-16.9
-14.45
-4.306
14.92
31.43
58.44
139.7
141.1
160.2
224.1
249
319.6
321.3
257.7
256.9
150.1
77.6
440.5
292
54.22
113
21.31
46.45
105.3
21.04
71.7
130.8
270.6
232.3
213.2
222.3
191.7
155.8
113.3
79.7
88.2
94.4
67.21
39.27
24.62
22.09
8.59
1.159
-8.55
-22.6
-30.41
-31.58
-30.74
-30.19
-29.16
-24.29
-24.16
-23.31
-29.14
-25.3
-20.25
-26.27
-14.79
-27.29
-30.44
-29.87
-29.37
-31.11
-29
-31.45
-33.74
-36.75
-38.39
-36.47
-32.85
-28.59
-29.88
-31.54
-30.92
-32.63
-35.3
-36.39
-35.66
-35.16
-32.61
-25.7
-25.28
-24.49
-28.21
-23.93
-22.42
-26.32
-24.91
-23.73
-10.05
0.721
2.789
-8.73
-23.05
-20.73
-17.97
-8.08
-15.45
-7.56
-2.915
3.243
14.58
78.6
186.2
156.5
249.3
265.8
361.8
339.6
388.1
430.7
459.7
491.6
514.5
539.7
534.2
557.5
532.9
408.3
306.9
507.9
299.1
485.2
341.8
466
452.1
367.5
471.4
428.1
340.2
306.9
243
30.61
79.1
154
114.1
83.1
14.66
-6.648
-6.886
-23.95
-36.53
-39.45
-40.1
-36.03
-38.76
-36.72
-34.45
-36.48
-36.77
-33.86
-22.26
-30.31
-32.69
-30.2
-28.35
-18.34
-14.96
-26.62
-33.81
-36.5
-35.1
-33.09
-33.2
-42.67
-42.56
-39.04
-37.07
-34.61
-34.39
-33.81
-33.51
-33.25
-33.85
-31.86
-12.79
-8.09
-7.52
-6.268
-65.48
-55.3
-53.56
-39.46
-41.68
-49.67
-64.03
-55.41
-33.99
-26.74
-9.13
-3.935
-28.34
-33.15
-13.21
-19.13
13.66
22.88
38.23
65.44
137.2
91.4
24.79
48.71
57.9
27.96
31.87
36.61
56.35
29.07
36.21
28.96
27.62
25.29
29.14
19.86
-0.605
0.409
2.034
19.05
14.33
13.72
13.48
50.64
57.98
123.7
165.5
178.4
125.1
100.3
103.5
81.8
45.81
59.81
28.05
12.2
-1.363
-19.14
-31.95
-31.85
-26.12
-27.28
-35.56
-30.36
-25.07
-25.36
-22.7
-21.53
-23.3
-33.38
-54.17
-59.84
-66.27
-66.9
-68.95
-61.3
-58.24
-56.17
-44.92
-37.44
-42.39
-59.08
-60.97
-39.32
-44.07
-50.32
-46.2
-46.17
-52.73
-56.2
-64.56
-64.73
-63.35
-60.95
-56.94
-50.6
-53.23
-47.64
-55.38
-48.66
-44.32
-48.7
-54.26
-56.43
-51.32
-51.11
-57.62
-45.81
-33.01
-26.97
-22.14
-15.34
-28.13
-18.11
-8.89
50.16
181.4
260.4
182.2
181.7
128
150
244.7
519.9
325.6
193.3
299.8
263.4
249.9
304.9
248
273.6
478.4
511.8
354.7
288.3
562.1
390.4
529.1
418.8
494.1
458.2
223.1
313
249.1
266.6
227.4
111.6
108.8
92.3
38.98
-36.08
-34.31
-61.77
-70.4
-75.6
-73.8
-64.48
-49.41
-61.02
-70.7
-70.6
-67.72
-59.7
-49.42
-59.5
-69.3
-71.1
-70.5
-64.56
-56.72
-43.34
-39.1
-41.24
-43.86
-40.93
-33.44
-31.71
-33.71
-32.7
-32.12
-27.97
-28.39
-29.44
-30
-23.22
-25.64
-27.75
-29.79
-26.85
-26.39
-23.81
-22.61
-21.23
-21.12
-18.91
-21.97
-26.93
-31.19
-34.15
-38.49
-43.73
-43.26
-42.38
-42.83
-42.2
-36.04
-12.84
13.45
7.44
55.33
113.3
155.5
237.8
369.5
416.5
425.7
341.8
373.4
330.8
451.3
495.9
511.2
535.2
562.4
563.2
571
613.3
501.8
404.2
557.2
587.6
579.9
559.1
513.8
499.7
471.3
428.7
393.3
366
321.8
271.9
220.8
178
139.8
112.9
67.57
-0.72
-35.48
-53.87
-56.78
-58.56
-55
-51.49
-49.31
-51.44
-51.97
-52.7
-57.26
-57.69
-57.24
-57.43
-57.41
-58.41
-55.65
-58.27
-55.94
-47.54
-49.57
-56.85
-57.43
-58.81
-56.76
-57.07
-55.79
-56.18
-55.46
-54.31
-53.78
-52.91
-54.18
-52.98
-52.67
-53.97
-53.67
-54.5
-52.96
-52.95
-53.17
-53.19
-52.78
-53.46
-53.22
-52.26
-52.43
-52.57
-52.46
-52.07
-53.35
-52.29
-52.25
-49.36
-41.29
-20.05
12.47
44.85
82.2
124.4
168
210.3
255
299.4
338.1
368.7
405.2
444.4
476.7
496.2
528.5
544.7
559.9
564.1
576
592.7
590.8
578.1
578.5
568.7
564.7
540.7
513.4
500
457.1
432.2
387.7
364.8
318.8
265.2
221.1
169.8
122.8
60.62
22.89
-17.3
-46.77
-66.78
-72.1
-76.3
-77.4
-76.3
-74.7
-73.9
-73.4
-74.5
-73.2
-71.9
-70.3
-69.72
-68.61
-69.07
-66.66
-67.29
-67.84
-67.13
-66.19
-65.06
-65.9
-65.02
-65.1
-64.46
-64.82
-63.97
-62.47
-62.87
-62.26
-63.33
-61.97
-63.84
-63.45
-62.73
-62.26
-61.35
-60.81
-60.35
-60.67
-61.19
-60.16
-60.04
-60.01
-60.86
-60.04
-60.41
-60.3
-58.16
-59.33
-60.25
-61.23
-57.76
-49.98
-28.74
3.804
37.05
75.1
116.2
157.8
205.1
247.5
296.2
336.5
366.5
396.5
434.6
465.6
500.9
513.8
545.5
560.8
569.5
573.2
563
581.5
599.3
569
557.8
561.8
522.6
506.2
482.2
436.7
430.7
368.4
340.7
318.2
232.5
162
165.2
116
67.03
21.77
-12.83
-42.16
-58.01
-62.71
-66.05
-68.31
-66.46
-64.43
-63.83
-64.64
-64.46
-61.94
-59.82
-59.26
-56.59
-55.94
-55.7
-55.64
-54.18
-53.73
-53.82
-53.72
-52.73
-52.54
-52.92
-54.75
-54.08
-52.83
-52.03
-49.34
-49.46
-47.81
-45.21
-47.16
-46.56
-47.79
-45.02
-47.17
-47.29
-48.78
-48.24
-49.12
-48.04
-46.65
-46.96
-46.21
-47.07
-46.6
-45.6
-46.17
-44.03
-42.66
-42.23
-42.16
-39.82
-32.69
-13.14
16.35
51.13
93
129.1
159.9
221.7
262.6
251.1
338
351.7
399.4
430.2
459
489.4
526.6
557.5
553.6
570.2
580.7
579.4
582.8
582.5
572.9
552.4
522.4
552.2
505.1
487.7
467.3
445.2
406.3
361.3
321
261.4
217.3
170.7
128.3
69.22
31.78
-6.134
-36.89
-49.12
-56.55
-62.81
-62.14
-62.28
-60.2
-59.37
-57.88
-58.41
-56.67
-57.35
-55.21
-55.78
-55.11
-56.25
-56.45
-55.83
-54.89
-54.64
-55.64
-55.32
-53.12
-53.88
-53.8
-51.94
-51.77
-51.3
-49.24
-50.02
-49.06
-46.8
-48.42
-50.25
-48.82
-49.64
-50.15
-50.02
-48.24
-47.71
-47.64
-48.87
-48.99
-45.24
-42.47
-43.44
-42.8
-42.37
-45.42
-43.74
-44.46
-43.37
-44.26
-40.73
-28.91
0.592
27.17
54.9
72.5
128.8
157.6
213.8
244.7
288.1
333.6
368.1
407.1
447.4
493.1
507.4
532.5
557.1
537.3
495.5
519.8
603.4
562.9
582.7
614.6
605.7
604.4
570.9
509.6
527.2
472.3
418.3
388.1
381.2
332.1
294.6
235.1
168.4
131.2
69.89
39.95
1.683
-30.98
-39.78
-47.63
-53.64
-53.63
-54.25
-53.56
-51.24
-49.7
-44.96
-41.05
-39.19
-37.34
-32.29
-32.39
-33.02
-37.06
-41.19
-39.16
-40.52
-39.51
-32.92
-19.52
-9.3
-10.56
-12.52
-15.89
-19.97