-61.8
-60.79
-57.63
-58.43
-59
-59.52
-60.65
-60.31
-60.75
-60.57
-60.67
-62.18
-66.47
-63.29
-68.56
-65.5
-69.08
-63.05
-61.92
-60.96
-60.94
-61.51
-64.54
-60.84
-61.16
-60.23
-59.41
-51.3
-25.49
13.85
39.62
76.2
103.8
84.9
156.8
203.7
233.7
275.9
369.5
383.2
440.4
460.4
480
481.3
493.4
502.3
471.4
499.4
515.7
520
550.5
557
539.3
588.7
582.6
532.7
488.7
404.1
322.4
382.3
404.7
336.4
300.8
215.6
168.5
90.1
57.8
112.3
41.28
-3.472
-30.29
-57.58
-65.68
-67.17
-67.58
-67.67
-68.39
-69.73
-69.45
-68.71
-67.39
-68.71
-66.78
-68.02
-68.64
-66.72
-68.56
-67.85
-67.67
-67.49
-67.87
-67.87
-65.53
-66.67
-67.17
-66.63
-66.85
-66.47
-64.99
-66.13
-68.74
-67.35
-65.82
-65.09
-65.25
-65.3
-63.04
-62.48
-63.47
-63.23
-65.3
-65.41
-66.4
-65.36
-67.22
-62
-62.22
-62.21
-63.63
-62.12
-63.25
-62.97
-64.85
-73.8
-62.81
-30.81
22.93
63.54
107.3
149.1
195.3
240.6
287.7
328.5
355.4
402.2
434.6
466.5
487.5
490.7
470
484.3
466.2
509.9
520
510
523.3
511
528.9
571.5
567.7
540.9
503.9
469.3
432.3
399.4
339.8
329.9
304.6
266.6
201.7
154.7
117.8
69.23
10.32
-20.2
-50.39
-64.06
-67.64
-70.6
-70.3
-71.2
-71.6
-70.5
-71.3
-71.4
-70.1
-70.8
-72.5
-74
-72.4
-71.8
-73.8
-72
-73.9
-74.4
-75.6
-73.3
-72
-69.68
-69.76
-69.36
-67.24
-66.7
-66.91
-65.54
-63.48
-64.42
-64.66
-67.74
-65.71
-64.55
-66.07
-69.55
-67.55
-71.7
-67.69
-69.92
-65.25
-71.1
-67.01
-69.4
-70.7
-68.08
-71
-72.1
-66.95
-65.6
-65.8
-60.46
-33.94
2.593
29.99
15.73
71.1
145.8
194.9
241.3
283.1
323.4
356.4
401.7
438.4
446.7
487.9
483.1
472.8
472
491.8
495.1
453.7
453.9
476.9
519.2
532.7
567.2
565.6
538.2
497.9
506.7
441.1
420
386.8
349.5
306.8
258.4
213.9
165.9
116.9
72
29.29
-7.08
-36.44
-54.83
-61.95
-61.48
-61.49
-60.51
-61.19
-61.31
-61.4
-61.46
-61.08
-60.44
-60.27
-58.08
-55.92
-55.18
-53.93
-53.95
-52.92
-53.41
-53.9
-53.66
-54.12
-52.24
-53.61
-54
-54.89
-55.34
-57.94
-58.17
-55.73
-55.55
-54.46
-55.29
-53.29
-52.1
-50.68
-51.78
-51.7
-51.89
-50.95
-53.63
-53.13
-52.49
-53.2
-51.96
-51.14
-53.78
-54.22
-51.7
-52.64
-50.26
-47.27
-39.28
-18.86
15.57
20.29
73.3
125.7
174.7
256.6
354
336
333.5
357.9
387.7
422.5
451.7
470.2
480.3
460.8
488.7
573.6
546.8
511.8
473.4
528.1
522.4
556.2
500.7
292.6
448
323.7
237.1
393.1
436.8
386.3
321.2
320.6
259.7
188.9
165.7
123.8
80
34.42
-1.567
-30.38
-44.33
-49.88
-52.15
-48.01
-51.08
-49.52
-47.9
-48.29
-46.94
-44.1
-36.5
-37.42
-43.2
-44.78
-45.42
-45.72
-44.37
-44.88
-45.27
-43.53
-43.36
-44.01
-45.3
-44.78
-44.96
-44.6
-43.78
-42.86
-42.2
-41.49
-41.67
-43.72
-43.62
-37.8
-32.46
-35.81
-38.34
-36.03
-31.75
-17.87
-17.64
-26.47
-34.7
-42.84
-43.82
-40.92
-32.45
-31.46
-35.49
-36.45
-24.43
-29.93
23.1
48.81
39.85
75.9
42.56
17.35
-0.623
18.71
48.72
61.26
78.5
90.4
177
402
485.2
527.8
584.7
562.5
560
581.2
464.2
488.2
526.6
406.9
530.4
532.7
558.3
533.3
526.8
504.7
468.5
450
410.6
384.2
337.9
302.6
258.7
214.1
171.5
116.9
72.9
32.11
-2.503
-28.54
-44.06
-47.22
-45.54
-45.55
-46.27
-48.53
-49.05
-48.81
-48.86
-49.05
-47.6
-47.95
-48.95
-49.19
-49.45
-48.16
-50.54
-49.81
-47.97
-47.85
-48.37
-49.46
-47.2
-47.76
-46.6
-50.03
-49.34
-45.95
-44.5
-48.15
-46.46
-47.86
-51.02
-53.37
-54.81
-51.01
-51.3
-53.9
-53.02
-50.6
-53.43
-51.63
-51.39
-52.99
-52.4
-52.74
-47.22
-30.59
-10.82
-6.562
-4.256
-7.28
12.18
25.14
24.23
54.85
71.7
103
110.5
116.5
227.8
189.9
304.8
352.1
377.2
426.1
468.3
474
431.4
471.2
526.4
460.8
408.4
480.8
485.5
510.5
523.1
545.9
554.3
551.8
520.7
463.9
445
414.1
413.2
373.1
320
197.9
208.5
94.8
68.79
46.59
11.78
-5.186
-21.24
-35.29
-42.28
-43.43
-44.28
-42.15
-46.53
-46.58
-46.94
-45.4
-43.19
-39.37
-38.47
-41.97
-43.81
-44.2
-42.9
-47.71
-50.35
-48.55
-49.92
-51.89
-52.37
-50.08
-49.21
-46.94
-42.83
-43.66
-39.75
-40.76
-36.94
-36.79
-39.43
-41.19
-41.23
-41.16
-37.37
-37.6
-38.79
-36.87
-36.1
-43.16
-45.84
-45.78
-41.66
-41.48
-44.07
-47.41
-50.18
-48.57
-46
-44.7
-43.78
-41.54
-40.2
-18.62
17.73
45
32.56
114.7
153.4
197.6
238.3
279.6
323.9
365.9
394.2
431.3
474.7
474.1
464.1
456.3
479.1
484
501.9
504.5
514.1
522.8
525.6
553.7
574.3
548.1
521.2
513
481.2
442.6
406.9
374.8
337.7
277.2
235.3
200
164.2
93.4
36.1
6.742
-25.07
-40.91
-49.2
-53.5
-49.96
-48.9
-44.95
-43.4
-42.1
-43.16
-43.37
-45.05
-42.73
-41.49
-40.14
-40.74
-42.27
-40.51
-39.59
-37.93
-39.88
-40.06
-41.18
-43.6
-42
-41.81
-39.77
-39.73
-39.48
-38.13
-38.21
-35.6
-22.52
-31.5
-33.2
-36.35
-38.95
-41.85
-41.01
-41.45
-40.68
-43.83
-43.04
-39.65
-36.31
-31.37
-26.6
-29.21
-27.19
-30.38
-39.36
-43.99
-45.68
-38.7
-15.22
15.77
26.68
128.6
142.4
146.6
185.1
232.8
257.6
282.7
324
354.9
402.1
429.6
449.5
463.1
465.6
463.1
457.7
485.2
499.6
523.8
522.3
506.8
527.1
608.6
586.1
367.5
386.5
486.5
488.5
420.1
412.6
386.9
340.4
303.1
258
214.5
160.2
60.06
76.9
35.51
-4.651
-34.08
-44.61
-47.49
-46.31
-45.8
-45.39
-46.87
-46.18
-45.79
-46.58
-44.9
-44.62
-44.33
-46.67
-47.3
-47.7
-47.12
-46.61
-45.19
-44.15
-43.84
-44.07
-42.77
-40.48
-42.26
-43.88
-44.17
-44.06
-42.32
-42.84
-40.69
-40.42
-43.33
-40.71
-40.65
-40.52
-42.71
-42.95
-43.05
-40.25
-41.51
-44.78
-54.93
-43.32
-40.36
-40.02
-41.49
-43.32
-42.37
-42.92
-41.73
-38.63
-39.14
-34.07
-26.68
10.04
39.9
71.8
112.5
155.3
199.5
232.9
275.6
324.5
357.8
390.7
418.4
463.3
456.2
453.7
476.7
486.9
477
484.9
484.5
485.1
490.2
488.8
532.7
545.3
531.3
506.8
493.3
469.8
439.8
405.5
388.7
336.4
261.6
257.9
211.4
161.5
110.2
28.39
1.759
3.978
-25.99
-36.69
-43.86
-46.15
-48.37
-51.57
-49.59
-49.42
-47.51
-45.81
-47.3
-46.5
-45.27
-42.51
-41.94
-40.03
-40.69
-41.71
-41
-44.37
-43.06
-41.69
-42.64
-41.92
-40.68
-39.61
-42.14
-40.66
-42.09
-42.06
-42.65
-41.33
-40.41
-39.91
-39.44
-37.71
-37.91
-37.11
-38.3
-38.42
-40.7
-40.01
-41.61
-39.53
-41.38
-39.76
-41.96
-45.26
-45.98
-46.12
-45.43
-43.66
-44.48
-41.79
-18.79
8.32
35.53
70.7
111.2
147.1
189.9
240.8
269.5
309.8
344.5
378
406.5
438.1
443.3
458.5
452.7
458.1
467
480.8
490.5
512.6
515.4
507
549.9
540.3
531.2
511.8
497.5
477.7
442.4
399.7
396.5
342.5
268.6
148.1
110.1
45.74
26.78
12.9
1.126
-12.97
-17.62
-14.6
-26.99
-32.7
-32.73
-33.23
-33.33
-33.61
-31.94
-31.76
-33.09
-33.05
-33.02
-33.44
-33.25
-33.69
-32.19
-30.46
-26.62
-26.1
-28.11
-29.31
-25.31
-25.19
-26.48
-29.51
-31.9
-31.6
-30.19
-32.44
-34.24
-32.63
-31.12
-28.06
-27.65
-29.44
-28.8
-32.83
-31.61
-31.53
-28.87
-31.69
-36.51
-36.79
-37.22
-37.51
-37.18
-36.23
-36.84
-34.24
-38.82
-33.97
-30.22
-30.32
-43.79
28.38
74.9
104.8
130.9
169.1
209.3
245.2
272.9
319.4
358.2
392
424.9
449.4
460.5
459.3
458.8
462.7
474.1
478
489.3
499
497.8
512.5
532.8
568.3
579.9
547.1
504.2
515.5
472.3
438.1
398.4
358.8
322.3
106.8
113.8
71.4
101.1
31.04
-8.57
-20.37
-28.45
-36.21
-36.71
-36.83
-35.97
-37.09
-35.34
-36.12
-37.91
-37.73
-37.23
-37.15
-34
-33.62
-31.76
-29.08
-29.34
-27.43
-30.1
-34.63
-35.74
-35.41
-35.43
-36.01
-38.67
-39.63
-39.44
-36.21
-40.73
-43.61
-40.54
-39.37
-38.47
-40.08
-40.02
-39.8
-40.92
-40.43
-38.24
-40.05
-39.9
-38.14
-37.24
-39.59
-38.34
-37.1
-36.69
-38.23
-38.38
-38.65
-36.5
-34.15
-37.16
-30.7
-8.27
25.42
56.57
5.961
113.3
157.5
202.2
238.7
282.9
319.1
371.3
396.6
428.5
450.6
446
450.5
454.2
455.2
457
476.6
486
475.2
506.8
468.2
465.2
500.5
420.9
456.5
324.9
438.6
394.6
374.4
118
58.91
44.97
18.23
0.343
-4.796
-5.611
-7.08
1.235
-3.575
-28.14
-34.76
-39.37
-38.99
-37.96
-34.7
-37.99
-38.63
-36.84
-36.3
-35.52
-34.48
-32.25
-32.72
-31.52
-29.52
-27.36
-28.99
-27.7
-28.42
-26.81
-25.47
-23.23
-24.08
-25.85
-26.4
-26.06
-26.12
-27.74
-27.61
-27.54
-27.43
-26.03
-26.57
-28.87
-31.37
-45.38
-35.54
-27.57
-28.12
-26.77
-27.58
-26.35
-24.5
-29.52
-26.65
-25.95
-26.06
-26.83
-26.76
-27.69
-26.29
-19.81
-8.67
4.068
23.54
45.94
78
88
102.7
120.8
139.8
170.1
213.4
179.5
254.4
412.8
349.6
379.5
290.2
278.4
266.9
259
229.7
192.5
226.4
277.9
354.9
311.7
432.6
231.6
89.8
123.3
352.7
510.5
488.3
390.8
319
281.8
250.1
182.8
-0.876
8.86
-2.812
-11.1
-14.99
-54.79
-26.65
-21.07
-20.95
-20.36
-19.62
-22.18
-22.86
-25.84
-31.78
-39
-40.1
-37.74
-34.38
-35.19
-36.59
-34.61
-33.64
-33.37
-36.92
-36.32
-30.73
-30.96
-33.55
-32.92
-32.61
-33.4
-51.66
-42.91
-33.37
-32.31
-30.03
-29.74
-30.45
-28.9
-25.31
-23.54
-22.03
-21.97
-23.02
-24.06
-25.7
-26.81
-30.93
-29.39
-24.95
-28.26
-29.3
-29.92
-31.3
-37.19
-22.83
-21.19
-5.691
-0.758
-1.626
24.48
75.3
24.75
16.14
52.87
101.2
156
210
361.6
332
269.9
181
234.4
211.5
342.7
349.8
328
290
274.2
324.5
529.7
519.5
243.8
10.36
2.09
4.583
11.54
21.2
9.15
41.64
26.62
3.796
5.57
27.19
18.59
26.86
56.08
49.52
-6.705
-13.13
-20.25
-16.61
-20.46
-19.42
-15.54
-18.56
-25.88
-27.88
-23.59
-22.06
-14.1
-17.01
-25.96
-22.7
-19.58
-13.95
-10.7
-9.32
-8.82
-9.08
-12.03
-12.83
-12.32
-16.6
-13.27
-11.62
-12.96
-12.16
-13.17
-9.58
-10.09
-18.48
-16.7
-7.7
-15.53
-15.65
-14.36
-17.39
-17.94
-17.47
-16.76
-20.91
-21.62
-20.42
-16.83
-12.09
-11.98
-16.75
-18.36
-15.64
-16.63
-15.96
-16.42
-19.89
-14.58
-9.87
-8.21
0.657
3.169
6.781
11.43
47.44
43.29
43.27
24.48
36.31
23
76
130.5
55.55
10.98
12.81
11.37
43.86
194.9
92.4
106
66.22
56.99
82.6
111.1
131.4
190.1
136
103.6
111.9
71.3
58.05
58.25
56.88
36.17
34.98
25.97
12.45
5.545
-1.307
-5.347
-8.47
-16.55
-18.34
-20.52
-8.84
-7.26
-6.76
-6.876
-7.6
-7.74
-7.98
-11.11
-10.55
-8.9
-8.42
-8.07
-8.62
-7.67
-8
-7.74
-8.62
-8.43
-6.736
-6.21
-8.55
-8.21
-5.967
-5.73
-5.756
-5.846
-5.503
-5.698
-5.777
-10.37
-11.11
-6.799
-6.414
-6.152
-10.18
-11.74
-11.92
-16.42
-12.99
-10.04
-9.09
-11.74
-12.09
-14.2
-9.9
-8.28
-8.75
-4.457
5.371
16.64
28.53
42.95
72.5
97.6
122.9
146.3
185
226.8
244.9
283.9
324.5
335.5
399.1
421.2
511.6
528.9
359.4
162.6
309
369.9
230.2
281.5
218.9
181.5
157.2
144.2
160
203
270.4
294
256.6
216.4
152.8
80
140.4
135.2
84.9
51.93
22.75
6.242
0.348
-0.217
-22.6
-33.61
-34.51
-27.85
-36.54
-36.11
-36.79
-39.82
-38.51
-39.02
-36.01
-36.45
-36.69
-39.16
-41.39
-41.01
-41.15
-42.41
-43.32
-43.91
-44.37
-43.79
-43.68
-44.09
-44.44
-44.1
-43.04
-41.12
-43.33
-46.81
-44.29
-45.94
-45.12
-39.66
-38.54
-43.4
-37.1
-36.66
-37.38
-39.72
-42.05
-41.03
-36.12
-31.47
-36.71
-34.92
-40.62
-35.27
-29.27
-33.34
-34.99
-32.2
-27.5
-15.59
6.86
27.92
28.45
58.59
104.1
139.5
259.2
242.1
228.7
367.9
413.5
402.4
351.6
332.6
413
438.3
446.1
472.2
453
469.1
492.2
503.8
427
392
433.4
236.6
216.6
277.8
266.3
189.8
282
355.1
244.3
303.7
279
239.5
185
126.6
86.3
50.13
12.75
-17.84
-34.45
-40.43
-40.79
-38.98
-40.19
-40.42
-39.21
-40.34
-40.52
-40.2
-37.76
-39.33
-40.11
-38.26
-38.15
-37.31
-37.9
-37.83
-38.47
-38.39
-36.69
-36.86
-39.22
-38.95
-38.28
-38.65
-35.45
-36.23
-35.34
-34.9
-34.4
-18.13
-26.84
-33.68
-36.12
-38.04
-38.8
-36.63
-36.33
-35.91
-35.32
-35.8
-34.5
-33.86
-37.14
-37.83
-36
-34.75
-35.11
-35.17
-34.54
-30.19
-32.98
-21.09
-6.356
38.95
68.45
109.6
154.8
191.8
238.8
273.2
315.1
353.4
381.7
413.2
432.1
427.7
447.4
436
327.4
503.3
432
507.8
483.8
487
477.3
537.4
518.7
547.9
519.1
500.7
477.5
437.3
401.3
375.8
328.8
289.6
253.9
208.2
160.9
129.8
80.1
39.89
9.17
-26.25
-40.42
-42.72
-42.94
-44.06
-44.04
-45.63
-44.04
-43.15
-42.19
-42.98
-42.52
-42.26
-42.18
-42.34
-42.16
-41.98
-42.73
-41.68
-40.87
-41.1
-41.32
-42.74
-41.94
-39.24
-40.67
-42.32
-43.72
-43.51
-44.24
-42.86
-42.62
-45.48
-46.84
-43.87
-42.11
-42.88
-43.6
-44.4
-43.1
-44.29
-44.15
-43.42
-42
-41.93
-42.44
-42.01
-38.47
-39.6
-38.97
-37.79
-34.93
-32.92
-46.85
-25.11
5.479
32.04
66.69
103.5
144.8
182.3
228.8
262.7
300.2
339.5
374.3
407.6
431
427.6
441.1
438.5
455.2
439.6
459
460.4
481.2
473.3
476.7
515.9
523.7
514.6
500.1
475.4
450.5
422.1
386.8
358.7
316.6
271
227.8
190.6
147.8
102.2
59.16
20.78
-12.43
-38.54
-52.13
-54.06
-53.81
-53.15
-48.36
-48.33
-53.88
-54.91
-54.59
-54.89
-55.65
-52.85
-53.46
-50.15
-50.2
-50.81
-49.22
-48.81
-48.8
-48.43
-47.92
-48.04
-50.05
-49.31
-49.69
-49.77
-48.42
-48.89
-49.77
-50.56
-50.6
-50.11
-51.09
-48.42
-43.74
-45.51
-50.31
-46.89
-47.77
-46.64
-44.86
-49.07
-48.19
-47.71
-48.18
-48.27
-48.48
-48.83
-47.92
-49.16
-47.45
-48.28
-43.08
-40.98
-61.79
22.22
57.31
93.3
131.9
177.3
217.5
261.2
292.4
329.7
363
402.1
410.2
420
415.6
429.6
421.1
440.3
458.7
454.2
460
464.2
474.5
513.5
532.4
514.8
507.6
445.3
452.3
424.2
398.1
352.3
317.6
274.5
238.9
190.3
145.4
95.7
54.96
0.522
-28.77
-42.91
-55.06
-57.3
-55.03
-57.4
-54.28
-52.13
-53.99
-51.33
-47.11
-46.73
-47.77
-47.75
-46.29
-45.29
-46.33
-43.65
-43.5
-42.3
-41.52
-43.32
-42.89
-43.08
-43.26
-42.47
-42.59
-43.33
-42.77
-44.3
-42.34
-42.27
-42.19
-42.17
-41.99
-41.24
-38.98
-38.92
-41.57
-41.59
-40.44
-40.59
-38.73
-36.5
-28.94
-9.48
-7.49
-9.92
-8.86
-13.41
-24.59
-36.34
-31.51
-36.38
-25.35
-4.232
33.4
50.7
52.48
169.1
111.1
198.6
235.3
265.5
297.4
332.8
368
389.3
406.9
413.2
425.5
426.1
431.3
440.7
462.8
453.8
455.1
462.4
477.1
500.1
520
496.5
492.8
471.9
447.8
422.3
375.5
337.4
306.2
264.4
236.6
182.3
139.3
97.2
55.47
18.02
-12.59
-36.32
-44.18
-45.78
-45.15
-46.27
-46.67
-45.97
-45.69
-46.96
-47.27
-45.47
-44.4
-46.23
-44.92
-46.11
-45.35
-44.3
-44.94
-45.63
-45
-45.13
-44.83
-43.28
-42.57
-41.75
-40.01
-41.64
-39.43
-37.97
-39.75
-40.3
-39.99
-41.63
-40.87
-39.38
-41.32
-44.2
-44.24
-45.58
-43.98
-42.96
-42.57
-42.06
-41.06
-40.01
-38.51
-38.24
-38.27
-37.22
-38.79
-36.79
-38.66
-40.56
-37.77
-21.06
5.478
32.07
63.67
101.3
138
186
223.6
257.2
312.2
334
372
397.7
407.9
409.7
426.9
422.2
426.2
431.8
445.4
457.4
461.4
465.5
487.4
526.8
532.9
520.8
394.1
481
456.1
422.1
386.4
359.3
315.3
273.2
231.9
186.4
144.4
99.6
55.35
-2.495
-28.89
-36.98
-43.79
-46.79
-48.04
-46.45
-47.35
-47.29
-46.57
-45.5
-45.98
-44.05
-44.32
-42.96
-43.33
-43.64
-42.2
-41.92
-42.08
-42.39
-41.4
-41.94
-43.1
-42.58
-43.15
-41.26
-40.8
-39.74
-38.58
-38.81
-36.85
-38.84
-39.74
-39.93
-40.39
-40.96
-41.98
-36.43
-23.17
-29.77
-33.52
-34.46
-33.26
-26.47
-31.99
-33.08
-23.06
-15.07
-17.42
-30.13
-38.16
-38.88
-39.33
-33.41
-29.65
-21.19
-5.119
8.73
59.27
95.7
133.4
176.7
215.9
263.7
300.4
328.4
362.4
395
398.4
396.6
410.5
418.8
427.4
426
441.8
455.4
464.3
450.6
474.8
490.4
513.5
499.7
498
489
438.8
423.8
410.2
368.5
324.3
272.4
239.6
193.5
148.5
101.9
59.89
23.45
-12.6
-34.84
-41.04
-42.62
-44.29
-44.72
-44.14
-42.02
-44.52
-43.96
-44.33
-46.39
-45.41
-44.59
-44.85
-44.94
-44.87
-44.53
-46.05
-43.65
-43.42
-42.67
-41.84
-40.4
-39.26
-37.42
-41.8
-40.7
-42.11
-41.54
-39.43
-42.59
-41.19
-40.18
-42.05
-41.19
-39.1
-39.76
-39.33
-39.02
-38.4
-37.76
-40.76
-42.24
-41.62
-39.97
-40.15
-40
-39.83
-39.58
-41.77
-43.1
-41.61
-42.44
-37.79
-39.46
-39.97
28.73
59.94
97.3
135
175.5
209.7
264.6
290.2
308.2
361.3
394.1
398.8
404.8
408.8
412.7
426.8
437.8
435.3
446.4
454.8
453.6
484.2
491
285.9
219.9
240
276.6
244.2
219
394.9
370.1
302.2
216.5
312
243
205.1
135.7
63.79
-15.97
-25.67
-31.93
-34.77
-34.59
-35.98
-40.22
-36.98
-32.11
-30.43
-30.02
-30.69
-29.39
-29.96
-32.22
-32.11
-29.39
-27.78
-28.71
-30.93
-30.81
-30.67
-29.88
-29.65
-29.62
-32.62
-41.2
-42.77
-39.83
-38.84
-37.61
-37.77
-40.2
-39.9
-42.34
-42.73
-45.4
-46.14
-46.78
-47.47
-47.18
-46.81
-45.21
-43.89
-45.67
-41.82
-40.26
-40.57
-43
-48.08
-46.07
-46.77
-46.44
-48.01
-41.49
-38.57
-21.48
4.567
32.92
63.44
98.4
137
177
216.6
254.4
297.2
313
359.4
393.2
405.5
403
412.4
415.2
421.4
423.1
436
406.9
477.5
487.4
479.2
449
501.1
454.3
363
432.8
440.7
423.5
383.2
327.2
316
282.5
245.4
201.1
152.3
110.3
57.71
0.522
3.231
-27
-38.57
-38.91
-40.09
-40.73
-39.77
-39.47
-39.57
-39.09
-41.87
-42.35
-43.1
-40.65
-40.66
-40.22
-41.45
-41.51
-42
-42.59
-41.52
-40.99
-39.41
-40.87
-41.03
-42.31
-43.85
-45.27
-45.04
-44.69
-45.16
-43.6
-42.3
-41.87
-42.31
-45.53
-43.63
-44.04
-49.3
-48.21
-54.1
-54.91
-50.7
-47.07
-43.92
-43.57
-47.15
-43.37
-42.8
-43.04
-43.02
-43.16
-41.15
-41.88
-39.44
-23.75
1.716
29.41
59.04
96.2
132.2
170.2
210.2
249.7
286.8
320.4
358.1
381.2
405.9
407.2
417.2
420.5
424.1
430.6
445.6
440
474
458.3
471.7
483.9
514
521.7
510.4
500.2
453.9
425.5
406.1
372.1
298.7
116.7
62.97
49.28
87.2
44.7
79
10.29
7.15
-19.73
-36.18
-35.24
-27.45
-30.44
-35.76
-37.43
-40.71
-39.35
-38.79
-38.43
-40.16
-40.37
-39.92
-42.29
-42.35
-43.16
-40.16
-40.5
-43.15
-43.71
-43.74
-42.04
-42.62
-43.79
-40.11
-39.36
-38.22
-37.7
-37.65
-38.54
-37.05
-36.16
-38.46
-36.19
-37.61
-36.1
-36.15
-41.61
-53.47
-44.61
-39.01
-36.99
-38.03
-38.86
-37.6
-35.83
-37.58
-36.29
-35.53
-35.93
-31.81
-32.37
-33.11
-20.64
-13.6
-13.08
13.43
71.3
110.3
175
203.1
159.8
296.3
325.8
358.5
389
408.6
417
415.8
422.1
427.5
439.2
371.9
417.7
446.5
457.8
504.5
474.6
451.8
527.5
534.4
447.5
128.7
201.4
65
257.3
100.1
89.8
91.3
75.2
73
24.98
11.68
2.028
-15.74
-30.51
-39.7
-39.99
-38.97
-41.19
-42.06
-40.38
-41.58
-41.87
-41.59
-40.08
-39.53
-39.35
-38.19
-36.59
-35.41
-35.66
-35.73
-34.75
-33.75
-33.83
-34.43
-36.29
-38.44
-36.54
-38.13
-34.74
-36.05
-37.23
-38.29
-38.67
-38.63
-36.6
-35.36
-37.51
-36.73
-35.82
-37.34
-39
-36.91
-36.77
-39.62
-36.84
-32.59
-31.38
-30.35
-31.15
-31.86
-31.84
-32.85
-34.08
-28.15
-19.7
-19.85
-17.26
-36.87
24.53
57.59
93.4
150.7
243.7
243.4
211.2
309.7
344
367.6
382.2
404.1
406.8
418.9
431.3
426.7
439.3
453.4
435.2
486.7
489.5
498
428.7
321.7
239
232.7
330.1
338.6
244.8
146.1
86.4
32.37
24.39
16.69
16.38
-0.296
-4.817
-9.9
-14.3
-16.7
-17.22
-18.69
-25.99
-30.89
-24.75
-24.2
-24.39
-29.24
-29.43
-29.85
-23.2
-23.75
-18.86
-21.64
-24.22
-27.71
-22.2
-25.11
-23.47
-18.32
-14.47
-14.38
-12.72
-19.37
-14.25
-11.61
-13.04
-14.16
-17.12
-16.44
-12.79
-10.84
-8.9
-15.92
-20.27
-21.97
-24.9
-25.6
-22.78
-18.64
-18.6
-14.8
-13.51
-23.42
-16.22
-10.51
-9.46
-4.935
-3.221
-3.839
-3.594
-4.275
-2.044
-2.268
0.636
5.36
6.723
15.98
20.74
25.24
41.64
49.62
71.7
80.8
64.27
62.77
87.4
56.8
44.67
35.05
68.16
109.3
80.6
97.2
95.3
110.9
164.1
150.2
227.8
251.1
202.3
209.9
180.7
171.8
188.2
155.9
153.2
118.8
80.2
64.19
47.97
42.56
33.68
14.13
8.4
0.819
-4.766
-11.05
-10.68
-9.07
-10.87
-8.56
-8.19
-7.51
-7.29
-6.762
-7.35
-6.414
-5.239
-6.477
-8.49
-8.68
-6.715
-8.46
-7.01
-7.99
-8.43
-7.18
-6.078
-4.935
-5.6
-4.169
-4.066
-4.032
-3.768
-3.955
-3.937
-6.171
-5.268
-3.763
-3.214
-3.565
-3.436
-3.549
-3.803
-4.563
-5.2
-5.356
-5.324
-5.647
-6.724
-8.7
-8.7
-5.285
-5.644
-5.087
-4.506
-3.943
-0.977
3.661
9.87
17.99
27.28
32.04
44.84
50.37
51.14
55.11
50.54
72.8
102
52.15
77.2
93.3
39.34
33.71
58.73
101.6
218.3
173.7
210.5
155.1
169
198.4
165.4
177.6
163.9
185.8
182
123.3
88.2
70.8
45.85
44.18
23.85
36.81
52.26
36.88
43.66
13.96
-3.039
0.473
-3.615
-13.45
-11.44
-9.03
-8.4
-10.23
-6.229
-8.35
-11.31
-11.98
-13.88
-14.31
-14.39
-17.38
-14.11
-15.9
-14.43
-19.51
-14.56
-12.08
-10.17
-6.572
-5.239
-5.125
-5.408
-5.241
-5.611
-5.722
-5.703
-5.035
-5.064
-4.914
-5.17
-6.868
-8.99
-9.08
-6.707
-4.576
-7.52
-8.12
-8.62
-4.188
-3.716
-4.87
-6.436
-4.82
-6.705
-4.181
-3.441
-3.851
-5.932
-5.024
-4.289
5.185
18.07
22.91
28.18
70.5
118.5
87.9
77.7
108.9
74
89.4
122.9
194.3
172
199.3
210.3
178.2
159.2
217.6
343.9
318.5
199
236.2
219
231.1
202
118.3
132.2
140.1
70.6
55.28
60.2
102.9
108.1
51.33
30.46
16.46
6.424
0.378
5.263
16.4
7.79
-1.648
-3.55
-5.512
-6.479
-6.704
-6.661
-5.806
-6.249
-6.146
-5.99
-5.679
-5.829
-6.439
-6.894
-6.701
-6.706
-6.822
-6.928
-6.712
-6.556
-6.952
-7
-6.582
-6.714
-6.445
-6.12
-6.521