-40.64
-40.69
-40.82
-40.14
-39.81
-40.46
-40.27
-41.64
-40.91
-40.02
-39.81
-40.35
-38.62
-38.38
-38.26
-38.33
-39.17
-38.2
-39.03
-38.36
-38.04
-38.24
-38.66
-37.68
-37.51
-34.65
-34.82
-49.91
-0.505
28.41
57.69
96.4
132.8
171.4
210.4
248.8
286.8
320.3
352.6
374.5
393.1
403.2
409.7
426.3
410.9
415.3
424.2
429.4
437.6
437.3
447.3
462
474.9
479.4
464.3
443.1
419.4
388.3
347.9
323.2
290.3
245.3
207.7
164.7
125.1
83.8
45.77
12.61
-13.57
-35.93
-47.85
-51.33
-53.3
-53.4
-52.64
-54.27
-53.76
-51.92
-50.89
-50.66
-50.49
-49.97
-48.61
-48.62
-46.25
-46.32
-44.91
-44.6
-42.96
-42.15
-41.55
-41.97
-40.55
-40.69
-38.99
-38.55
-35.53
-33.63
-31.83
-31.02
-30.64
-29.34
-23.06
-20.5
-23.14
-23.76
-3.057
-1.415
-12.51
-28.58
-28.62
-14.36
-10.82
-13.53
-12.74
-17.38
-30.5
-36.15
-39.24
-36.64
-31.88
-8.74
-16.01
5.017
18.94
24.12
10.9
47.28
101.3
83.6
105.4
214.7
94.3
191.1
317
227.4
237.2
321.1
234.4
254.1
306.6
437.3
431.3
464.9
461.1
442.9
332.8
447.5
434.7
390.8
361.7
273
247.3
195.8
235.6
246.9
255.3
239.9
216.3
172.1
130.3
87.9
51.04
20.49
-1.5
-24.76
-38.09
-41.9
-41.79
-43.01
-43.69
-42.68
-40.79
-37.56
-34.49
-34.94
-38.88
-41.05
-42.05
-41.89
-41.61
-41.62
-41.68
-42.16
-43.19
-43.24
-43
-42.28
-41.66
-40.89
-40.29
-41.39
-40.72
-40.9
-39.96
-40.76
-39.37
-37.99
-36.66
-26.67
-29.09
-22.29
-22.53
-25.52
-16.7
-5.744
-2.438
-1.548
-1.463
-1.767
-1.933
-1.867
-2.039
-2.049
-2.168
-1.991
-1.867
-1.703
1.017
6.935
13.39
24.84
21.27
24.87
64.76
81.9
101.6
67.37
60.75
142.4
149.6
177.6
180.4
195.5
341.9
318.5
293.3
260.8
269
310
368.1
359.1
360.9
386
364.9
246
252.1
418
372.8
396.5
271.8
253.1
220.7
248.1
245.4
128.1
77.7
40.46
13.41
16.25
3.11
-16.66
-26.77
-17.66
-20.67
-33.95
-26.17
-28.37
-23.04
-20.07
-21.48
-19.57
-29.05
-43.5
-43.22
-51.02
-52.03
-51.44
-50.2
-42.44
-29.22
-25.33
-34.12
-32.62
-33.06
-29.79
-30.12
-39.86
-40.87
-45.79
-51.47
-50.92
-44.94
-45.44
-47.76
-46.78
-42.47
-47.06
-47.37
-48.21
-44.97
-46.36
-49.03
-51.03
-45.54
-51.73
-51.85
-51.47
-51.53
-47.87
-42.34
-47.49
-47.3
-46.42
-41.72
-39.29
-29.86
-27.27
39.44
79.6
114.7
154.6
190.5
221.6
277.2
312.5
346.7
369.7
388.3
406.1
399.2
407.5
407.2
413.5
411.6
414.8
431.7
431.5
432.6
435.3
461.1
461.2
455.9
427.2
405.8
385.8
344.6
312.7
275.1
243.4
202
157.9
116
81.7
39.3
8.35
-18.47
-40.51
-50.89
-54.77
-56.6
-55.97
-56.36
-57
-57.88
-55.75
-55.24
-53.5
-54.01
-54.29
-53.69
-54.54
-54.24
-52.32
-53.68
-51.42
-51.19
-50.57
-51.2
-51.24
-51.61
-50
-49.45
-48.42
-48.15
-45.87
-48.26
-48.88
-48.8
-49.2
-49.34
-49.14
-49.1
-48.55
-49.08
-47.68
-48.1
-48.29
-44.48
-43.84
-44.01
-44.41
-46.23
-47.17
-44.24
-43.56
-42.5
-45.11
-41.47
-38.31
-31.89
-22.23
0.663
26.8
60.06
101
126.2
120.8
187.7
221.8
271.9
279.6
331.9
366.8
385.2
385.4
398
399.4
405.3
408.6
411.7
414.7
429.5
414
427.3
425.1
457.1
471.8
451
431.2
411.7
388.2
344.6
310.5
279.9
252.4
205.8
169.5
123.6
78.3
38.2
8.1
-17.17
-40.59
-49.79
-53.64
-52.25
-53.8
-52.87
-53.58
-53.14
-50.86
-50.91
-52.04
-51.28
-50.65
-49.55
-49.48
-49.96
-49.52
-49.04
-47.56
-48
-49.12
-49.77
-47.7
-47.6
-46.87
-46.79
-46.55
-46.49
-45.39
-44.76
-42.64
-39.57
-41.71
-43.41
-42.52
-41.1
-41.93
-41.75
-42.2
-43.02
-44.37
-42.96
-40.91
-40.66
-40.2
-41.23
-41.69
-41.74
-41.76
-41.01
-42.47
-41.72
-39.91
-36.52
-25.75
-1.466
25.31
51.59
84.3
90.1
142.6
198.9
227.1
265.5
308.9
336.8
362.4
377.7
387.3
394.5
404.3
400.3
406.3
414
412.6
415.1
416.8
436.7
438.4
455.3
458.6
444.1
427
402.1
374.7
343.8
305.7
270
237.1
198.4
159.9
111.1
72.5
38.75
3.977
-20.9
-43.29
-54.11
-55.86
-56.87
-56.98
-52.72
-50.9
-49.99
-49.75
-52.85
-54.6
-51.54
-54.58
-51.69
-52.73
-51.98
-51.14
-53.34
-54.21
-49.13
-49.39
-48.38
-48.93
-53.09
-53.73
-54.58
-54.8
-55.94
-55.33
-55.86
-55.35
-54.18
-51.94
-52.55
-53.21
-53.04
-52.78
-52.12
-51.23
-50.48
-51.2
-51.76
-53.43
-50.27
-47.98
-46.32
-44.69
-47.02
-47.75
-47.22
-45.83
-43.58
-35.96
-30.01
-22.61
-7.57
21.74
46.78
82.3
120.9
156.5
197.2
253.5
277.3
311.7
346.4
371.9
381.1
400.5
398
401.3
408.4
419.8
414.9
429.1
430.6
429.3
441.1
450.7
457.8
487.9
447.1
447.7
412
382.7
354.5
323.7
278.5
247.5
202.4
163
123.8
81.6
42.97
8.5
-16.72
-37.42
-48.58
-53.46
-52.44
-53.23
-53.4
-54.11
-54.87
-53.71
-54.46
-52.87
-50.08
-48.27
-49.13
-51.07
-49.41
-48.38
-48.66
-48.32
-49.79
-47.44
-48.61
-48.56
-48.78
-50.95
-50.43
-50.09
-49.91
-51.41
-52.83
-53.32
-54.68
-56.26
-53.97
-53.58
-55.62
-53.53
-51.6
-50.41
-48.3
-44.93
-44.62
-45.98
-46
-45.35
-42.69
-44.81
-45.94
-45.14
-44.29
-41.78
-42.56
-38.38
-36.2
-39.9
-16.26
13.19
40.47
74.5
110.7
150.9
193
228
264
310.3
339.8
359.4
386.5
383.3
382.8
390.4
396.1
401.3
411.3
408.1
419.3
416.8
418.7
435.2
452.8
453.9
435
419.4
392.2
362.5
330.6
309.9
265.2
229.4
199.8
155.1
119.6
73.5
34.52
2.874
-21.21
-42.51
-54.49
-58.07
-58.37
-58.52
-58.43
-59.83
-57.83
-56.68
-55.02
-56.75
-54.95
-55.24
-55.52
-55.34
-53.17
-54.51
-52.13
-54.13
-52.92
-52.9
-53.33
-53.69
-53.78
-52.04
-52.42
-49.45
-50.03
-48.15
-48.93
-48.82
-49.21
-48.57
-48.82
-49.71
-48.52
-47.67
-46.2
-45.7
-46.95
-47.99
-48.1
-47.27
-46.4
-44.98
-45.33
-44.24
-45.61
-44.9
-45.02
-46.71
-46.93
-45.13
-42.56
-34.32
-13.61
10.85
39.09
72.4
109.1
148.5
192.2
229.8
259.3
302
338.4
357.6
366.8
383.3
375.9
384.1
402.3
399.3
417.3
409.1
411
423.5
418.5
423.2
455.2
449.4
436
417.2
392.6
374.6
339.1
301.3
277.9
237.5
192.2
149.3
115.8
69.39
29.16
-1.617
-24.97
-42.84
-51.15
-58.29
-56.44
-55.55
-54.91
-54.48
-53.81
-54.66
-53.28
-48.05
-45.45
-50.08
-51.1
-52.44
-50.93
-49.94
-48.44
-49.01
-49.16
-47.64
-50.7
-53.39
-55.84
-53.85
-55.46
-55.1
-52.75
-52.61
-51.28
-51.26
-52.91
-53.13
-54.73
-53.64
-54.04
-55.98
-55.42
-55.37
-55.04
-54.13
-54.61
-54.85
-55.85
-55.35
-56.68
-55.18
-55.12
-54.34
-54.81
-55.68
-56.23
-54.35
-50.87
-50.91
-75.3
-1.035
26.79
59.86
96.1
134.6
172.7
212.1
251.4
285.6
317.1
349.3
368.7
372.8
382.8
387.2
391.3
404.1
397.8
399
402.9
407.2
416.3
428.5
436.1
452.1
441.5
420.5
400.8
368
332.3
302.6
267
220.5
188.7
144.2
104.5
62.37
24.29
-9.04
-36
-55.8
-64.48
-65.45
-67.98
-68.35
-67.82
-64.75
-60.99
-61.55
-63.81
-58.94
-58.47
-63.17
-61.4
-65.35
-64.75
-64.33
-62.8
-60.88
-61.34
-63.19
-60.69
-60.07
-60.3
-60.42
-62.43
-62.06
-62.85
-61.84
-59.87
-59.47
-56.61
-57.86
-56.96
-57.52
-59.15
-59.26
-58.65
-58
-57.33
-57.33
-56.5
-56.72
-57.48
-57.69
-57.76
-56.76
-56.07
-55.78
-56.13
-54.08
-54.86
-52.51
-49.32
-40.52
-19.68
4.698
32.7
66.19
104.3
140.8
180.2
220.8
257.8
292.4
324.7
350.8
381.8
374.9
379.2
381.2
383
394.6
392
400.4
404.5
419.4
420.3
419.1
434
441
434.3
416.9
392.9
371.5
342.3
310.5
260.4
236.2
192.3
150.3
107.8
68.38
34.2
-1.978
-27.61
-47.56
-57.51
-59.99
-59.55
-56.3
-55.57
-54.73
-53.14
-54.54
-54.08
-53.76
-54.53
-52.92
-54.57
-56.85
-56.1
-57.94
-58.09
-56.83
-55.93
-57.26
-56.3
-57.24
-57.37
-54.09
-54.37
-53.43
-55.13
-53.34
-52.28
-51.33
-51.18
-51.22
-50.36
-53.57
-54.04
-53.97
-54.36
-55.16
-54.35
-53.61
-52.49
-51.14
-50.19
-51.55
-52.24
-52.39
-52.85
-52.68
-53.13
-53.25
-53.68
-52.79
-51.42
-44.35
-24.97
-0.713
28.64
59.68
97.5
135.8
177.2
211.4
249
283.1
313.3
349
368.3
382.5
366.4
386
392.2
401.5
406.3
395.5
407.8
402.9
406.3
430.1
429.7
448.5
443.6
421.4
402.2
368.6
350.1
311.9
276.1
238.7
198.5
162.6
122
77.2
39.15
6.218
-20.58
-41.45
-52.07
-56.86
-57.9
-58.31
-58.51
-56.77
-55.81
-55.05
-55.97
-55.2
-53.46
-53.64
-54.55
-57.03
-55.26
-54.83
-54.92
-53.58
-55.37
-53.04
-52.46
-52.82
-52.13
-54.18
-56.87
-57.53
-57.58
-56.81
-56.24
-56.46
-55.1
-57.25
-55.31
-55
-54.78
-53.75
-52.82
-53.38
-54.17
-54.36
-52.15
-51.66
-54.04
-53.81
-54.66
-58.15
-59.84
-61.05
-59.34
-57.93
-80.7
-69.72
-58.74
-49.31
-27.19
-1.481
28.1
62.47
100.3
138.2
181.4
218.9
262.3
293.9
324.1
349.3
369.3
372.5
374.5
379.6
380.8
397.9
393
407.8
412.3
416.6
424.7
422.9
436.3
447.8
431.3
415
390.5
356.4
335.4
297.1
260.3
225.1
186.7
146.9
104.3
64.77
24.91
-7.53
-32.2
-53.36
-69.01
-75
-78.7
-79.8
-80.1
-77.8
-71.8
-70.6
-66.5
-64.14
-56.86
-58.2
-55.21
-58.74
-56.56
-52.58
-53.43
-53.83
-57.86
-56.77
-58.78
-56.91
-58.5
-58.64
-57.64
-59.12
-58.59
-57.81
-56.38
-53.76
-52.11
-54.56
-56.57
-54.9
-57.06
-56.94
-56.77
-55.46
-56.67
-56.66
-56.08
-55.9
-56.32
-56.15
-55.66
-54.15
-55.39
-54.42
-53.86
-51.9
-50.96
-49.53
-46.78
-38.62
-18.72
6.57
34.28
67.88
107.2
146
187.4
225.3
266.2
298.5
331.9
353.2
374.4
386.7
384.3
388.6
389.1
402
415.2
413.2
419.7
429.1
423.9
436.7
447.9
461.6
439.6
423.7
395.9
334.1
337.1
305.6
285.4
240.1
200.8
159.2
120.9
79.9
38.33
6.232
-20.63
-43.29
-53.49
-57.43
-57.23
-56.1
-58.61
-58.55
-56.12
-56.9
-57.23
-55.84
-57.68
-61.83
-62.53
-64.7
-60.17
-61.25
-57.83
-55.79
-57.25
-53.49
-53.58
-53.76
-53.36
-53.57
-53.44
-53.73
-54.95
-54.39
-53.78
-54.95
-54.72
-52.18
-51.75
-49.53
-47.39
-47.29
-46.88
-47.89
-47.46
-47.6
-47.05
-47.19
-46.79
-46.03
-44.75
-44.88
-46.7
-45.52
-46.21
-44.2
-45.5
-42.86
-39.04
-32.58
-14.61
9.73
37.2
68.58
104.1
142.3
183.3
226
253.8
289.4
326.5
348.2
367.8
368.1
389.1
392.9
393.6
394.5
401.5
403.1
414.1
420.7
427.9
425.7
444.9
453.4
443
425.5
395
372.8
343.5
310.3
276.3
243.6
198.7
158.3
119.3
79.2
41.56
8
-19.9
-40.17
-49.34
-52.36
-44.6
-43.48
-42.18
-43.96
-53.12
-56.08
-53.58
-52.87
-50.95
-52.53
-50.06
-48.6
-49.63
-48.89
-47.57
-47.57
-48.34
-48.49
-47.97
-47.56
-48.02
-47.35
-46.96
-48.22
-47.98
-46.07
-46.88
-46.81
-47.22
-46.64
-47.93
-46.99
-49.61
-49.8
-48.91
-49.49
-49.63
-48.73
-50.13
-37.39
-29.89
-49.26
-48.92
-48.81
-50.01
-49.81
-49.88
-49.41
-48.24
-47.4
-42.11
-28.09
9.58
24.65
30.16
32.3
36.11
42.84
50.02
55.24
59.38
54.86
56.25
78.9
66.94
73.5
82.6
88
94.1
90.6
106.5
169.9
95.5
86
88
83.5
135.5
118.1
92.1
96.1
77.5
61.06
83.7
66.87
67.08
73.8
60.09
45.03
29.37
28.02
21.95
12.28
3.76
-1.616
-4.608
-5.886
-5.788
-5.685
-5.767
-5.801
-5.939
-5.353
-5.413
-5.379
-5.049
-5.083
-4.985
-4.764
-4.912
-4.703
-4.732
-4.698
-4.46
-4.365
-4.286
-4.492
-4.035
-4.217
-4.272
-4.265
-4.315
-3.839
-3.993
-4.133
-4.761
-6.884
-6.752
-7.1
-7.4
-7.04
-6.826
-5.323
-4.679
-4.489
-3.636
-3.895
-4.423
-5.104
-4.69
-3.581
-2.902
-4.278
-3.06
-3.348
-3.644
-3.861
-2.445
0.953
5.77
7.83
13.58
15.97
21.64
21.96
26.33
22.88
17.52
25.48
34.54
45.71
74.3
148.1
194.5
241.1
377.1
655.3
509.6
458.9
441.2
417.7
417.5
419.2
449.2
447.8
437.5
424.8
419.8
388.1
346.2
313.2
280.4
240.2
202.2
162
116.1
79.8
38.57
4.991
-22.89
-45.41
-59.19
-65.3
-64.58
-63.82
-59.72
-60.35
-58.97
-58.17
-57.12
-56.53
-57.26
-56.95
-55.73
-58.05
-56.36
-56.01
-56.2
-55.2
-52.12
-52.08
-51.17
-51.26
-51.51
-53.15
-52.81
-50.27
-49.6
-49.96
-49.22
-47.04
-47.66
-49.81
-51.36
-50.81
-52.31
-53.24
-53.38
-56.82
-57.71
-59.71
-58.76
-58.17
-52.96
-50.47
-51.04
-51.56
-50.75
-50.04
-50.36
-51.39
-50.68
-49.59
-42.41
-32.8
-11.33
17.96
46.5
76.9
63.84
65.03
178.3
224.9
265.3
307.9
335.9
369.5
364.3
376.5
379.6
395.2
389.1
407.3
407.8
424.4
402.2
412.9
412.5
455.2
452.2
453.2
462.8
441.9
418
377
345.8
311.7
282.5
236.3
199
144.8
114.8
76.9
37.21
4.285
-24.67
-47.63
-60.16
-64.62
-64.19
-63.38
-61.1
-61.36
-57.45
-57.95
-57.77
-57.47
-58.44
-57.16
-56.4
-57.34
-54.26
-54.11
-51.92
-51.11
-54.61
-53.82
-52.8
-51.64
-49.66
-47.71
-47.05
-46.73
-45.6
-44.23
-43.6
-45.85
-45.96
-46.09
-45.83
-46.13
-44.22
-39.28
-29.45
-25.96
-25.72
-19.19
-18.46
-20.93
-27.41
-16.21
-22.06
-19.92
-14
-15.13
-19.53
-21.85
-17.26
-16.48
-15.32
-11.86
11.25
15.34
34.95
64.5
86.5
142.7
148.1
186
226.4
271.4
328.1
350.4
368
373.9
386.6
385.7
389.5
390.6
399.5
405.9
403.4
421
411
428
443.5
450.1
448.8
435.3
427.2
392.6
309.7
235.5
267.8
238.7
192.1
160.8
120.4
80.4
45.23
8.88
-18.07
-39.8
-53.55
-56.76
-56.21
-53.66
-53.27
-51.88
-53.64
-54.44
-57.41
-56.25
-56.83
-57.05
-55.92
-55.68
-57.13
-54.39
-54.74
-55.45
-55.21
-55.53
-56.01
-56.7
-55.07
-55.17
-53.93
-53.07
-52.6
-53.1
-54.56
-55.96
-54.41
-55.02
-54.54
-55.46
-56.69
-55.45
-56.59
-57.19
-57.46
-55.47
-55.3
-54.52
-55.73
-56.32
-55.49
-53.46
-52.9
-52.89
-51.7
-50.1
-50
-47.67
-44.28
-36.45
-18.1
7.86
34.6
68.51
103.6
155.5
170.1
210.4
253.3
281.5
321.6
350.5
369
372.9
374
379.1
386.1
386.2
391.9
402
414.2
409.4
422.6
432.3
439.5
451
425.4
409.8
390.7
366.9
340.6
303.7
258.5
224.3
177.9
135.2
98.3
58.66
25.41
-2.867
-27.27
-47.74
-57.63
-63.1
-64.08
-62.43
-64.17
-63
-64.1
-61.94
-59.48
-59.51
-59.46
-58.26
-59.57
-59.79
-57.9
-58.36
-59.07
-57.56
-56.69
-57.73
-57.75
-57.67
-57.55
-56.18
-56.59
-57.1
-58.18
-58.03
-57.79
-59.9
-58.07
-57.33
-55.8
-56.61
-57.13
-58.69
-59.16
-61.51
-61.05
-61.89
-60.39
-60.56
-58.95
-55.43
-54.77
-54.2
-55.35
-55.09
-56.31
-56.53
-54.85
-53.83
-49.63
-40.46
-18.99
6.813
34.72
68.88
105
144.1
182.7
223.5
257
295.5
324.8
347.1
362.2
373.3
373.1
378.6
386.1
395.6
393
405.9
409.1
412.6
424.8
432.9
450.3
450.9
435.8
415.7
407.6
363.4
333
299.2
274.9
230.8
192
152
110
68.04
29.2
-3.468
-30.4
-54.97
-67.81
-69.78
-69.87
-67.86
-67.28
-65.01
-60.82
-58.96
-57.53
-59.02
-59.47
-56.15
-54.99
-57.42
-56.23
-56.11
-55.29
-59.19
-56.05
-56.12
-57.85
-59.34
-59.59
-57.72
-59.52
-58.13
-58.85
-57.51
-56.12
-54.53
-53.76
-52.29
-52.13
-51
-51.73
-54.02
-54.78
-54.72
-54.38
-53.83
-53.61
-53.71
-52.24
-52.86
-52.36
-53.38
-52.74
-50.91
-55.02
-55.97
-55.22
-53.03
-50.47
-41.54
-20.78
4.65
33.15
65.96
103.2
145.4
182.1
221.8
261.5
296.8
328.1
347.7
361.3
364.9
376.5
377
382.1
390.7
390.6
399
396
398.7
410.9
420.7
437.6
450
434
409.4
383.6
359.8
339.9
297.6
262.2
223.3
180.7
133.6
95.9
51.42
12.86
-18.54
-41.82
-65.69
-77.1
-79
-81.5
-81
-78.6
-75.6
-72.6
-70.5
-69.74
-68.13
-68.12
-66.85
-67.79
-69.47
-67.72
-69.79
-68.35
-67.27
-68.12
-66.61
-64.53
-65.38
-65.8
-63.84
-65.63
-63.97
-63.25
-62.4
-62.44
-63.3
-64.11
-63.1
-61.22
-62.69
-62.45
-61.6
-59.46
-57.15
-56.43
-57.53
-57.35
-58.14
-58.11
-58.28
-57.89
-56.81
-56.51
-55.69
-55.12
-53.66
-52.32
-50.59
-45.97
-35.11
-15.73
8.13
28.91
57.23
96.8
125.5
163.9
209.6
253.8
283.4
305.1
360
357.1
362.9
354.1
362.9
368.3
368
389.5
391
395
395.1
400
412.6
424.1
430.2
419
412.8
378.6
358.1
332.2
294.1
254.3
219.4
186.5
142.9
98.3
58.98
24.36
-9.93
-33.06
-54.12
-66.69
-69.13
-68.35
-70.7
-67.44
-70.3
-69.33
-74.7
-72.7
-74.1
-75.2
-70.8
-61.3
-61.59
-62.26
-63.9
-66.21
-64.33
-64.3
-59.97
-59.39
-59.71
-61.42
-58.64
-55.85
-53.21
-52.89
-54.29
-56.84
-56.77
-58.52
-55.88
-56.43
-54.6
-55.87
-56.03
-56.33
-55.09
-56.28
-56.71
-58.93
-61.6
-61.05
-60.42
-59.04
-56.92
-55.59
-54.56
-53.77
-54.57
-53.95
-56.33
-49.86
-39.46
-21.81
2.432
29.5
64.46
111.9
151.9
187.5
231.3
271.2
270.4
308.8
354.4
372.7
376
386.9
351.6
371.4
392.1
396.2
395.7
405
403.6
415
424.4
446.8
494.8
414.9
398.7
401.4
366
332.1
308.9
271.4
235.7
180.3
154.1
106.8
68.55
28.93
-4.713
-31.44
-54.31
-68.81
-71
-69.25
-72.2
-74.2
-69.23
-68.84
-64.55
-64.21
-69.47
-65.35
-62.63
-64.39
-61.93
-62.33
-60.3
-58.59
-58.73
-56.08
-44.29
-44.91
-48.65
-58.36
-57.68
-60.14
-57.92
-56.68
-56.55
-56.75
-56.14
-55.01
-53.5
-49.16
-30.85
-21.61
-17.42
-10.61
-8.98
-5.783
-4.618
-5.001
-4.616
-4.357
-4.17
-4.666
-4.476
-4.571
-5.213
-5.426
-5.949
-16.52
-16.38
-13.84
-11.77
-7.09
-1.481
5.799
14.21
10.47
14.68
17.05
30.73
42.32
49.67
43.03
23.97
37.93
69.63
72.3
53.12
66.68
65.93
146.9
41.11
72.6
200.5
220.8
192.4
204.9
235.3
250.5
176.3
160.2
180.6
225.6
179.1
174.3
235.6
277.5
143.7
92.4
137.4
74.1
57.45
17.51
-0.377
-13.65
-14.56
-14.02
-27.6
-40.25
-46.89
-55.46
-53.8
-53.34
-52.64
-51.68
-52.05
-52.7
-52.72
-52.8
-52.36
-52.04
-51.69
-51.18
-51.8
-50.46
-48.38
-49.04
-50.35
-50.64
-49.96
-50.24
-49.95
-49.38
-48.26
-47.31
-47.13
-46.56
-46.8
-46.18
-44.37
-44.02
-44.13
-42.96
-40.27
-40.27
-37.37
-36.69
-41.1
-39.22
-33.34
-27.81
-23.47
-25.84
-29.48
-28.23
-25.9
-7.64
12.33
22.66
34.45
43.73
60.81
78
107.7
126.1
125.8
151.5
153.2
162.2
171.7
186.9
173.4
156.1
218.3
284.8
379.1
370.9
482
426.6
395.8
420.4
420
399.6
452.8
409.9
421.1
374.5
367.5
356.5
321.1
277.2
231.2
194.4
158.6
118.5
77.7
30.41
-7.37
-42.33
-59.52
-66.98
-65.47
-63.16
-58.62
-57.9
-56.04
-55.39
-55.88
-56.33
-57.78
-55.7
-53.49
-53.16
-53.13
-52.52
-52.04
-54.42
-54.97
-57.23
-53.47
-52.44
-55.1
-57.66
-54.57
-52.15
-49.45
-48.25
-46.25
-43.26
-44.53
-47.56
-44.23
-43.64
-49.56
-53.75
-38.86
-40.78
-32.8
-28.72
-30.29
-29.13
-31.35
-32.03
-29.17
-21.86
-16.76
-17.01
-12.66
-10.66
-10.88
-10.58
-10.66
-7.04
8.31
29.03
53.63
46.43
27.77
60.35
99.5
155.5
263.8
329.2
390.1
367.9
367.9
386.7
390.8
389.9
411.1
418.1
350.3
409.2
436.1
400.4
334.6
395.5
462.7
462.4
408.1
257.1
366.8
458.4
321.4
341.9
352.1
303
294.7
207.8
165.4
119.9
82.6
45.68
7.1
-20.05
-43.82
-57.87
-62.21
-62.91
-63.27
-62.1
-61.39
-61.08
-60.31
-61.91
-62.34
-61.5
-60.81
-61.34
-61.31
-61
-60.07
-59.66
-59.88
-58.07
-56.65
-56.86
-56.82
-57.38
-55.75
-56.46
-57.21
-56.33
-56.57
-55.71
-54.86
-55.51
-53.06
-50.72
-48.35
-48.57
-48.57
-48.52
-49.06
-49.96
-49.62
-49.07
-49.86
-49.67
-50.02
-49.58
-47.77
-49.41
-46.11
-48.84
-38.13
-41.83
-42.28
-38.33
-28.02
-8.42
16.79
51.79
50.14
66.62
149
196.9
239.8
264.4
295.6
339.6
369.8
358.6
368.1
372.4
400.9
386.8
403.7
407.5
403.2
429.4
436.6
428.7
434.5
444.7
438.7
425.8
427
389.5
363.6
322.9
322.3
282.1
235.2
200.5
164.3
114.8
79
38.82
9.88
-19.57
-43.68
-56.35
-61.55
-60.4
-60.76
-60.11
-60.54
-61.06
-60.24
-57.82
-53.9
-49.84
-40.27
-30.62
-28.69
-30.68
-29.37
-29.96
-36.26
-40.5
-39.29
-40.23
-43.98
-47.46
-40.79
-37.59
-25.09
-23.52
-21.67
-21.47
-22.52
-29.69
-27.23
-23.35
-26.34
-19.58
-20.12
-33.34
-44.28
-45.32
-43.38
-39.4
-39.59
-28.32
-23.86
-31.82
-35.62
-32.12
-23.54
-21.32
-18.84
-18.85
-22.88
-22.26
-5.104
23.5
51.35
104.8
144.4
153.3
152.5
171.7
155.1
222.5
283.7
388.3
397.1
392.6
276.5
379.3
399.4
408.7
409.2
409
429.1
415.4
360.8
442.1
446.8
459.3
474.1
473
438.9
414.3
404.5
363.6
321.2
287.9
210.8
227.1
212.7
162.9
109.8
62.91
31.67
-10.1
-42.83
-57.12
-61.95
-63.64
-63.51
-63.12
-61.82
-62.61
-61.98
-62.51
-60.91
-61.36
-60.95
-61.43
-60.12
-60.76
-59.94
-59
-57.59
-52.93
-50.5
-44.78
-41.84
-42.7
-39.3
-40.24
-40.53
-46.49
-43.69
-45.13
-43.13
-35.05
-37.51
-35.58
-35.57
-34.46
-37.91
-38.9
-38.22
-36.22
-42.42
-44.78
-46.1
-46.83
-47.63
-50.02
-46.79
-44.4
-44.1
-44.41
-45.92
-48.61
-41.58
-35.86
-20.87
-16.13
24.71
21.51
38.03
98.4
135.4
227.3
285.2
360.4
318.3
355.6
373.9
385
385.4
391
386.2
394.7
402.1
387.9
394.2
390.6
443.5
425.1
444.9
453.2
461.8
444.4
423.8
409.5
374.8
343.6
314.5
282
235.4
193.6
162.1
123.6
78.6
38.45
4.213
-23.36
-44.61
-57.56
-67.24
-67.87
-65.51
-66.34
-64.76
-65.5
-65.94
-65.39
-64.76
-61.43
-60.31
-60.75
-61.34
-62.43
-61.71
-60.65
-61.21
-59.74
-59.54
-59.89
-59.02
-58.68
-57.96
-57.73
-56.29