-58.01
-56.96
-59.35
-56.95
-55.16
-55.43
-56.47
-56.41
-57.75
-57.37
-58.13
-59.6
-58.26
-57.47
-54.59
-53.81
-51.67
-52.05
-52.2
-51.82
-50.05
-49.87
-46.98
-49.98
-51.42
-48.92
-41.54
-21.01
0.38
25.95
59.38
94.6
136.1
174.4
214.3
253.6
272.5
310.7
347.2
339.9
351.9
353.4
359.7
358.1
375.1
383.1
387.8
391.9
403.9
399
405
417.6
422.9
405.7
392.9
359.8
324
297.5
270.5
237.7
190.2
157.2
112.1
75.8
42.18
3.727
-22.03
-43.55
-64.53
-70.9
-65.02
-67.43
-67.59
-68.86
-69.16
-69.07
-67.21
-65.46
-60.94
-61.49
-63.39
-62.79
-59.32
-60.55
-64.79
-64.69
-64.05
-57.34
-53.59
-56.29
-57.5
-53.1
-57.7
-58.37
-55.64
-46.7
-45.35
-40.4
-43.48
-44.77
-52.07
-48.72
-38.6
-49.89
-55.98
-53.94
-52.62
-55.75
-51.62
-40
-31.24
-21.53
-16.03
-17.52
-18.64
-18.8
-25.25
-32.27
-23.82
-28.19
-32.75
-29.08
-23.07
-3.985
9.59
30.38
60.94
95.3
132.2
172.7
210.5
240.3
276.2
308.9
330
343
343.9
352.4
359.4
366.1
365.9
373.5
383.6
386.1
392.3
393.2
406.6
422.5
425.3
404
391.5
359.7
321.2
305.9
263.3
225.5
191.6
158.9
119.6
83
45.92
5.497
-24.48
-45.26
-64.83
-72.2
-72.4
-73.3
-70.9
-70.3
-67.69
-65.89
-64.24
-62.2
-62.08
-62.46
-66.34
-65.85
-65.19
-67.32
-62.2
-59.71
-58.41
-60.19
-59.94
-61.47
-61.55
-63
-63.17
-63.08
-61.18
-60.42
-57.97
-57.15
-55.29
-54.8
-51.47
-51.1
-50.65
-50.05
-49.39
-50.23
-50.81
-50.41
-49.85
-50.36
-50.56
-49.27
-51.1
-53.07
-52.58
-52.11
-49.52
-49.71
-49.71
-49.19
-50.35
-45.75
-40.77
-33.48
-25.34
-16.48
31.25
72.1
80
146.4
209
256
232
217.6
146.7
147.2
376.9
381.5
362.7
379.8
369.7
385.8
386.4
357.2
412.6
419.5
367.4
221.3
235
453.8
397.7
332.8
343.9
309.1
277.2
235.8
205.3
165.1
119.8
79.8
44.18
10.25
-19.14
-42.33
-57.21
-67.36
-66.49
-67.37
-66.26
-66.62
-66.33
-65.25
-66.01
-65.62
-63.27
-63.92
-63.13
-62.57
-61.09
-62.77
-63.4
-59.71
-59.16
-51.71
-35.56
-37.93
-38.36
-40.49
-48.98
-58.26
-58.45
-56.54
-55.6
-55.55
-55.34
-53.22
-48.36
-54.38
-57.49
-55.02
-59.31
-59.56
-59.39
-58.68
-57.76
-56.63
-54.83
-52.44
-51.37
-53.95
-56.14
-56.43
-53.02
-53.52
-53.38
-52.93
-53.89
-52.35
-45.42
-30.22
-5.514
22.21
54.46
92.6
130.3
169.7
212.5
251.2
274.1
306.4
331
353
358.9
356
358.3
367.2
380.4
379.6
377.9
387.3
399.9
396.7
401.4
419.5
427.6
420.2
373
397.6
363.6
163.6
290.7
139.8
208.4
151.8
122.7
85.3
47.87
10.92
-19.6
-41.57
-60.73
-67.07
-66.37
-68.93
-68.1
-67.21
-67.62
-65.38
-65.69
-63.51
-65
-66.55
-67.46
-68.65
-67.66
-68.62
-66.23
-64.88
-65.91
-64.74
-64.5
-63.54
-60.37
-60.15
-59.85
-62.73
-62.28
-61.25
-62.26
-61.96
-60.69
-63.2
-62.66
-64.25
-61.95
-63.15
-61.37
-58.13
-61.25
-60.71
-61.18
-62.46
-62
-60.91
-58.62
-56.44
-55.17
-54.98
-55.41
-55.39
-53.86
-50.87
-51.53
-51.5
-45.55
-27.23
-3.19
24.34
58.5
95.6
134
173
209.8
243.6
275.9
303.2
336.3
346.3
351.1
355.6
357.3
372.6
362.4
378.3
372.4
385
392.1
398.7
399.6
427.7
438.8
420.3
379
362.6
321.7
286.7
265.2
232
201.8
162
121.9
82.5
49.38
10.68
-17.74
-40.48
-59.06
-67.96
-66.98
-67.94
-68.41
-68.3
-68.21
-63.29
-66.09
-64.69
-62.87
-61.74
-63.43
-64.87
-62.95
-63.37
-64.13
-64.78
-66.53
-66.08
-66.24
-64.92
-63.17
-60.37
-58.8
-56.6
-54.69
-54.48
-59.58
-52.94
-46.37
-45.98
-41.93
-35.62
-36.94
-29.99
-26.94
-35.13
-38.21
-27.02
-16.09
-13.72
-17.7
-17.89
-15.59
-12.41
-11.3
-14.41
-17.78
-20.26
-20.57
-17.97
-14.83
-14.48
-16.77
-12.71
3.38
22.75
39.11
49.77
62.95
81.3
108.1
125.3
145.3
198.9
475
429.7
176.3
265.5
352.7
394.3
392
308.8
329.3
401.5
340.8
395.1
395.4
420
410
416.2
393.7
360.5
335
312.4
283.2
188.4
108.1
236.7
152
120
68.18
34.42
-8.96
-38.26
-31.99
-28.54
-42.92
-45.05
-49.68
-55.91
-58.27
-53.19
-44.63
-45
-49.79
-43.3
-45.73
-54.08
-49.15
-31.2
-25.75
-25.4
-29.01
-28.9
-44.17
-51.86
-44.27
-50.18
-42.37
-36.19
-34.38
-44.46
-43.99
-55.93
-65.89
-68.21
-70.5
-68.47
-69.88
-66.16
-63.16
-66.95
-65.66
-64.71
-65.34
-64.18
-60.58
-60.08
-59.61
-59.01
-58.2
-57.85
-58.25
-58.02
-58
-56.83
-57.12
-57.04
-50.64
-31.94
-7.34
21.16
56.89
94.4
128.2
167.1
200.6
242.9
270.9
301.5
326.7
345.4
347.8
343.7
356
354.6
361.5
362.6
368.3
368.5
371.8
378.3
391.3
406.3
410.7
397.2
373.7
357.2
336.5
335.8
278.5
229.1
192.3
164.1
126.6
83.3
46.63
-1.432
-31.94
-35.41
-51.98
-59.28
-63.1
-66.28
-66.97
-63.89
-63.12
-61.13
-63.04
-62.33
-62.35
-63.21
-65.01
-65.36
-65.55
-64.87
-65.36
-66.81
-64.06
-66.15
-61.14
-59.54
-58.07
-60.76
-59.42
-56.66
-60.25
-61.85
-62.24
-60.06
-58.63
-55.27
-52.77
-56.76
-55.05
-51.19
-50.56
-50.95
-49.35
-49.25
-49.59
-51.99
-55.54
-53.47
-47.73
-42.99
-53.45
-53.87
-52.14
-49.84
-49.12
-49.8
-49.37
-49.33
-43.02
-27.52
-3.875
53.7
115.2
119.5
139.6
187.5
212.2
243.3
283.4
334.9
351.1
174.7
324.6
378.1
389.1
466.1
403.9
285.1
299.6
297.4
329
380.6
322.5
467.2
402.8
394.5
377.4
353.1
329.2
300
266
234.5
197.3
166.8
132.5
94.3
53.25
13.03
-16.36
-37.01
-54.77
-57.31
-62.51
-67.54
-66.61
-67.75
-65.86
-63.25
-63.34
-64.39
-63.03
-60.85
-62.72
-60.08
-59.64
-60.32
-61.03
-62.57
-59.69
-58.93
-53.72
-51.96
-51.31
-49.18
-47.51
-48.59
-49.78
-51.21
-50.57
-50.9
-50.06
-48.75
-49.78
-53.16
-56.34
-54.43
-52.54
-52.49
-51.77
-51.24
-50.67
-49.39
-49.06
-49.96
-49.62
-47.93
-47.66
-45.54
-44.96
-46.15
-47.45
-47.51
-48.4
-45.59
-38.18
-22.44
-0.407
26.52
58.28
90.7
127.4
161.8
201.8
238
270
297.6
329.8
344.7
342.4
345.1
352.2
354
358.7
368.7
368.7
379.8
382
388.4
395.5
414.9
420.7
403.4
385.8
364.3
343.8
303.8
274.8
238.8
209
169.6
129.7
87.5
52.6
15.98
-12.25
-33.85
-54.69
-63.62
-62.49
-65.65
-64.7
-65.14
-66.56
-66.45
-65.72
-69.46
-67.1
-65.12
-62.58
-62.29
-61.94
-61.56
-59.99
-59.43
-58.53
-57.87
-57.65
-57.53
-59.13
-57.43
-59.15
-57.25
-57.22
-58.82
-57.51
-57.93
-58.04
-57.89
-58.44
-59.58
-58.33
-57.62
-56.93
-53.55
-51.71
-54.11
-53.5
-47.12
-38.43
-24.78
-21.89
-24.78
-34.72
-51.4
-52.69
-49.02
-46.57
-45.59
-45.1
-42.19
-37.8
-22.83
-2.091
21.89
54.11
91
134.7
170
205.2
247
280.7
313.7
340.9
359.6
362
361.7
364.8
375.3
369.1
382.3
390.7
390.9
397.2
400.3
412.3
431.1
435.6
420.5
396.4
379.5
341.1
317
281.1
245.3
205.8
167.6
124.7
86.5
47.88
11.1
-9.82
-34.39
-55.5
-64.43
-63.48
-65.27
-64.23
-63.64
-63.59
-63.39
-62.63
-60.83
-60.88
-61.55
-60.81
-59.36
-58.76
-59.71
-58.2
-59.4
-59.66
-59.59
-60.06
-58.83
-61.41
-60.45
-59.06
-58.72
-55.64
-54.94
-55.6
-54.2
-52.02
-49.28
-48.94
-49.82
-49.62
-49.26
-48.45
-47.1
-43.19
-43.92
-38.36
-39.74
-32.37
-38.47
-41.73
-39.42
-39.53
-41.56
-40.76
-41.17
-40.21
-41.95
-43.72
-43.07
-38.28
-24.88
-21.18
18.3
52.33
89.5
128.9
168
203.6
232.6
273.8
310.4
356.9
361.9
363.2
368.5
367
372.2
385.3
376.7
382.9
392.1
397.8
408.6
411.2
435.6
438.6
425.7
400.5
377
354.1
304.8
279
233.1
198.8
164.6
123.1
85.9
52.94
17.8
-12.58
-34.37
-52.47
-60.13
-62.09
-64.94
-62.96
-60.45
-59.33
-59.71
-58.45
-58.23
-57.86
-57.44
-58.91
-59.25
-57.7
-55.3
-53.59
-53.97
-53.37
-52.6
-53.88
-55.85
-54.83
-52.25
-53.02
-54.2
-54.2
-53.37
-54.08
-53.31
-53.42
-52.79
-51.43
-50.42
-50.05
-49
-48.61
-47.62
-46.83
-46.18
-48.76
-50.53
-50.73
-48.71
-47.23
-47.1
-46.06
-44.25
-43.43
-41.98
-40.55
-39.97
-40.95
-39.87
-33.18
-15.4
8.47
17.19
29.75
61.39
112.2
142.1
196.4
243.8
275.3
305.3
316.8
323.6
347.4
359.4
379.3
366.9
335.4
372.6
377.1
369.1
393.5
351.2
408.8
415.9
422.3
319.9
368.7
391.9
348.9
289.6
265.2
187
159.1
197.4
75.6
108.4
65.86
28.72
-2.64
-27.03
-46.64
-53.55
-53.8
-52.34
-54.95
-53.52
-51.75
-51.19
-51.98
-50.9
-51.43
-48.9
-47.18
-45.13
-45.04
-43.77
-35.66
-34.68
-34.74
-36.19
-34.24
-31.19
-15.55
-12.09
-22.07
-29.47
-33.62
-35.47
-22.64
-14.81
-14.2
-11.38
-7.94
-7.51
-7.33
-7.54
-7.79
-8.64
-10.63
-11.54
-15.31
-17.38
-20.73
-19.58
-18.59
-18.34
-20.5
-22.64
-14.92
-14.6
-8.94
-8.18
-10.52
-9
-7.96
-7.7
-1.527
3.299
13.66
71.3
60.31
67.87
66.61
50.27
54.58
109.9
105.2
154.9
155.1
208.2
265.6
239.3
267
300.2
231.3
218.2
196.9
136.4
52.14
-14.81
39
71.9
238.9
224.5
202.6
246.5
372.5
253.8
187.1
245.3
187.3
149.3
139.1
57.32
51.68
29.35
8.75
-3.869
-10.43
-11.58
-11.84
-17.19
-22.57
-26.47
-19.53
-10.67
-7.96
-11.38
-14.25
-11.37
-10.09
-13.16
-28.44
-35.07
-36.52
-20.08
-12.19
-12.44
-11.06
-9.81
-11.54
-11.96
-13.23
-18.63
-20.22
-25.3
-24.41
-20.08
-26.39
-17.98
-12.08
-8.09
-7.17
-5.132
-6.617
-7.18
-7.89
-7.54
-9.79
-15.31
-15.68
-15.78
-16.13
-13.28
-12.39
-12.92
-12.87
-11.45
-8.77
-6.318
0.365
5.277
25.04
40.69
59.61
56.48
52.35
72.9
104
118.1
169.2
220.2
232.8
281.2
273.6
323.3
229.8
285.8
329
509.1
360.4
167.8
161.3
177
243.9
255.1
367.8
342.5
223
315.7
298.7
234.8
271.7
274.2
228.1
199.5
173.5
125.3
93.4
39.01
35.38
4.827
-0.832
-6.261
-11.12
-11.9
-12.63
-15.03
-15.5
-19.6
-20.96
-17.03
-13.73
-15.67
-17.09
-18.66
-23.22
-27.15
-28.17
-20.95
-20.24
-22.78
-35.71
-42.17
-41.51
-40.86
-40.24
-37.72
-38.61
-38.94
-39.35
-39.24
-37.97
-35.95
-27.77
-11.63
-9.31
-10.17
-10.74
-14.27
-23.47
-38.49
-39.82
-39.38
-40.09
-39.85
-41.65
-40.2
-41.16
-41.49
-37.93
-37.99
-39.42
-40.01
-38.36
-33.18
-28.08
-14.54
-8.57
-6.421
58.07
100.6
136.4
193.8
287.4
258.6
215.1
272.4
288.6
296.1
428.3
392.5
396.6
393.2
399.2
409.5
412.8
408.9
402.7
416.3
431.6
445
442.2
429.4
410.6
384.2
361.7
332.1
292.2
256.9
221.3
179
150.1
108.6
74.9
35.87
6.29
-17.53
-38.06
-48.13
-52.34
-54.18
-53.58
-54.26
-51.55
-52.14
-52.26
-52.23
-51.59
-50.8
-50.86
-49.58
-47.94
-47.89
-46.87
-47.57
-48.12
-46.37
-44.93
-44.46
-44.01
-37.86
-17.72
-30.47
-26.27
-29.17
-32.45
-22.86
-31.58
-14.97
-3.72
-1.945
-2.851
-10.93
-35.64
-20.07
-22.05
-20.9
-19.3
-16.3
-16.72
-19.01
-21.1
-24.72
-23.39
-20.57
-23.58
-22.02
-22.63
-22.71
-21.74
-20.81
-25.23
-29.03
-22.24
-9.19
1.456
3.998
9.01
17.46
24.37
25.87
30.46
41.67
60.93
55.91
58.22
67.92
64.77
62.47
112.6
103.9
116.5
96.4
101.1
108.7
122.1
99.5
89.5
92.6
97.3
64.29
64.76
54.59
72.1
85.9
66.34
53.05
30.9
21.97
11.91
6.874
1.184
-0.581
0.108
-2.555
-6.632
-8.41
-9.13
-12.23
-10.4
-10.87
-8.19
-8.73
-7.59
-14.5
-8.53
-7.6
-8.95
-13.04
-14.77
-16.13
-13.24
-14.79
-20.87
-22.09
-18.14
-10.33
-8.9
-9.56
-7.9
-7.43
-11.45
-10.85
-12.3
-11.81
-9.77
-11.65
-10.27
-7.03
-10.19
-10.3
-14.54
-10
-10.53
-11.2
-10.56
-10.41
-11.77
-12.39
-10.64
-8.56
-8.41
-7.86
-7.08
-5.268
-4.67
-5.788
-4.445
0.074
4.633
10.53
17.03
26.32
25.56
41.13
43.71
41.9
43.02
39.65
45.43
62.73
64.81
55.54
49.09
51.85
41.69
51.24
41.38
29.55
35.36
52.22
41.31
33.28
24.11
12.75
14.03
30.53
68.71
31.14
34.5
45.29
37.5
50.64
39.48
36.49
30.9
22.63
15.15
5.121
-2.508
-9.58
-10.32
-9.59
-7.87
-8.4
-7.64
-8.01
-6.706
-6.516
-5.718
-4.965
-5.57
-6.122
-5.118
-4.516
-4.003
-5.414
-6.402
-3.985
-3.438
-6.054
-7.74
-4.658
-3.858
-5.528
-6.841
-4.77
-4.543
-5.737
-7.62
-8.83
-7.81
-7.97
-6.291
-6.433
-4.842
-4.869
-6.296
-5.289
-4.752
-4.61
-3.986
-4.039
-3.473
-2.929
-3.034
-3.518
-3.46
-3.349
-3.751
-3.373
-3.537
-3.003
-1.425
2.289
7.25
13.08
22.93
27.15
35.68
53.17
59.83
84.2
83.8
104.3
118
143.3
112.3
102.9
83.8
91.7
78.7
95
95
106.5
121.9
97.4
82.4
148.9
88.4
76.5
81.4
140.2
186.3
78.1
72.7
81
59.41
45.04
36.87
33.11
24.35
17.12
15
8.81
2.972
-2.748
-6.063
-8.35
-8.09
-6.611
-5.742
-5.758
-5.763
-5.657
-5.628
-5.467
-5.348
-5.385
-5.036
-5.316
-4.883
-5.042
-4.952
-4.981
-4.947
-4.886
-4.592
-5.113
-4.925
-5.026
-5.05
-5.176
-5.277
-5.266
-5.081
-4.888
-4.674
-4.347
-4.352
-4.471
-4.74
-4.801
-5.198
-5.264
-5.726
-6.104
-5.689
-5.961
-6.688
-6.836
-6.825
-6.957
-6.305
-6.92
-7.11
-6.598
-6.321
-5.303
-2.473
1.752
5.271
8.52
10.4
15.44
24.32
26.62
36.99
53.31
59.92
60.1
64.86
74.6
81
103.8
104.4
93.5
97.9
100.6
108.4
133.1
178.1
172.2
234.1
226.1
240.6
261.4
299.2
261.7
233.2
224.4
227.3
320
356.3
230.5
196.3
142.3
104
62.58
27.32
-1.188
-25.8
-43.69
-46.72
-47.96
-48.11
-48.11
-47.54
-45.24
-44.84
-44.28
-43.62
-43.51
-42.95
-43.88
-43.3
-42.52
-41.95
-41.55
-41.31
-39.86
-38.71
-37.92
-37.11
-37.55
-39.96
-39.03
-38.15
-38.64
-37.64
-38.08
-37.96
-39.03
-37.81
-38.11
-37.38
-36.67
-37.25
-36.18
-35.09
-35.16
-32.8
-32.54
-34.55
-35.81
-34.49
-34.55
-35.05
-34.88
-35.55
-35.53
-35.14
-35.68
-36.01
-33.26
-26.69
-2.662
26.49
58.69
88.5
95.9
125.4
202.8
244.6
281.4
318.5
353
379.1
402.5
419.2
423.4
418.4
426.3
417.9
418.7
425.4
453.4
438.8
427.4
450.5
431.5
458.1
471
435.6
417.8
387.7
335.3
331.2
294
246.9
217.6
172.8
130.8
85.9
49.17
10.73
-17.41
-42.16
-57.4
-58.92
-55.85
-55.59
-55.97
-55.67
-53.04
-52.59
-52.7
-51.83
-51.65
-52.58
-52.23
-49.81
-47.63
-46.73
-46.73
-47.12
-45.08
-43.81
-44.09
-44.01
-44.11
-44.53
-44.25
-43.61
-43.35
-41.18
-24.63
-35.25
-38.47
-38.22
-40.55
-41.13
-42.29
-41.16
-41.53
-41.05
-41.01
-40
-39.42
-39.2
-39.69
-40.16
-39.92
-39.8
-40.41
-40.49
-40.12
-39.51
-40.14
-40.99
-39.91
-33.07
-13.98
10.52
41.22
75.6
110.7
149.6
190.8
230.4
267
302.6
336.9
370.9
395.2
420.9
423.2
416
414.7
415.6
408.5
409.8
414.1
413
420.1
420.8
426.8
438.9
435.9
414.2
391.2
365.7
341.6
313.2
273.3
238.9
199
156.5
118.1
77.8
41.54
7.05
-20.03
-42.81
-60.33
-64.28
-65.42
-67.48
-67.28
-65.24
-64.34
-62.41
-59.11
-60.79
-59.56
-58.52
-59.22
-56.91
-55.84
-54.91
-56.24
-56.95
-55.78
-55.58
-54.64
-54.56
-55.76
-55.91
-55.45
-54.26
-53.32
-53.84
-53.51
-53.7
-52.75
-52.74
-51.94
-49.69
-47.76
-41.51
-40.36
-42.22
-39.56
-36.97
-35.31
-37.11
-31.12
-26.31
-24.89
-28.31
-35.11
-39.03
-35.84
-30.27
-28.75
-23.76
-26.97
-23.27
-15.53
20.83
86.2
131.5
124.8
58.87
132
228.9
269.9
306.8
337.7
373.8
403.2
423.8
427.7
419
416.6
416.8
425.4
433.3
425.4
429.1
438.1
438.6
458
468.8
467.4
434.8
415.9
392.2
363.4
332.3
292.8
248.3
210.7
167.5
124.3
84.2
45.42
13.26
-15.18
-38.45
-53.29
-58.61
-62.74
-62.25
-63.02
-61.06
-62.69
-64.87
-66.35
-64.82
-64.51
-66.93
-66.77
-63.29
-62.27
-62.12
-61.53
-61.03
-59.82
-58.28
-59.95
-58.97
-57.93
-57.66
-57.7
-56.66
-57.3
-56.35
-57.34
-56.07
-55.91
-55.7
-55.08
-53.73
-54.26
-46.48
-42.11
-47.64
-48.56
-47.82
-45.77
-44.53
-44.68
-39.96
-39.45
-43.46
-45.8
-47.42
-50.79
-51.55
-51.01
-51.3
-49.51
-41.83
-24.59
-1.26
23.97
69.43
109.1
146.2
188
231.1
262
301.5
330.9
371.4
397.6
417.1
425.9
429.4
422.1
426.3
419.6
439.7
436.4
442.2
435.7
442.8
452.5
471.6
467.4
439.9
412.2
392.6
360.8
324
300.3
254.6
214.3
174.7
128.4
90.4
51.95
18.97
-9.22
-34
-51.92
-57.08
-59.53
-59.2
-57.2
-57.43
-55.04
-53.25
-54.31
-54.24
-53.05
-52.03
-51.94
-50.74
-50.67
-48.52
-46.06
-42.74
-46.24
-44.18
-43.51
-45.2
-46.32
-45.3
-44.24
-44.95
-45.39
-46.41
-46.64
-47.68
-46.14
-45
-42.1
-41.37
-42.22
-41.77
-39.97
-39.75
-41.2
-41.82
-43.96
-42.18
-40.13
-42.49
-43.06
-42.08
-40.54
-40.17
-41.83
-42.26
-43.31
-41.81
-39.42
-29.85
-8.94
18.78
50.89
85.2
116.3
135
183.4
240.7
276.7
317.9
355.5
385.2
413.5
438.7
435
428
423.4
423.1
431.8
429.4
434.9
432.5
442.6
455
474.1
482.9
468.9
445.6
425.4
392.9
366.5
325.7
286.2
245.7
205.6
167.7
123.1
83.1
43.85
5.766
-22.23
-46.31
-63.58
-69.09
-72.3
-73.6
-73.4
-73.2
-71.8
-71.5
-69.16
-68.02
-66.86
-65.77
-64.65
-66.43
-65.41
-66.69
-64.77
-65.17
-64.41
-63.2
-64
-64.18
-63.62
-63.74
-63.32
-63.04
-60.55
-61.35
-63.02
-63.1
-65.94
-65.29
-65.64
-65.85
-66.64
-67.75
-68.71
-68.32
-70.4
-70
-68.86
-68.03
-67.17
-67.99
-66.96
-68.61
-68.26
-68.04
-68.11
-66.34
-64.87
-64.17
-62.42
-55.58
-35.84
-10.13
19.57
55.51
97.7
138.2
178.3
220.3
259.6
293.2
332.3
365.9
393.3
403.5
402.4
406.9
407.7
406.9
409.3
419.2
426.2
421.7
440.8
442.6
461.7
459.2
470.9
444.8
407
379.6
351.2
290.9
271.3
237.6
196.1
155.5
112
72.3
29.04
-10.48
-35.37
-59.72
-78.8
-82.4
-82.9
-82.6
-81
-80.8
-74.2
-83.7
-81.8
-79.6
-81.2
-79.4
-79.4
-78.5
-77.9
-76.4
-75.2
-76.2
-76.8
-76.2
-77.8
-78.9
-75.5
-71.8
-64.74
-64.39
-67.47
-66.68
-68.49
-68.75
-71
-72.5
-70.2
-67.41
-63.09
-63.44
-61.58
-60.18
-59.5
-58.57
-57.73
-58.28
-57.8
-58.51
-58.38
-59.49
-58.42
-59.3
-56.13
-56.22
-55.26
-54.03
-52.13
-43.09
-20.86
7.73
20.75
61.23
69.63
158.7
197.5
240.3
273.5
324.8
346.4
382.1
416
427.8
430.1
428.4
426.4
434.8
441.9
440.7
440.7
449
455.6
477
483.7
489.6
472.8
455.7
443.1
406.9
377.6
336.3
303.2
257.5
225.8
180.8
135.3
92.8
52.83
16.36
-16.4
-43.42
-64.24
-71.1
-72.9
-75.8
-74.5
-74.7
-74.8
-72.6
-72.5
-72.6
-69.53
-68.04
-68.45
-68.9
-67.92
-69.04
-65.95
-63.76
-62.57
-61.74
-61.92
-61.34
-59.63
-59.52
-59.5
-58.86
-57.68
-59.22
-57.23
-55.26
-55.43
-54.08
-57.21
-57.91
-57.67
-57.63
-55.05
-52.49
-54.61
-54.22
-52.57
-51.86
-50.53
-50.73
-48.35
-48.89
-50.2
-49.56
-48.67
-47.46
-43.41
-42.27
-40.12
-33.84
-20.88
-30.04
20.16
64.12
115.9
153
163.5
210.8
143.8
280.2
384.1
337.8
320.8
182.7
343.7
467
457.4
436.6
442.7
449.7
454.5
470.5
467.6
474.7
469.4
493.8
475.4
469.2
462.1
412.5
381
347.5
296.1
257.7
207.3
178
122
87.6
40.1
5.033
-25.46
-51.33
-70.4
-76.5
-77.3
-76.5
-72.4
-71.3
-68.8
-70.3
-75.6
-78.2
-79
-80.9
-79
-74.6
-73.4
-73.7
-74.2
-69.07
-64.27
-61.43
-54.95
-56.27
-57.45
-57.41
-57.41
-60.57
-61.82
-63.14
-58.19
-56.62
-58.85
-57.59
-56.75
-58.43
-60.26
-59.56
-57.66
-58.36
-58.86
-58.2
-57.59
-57.67
-57.06
-55.65
-55.59
-54.93
-54.63
-52.77
-51.52
-49.77
-49.05
-46.79
-44.49
-33.72
-12.39
22.8
69.78
72.8
110.6
171.4
210.5
158.1
173.7
306.4
388.6
418.1
419.7
383.1
415.6
451.4
436.9
443.4
437.8
445.7
441.2
467.6
469.7
467.7
467.6
329.7
387.6
487.1
439.1
442.3
396.7
309.1
218.8
182.7
179.9
194.1
194.4
88.9
48.38
-26.3
-47.84
-54.35
-54.39
-61.03
-63.39
-67.96
-73.5
-72.7
-74.6
-71.8
-74.4
-73.7
-71.1
-66.94
-65.05
-69.48
-67.39
-64.91
-64.63
-63.35
-61.65
-59.88
-58.75
-59.27
-57.16
-59.29
-57.12
-57.09
-57.9
-64.26
-61.95
-59.36
-56.3
-51.05
-51.91
-54.75
-54.58
-54.97
-54.87
-53.28
-54.99
-54.74
-56.11
-55.84
-52.3
-49.11
-46.79
-46.43
-47.28
-48.15
-44.74
-46.99
-44.75
-45.13
-45.67
-32.68
-13.93
8.33
39.57
76.8
117.5
159.2
199.8
235.9
272.5
319.4
352.3
389.1
405.3
436.3
432.9
425.5
435.5
427.2
443.4
443.2
456.6
439.7
450.2
460.5
474.8
501.2
478.1
445.4
424.3
392.7
359.1
325.4
277.8
249.3
208.9
170.7
129.6
83.8
44.25
8.92
-19.97
-43.95
-62.41
-69.6
-74
-77
-73.1
-70.9
-69.62
-69.26
-63.14
-61.55
-60.26
-61.68
-58.82
-59.17
-59.76
-61.72
-59.9
-44.81
-39.5
-41.63
-41.75
-35.69
-27.76
-35.12
-35.46
-41.03
-47.56
-45.24
-41.58
-42.23
-46.24
-46.77
-45.44
-48.21
-49.78
-45.42
-43.36
-38.18
-32.07
-34.43
-37.86
-47.13
-49.74
-44.43
-48.76
-43.98
-35.99
-29.24
-30.54
-37.63
-39.18
-37.31
-36.02
-24.38
2.318
42.18
80.7
105.1
143
190.6
222
243.8
281.2
316.8
351.1
378.4
409.7
427
428.2
420.6
418.7
419.6
430
442.8
441.7
436
368.8
432.5
299.7
355.5
355.3
438.6
404.1
372.1
327.2
296.1
251.5
228.8
184.3
149.4
109.9
72.9
39.39
8.13
-18.68
-40.5
-55.18
-62.4
-65.09
-68.02
-66.54
-67.58
-64.4
-61.56
-49.31
-57.05
-55.52
-59.35
-60.55
-57.44
-51.97
-50.91
-60.34
-59.83
-58.52
-59.39
-58.73
-58.73
-57.16
-57.23
-58.97
-58.28
-57.03
-56.68
-57.32
-58.61
-58.68
-58.88
-59.12
-58.44
-57.51
-56.74
-54.87
-53.58
-53.04
-52.72
-52.44
-51.86
-51.71
-51.62
-51.27
-50.53
-49.52
-47.73
-48.04
-47.67
-47.11
-46.8
-43.99
-34.24
-13.19
13.38
44.45
81.3
120.6
160.6
205.9
249.8
285.9
312.1
339.7
374.9
408.9
432.9
430.7
424.9
424.3
423.7
435.3
445.6
449.1
373.6
422.1
385.9
396.1
534.2
241.4
341.2
419
226.2
311.4
342.9
235.2
209.7
178.7
194.3
136.4
36.74
55.1
20.15
-3.244
-30.45
-50.32
-57.81
-62.32
-62.59
-60.54
-63.69
-63.88
-62.35
-62.3
-61.4
-60.03
-58.21
-56.98
-55.66
-51.79
-50.98
-54.27
-55.85
-54.5
-53.65
-54.22
-53.98
-54.83
-56.18
-55.96
-57.18
-58.56