-19.615
-17.8015
-17.1935
-15.29
-14.835
-16.65
-14.257
-13.661
-13.5895
-14.31
-16.295
-17.885
-19.165
-22.925
-22.38
-21.49
-21.135
-20.705
-21.345
-21.66
-22.355
-23.66
-24.28
-18.425
-3.4765
17.01
43.14
39.355
60.13
86.315
100.435
155.55
151.55
138.35
141.3
164.95
250.05
386.85
486.55
611.8
437.65
512.8
380.05
457.85
511.8
546.9
568.85
592.7
704.9
713.5
730
699.85
708.9
816
774.25
622.85
568.9
726.75
413.65
550.1
502.75
355.55
411.65
512.45
226.15
391.6
196.385
164.585
144.345
187.85
158.4
61.945
31.395
-5.143
-30.435
-35.175
-32.88
-29.72
-26.365
-28.2
-26.945
-26.61
-31.475
-32.83
-31.335
-29.965
-31.445
-34.71
-35.59
-35.235
-33.69
-33.5
-33.41
-33.54
-31.85
-33.25
-32.805
-33
-31.95
-30.95
-30.475
-29.815
-30.705
-28.28
-26.89
-26.665
-28.195
-26.435
-29.19
-28.095
-24.98
-23.345
-26.325
-29.215
-30.2
-21.37
-21.905
-45.01
-32.065
-26.745
-21.816
-6.655
-1.79
34.945
84.435
139
134.5
161.75
234.25
281.65
330.4
412.9
400.25
464.05
504.8
525.65
569.9
609.5
663
673.55
713.7
754.8
629.9
792
801.5
715.95
771
832.5
803.5
828
567.95
389.95
533.9
585.8
659.3
645.35
545.55
499.15
456.15
573.3
388.1
204.9
214.25
169.95
25.29
1.565
-18.58
-27.03
-19.155
-32.95
-44.12
-38.52
-31.78
-32.65
-23.465
-27.565
-25.495
-28.295
-50.875
-32.4
-29.815
-27.17
-24.375
-24.49
-26.03
-27.18
-28.97
-28.17
-28.37
-30.76
-29.915
-31.08
-31.93
-27.44
-28.185
-26.24
-23.8
-28.075
-26.02
-31.86
-30.85
-30.475
-30.39
-31.305
-31.795
-32.07
-32.59
-31.44
-29.225
-27.805
-28.715
-25.115
-24.635
-18.76
-19.655
-20.01
-13.802
-2.47
13.955
37.86
40.73
47.455
83.6
116.4
167.9
244
223.1
281.05
326.4
359.6
392.2
458.2
373.05
565.35
618.35
590.35
542.2
598.65
612.15
851
767
565.75
856.5
473.2
280.04
471.8
484.15
453.14
411.97
289.68
273.7
262.675
321.99
355.6375
269.67
233.3875
188.68
144.1025
132.9325
46.3095
3.06
15.06
12.126
24.12775
3.8755
-15.215
-17.725
-20.055
-21.235
-18.775
-21.205
-22.615
-25.615
-24.68
-25.665
-28.61
-29.88
-27.98
-29.865
-28.58
-29.04
-29.445
-36.08
-39.71
-32.11
-29.275
-29.42
-30.81
-30.575
-31.98
-31.79
-27.85
-25.99
-25.11
-27.35
-29.39
-27.43
-21.165
-20.62
-19.54
-16.25
-15.55
-16.21
-15.005
-15.635
-12.485
-12.66
-13.725
-14.3
-15.655
-15.47
-11.985
-5.5865
10.065
30.445
51.6
56.46
80.15
132.6
143.7
155.25
219.4
250.1
298.95
321.9
315.4
443.45
488.95
468.65
473.35
528.3
451.65
601
597.3
714
682.3
703.3
499.65
718.5
487.15
441.95
535.8
707.1
480.05
420.6
209.2
140.8
337.85
376.53
185.975
276.14
88.325
142.91
129.085
169.065
150.005
161.265
124.965
83.055
49.4635
7.525
-23.74
-38.3
-43.48
-42.5
-42.015
-44.02
-45.595
-44.63
-40.545
-41.55
-46.755
-44.81
-43.495
-41.855
-42.48
-36.715
-32.03
-31.335
-35.08
-37.095
-33.69
-34.19
-35.205
-32.755
-32.25
-39.39
-45.095
-40.75
-37.48
-40.445
-36.555
-42.765
-41.97
-35.275
-33.045
-33.285
-39.81
-37.445
-35.45
-42.58
-42.615
-47.08
-44.9
-42.285
-43.39
-44.425
-46.33
-49.6
-27.85
-9.5365
25.095
56.74
89.31
128.5
193.35
267.25
293.95
281.1
331.35
421.45
418.5
483.6
539.6
573.75
610.8
517.05
315.55
388.6
674.25
519.5
682.65
644
784.8
593.35
405.75
642.65
854
866.5
820
807.5
722.4
800.5
768
731
532.9
627.15
635.35
586.4
533.8
468.8
422.8
226
151.995
121.365
76.18
77.33
18.337
-32.105
-51.76
-52.505
-51.445
-51.6
-47.755
-48.47
-47.36
-43.635
-41.28
-41.7
-44.28
-44.185
-41.22
-41.175
-42.025
-40.96
-39.7
-44.27
-44.54
-43.83
-45.24
-41.22
-39.795
-38.625
-39.795
-45.005
-47.205
-49.725
-44.95
-42.345
-41.675
-41.145
-37.465
-41.555
-34.275
-28.552
-29.21
-29.125
-30.56
-30.955
-30.64
-29.255
-30.375
-31.02
-30.5225
-18.745
5.52
20.3565
11.72
8.69
53.23
118.28
163.15
219.95
268.05
315.3
362.15
415.4
470.25
495.1
549.6
578.2
616.2
659.55
690.55
677.6
628.6
770
830
810.5
823.5
769
782.5
815
736.5
818.5
682.95
757.5
683.2
751
700.8
648
659.3
607.95
503.6
535.7
409.65
256.2
284.55
305.65
200.05
102.74
55.775
18.2655
-16.037
-39.185
-51.82
-53.09
-47.415
-47.97
-48.05
-47.215
-50.355
-46.615
-46.015
-47.875
-49.845
-51.475
-51.965
-51.565
-49
-49.065
-51.475
-50.655
-51.805
-51.335
-47.34
-47.13
-46.41
-46.96
-47.33
-50.205
-46.77
-50.64
-49.94
-49.165
-50.32
-49.45
-49.66
-50.75
-48.89
-51.335
-52.895
-49.97
-43.67
-39.71
-42.58
-40.475
-41.285
-39.635
-43.4
-31.979
-10.065
17.702
41.3
54.165
71.96
104.87
149.6
194.8
238
261.3
297.25
412.9
444.3
495.8
612.15
638.05
659.8
677.15
714.95
736.5
704.4
697.75
641.8
569.15
531.45
546.55
538.05
549.65
523.2
464.7
483.6
491.9
488.55
453.25
441.45
404.65
397.2
340.25
317.35
279.55
257.9
229.4
209.3
170.3
130.24
89.08
51.145
18.11
-11.9375
-36.455
-50.375
-52.465
-51.015
-50.41
-49.855
-46.395
-46.125
-46.485
-47.055
-44.695
-44.32
-43.85
-43.375
-43.66
-44.53
-43.825
-46.665
-49.415
-49.53
-43.01
-42.5
-42.325
-37.26
-40.545
-40.065
-37.3
-36.09
-37.49
-41.18
-44.295
-42.11
-44.185
-44.27
-43.415
-38.675
-38.48
-35.53
-33.31
-29.47
-33.835
-34.23
-38.025
-32.675
-24.3825
-24.7925
-20.805
-6.09
17.155
38.095
68.03
104.5
143.45
158.95
208.4
287.25
280.65
377.95
487.35
409.35
487.25
552.5
482.05
477.8
483.5
527.8
516.5
502.4
471.1
468.95
442.65
471.05
458.1
446.3
480.95
573.4
572.45
365.4
470.7
352.7
497.25
493.75
467
430.7
337.8
346.15
339.05
268.4
204.46
191.9
146.855
94.095
61.06
36.22
9.47
-15.545
-38.325
-49.14
-49.355
-52.78
-51.325
-49.675
-46.255
-44.55
-45.105
-45.485
-52.655
-48.315
-45.925
-48.03
-48.075
-48.135
-46.705
-44.755
-41.335
-40.385
-39.285
-42.065
-42.04
-40.815
-39.045
-39.145
-38.68
-37.65
-37.82
-36.25
-35.04
-34.04
-28.925
-19.175
-19.905
-19.375
-26.225
-41.615
-27.765
-27.505
-28.295
-29.56
-32.52
-34.145
-32.885
-28.875
-26.375
-32.79
4.607
30.855
57.67
85.67
132.4
158.2
203.95
257.7
272.95
319.75
357.95
388.65
442.9
448.4
467.15
517.25
584.95
607.3
673.05
633.85
672.7
698.8
719.6
795
759.5
820
775.5
537.6
812.5
744.5
628.9
665.7
725.25
712.35
554.95
428.4
322.615
275.142
255.3925
212.825
174.38
154.71
129
104.465
77.57
49.68
4.985
-29.515
-29.1
-38.685
-39.25
-39.155
-38.77
-36.825
-36.68
-34.75
-30.345
-31.53
-40.56
-38.93
-37.185
-35.285
-30.66
-37.815
-40.875
-34.38
-32.295
-25.01
-32.14
-39.89
-41.375
-36.585
-39.59
-32.22
-32.775
-31.38
-26.15
-23.7
-23.805
-24.76
-28.355
-29.07
-28.45
-27.35
-26.295
-32.185
-33.85
-32.215
-31
-32.355
-29.135
-23.705
-21.515
-28.045
-37.28
-21.325
5.71
39.445
66.8
88.845
127.15
163.15
194.25
239.7
273.55
320.55
366.4
389.35
424.05
475.2
548.2
502.25
595.95
651.85
652.55
687.3
787
473.3
399.39
369.755
181.7325
390.85
475.65
473.25
454.3
503.3
412.9
405.6
390.3
476.85
410.845
342.18
359.485
342.16
307.1525
216.2865
169.0485
198.1695
170.6495
199.3
161.086
111.025
5.15
-19.65
-21.445
-19.025
-23.97
-16.335
-32.31
-27.42
-21.54
-19.575
-19.595
-18.61
-19.21
-18.34
-20.5
-20.995
-15.095
-11.9
-11.64
-11.365
-18.2
-20.195
-21.25
-23.735
-26.16
-22.845
-19.07
-15.185
-17.78
-18.955
-23.96
-29.81
-28.08
-24.14
-22.075
-22.075
-24.955
-30.47
-30.235
-25.865
-22.685
-21.765
-23.12
-22.67
-22.725
-25.525
-24.985
-23.92
-18.495
-1.905
16.535
38.065
80.6475
58.285
58.13
52.475
84.835
157.44
222.55
293.85
372.45
449.2
573.25
519.35
606.4
657.2
832
627.2
643.05
623.6
674.55
649
596.3
652.3
723.4
653.4
721
797
463.7
430.095
437.6
425.6
477.5
560.15
592.4
609.55
444.9
308.15
251.7
142.8
121.82
100.2
73.605
55.805
42.585
39.85
22.7455
-15.258
-29.765
-28.97
-36.475
-38.35
-39.275
-35.13
-34.555
-31.385
-29.135
-29.865
-33.61
-37.635
-35.9
-35.14
-35.145
-35.305
-32.02
-32.995
-32.85
-33.495
-33.695
-31.99
-28.91
-28.72
-31.585
-33.215
-32.265
-30.105
-29.545
-29.61
-26.645
-24.28
-19.96
-18.985
-18.5
-12.306
-14.75
-26.79
-32.38
-22.525
-22.095
-14.14
-11.89
-14.77
-13.275
-13.18
-13.395
-8.916
13.11
38.005
50.655
69.205
118.45
146.35
146.685
203.65
251.3
287.5
312.25
313
316.5
348.55
358.85
396.45
389.47
427.4
432.3
349.25
439.25
524.55
567
460.7
531.8
581.1
538.15
552.15
581
564.1
556.8
608.4
632.95
639.15
676.25
655.8
552.15
537.7
468.2
492.75
420.8
283.6
208.1
181.6
128.42
92.86
34.67
-10.6465
-13.68
-29.795
-33.275
-39.995
-41.685
-40.78
-38.645
-37.77
-37.74
-36.275
-37.08
-35.625
-35.105
-35.81
-35.15
-33.485
-30.7
-31.405
-28.65
-29.1
-29.74
-30.04
-33.44
-33.46
-33.895
-34.955
-37.105
-35.335
-35.495
-36.325
-35.475
-33.645
-29.1
-25.9
-26.28
-25.795
-25.685
-28.775
-30.615
-32.555
-30.88
-31.295
-30.77
-29.73
-27.48
-24.62
-19.895
-5.949
12.09
32.835
48.825
89.235
112.89
142.3
190.4
258.75
282.2
286.1
329.1
355.7
446.1
455.3
498.5
526.9
677.2
706.35
610.5
641.95
621.35
798.5
807
839.5
586.1
738.8
768.5
840
822.5
665.15
465.05
316.735
265.97
108.98
130.15
135.35
138.95
123.965
113.23
128.135
99.9
84.335
81.15
62.295
37.995
13.28
20.335
-5.904
-31.115
-41.155
-40.495
-42.905
-42.545
-40.795
-40.625
-38.455
-37.135
-36.06
-36.88
-42.04
-42.33
-39.88
-38.335
-37.24
-31.69
-27.77
-30.285
-30.135
-28.255
-25.72
-25.925
-25.495
-25.955
-26.805
-29.125
-27.93
-28.43
-26.92
-25.27
-28.21
-27.03
-26.125
-27.755
-28.075
-29.64
-29.03
-29.36
-30.06
-28.325
-27.41
-25.115
-25.015
-25.685
-23.035
-14.4045
-1.1
19.9855
34.81
32.765
57.425
94.25
151.25
194.4
221
251.45
292.65
347.55
345.2
305.49
319.28
312.88
340.95
367.27
377.76
427.05
472.35
502.05
441.85
486.75
396.8
501.75
596.5
623.1
560.55
557.6
638.05
769.5
769
706.2
733.65
726.45
587.5
618.25
461.4
333.75
253.295
155.865
346.9
241.9
183.4
100.85
20.69
13.9625
-13.176
-38.44
-43.475
-44.215
-45.11
-41.985
-42.27
-41.485
-40.67
-39.43
-40.35
-39.625
-40.03
-39.91
-38.475
-39.955
-34.435
-29.695
-29.505
-28
-26.38
-25.64
-25.51
-24.355
-25.375
-26.185
-30.98
-38.68
-37.575
-34.39
-32.905
-30.785
-32.66
-32.31
-32.875
-34.63
-33.145
-32.23
-31.005
-37.75
-30.155
-32.505
-28.29
-27.525
-26.61
-25.225
-23.635
-17.45
-2.222
6.26
25.213
42.5995
58.94
57.45
104.377
154.725
145.355
167.45
279.1
257.4
335.1
405.35
524.85
461.7
456.8
584.95
478.55
574.05
633.75
681.75
642.4
737
711.2
706.9
676
673.45
655.6
547.7
550.25
676.65
693.85
696.15
514.8
434.05
401.35
380.4
210.75
176.25
265.85
165.2
164.75
102.7
47.56
24.265
20.014
9.765
-9.199
-10.17
-24.285
-26.8
-22.28
-19.015
-21.08
-20.87
-53.04
-34.94
-41.395
-37.895
-27.945
-25.045
-22.41
-24.5
-24.13
-18.64
-17.885
-18.32
-21.085
-24.24
-25.66
-30.41
-31.44
-24.66
-21.235
-21.975
-22.06
-24.435
-22.3
-19.31
-14.61
-19.33
-21.415
-20.85
-19.8
-14.475
-10.665
-11.97
-11.239
-9.619
-9.2785
-8.519
-8.8675
-12.612
-13.8
-7.695
4.6015
23.6385
43.361
57.175
58.945
69.005
79.45
117.85
172.645
192.65
220.7
247.9
286.85
252.45
372.35
362.2
339.15
447.8
463.65
552.35
536.3
535.5
329.75
428
386.2
597.5
698.9
762
563.35
643.7
640.75
599.7
469.25
383.7
345.25
419.1
383.65
364.85
190.65
240.6
230.35
218.95
218.23
200.565
156.86
90.774
56.055
20.56
-13.5945
-24.115
-19
-30.285
-35.41
-31.03
-41.78
-28.89
-21.53
-26.64
-30.01
-28.575
-28.5
-25.365
-25.985
-24.725
-23.995
-27.605
-26.065
-25.03
-24.2
-25.64
-28.99
-30.58
-31.07
-25.055
-21.67
-16.545
-16.87
-17.885
-17.43
-20.995
-26.87
-28.865
-29.725
-29.835
-26.38
-19.865
-16.61
-17.565
-17.2
-16.89
-16.67
-16.795
-18.145
-18.04
-15.305
-6.9335
3.02
11.7685
23.14
45.37
76.715
102.5
89.5
158.9
204.1
279
321.95
305.8
411.25
353.5
320.85
229
418.55
482.4
531.45
529.75
499.2
444.75
398.95
356.15
433.15
376.15
459.35
571.25
621
720.5
725.55
667.65
652.5
546.15
391.05
394.45
538.9
354
388
403.95
215.4905
29.36
130.39
239.45
172.05
95.08
48.545
29.995
0.04
-23.28
-40.18
-45.815
-35
-32.665
-33.11
-35.725
-36.975
-36.485
-35.945
-34.415
-30.13
-25.805
-32.61
-31.96
-25.4
-24.535
-25.575
-23.325
-23.3
-19.115
-17.025
-24.46
-30.275
-28.675
-29.535
-32.525
-30.14
-30.54
-29.215
-26.565
-24.58
-28.56
-31.46
-31.435
-32.975
-30.98
-34.74
-34.94
-33.97
-33.005
-31.215
-23.73
-17.21
-17.3
-14.92
-5.858
4.4665
14.2745
21.228
26.15
54.03
87.05
109.35
113.3
137.8
113.515
123.95
163.85
186.14
243.825
291.7
324.8
344.25
350.4
345.05
287
391.4
310.05
526.8
454.6
369.75
306.75
402.8
452.1
467.65
444.55
290.6
523.15
610.25
704.6
372.5
694.75
636.65
491.7
457.55
230.25
372.75
317.55
216.1
70.89
20.835
68.365
120.4975
53.16
13.56
-21.745
-25.3
-25.205
-25.665
-24.075
-25.235
-26.485
-26.17
-26.57
-27.93
-28.465
-27.62
-28.265
-27.725
-28.415
-30.37
-33.705
-34.435
-31.795
-30.71
-32.285
-33.555
-32.845
-23.92
-14.64
-14.315
-17.725
-19.94
-22.105
-20.23
-15.895
-23.14
-23.155
-24.45
-24.2
-22.07
-20.85
-19.7
-22.575
-18.62
-15.385
-17.605
-21.49
-18.61
-17.025
-17.58
-10.105
11.22
28.7
44.28
68.855
89.85
126.75
141
187.9
215.8
254.55
266.6
357.9
406.75
415.15
431.5
551.75
495.3
502.65
540.15
595.15
678.85
539.5
532.1
704
680.4
389.2
332.25
561.65
443.8
522.25
442.35
500.05
379.25
178.95
66.08
101.85
96.34
53.589
176.66
63.0165
145.886
63.8
96.343
98.5655
61.394
41.43
11.385
-2.995
-14.191
-28.54
-18.895
-17.24
-24.805
-22.085
-19.16
-17.575
-23.67
-15.91
-16.275
-25.545
-30.11
-35.615
-35.21
-37.705
-36.04
-32.755
-32.33
-32.68
-30.1
-28.73
-29.455
-30.755
-33.83
-34.69
-32.945
-29.62
-26.62
-27.49
-27.425
-25.355
-27.37
-27.43
-30.925
-30.41
-28.35
-29.555
-31.025
-33.03
-33.91
-31.99
-27.77
-23.97
-33.135
-34.795
-34.275
-45.37
-20.98
-4.771
-5.628
2.796
74.335
104.68
144.5
187.65
216.55
255.65
263.7
298.9
372
402.45
342.2
466
402.55
373.65
325.6
337.9
452.3
508.2
647.4
511.75
377.75
346
433.1
387
559.8
425.7
445.1
407.05
474.7
701.8
712.2
407.15
290.45
464.5
430.55
536.55
524.75
309
242.05
189.7
147.05
96.37
25.255
10.089
-10.1225
-33.095
-46.56
-47.82
-44.455
-44.25
-45.075
-43.445
-39.07
-36.595
-39.605
-40.62
-36.65
-33.22
-33.01
-39.165
-39.835
-42.225
-41.875
-41.375
-39.35
-39.705
-40.255
-41.215
-40.63
-39.395
-38.76
-39.925
-39.2
-39.46
-39.955
-40.125
-39.415
-40.01
-37.83
-37.315
-38.88
-41.075
-42.365
-42.6
-39.795
-37.86
-40.41
-40.035
-39.575
-40.345
-38.995
-31.14
-21.92
-6.878
2.221
19.825
38.235
67.89
102.25
130.4
173.6
196.5
237.75
277.95
273.6
340.85
348.2
366.05
349
262.45
331.8
448.6
596
545.5
485.05
620.25
575.55
718.9
841.5
670.05
551.7
680.95
766.4
801.5
656.2
736.5
569.65
434.3
364.85
373.65
311.05
481.1
341.85
271.8
315.1
202.4
134.3
119.095
125.7
49.87
33.755
-13.4505
-38.58
-39.67
-40.27
-36.93
-31.845
-33.645
-34.59
-36.72
-40.56
-35.18
-49.535
-33.33
-33.15
-31.22
-35.75
-37.755
-36.085
-37.61
-41.675
-42.545
-41.17
-36.615
-36.52
-36.15
-38.185
-40.055
-40.695
-41.005
-39.145
-35.86
-43.12
-38.345
-37.735
-38.39
-35.835
-33.105
-32.295
-31.995
-33.065
-33.19
-30.575
-36.35
-37.67
-36.525
-40.595
-35.3
-22.365
-6.181
18.9835
27.485
60.045
88.45
137.33
173.68
176.11
219.775
234.925
281.95
311.4
421.6
364.7
433.85
420.55
380.6
397.89
392.03
373.15
483.95
382.6
506.3
267
396.1
612.85
471.25
681.1
640.5
748.35
507.7
569.35
703.2
539.15
392.85
443.7
262.4
294.2
314.65
299.9
262.25
183.4
163.55
80.875
67.353
1.8885
3.165
-13.71
-28.105
-40.975
-45.9
-39.49
-31.78
-31.385
-32.475
-33.7
-33.34
-35.36
-35.58
-36.03
-35.21
-35.82
-37.32
-37.12
-34.875
-34.265
-39.35
-40.42
-38.565
-36.305
-35.64
-36.25
-35.05
-35.055
-35.765
-36.89
-35.265
-31.135
-29.96
-30.95
-27.105
-26.395
-25.98
-25.825
-27.555
-29.045
-30.055
-32.12
-29.72
-29.99
-23.06
-17.81
-14.985
-8.59
-2.3465
8.8
14.87
37.46
59.205
64.29
67.72
80.655
132.85
163.65
224.35
240.7
317.65
391.15
477.4
469.55
575.65
551.6
474
582.75
545.05
454.1
427.15
455.6
421.95
390.71
396.645
409.7
471.65
653.65
609.75
626.15
474.1
556.65
598.8
645.05
686.8
609.25
550
581.5
559.3
398.75
414.6
393.5
342.8
309.3
230.6
145.05
35.34
-6.091
-35.435
-41.26
-42.03
-40.465
-41.845
-42.62
-43.195
-42.795
-41.555
-39.75
-38.52
-37.965
-38.525
-35.75
-33.365
-34.525
-37.135
-37.735
-35.805
-33.76
-28.38
-25.065
-25.27
-26.38
-23.5
-25.505
-23.935
-36.35
-33.275
-28.365
-28.915
-27.365
-26.51
-26.365
-26.46
-25.83
-27.77
-29.24
-26.39
-24.925
-24.995
-22.085
-21.15
-21.935
-22.855
-23.795
-18.675
-17.67
-17.79
-10.3075
2.878
21.1835
26.979
48.94
75.675
108.075
160.15
165.535
192.25
248.765
317.55
352.05
385.8
397.25
405
511.8
609.05
514.15
422
547.3
361.35
396.8
454.1
421.4
522.55
572.4
578.25
589.2
533.1
528.95
506.25
428.5
460.45
438.75
349.3
369.6
446.05
322
276.05
228
182.55
98.4
67.04
82.6
37.384
-5.91
-34.46
-42.725
-43.355
-45.355
-45.28
-44.25
-41.92
-39.695
-38.725
-39.53
-38.2
-38.71
-36.785
-35.6
-33.925
-34.84
-35.47
-35.81
-31.855
-29.98
-29.915
-27.675
-26.295
-26.715
-24.89
-25.72
-26.775
-27.645
-30.085
-30.36
-31.275
-28.45
-29.435
-30.07
-25.315
-27.665
-37.49
-36.755
-36.125
-30.68
-29.895
-25.045
-19.7555
-18.789
-18.46
-23.605
-15.695
-5.434
6.96
21.405
42.615
60.085
92.925
164.85
208.5
295.6
305.7
322.75
312.65
376.35
467.8
454.95
467.05
626.8
552.75
600.45
594.65
676.55
687.75
554.3
514.85
588
759.5
661.45
673.4
624.35
548.2
438.4
529.9
310.64
240.795
202.74
181.18
132.695
297.28
92.87
59.87
38.6
22.56
32.12
-16.17
-23.0835
-17.01
-8.3965
-8.328
-10.621
-13.26
-14.44
-16.32
-18.02
-21.77
-21.825
-20.98
-23.42
-23.83
-22.345
-21.415
-20.82
-21.74
-20.305
-18.61
-17.27
-17.175
-17.385
-18.865
-19.02
-22.095
-24.04
-20.5
-28.82
-25.99
-24.12
-22.29
-21.42
-19.07
-19.52
-16.28
-14.48
-15.36
-13.93
-18.19
-19.54
-22.22
-23.12
-19
-18.82
-17.9
-18.25
-15.99
-15.65
-15.9
-18.47
-11.72
-12.44
-9.57
-4.123
3.801
7.81
14.37
15.13
49.3
77.4
98.5
124.6
116.7
161.2
225.6
239.8
451
488.1
630
420.7
633.3
839
770
802
559
721
639.3
780
664.5
633.7
733
732
755
638.6
645.2
639.3
613.5
605.2
473.3
223.6
74.9
242.5
330.4
111.9
49.04
2.796
-12.78
-9.99
7.93
-15.7
-24.01
-27.88
-29.55
-26.06
-29.54
-30.2
-28.97
-25.28
-25.22
-25.93
-25.25
-23.87
-23.47
-23.82
-23.04
-22.61
-22.17
-22.23
-21.65
-21.03
-25.86
-23.62
-23.67
-33.56
-36.26
-35.66
-22.49
-20.73
-18.49
-18.22
-19.56
-20.61
-20.69
-20.65
-21.35
-23.4
-28.22
-33.07
-34.58
-35.54
-34.9
-26.28
-21.2
-20.71
-20.74
-17.65
-6.664
6.418
24.19
45.44
70.4
92.5
108.6
111.6
127.3
150.1
162.3
167.5
167.5
199.7
238.7
279.5
347.6
480.7
486.6
541.5
640.1
833
794
624.8
562.5
375.3
557.9
862
448.4
374.3
596.9
419
631.8
182.4
290.9
302.5
513.8
376.6
155.8
37.41
28.64
142.6
233
255.9
222.6
171.5
139.4
101.9
47.64
19.22
-14.92
-26.64
-27.87
-27.28
-28.67
-30.65
-32.2
-33.4
-36.06
-36
-36.02
-36.12
-34.9
-31.72
-28.7
-27.39
-24.89
-25.32
-28.44
-29.76
-28.53
-31.18
-51.24
-34.2
-31.94
-33.18
-34.58
-35.37
-33.65
-30.66
-30.54
-31.65
-29.25
-25.54
-28.97
-28.43
-23.84
-26.27
-32.88
-31.62
-35.53
-33.95
-23.9
-16.63
-16.07
-13.61
-7.72
-0.388
9.64
24.09
22.56
22.09
14.27
32.49
34.21
77.4
71.3
225.4
122.4
47.71
35.84
148.6
303.4
309.7
639.7
493.9
320.4
269.9
302.3
422.5
497
153.8
69.49
89.4
92.4
82
89.7
138.5
160.1
152.8
153.9
166.7
193.5
257.4
345.6
362.2
355.6
289.5
266.1
249.6
172.5
160.7
135.6
100.9
35.46
-10.22
-32.29
-38.64
-38.82
-38.29
-38.15
-37.55
-37.31
-37.59
-36.95
-35.75
-34.19
-33.17
-33.25
-31.33
-32.65
-33.22
-33.66
-34.75
-35.48
-34.65
-34.89
-33.5
-33.05
-32.27
-25.74
-16.37
-18.05
-24.69
-21.89
-22.6
-26.04
-26.76
-32.67
-25.2
-16.47
-19.72
-9.71
-45.29
-32.33
-21.13
-16.42
-16.93
-11.78
-11
-14.45
-11.85
-7.35
1.344
10.4
26.5
24.72
58.52
112
205.2
290.6
338.7
395.6
477.7
503.2
540.6
563.4
581.6
645.3
667.2
567.5
362.4
333.4
489.6
759
762
816
876
411
713
265.9
422.7
183.1
582.7
774
719
630.8
603.5
567.9
443.4
402
300.2
416.2
367.8
290.2
5.353
98.4
56.14
45.37
60.79
11.58
-11.49
-16.68
-23.9
-21.71
-17.35
-23.56
-64.99
-63.93
-57.2
-42.49
-44.32
-30.33
-23.85
-19.51
-16.31
-27.34
-18.05
-18.71
-22.68
-18.34
-20.17
-26.62
-12.94
-14.66
-20.42
-20.45
-17.47
-16.43
-15.72
-11.13
-7.72
-9.17
-17.85
-25.54
-20.89
-16.8
-14.9
-13.02
-9.51
-15.94
-18.51
-11.99
-16.09
-15.43
-20.92
-21.13
-20.1
-15.96
-11.87
-0.499
9.8
14.19
19.9
27.33
45.67
109.4
215.9
308.8
409.9
497.1
383.7
545.8
676.1
346.9
415.7
464.7
801
772
797
792
793
766
809
811
813
774
806
802
858
589.4
408
641
657.9
620.2
436.3
539.2
398.3
253.8
285.9
341.4
243.1
145.9
41.39
15.22
12.52
7.44
-4.537
-21.86
-25.5
-24.53
-24.94
-30.43
-29.28
-27.41
-21.34
-22.55
-22.32
-21.69
-21.32
-21.79
-20.5
-21.13
-22.19
-21.95
-21.81
-24.09
-25.79
-22.21
-20.99
-20.87
-20.52
-40.27
-39.84
-32.93
-25.03
-21.7
-20.81
-21.91
-23.28
-27.36
-29.2
-29.58
-30.2
-16.3
-24.21
-29.78
-36.66
-32.54
-16.24
-23.49
-26.55
-30.52
-32.22
-14.14
9.83
20.63
30.81
46.27
55.18
109.5
149.9
124.4
168.4
135.6
113.1
81.1
66.45
21.85
71.4
311
366.8
384.8
491.6
360.6
480.9
785
673.3
725
878
812
900
899
847
847
592.5
529.9
616.3
623.9
475
296.7
294.2
289.5
221.7
177.1
152.6
143
131.1
105.5
79.3
61.02
25.63
-0.939
-15.37
-33.78
-42.14
-40.07
-38.93
-35.97
-35.52
-35.83
-39.24
-37.33
-38.02
-38.28
-39.26
-39.52
-38.84
-37.67
-35.17
-34.12
-35.3
-40.8
-40.35
-45.76
-44.76