-21.51
-29.67
-35.51
-33.13
-26.7
-21.93
-21.41
-28.53
-31.71
-35.95
-35.9
-28.63
-24.94
-18.48
-21.35
-23.16
-20.59
-26.31
-22.58
-28.05
-28.54
-20.59
-23.76
-14.07
-9.5
-3.421
2.553
16.25
22.1
56.47
81.4
37.43
94.9
130.6
120.5
197.8
216.4
245.6
453.7
402.3
415.4
468.6
437.3
565.6
573.4
579.4
572.8
583.4
589.3
577.8
463.3
554
507.8
488.8
520.9
502.6
445.2
436.7
390.8
348.5
265.9
276.7
221.4
175.6
126.4
89.6
19.61
3.913
0.546
-5.037
-21.68
-37.93
-46.91
-62.62
-68.25
-65.63
-67.5
-69.57
-67.7
-67.53
-66.48
-67.82
-67.41
-64.39
-62.41
-59.82
-56.25
-42.39
-23.88
-21.38
-23.13
-21.71
-21.62
-22.52
-26.33
-31.05
-39.04
-45.36
-49.75
-46.27
-54.69
-54.45
-58.43
-61.94
-59.95
-60.07
-56.84
-55.21
-55.51
-56.41
-57.31
-54.36
-45.34
-39.74
-45.58
-53.98
-61.43
-61.07
-62.01
-64.03
-63.39
-59.93
-47.86
-27.38
4.174
36.24
74.2
118.5
161.8
207.6
251.2
297.2
335.6
380.3
416.6
446.5
478
509.4
535.2
551.5
559
567
574.3
594
590.2
588.2
579.3
577.9
565.5
546.7
527.2
505.2
472.6
444.3
407.9
367.3
321.4
265.3
216.7
172.7
121.5
58.45
20.99
-23.4
-62.52
-63.65
-71.3
-73.8
-76.4
-77.1
-78.6
-78.5
-78.5
-79
-77.8
-77.5
-81.5
-74.3
-74.5
-76.3
-74.3
-71.9
-72.5
-72.4
-75.4
-77.1
-77.1
-76.8
-74.4
-71.8
-72.7
-70.5
-71.2
-72.6
-73.4
-70.2
-65.17
-64.38
-64.05
-62.1
-63.84
-60.81
-60.63
-69.34
-69.78
-67.55
-66.18
-62.62
-61.5
-63.45
-63.44
-62.29
-65.11
-66.27
-67.04
-64.65
-65.09
-62.72
-53.28
-30.44
0.055
33.68
70.1
111.7
156.3
199.3
242.5
294
332
376.3
416.9
448.8
479.1
494.2
526.2
535.4
566.2
568.8
576.5
581.5
586.1
587.9
578.9
569.5
562.6
536.1
510.9
489.2
461.6
432.1
405.1
353.5
316.9
257.9
211.4
164.6
116.7
59.14
24.6
-22.14
-54.79
-59.01
-67.04
-72.4
-75.4
-75.2
-74.4
-71.5
-70.3
-68.73
-68.7
-70.9
-69.81
-69.8
-70.5
-69.36
-69.78
-69.48
-67.59
-68.57
-68.26
-67.86
-67.35
-66.28
-67.13
-66.89
-65.88
-67.15
-66.25
-65.9
-66.4
-64.71
-65.75
-63.85
-62.98
-62.84
-61
-62.65
-61.12
-60.92
-63.17
-61.1
-58.82
-57.53
-56.06
-56.16
-55.46
-55.13
-55.34
-53.09
-52.58
-52.24
-53.72
-50.35
-41.65
-21.55
7.1
38.12
75
114.6
155.4
201.3
253
296.8
340.1
371.2
410
440.9
459.5
492.5
522
549.1
565.2
580.7
579.5
583.5
588.6
602.9
580.5
584.7
563.2
546.2
521.1
488.1
473.6
441.1
405.5
369.5
321.1
272.6
221.4
178.3
132.1
74.2
35.31
-19
-45.36
-50.63
-60.19
-68.06
-69.36
-68.77
-68.45
-68.49
-68.73
-68.12
-67.22
-66.87
-66.69
-66.8
-65.78
-65.63
-65.44
-65.87
-65.15
-65.42
-63.75
-63.5
-62.14
-63.94
-62.88
-50.69
-19.75
-20.08
-25.81
-37.19
-58.7
-59.69
-58.1
-57.65
-57.23
-58.32
-56.6
-56.47
-55.49
-55.94
-56.01
-54.34
-53.62
-53.72
-52.7
-51.82
-51.94
-49.83
-50.34
-51.04
-48.98
-44.33
-44.84
-37.84
-32.48
-11.98
16.1
44.44
78.2
125.2
164.7
161.8
209.2
258.8
377.6
378.9
393.4
436.8
473.8
501.5
503.4
540.2
545.1
566.6
563.6
570.2
587
585
580.3
548.4
548
531.4
524.2
495.2
482.7
434.1
418.3
356.4
329.7
265
221.2
180.5
131.4
69.58
34.39
-27.02
-44.15
-51.3
-58.36
-62.15
-63.09
-59.91
-59.33
-58.39
-57.41
-56.54
-53.36
-50.5
-49.64
-50.98
-52.69
-50.9
-51.05
-49.29
-46.94
-49.68
-48.26
-47.04
-48.27
-46.72
-45
-43.65
-49.01
-52.06
-48.82
-47.6
-48.86
-49.12
-49.64
-49.81
-49.45
-50.85
-47.57
-46.27
-45.76
-47.11
-47.6
-49.77
-49.64
-50.23
-49.35
-48.87
-50.8
-48.99
-50.47
-49.78
-48.42
-48.97
-48.1
-45.48
-34.57
-7.13
27.87
58.67
75.9
84.2
173.6
223.1
271
318.9
343.9
385.7
423.2
442.9
472.8
513.6
549.4
556.1
576.4
588.2
613.6
609.4
600.4
586.5
594.7
589.2
581.4
561.8
514.7
506.4
488
438.9
403.7
361.6
318.2
264.8
214.9
166.3
118.7
59.75
22.84
-45.49
-50.56
-62.68
-67.51
-69.49
-71.9
-69.2
-66.09
-68.16
-68.17
-66.47
-63.62
-60.77
-57.56
-61.61
-59.03
-67.18
-65.27
-62.69
-64.54
-65.14
-60.89
-59.16
-61.07
-59.24
-59.42
-58.31
-58.96
-59.24
-57.85
-57.97
-56.71
-56.91
-53.79
-54.54
-52.95
-50.38
-50.62
-51.29
-47.06
-48.88
-46.77
-45.26
-42.98
-44.38
-44.01
-45.04
-46.41
-50.76
-54.04
-56.9
-57.52
-56.42
-54.74
-52.77
-41.9
-21.28
8.32
40.91
77.2
120.3
162.1
202.7
245.7
287.7
329.7
369.8
407.1
453.1
470.7
495.8
523.1
549.9
544.6
568.6
567.6
589.4
575.8
575.1
553.2
554.1
536.1
534.4
509.1
486.3
443.5
414.3
380.3
348.5
290.6
254.6
212
168.7
122.7
68.94
30.8
-31.19
-32.96
-47.31
-54.5
-61.68
-63.59
-64.27
-64.8
-62.76
-63.14
-63.35
-61.31
-61.99
-63.18
-61.03
-59.86
-60.23
-61.01
-60.96
-59.77
-59.25
-58.83
-57.06
-56.55
-54.53
-55.52
-53.46
-52.66
-50.97
-49.8
-49.08
-47.27
-42.6
-46
-43.08
-45.42
-39.66
-50.98
-49.14
-46.14
-45.39
-45.06
-45.06
-48.87
-47.32
-43.97
-43.37
-42.09
-42.88
-43.08
-43.24
-44.15
-36.98
-31.56
-33.72
-27.59
-5.14
25.14
58.76
71.3
118.6
168.5
223.4
272.9
291.5
346.7
387.9
411.3
430.4
473.6
522.8
530.5
537
562.2
565.8
590.9
580
597.5
596.1
597.8
552.7
557.9
548.6
514.9
492.1
461.2
427.6
391.5
360.1
317.3
261.2
208
170.6
123.9
66.12
13.16
-45.55
-45.2
-57.08
-62.76
-67.63
-71.1
-73.1
-69.8
-67.48
-67.03
-66.95
-67.45
-63.57
-62.03
-59.93
-58.49
-59.9
-60.13
-56.32
-53.54
-52.32
-52.72
-51.63
-53.24
-54.22
-54.35
-54.68
-60.62
-60.9
-62.87
-62.43
-63.33
-62.68
-61.2
-60.92
-60.33
-62.31
-61.91
-61.36
-60.69
-61.04
-61.3
-61.6
-63.43
-63.07
-61.33
-60.94
-59.73
-56.48
-58.64
-57.79
-56.25
-55.36
-56.6
-52.85
-40.27
-16.12
12.74
50.58
93
105.6
167.2
217.9
260.2
299.6
350.2
366.6
429.6
457.6
368.9
529.9
528.3
529.2
580
519.1
610.4
605.4
612
609.1
601.1
585.3
584.4
478.9
500.9
501.7
462.6
445.7
408.9
328.9
311.9
227.1
199.7
156.9
110.7
54.7
-5.609
-43.58
-51.06
-58.91
-72.6
-78.6
-76.8
-74.3
-74
-71.3
-70.6
-73.4
-68.37
-71.3
-71
-70.9
-72.1
-71.4
-71.5
-73.4
-70
-69.84
-67.94
-65.22
-65.3
-65.48
-62.81
-61.18
-58.88
-57.77
-57.79
-59.78
-63.61
-58.93
-64.09
-65.81
-65.25
-64.42
-62.57
-62.98
-60.09
-60.67
-62.09
-59.83
-60.52
-61.23
-60.13
-60.68
-58.44
-58.04
-54.62
-56.92
-55.03
-56.18
-57.45
-51.79
-40.88
-17.66
11.4
43.36
80.4
119.6
158.2
192.9
230.3
275.1
314.7
361.1
402.9
440.1
468.6
498.8
525.7
542.9
557.7
565.3
584.1
580.4
581.3
585.7
578.2
565.5
555.6
537.2
522.5
502.7
446.2
445.4
380.8
323.4
294.1
239.2
188.5
153.8
107.7
56.08
-8.55
-29.33
-44.36
-54.21
-64.12
-71.9
-74.4
-71.6
-71.7
-70.5
-70.6
-68.82
-69.89
-72.4
-71.2
-70.2
-69.62
-71.6
-72.5
-71.1
-73.2
-72.7
-73.3
-70.2
-71.3
-69.09
-69.68
-70.9
-69.87
-69.41
-69.05
-69.06
-67.05
-66.71
-66.61
-62.92
-62.09
-59.06
-56.34
-54.11
-54.8
-52
-51.24
-51.12
-52.13
-53.85
-53.94
-53.35
-53.62
-53.43
-54.07
-52.82
-52.57
-52.18
-51.97
-46.63
-36.68
-16.56
8.36
36.62
71
109.7
152.5
196.9
242.1
272.6
318
361.6
392.3
427.6
455.3
475.1
506.4
530.9
533.6
562.8
561.9
567.9
567.5
558
559.5
558.1
538.4
522.3
495
474
456.3
424.6
384.5
339.3
287.5
221.2
170.7
160
116.7
64.03
-13.98
-17.27
-41.64
-50.9
-57.03
-64.43
-65.64
-64.06
-61.54
-59.9
-61.01
-60.18
-61.46
-61.72
-60.43
-58.53
-58.92
-58.09
-56.84
-57.07
-56.24
-57.42
-57.06
-58.54
-57.45
-55.82
-52.73
-51.55
-53.98
-53.67
-51.32
-50.89
-49.27
-47.89
-48.81
-48.48
-48.69
-48.6
-46.25
-48.66
-47.04
-46.32
-48.74
-48.54
-48.6
-48.52
-49.33
-47.9
-47.66
-50.15
-49.72
-49.66
-47.48
-48.52
-48.45
-44.93
-33.24
-9.18
22.27
56.65
94
116.1
143.6
216.1
261.5
317.4
356.5
399.3
425.7
461.1
506.5
515.7
535.9
575.5
583.9
572.2
611.8
604.5
604.1
606.5
604.7
589.8
582.7
573.7
538.3
503.1
474.8
447.4
403.2
354.7
293
167.5
168.7
177
125.1
64.13
-27.2
-18.92
-44.7
-51.05
-58.14
-66.08
-65.39
-67.04
-66.21
-67.84
-66.92
-64.49
-60.82
-61.09
-65.72
-64
-62.19
-64.83
-65.8
-64.4
-62.71
-63.11
-63.22
-63.63
-59.69
-60.74
-60.35
-60.18
-57.91
-56.59
-56.69
-53.71
-56.14
-57.69
-56.24
-52.1
-50.99
-48.26
-51.17
-48.42
-47.07
-48.51
-54.92
-54.02
-51.42
-50.73
-49.36
-51.43
-53.69
-49.83
-48.47
-47.66
-48.65
-53.14
-52.26
-48.95
-36.8
-11.49
18.64
52.71
90.4
135.8
178.9
224.6
272.1
314.8
351.4
380.7
416.7
463.6
496.3
511.7
532.2
568.2
588.2
595.3
613.5
616.4
604.2
592.2
590
576.6
571.9
552.9
533
506.1
483.4
448.8
407
359.4
308.6
178.1
183.9
167.3
119.6
41.48
-37.07
-37.2
-51.95
-57.14
-63.76
-67.6
-66.27
-65.26
-65.6
-62.67
-61.68
-59.64
-54.98
-56.05
-55.86
-58.89
-57.86
-58.34
-57.87
-61.47
-57.81
-59.97
-56.63
-55.2
-57.85
-54.86
-53.37
-57.05
-58.51
-57.29
-57.64
-58.94
-52.55
-49.83
-50.99
-48.06
-43.31
-43.29
-48.55
-49.01
-45.75
-43.77
-46.03
-45.29
-47.98
-47.92
-49.03
-50.24
-49.41
-48.55
-48.5
-47.82
-48.29
-47.93
-48.56
-47.59
-34.35
-10.07
18.76
55.11
95.8
137.6
184
226
275.6
310.2
347.8
392.3
430.9
453.9
477.8
500.2
526.9
537
548.3
552.4
567
572.2
595.4
594.6
583.3
569.2
560.8
555.1
529.5
502.1
471.4
438.7
395.1
357
297.7
226.7
182.6
165.6
122.3
31.98
-17.94
-32.36
-46.94
-51.32
-55.55
-61.3
-64.43
-63.53
-63.03
-62.37
-62.78
-61.88
-61.11
-59.92
-59.77
-62.86
-65.25
-63.19
-65.25
-63.18
-62.28
-62.39
-61.75
-60.43
-61.16
-59.68
-60.81
-61.72
-61.64
-61.72
-62.08
-59.34
-58.47
-62.67
-64.1
-63.09
-63.55
-62.38
-62.41
-62.63
-62.29
-64.35
-64.59
-65.76
-63.46
-62.44
-62.73
-62.94
-64.03
-63.57
-63.7
-62.24
-64.02
-64
-62.51
-59.88
-45.68
-16.5
16.24
52.42
91.2
133.5
181.2
223.8
265.4
294.3
329.9
360.6
396.8
425.6
458.9
477.1
504.9
525.4
551.6
561.7
573.5
581.2
586.7
562.3
552.6
551.7
572.5
553
534.4
501.8
477.1
441
403.3
356.9
304.2
261
184.9
173.9
122.3
4.019
-10.99
-48.67
-60.31
-59.97
-68.82
-75
-75.4
-79.2
-75.3
-73.1
-73.1
-74.8
-70.1
-72.4
-70.4
-72.5
-69.38
-68.39
-67.77
-71.1
-66.76
-72.3
-70.4
-72.1
-69.02
-68.22
-70.1
-69.3
-68.55
-72.1
-66.46
-67.99
-65.47
-62.87
-60.78
-61.28
-60.25
-61.34
-60.39
-59.31
-58.68
-58.56
-56.22
-53.95
-51.39
-51.9
-51.03
-50.7
-50.65
-49.99
-48.64
-48.23
-48.56
-54.23
-53.27
-41.65
-26.64
-2.804
27.26
62.13
99.7
142.7
186.1
229
275.6
314.3
362
404.2
442.3
473.4
503.9
527.7
553.5
582
589.1
594.6
612.7
619.4
605.5
618.9
615.5
594.4
591.6
573.2
556.7
539.3
506.7
461.7
415.1
369
316.5
267.4
188.1
165.2
130.9
-5.174
24.41
20.17
-18.17
-49.53
-73
-79.6
-84.3
-86.2
-84.8
-80.6
-80.6
-81.7
-80.8
-79.9
-78.5
-76.1
-75.7
-73.8
-75.6
-72
-75
-76
-72.4
-72.6
-80
-76.7
-78.4
-76.7
-76.1
-71.7
-68.53
-66.02
-67.13
-68.69
-63.59
-64.74
-64.98
-64.01
-60.46
-56.68
-60.46
-59.84
-60.25
-62.49
-61.43
-64.9
-63.08
-62.56
-59.35
-56.27
-53.96
-54.12
-52.82
-53.78
-58.23
-47.76
-43.71
-29.26
-6.454
23.07
58.55
94.3
141.5
180.3
226.7
257.7
305.4
351.3
383.3
415
448
476.4
495.6
516.3
508.7
484.3
502.3
504.3
509.8
497.4
500.7
494.8
505.1
538
504.7
493
471.8
436.1
412.8
376
333.8
291.3
244.1
195.1
150.6
107.7
63.95
24.01
-10.54
-37.11
-58.65
-73.7
-76.6
-75.7
-76.2
-74.2
-77.1
-74.9
-74.8
-75.3
-74.1
-73.5
-70.7
-70.5
-71
-69.01
-68.14
-68.57
-68.91
-67.27
-67.1
-65.43
-63.91
-66.41
-64.65
-64.95
-61.51
-61.99
-61.77
-61.34
-56.86
-55.67
-55.29
-54.55
-54.31
-54.26
-56.21
-57.76
-57.87
-59.52
-60.03
-58.6
-56.26
-59.08
-58.46
-57.84
-58.81
-57.51
-55.7
-54.2
-52.59
-47.96
-39.58
-28.8
-3.123
37.3
50.91
72.8
146.6
136.3
110.3
130.7
178.6
177.2
326.9
498.5
418.2
398
479.4
520.5
491.1
496
495.5
510.5
505.6
516.7
503.4
505.5
492.3
519.7
516.2
491.3
462.1
434.8
408.6
380.6
338
318.4
260.2
217.9
172.8
125.6
80.2
37.7
0.377
-30.23
-54.71
-67.77
-72
-71.1
-70.5
-70.2
-69.36
-67.68
-67.21
-66.53
-65.97
-64.92
-62.75
-63.73
-64.89
-62.87
-62.13
-62.5
-62.36
-60.53
-59.18
-57.05
-55.95
-55.06
-54.23
-54.44
-53.3
-53.84
-52.11
-53.58
-52.85
-53.25
-53.66
-53.39
-53.09
-53.25
-52.83
-53.27
-50.98
-52.15
-51.35
-50.91
-50.47
-49.69
-49.31
-50.33
-49.3
-50
-49.33
-47.62
-45.21
-40.53
-32.77
-24.52
-0.309
26.29
61.22
98.3
138.8
185.7
227.2
269.5
312.4
358.2
397.4
445.2
299.8
356.4
510.3
505.8
501
508.9
498.7
506.3
508.8
502.5
518.4
511.2
504.3
539
519.9
505.8
483.6
453.1
415
386.4
343.3
310.8
260.8
223.5
178.6
135.1
82.9
39.72
0.834
-29.44
-52.18
-66.35
-69.54
-70.1
-71
-69.47
-68.71
-68.74
-67.83
-66.74
-64.21
-64.85
-63.75
-65.03
-64.88
-64.97
-63.68
-63.99
-62.74
-63.69
-60.44
-55.98
-46.6
-43.23
-50.11
-59.38
-59.11
-56.58
-53.92
-53.17
-54.59
-53.92
-54.11
-49.03
-40.36
-32.69
-33.17
-40.76
-52.07
-55.51
-52.2
-53.79
-54.66
-55.35
-56.15
-56.68
-55.79
-55.21
-55.51
-55.21
-54.67
-49.53
-42.6
-25.13
-0.94
27.65
59.66
98.9
141.1
184
224.7
262.3
305.9
348.4
380.6
413.8
442.2
470.3
504.4
517.9
505.4
511.7
508.3
511.5
523.9
514.8
498.1
507
514.8
537.5
533
507.4
471.8
449.3
413.2
386.8
353.7
303.8
252.1
197.4
153.2
115.7
70.2
30.97
-2.46
-29.33
-50.49
-63.15
-65.23
-65.28
-64.42
-63.61
-61.82
-61.62
-63.28
-62.06
-61.82
-61.45
-60.51
-60.79
-60
-59.44
-60.94
-60.05
-58.06
-59.47
-59.9
-58.35
-58.69
-57.33
-57.93
-58.04
-57.23
-55.49
-56.36
-55.65
-56.23
-55.36
-54.32
-54.08
-54.08
-54.76
-55.3
-53.61
-54.43
-53.09
-49.8
-49.12
-47.06
-46.85
-46.28
-44.47
-43.91
-45.19
-43.48
-44.83
-44.07
-41.81
-37.44
-18.43
9.01
39.19
46.68
107.8
152.8
193.9
236.5
280.1
331.1
353.8
383.1
421.3
457.4
484.3
500.3
506.7
520.6
499.9
504.5
506.2
504.7
523.4
513.3
504.3
492.1
530.9
526.2
500.1
473.4
445
421
374.4
335.9
293.5
256.6
212.3
171.4
123.1
77.3
34.88
-2.065
-31.91
-53.56
-63.57
-66.36
-67.73
-70.9
-71.7
-75
-69.79
-68.39
-69.92
-69.78
-68.8
-69.61
-69.1
-69.95
-73.2
-75.7
-72.7
-71.5
-71.3
-69.04
-64.85
-58.59
-56.59
-52.26
-52.22
-53.27
-55.36
-56.13
-58.25
-55.91
-56.29
-49.88
-47.94
-47.31
-48.88
-48.21
-46.66
-46.99
-45.75
-45.57
-44.54
-47.25
-50.49
-47.02
-45.49
-46.11
-46.89
-46.18
-46.01
-44.81
-40.26
-43.47
-44.71
4.915
30.05
64.59
102
141.2
174.3
219.5
257.1
297.7
328.9
356
395.2
439.7
472
473.9
504.3
496.7
488.8
493.6
495.4
507.3
490.1
494.8
482.6
483.5
502.4
499.1
473.9
444.2
411.3
377.6
347.4
298
273.3
228.5
185.1
145.2
101.7
57.75
19.2
-14.42
-41.41
-59.52
-69.24
-74.4
-75.4
-73.8
-73.5
-71.8
-72.1
-77.3
-79.2
-73.7
-73.9
-70.7
-72.6
-67.11
-65.58
-65.76
-66.33
-69.2
-68.15
-64.42
-63.11
-64.19
-60.77
-61.2
-60.78
-58.75
-57.21
-57.98
-55.5
-56.07
-55.79
-56.48
-57.13
-57.22
-57.23
-59.09
-58.05
-56.62
-55.88
-52.12
-52.59
-48.56
-48.47
-52.4
-49.18
-48.54
-47.89
-47.2
-48.96
-48
-41.9
-32.23
-14.58
8.43
33.12
64.31
98.8
131.2
172.6
213.8
254.8
300.3
327.3
359.4
396.3
431.4
453
470.3
492.4
486.8
481.4
487.7
486.9
487
489.2
506.5
482.6
500.2
502.8
488.1
447.6
438.9
396.9
368.7
335.7
289.6
260.9
221.4
177.1
136.2
89.4
48.55
13.57
-21.04
-49.62
-70.5
-80.1
-81.4
-83
-75.9
-74
-71.1
-73.3
-70.5
-70.2
-66.85
-64.46
-69.61
-62.63
-65.3
-66.55
-64.87
-60.67
-63.46
-63.33
-63.39
-64.05
-62.48
-63.85
-59.98
-59.23
-61.65
-63.55
-60.38
-65.71
-64.53
-65.01
-63.18
-62.66
-59.68
-60.82
-57.65
-59.41
-61.1
-58.99
-59.99
-60.79
-58.57
-57.75
-57.68
-54.49
-53.36
-52.06
-55.12
-57.02
-58.37
-54.78
-45.15
-24.96
-3.54
23.52
52.82
90.1
126.4
159.5
193.9
232.3
269
308.4
342.7
373.9
401.9
422.1
444.1
461.9
458
453.3
451.1
466.5
464.4
464.5
452.1
449.7
458.7
471
475.7
436.3
417.2
380.9
348.7
303.7
267
227.2
196.9
152.9
109
71.3
31.57
-2.347
-30.39
-51.96
-67.42
-77.2
-81.7
-78.8
-77.7
-75.7
-71.7
-72.6
-73.2
-71.4
-70.3
-70.7
-70.8
-71.9
-73.2
-71
-74.2
-72.4
-69
-72.8
-71.2
-70.4
-62.21
-61.63
-58.68
-59.3
-60.46
-59.31
-54.51
-54.49
-53.52
-55.61
-56.54
-53.66
-52.73
-53.76
-51.7
-51.11
-43.6
-35.09
-30.94
-33.85
-35.97
-37.31
-43.05
-42.89
-42.02
-39.44
-37.87
-48.19
-57.24
-48.19
-26.9
-7.63
-2.745
16.62
55.64
83.5
115
138.9
176
207.8
239.9
256.5
280.3
306.5
333.8
355.1
367.4
385.2
391.6
385.4
388.6
397.7
385.8
391.7
386.1
373.9
371.7
355.7
345.8
202.3
209.4
235.5
86
139.4
96.9
25.79
53.21
53.25
70.1
55.34
25.09
-8.09
-20.37
-20.03
-40.5
-49.91
-54.78
-53.67
-52.12
-48.89
-47.87
-51.35
-51.97
-51.52
-43.39
-25.59
-36.91
-44.29
-43.97
-44.25
-43.61
-44.2
-40.98
-36.78
-35.61
-28.89
-27.42
-27.17
-29.96
-25.05
-33.94
-33.17
-32.34
-23.07
-16.8
-14.64
-14.69
-16.87
-19.49
-20.94
-21.7
-28.86
-36.49
-39.85
-39.88
-39.48
-40.73
-39.67
-37.78
-32.27
-34.66
-37.57
-36.21
-28.41
-20.49
-23.8
-7.02
-2.645
-2.64
11.57
66.23
83
94.1
143.8
159.3
167.5
119.8
121.4
184.2
258.8
142.4
181.3
201.6
354.4
405.3
299.5
329.7
424.6
386.7
389.4
415.5
408.4
413.5
400.1
395.2
369.9
341.6
325.4
302.5
275.4
225.7
172.8
178.6
146.5
111.4
80.9
48.01
21.71
0.127
-21.95
-37.59
-40.97
-33.86
-29.28
-26.3
-14.78
-21.83
-17.94
-30.69
-27.38
-13.04
-16.03
-16.96
-16.81
-17.62
-18.29
-17.51
-15.9
-15.7
-25.44
-52.82
-25.73
-12.7
-13.09
-14.45
-16.06
-17.73
-19.94
-19.86
-17.21
-19.42
-20.89
-18.57
-16.88
-19.82
-22.98
-16.22
-16.23
-15.94
-18.14
-17.81
-12.3
-14.94
-13.75
-13.12
-11.15
-12.49
-11.77
-11.02
-10.02
-10.32
-9.01
-7.16
-7.05
-7.36
-6.249
-7.19
-7.97
-44.97
-37.62
-18.9
-13.93
0.016
8
12.05
4.892
-1.989
-4.181
2.612
3.059
24.75
33.06
58.59
43.13
43.21
74.7
79.4
103.6
145
145.3
152.5
154.8
117.3
82.8
75.8
66.01
59.98
48.43
55.17
47.6
42.93
40.73
35.63
20.73
12.17
4.434
-0.85
-5.94
-7.23
-6.22
-5.147
-4.561
-4.683
-5.274
-5.827
-6.175
-6.292
-5.663
-6.168
-7.25
-6.543
-6.382
-6.831
-6.162
-6.334
-6.514
-5.856
-5.362
-6.02
-6.466
-5.906
-5.528
-5.959
-6.183
-8.78
-13.5
-12.79
-15.44
-33.56
-42.29
-41.14
-41.15
-42.35
-40.7
-40.79
-40.48
-41.05
-41.02
-39.47
-39.7
-39.48
-39.34
-39.06
-37.86
-37.89
-37.93
-36.86
-33.43
-21.47
-2.372
15.07
9.28
61.83
103.3
139.4
171.5
208
253.2
290.9
326
355
377.1
417.2
448.7
461.9
470.1
476.1
475.3
486.3
480.3
475.7
488.5
477.9
471.5
461.2
467.7
467.7
434.2
422.6
389.5
365.6
319
290.8
246.2
213.7
169.5
126.2
92.7
59.84
28.43
1.636
-21.33
-39.02
-49.36
-50.1
-49.95
-47.92
-47.31
-47.91
-46.43
-46.48
-48.86
-47.97
-46.58
-45.81
-45.98
-45.42
-46.67
-45.08
-45.51
-43.93
-44.95
-44.34
-43.53
-42.76
-42.38
-41.59
-42.18
-43.31
-42.92
-42.65
-41.22
-41.5
-41.39
-40.71
-40.53
-41.36
-41.32
-41.05
-40.69
-40.23
-41.22
-40.7
-40.06
-39.53
-39.32
-40.14
-39.54
-40.51
-39.85
-40.16
-40.43
-38.14
-31.2
-20.27
-2.681
18.79
45.77
77.1
111.4
150.6
190.7
229.9
271.3
307.4
354.3
380.7
410.8
449.7
470.3
483.9
494.5
513.8
508.6
513.2
537.4
526.8
535.4
516.9
519.4
516.6
526.5
490
485.3
452.2
438.5
389.9
363.4
319
288.8
231.5
190.5
97.5
40.22
26.92
48.92
18.14
-12.28
-33.89
-45.24
-48.57
-45.98
-42.98
-40
-36.19
-37.59
-37.42
-40.68
-40.96
-40.57
-38.92
-37.38
-38.36
-36.88
-36.55
-35.81
-35.11
-32.36
-30.61
-31.99
-30.45
-30.32
-31.3
-37.4
-48.41
-50.59
-50.09
-49.53
-48.56
-49.25
-47.3
-47.38
-46
-45
-44.03
-42.42
-42.12
-41.76
-42.64
-42.76
-41.51
-41.31
-40.91
-41.5
-40.92
-39.35
-38.06
-37.67
-34.86
-29.3
-18.06
-5.098
10.3
43.5
74.9
108.9
146.1
184.7
218.8
258.3
288.5
317.4
359.1
389
430.6
455.7
480.1
499.5
516.8
513.7
512.4
512.4
514.4
502.3
504.3
505.2
502.9
506.6
501.3
470.5
442
415.2
381.5
345.3
310.5
274.3
228.7
190.6
147.5
111
68.95
33.3
2.648
-22.28
-42.77
-57.67
-60.27
-59.39
-59.56
-57.59
-56.49
-55.54
-52.69
-52.43
-52.57
-53.62
-52.62
-53.64
-51.35
-51.51
-51.74
-50.86
-51.45
-50.6
-49.94
-49.14
-48.51
-48.68
-48.95
-48.49
-47.68
-47.92
-47.47
-47.64
-46.27
-46.06
-45.92
-46.99
-47.17
-45.35
-45.47
-45.01
-43.65
-43.71
-41.59
-39.59
-38.04
-37.98
-39.13
-42.05
-38.84
-38.65
-39.18
-39.09
-35.97
-31.53
-19.2
-12.04
16.94
42.32
75.5
118
164.6
201.9
241
280.3
327.9
364.6
397.4
432.8
460.5
501.7
515.1
536.6
534.7
536.7
543
526.3
541.9
524.4
535.9
528.7
512.2
529.6
525.8
491.5
453.2
445.7
417.6
381
351.1
309.5
265.8
215.3
167.5
124.9
76.3
33.22
-2.877
-31.5
-55.77
-70.1
-76.5
-76.9
-75.7
-71.5
-69.06
-68.68
-70.8
-69.96
-68.34
-67.75
-67.87
-69.06
-69.38
-68.78
-66.65
-64.59
-63.26
-63.93
-63.67
-61.65
-60.68
-60.49
-59.16
-58.82