-51.94
-50.98
-47.93
-45.04
-47.31
-44.87
-41.15
-42.41
-45.44
-46.13
-46.97
-44.6
-44.46
-45.45
-43.97
-39.36
-35.77
-45.92
-41.44
-16.31
-29.25
-30.76
-18.33
-33.26
-46.57
-43.87
-33.55
-4.365
43.49
113
127
77.8
102.6
100.6
102.6
116.4
120.7
114.8
145.3
160.6
179.7
213.7
246.6
242.2
314.7
323.1
316.7
323.6
351.4
337.2
300.1
312.4
364.4
342.8
316.6
301.4
272
260.5
244.1
201.4
183.6
185.5
128.9
100.3
90
42.68
19.43
12.89
-3.974
-19.73
-23.92
-38.5
-48.3
-49.21
-48.1
-48.42
-46.91
-45.94
-45.65
-45.36
-46.02
-45.45
-43.84
-43.37
-39.6
-39.17
-40.78
-43.26
-41.65
-31.52
-12.07
-14.17
-21.14
-20.5
-12.29
-11.86
-14.05
-11.5
-8.96
-8.43
-8.3
-8.71
-9.02
-9.05
-9.69
-10.33
-11.56
-11.27
-9.26
-9.67
-8.91
-8.34
-8.23
-8.6
-8.33
-7.7
-8.43
-7.87
-9.6
-11.81
-10.84
-3.42
2.443
13.39
17.23
27.73
57.35
76.7
75.1
93.9
137.7
185
231.9
230.9
257.5
344.4
380.3
376.2
387.1
411.2
357.6
379.9
408.8
409.5
378.4
398.8
419.1
440.5
438.4
410.7
351.7
367.2
342
321.1
294.4
257.3
225.5
188.6
136.1
101.9
73.8
33.86
12.03
-3.81
-22.36
-35.27
-37.36
-43.86
-43.94
-47.22
-44.05
-40.54
-33.64
-26.12
-26.35
-32.23
-40.63
-40.06
-34.48
-31.35
-34.68
-41.17
-42.81
-43.36
-42.4
-42.69
-41.29
-42.19
-41.53
-41.22
-40.5
-40.97
-41.01
-40.12
-38.44
-35.14
-38.01
-36.26
-31.14
-31.67
-35.64
-36.16
-34.56
-34
-34.53
-39.47
-37.52
-36.82
-36.96
-34.31
-33.44
-32.57
-33.44
-33.51
-34.86
-31.21
-30.8
-29.84
-19.6
4.419
16.53
56.55
91.6
129.6
171.1
208.9
249.9
288.2
313
342.6
365.5
394.6
374.6
378.7
384.5
384.7
385.5
390.2
398.3
404.1
416.2
414
435.3
447.8
434.6
417.5
396.2
377.5
330.3
314.6
279.7
235.4
213.7
164.7
129.9
95.6
57.8
24.48
-3.669
-26.96
-46.35
-51.96
-52.73
-51.77
-50.81
-49.06
-48.74
-47.91
-46.35
-45.97
-48.08
-48.75
-46.56
-44.25
-43.59
-45.24
-45.54
-44.09
-42.13
-42.83
-42.6
-39.32
-39.74
-38.26
-38.7
-39.52
-41.42
-39.07
-39.58
-39.13
-39.29
-39.98
-40.8
-40.1
-39.8
-39.68
-39.42
-38.99
-38.71
-39.23
-38.62
-38.5
-38.29
-36.86
-35.17
-35.59
-34.82
-34.79
-33.36
-34.81
-34.61
-35.46
-35.82
-31.69
-21.31
-3.789
19.89
49.03
82.7
119.3
158.3
193.8
228.8
265.8
298.9
343.6
353.9
357.8
366.3
368.1
373
374.5
391
390.2
392.2
418.7
412.4
405.1
417.7
427.4
419.1
367.7
237.9
132.7
77.9
38.1
71.4
87.2
163.5
202.1
144.3
28.78
5.464
6.928
11.43
16.45
-2.649
-19.21
-35.46
-43.48
-44.83
-45.6
-46.41
-45.93
-46.21
-46.19
-46.01
-44.32
-38.44
-35.51
-32.17
-29.35
-24.49
-23.16
-17.55
-20.93
-25.99
-9.63
-8.83
-9.54
-8.23
-7.21
-6.738
-6.546
-6.39
-6.071
-6.203
-6.25
-8.56
-16.85
-11.36
-7.52
-6.522
-7.04
-8.12
-9.79
-7.18
-7.25
-6.812
-6.752
-6.39
-9.64
-6.783
-5.952
-10.77
-16.28
-16.2
-10.27
-7.16
-5.128
-3.005
-1.273
0.156
5.105
3.647
2.327
5.691
17.39
29.33
27.06
34.31
31.95
65.38
74.6
169.2
66.15
126.3
114.6
146.1
226.2
205.9
335.4
236.3
216.7
327.9
284.2
275.7
305.4
316
272.9
254.1
106.9
67.21
71.1
67.82
66.76
40.18
34.05
20.08
19.44
22.75
10.01
-0.584
-6.91
-8.73
-9.54
-9.6
-9.72
-9.58
-9.66
-9.94
-9.69
-10.54
-11.95
-14.42
-23.13
-32.12
-47.88
-50.13
-44.71
-28.07
-37.69
-23.58
-17.42
-19.44
-41.25
-50.33
-50.78
-49.13
-47.6
-38.29
-35.65
-34.84
-37.56
-49.34
-48.24
-43.36
-19.08
-38.88
-45.74
-45.68
-45.69
-42.73
-23.12
-19.17
-40.99
-45.06
-43.45
-44.75
-44.27
-44.91
-44.6
-45.53
-46.41
-45.04
-41.97
-29.99
-14.4
3.215
38.01
85.8
123.7
167
208.1
243
279.3
315.9
349.2
372.6
386.5
388.6
397
366.7
305.4
389.4
386.6
406.2
412.6
400.2
407
401.9
404.1
445.6
365.3
423.1
387.7
313.3
296.4
234
209.3
183.1
115.6
119.1
117.6
73.3
47.56
10.93
-16.64
-36.79
-44.21
-49.03
-50.56
-49.99
-50.24
-49.87
-49.26
-49.26
-48.55
-50.08
-50.01
-50.65
-50.76
-49.94
-46.72
-47.52
-45.83
-45.17
-45.4
-44.66
-43.34
-45.27
-45.58
-45.63
-44.24
-43.73
-43.81
-42.46
-40.88
-39.61
-39.53
-40.01
-39.7
-38.89
-38.73
-38.71
-38.28
-38.55
-37.92
-37.55
-38.2
-37.54
-36.4
-37.01
-37.53
-36.77
-35.37
-34.98
-33.75
-34.08
-35.34
-34.03
-32.23
-21.86
-1.606
8.23
24.78
88.4
124.1
163.3
206.9
233.8
274.1
294.9
322.8
345.5
373.7
379.2
382
370.5
381.8
379.2
406.5
375
398.3
379.5
406.3
422
425
422.8
394.6
368.6
370.7
360.2
259
249
286.5
232.7
140.5
118.2
101.2
46.72
20.1
5.323
-15.06
-33
-46.63
-51.37
-54.87
-54.9
-52.35
-48.12
-47.42
-49.62
-50.2
-50.12
-51.75
-52.04
-52.49
-52.01
-49.5
-49.53
-51.78
-52.25
-52.6
-50.06
-51.65
-49.81
-49.47
-47.68
-46.07
-46.93
-46.79
-45.11
-45.42
-44.54
-44.42
-45.32
-44.95
-44.63
-44.43
-43.73
-43.46
-43.2
-41.94
-42.88
-42.32
-41.32
-38.47
-35.52
-36.91
-36.01
-20.05
-16.44
-25.26
-24.95
-16.19
-14.97
-16.89
-3.06
20.9
34.93
19.05
17.6
108.8
188
192.6
187.3
271.8
272.8
251.5
152.2
303.9
243
281.1
506.6
429.9
429.7
488.4
427.3
475.4
465.5
449.8
477.1
480.5
479.7
492.6
235.8
422.9
373.7
350.2
300.7
253.7
104.2
84.6
136
99.8
60.1
26.93
-0.899
-26.43
-46.38
-53.66
-53.06
-55.07
-52.1
-53.11
-53
-52.99
-52.03
-50.79
-49.94
-49.78
-50.08
-47.56
-48.55
-49.02
-48.66
-49
-49.97
-48.97
-48.96
-48.06
-48.12
-47.16
-46.95
-47.03
-46.18
-47.37
-46.65
-46.71
-46.67
-46.89
-45.29
-44.61
-44.55
-44.31
-43.06
-42.57
-42.16
-41.63
-40.43
-38.23
-41.42
-40
-42.25
-42.12
-38.28
-40.84
-41.33
-41.44
-41.38
-39.29
-39.26
-32.8
-13.23
-4.294
-21.26
-3.145
32
121.1
163.6
207.2
244.6
281.1
310.6
336.7
359.9
370.5
369
374.6
379.5
389.9
390.2
391
383.2
397.9
419.1
411
422.6
431.9
441.9
424.2
408.3
376.2
349.2
315.2
284.5
250.4
209.5
164.5
133.4
98
56.23
25.23
-3.437
-26.73
-47.62
-56.3
-55.72
-55.73
-56.97
-56.68
-56.03
-57.01
-55.8
-55.84
-56.01
-55.34
-55.15
-53.82
-54.47
-54.85
-53.53
-52.23
-52.55
-51.72
-51.2
-51.07
-50.86
-49.99
-50.58
-50.18
-50.18
-49.44
-49.13
-48.97
-50.39
-50.81
-50.96
-50.15
-49.43
-49.13
-46.5
-43.8
-43.21
-42.73
-42.75
-43.76
-42.51
-43.06
-43.4
-44.02
-43.37
-45.87
-47.41
-47.05
-46.41
-46.86
-45.12
-44.45
-33.85
-10.05
15.52
4.521
54.84
114.7
151.7
195.6
230.6
267
302.8
334.5
354.1
363.9
376.8
369.1
382.6
389.1
394.4
389.2
411.2
411.5
405.1
416.5
405.9
427
433.2
405.8
403.6
380
339.7
310.6
276.8
247.4
203.1
165.4
130.9
91.6
53.48
20.43
-6.064
-30.02
-44.79
-54.23
-56.47
-59.07
-59.48
-57.24
-57.71
-57.44
-59.15
-59.07
-58.31
-57.63
-57.98
-58.64
-59.03
-59.17
-58.04
-58.73
-58.03
-56.58
-57.45
-56.93
-56.83
-56.04
-56.52
-55.34
-54.55
-53.88
-53.85
-53.86
-53.7
-52.81
-53.19
-52.66
-51.95
-50.96
-49.07
-48.62
-48.57
-49.26
-47.97
-48.12
-47.02
-46.41
-46.51
-46.3
-45.69
-46.31
-46.58
-46.38
-45.96
-46.87
-46.31
-44.03
-34.24
-13.95
12.15
42.34
75.3
102.2
94.5
180.4
223.6
264.6
300.4
329.4
353
354.8
361.6
368.5
379.8
367.2
376.9
387.8
379
395.8
418
392
426.4
441.8
441.9
419.8
393.3
367.7
338.9
308.8
273
241.6
200.7
163.2
127.3
88
50.56
16.54
-13.24
-35.52
-53.87
-59.59
-60.1
-62.03
-63.6
-66.31
-62.58
-61.58
-63.04
-65.93
-67.31
-63.17
-60.69
-58.82
-59.02
-58.37
-58.23
-59.26
-57.04
-57.78
-59.46
-57.92
-55.82
-55.29
-55.92
-55.99
-55.4
-56.88
-57.02
-55.89
-56.55
-53.1
-51.99
-49.66
-51.02
-50.09
-51.71
-52.12
-51.77
-51.94
-51.99
-50.35
-50.4
-49.37
-49.15
-47.98
-49.88
-50.26
-50.04
-49.37
-50.3
-48.27
-65.86
-71
-38.29
-20.46
2.577
32.11
65.74
105.5
144
183.2
219.7
255.2
289.8
318
347.8
355.8
362.5
372.1
367.2
370.2
378.6
386.2
382.3
395.4
407.6
401.4
419.7
430.4
427.6
405.3
383.8
361
332.7
302.5
272.7
239
194.5
165.5
121.6
78.2
42.75
8.64
-18.43
-40.17
-57.45
-62.84
-63.38
-67.57
-70.1
-70.3
-70.4
-69.04
-71.2
-71.3
-71.7
-72.8
-75.1
-75.1
-71.2
-69.49
-68.98
-69.7
-68.69
-66.56
-66.19
-65.61
-65.62
-67.72
-67.33
-68.11
-67.18
-65.39
-66.51
-63.73
-65.01
-63.25
-62.46
-63.34
-64.06
-64.4
-64.39
-65.05
-66.94
-64.34
-63.18
-62.28
-60.79
-61.45
-61.08
-60.73
-59.56
-59.77
-62.02
-60.01
-60.01
-59.53
-57.52
-56.96
-46.62
-25.91
-0.983
29.17
64.16
102.6
141.1
181.6
223
255.4
287.6
313.8
348.5
357
359.1
362.6
363.8
370.8
375.9
384
383.5
389.1
397.1
395.2
405.7
420.3
426.3
416
392.3
362.2
337.9
298.1
276.9
233.9
187.2
154.1
110.1
70.6
36.89
1.891
-27.12
-49.23
-65.51
-70.6
-69.83
-73.6
-72.4
-73.4
-71.5
-70.6
-69.98
-69.4
-68.87
-66.81
-66.33
-66.27
-66.67
-67.1
-65.38
-64.08
-64.98
-65.83
-65.67
-62.63
-61.86
-60.32
-60.51
-62.84
-64.46
-66.79
-68.22
-68.07
-67.17
-67.68
-64.14
-63.62
-67.05
-65.84
-64
-64.73
-64.08
-63.44
-62.81
-62.36
-60.81
-59.25
-57.38
-58.12
-58.55
-58.36
-57.57
-55.99
-54.77
-56.72
-58.14
-55.02
-46.01
-24.35
-0.819
28.39
63.52
101.6
140
177.8
215
251.2
284.8
315.7
335.2
341.5
349.6
357.5
363.1
357.4
361.6
366.9
368.3
366.6
343.7
381.7
387.3
415.4
417.7
401.9
376.1
350.3
327.6
294.1
259.9
225.8
187.8
149.2
108.5
74.8
40.39
7.7
-19.78
-46.57
-62.88
-67.79
-69.09
-71.3
-67.27
-69.56
-63.71
-66.49
-62.49
-61.19
-61.72
-59.83
-59.7
-59.43
-58.69
-61.37
-60.64
-60.79
-58.95
-58.45
-58.27
-59.09
-58.55
-58
-58
-56.76
-55.84
-56.75
-57.94
-57.46
-55.94
-53.32
-52.98
-51.61
-50.23
-49.12
-49.56
-51.47
-51.49
-51.97
-53.08
-52.88
-52.79
-53.22
-52.69
-50.4
-50.31
-50.64
-51.03
-50.82
-51.34
-51.93
-51.88
-50.03
-44.63
-22.32
3.256
31.68
67.61
104.9
143.6
180.6
218.1
250.5
286.7
310.6
331.4
340.7
348.1
356.4
362.1
364.1
368.6
369.8
374.2
386.4
384.2
391.3
399.8
422.6
422.8
401.7
383.8
369.9
331.2
297.6
265
231.3
196.9
158.2
117.2
82.5
46.85
14.56
-18.03
-41.61
-58.51
-64.17
-62.96
-63.54
-61.5
-62.02
-60.29
-60.94
-59.96
-58.92
-58.54
-57.59
-60.1
-58.47
-62.06
-62.46
-63.5
-63.76
-67.19
-61.91
-62.78
-65.1
-63.51
-60.37
-59.13
-57.54
-59.44
-59.96
-59.4
-59.25
-59.29
-58.84
-58.22
-56.94
-54.95
-55.71
-56.86
-56.23
-55.56
-55.42
-54.61
-53.68
-53.65
-52.93
-51.6
-52.08
-51.11
-50.69
-50.96
-50.08
-52.06
-51.74
-51.67
-50.31
-43.17
-23.6
2.028
31.22
66.76
103.5
141.6
181.2
215.9
251.8
286.4
316.1
337.7
342.9
353.5
365.5
360.2
367.5
370.3
374
376.1
387.3
391.7
390.2
402.9
415.7
424.6
413.8
386.2
358
325.4
294.5
266.3
233
198.8
161.4
116.8
84.1
47.11
9.53
-18.87
-43.62
-62.91
-68.49
-67.65
-67.33
-65.5
-64.68
-63.57
-64.71
-64.96
-67.3
-65.41
-66.06
-69.54
-68.08
-65.75
-62.92
-61.57
-60.36
-61.94
-61.21
-57.82
-55.23
-56.81
-59.67
-59.39
-60.87
-62.01
-65.34
-63.63
-61.21
-61.4
-60.35
-59.06
-61.63
-61.17
-58.5
-57.13
-55.85
-56.62
-54.65
-54.04
-53.94
-51.99
-50.76
-51.85
-51.62
-51.7
-52.16
-50.47
-49.06
-49.19
-49.67
-49.49
-46.9
-37.82
-17.9
-2.11
31.01
46.63
87.5
138.9
178.4
220.3
254.5
295.1
321.7
349
355.9
351.1
361.3
368.5
373.1
373.5
386.4
393.4
390.5
394.1
398.9
407.8
430.5
426.4
416.2
389.3
368.2
334.2
309.1
276.7
242.9
204.4
161.3
121.8
82.3
46.03
12.02
-14.36
-37.32
-54.81
-58.08
-59.78
-60.98
-61.31
-60.4
-60.69
-58.33
-57.19
-56.2
-56.66
-55.72
-53.76
-54.55
-57.35
-56.17
-57.75
-57.48
-56.51
-58.77
-59.19
-58.47
-57.23
-52.71
-50.8
-52.46
-53.01
-54.33
-54.44
-52.28
-50.56
-49.45
-49.14
-47.12
-48.19
-46.48
-46.94
-48.77
-46.4
-46.96
-47.27
-48.57
-49.76
-50.12
-48.96
-50.69
-51.4
-51.91
-50.85
-50.8
-50.14
-49.4
-50.94
-49.61
-42.1
-21.33
5.566
35.45
70.4
106.6
145.9
184.1
221.5
259.4
296.3
331.4
339.6
352.4
348
359.6
363.3
360.3
371.5
372.3
375.1
387.2
398.9
410.5
439.1
399.1
288.7
296.9
319.9
269.5
286.8
219.4
200.5
204.1
193
159.5
125.6
84.1
45.79
12.65
-13.7
-36.37
-59.69
-66.36
-65.21
-66.5
-66.27
-64.03
-64.87
-65.76
-65.64
-66
-64.66
-63.67
-64.58
-63.19
-63.21
-62
-59.61
-57.8
-55.97
-57.09
-54.74
-56.33
-57.3
-56.95
-56.95
-54.79
-54.61
-54.72
-55.45
-57.35
-58.26
-58.93
-58.43
-58.32
-58.88
-57.69
-55.89
-56.01
-57.68
-56.46
-56.13
-56.59
-55.43
-55.62
-56.32
-54.84
-55.25
-53.87
-52.77
-51.81
-51.13
-50.75
-50.05
-47.24
-39.75
-19.33
6.246
31.8
65.83
104.8
144.5
181
219
253.5
283
313.4
341.9
344.8
349.4
348.5
344
345.6
358
367
376.1
373.3
383
371.9
405.6
415.4
412.6
400.9
375.4
348.1
324.8
291.3
260
226.8
186.4
150.1
111.8
74.6
38.45
6.012
-22.42
-46.54
-68.45
-73.8
-71.2
-73
-72.8
-73.3
-72.2
-71.8
-70.1
-69.23
-67.13
-67.97
-66.54
-65.15
-63.06
-62.08
-60.56
-58.95
-57.6
-57.78
-57.9
-57.03
-57.56
-55.94
-52.84
-51.45
-50.46
-50.74
-51.1
-51.99
-51.75
-51.48
-51.17
-49.52
-49.63
-49.62
-50.34
-50.07
-49.31
-49.12
-49.6
-49.55
-47.64
-48.25
-47.85
-47.16
-46.29
-47.47
-46.84
-46.82
-48.22
-47.92
-46.58
-45.78
-35.83
-16.51
6.672
32.41
68.13
107.3
149.1
179.6
215
253.8
285.1
315.5
339.3
343.1
348.6
351
360.3
356
365.8
371.1
372.9
377.8
385.4
384.4
400.7
416.2
405.7
401.8
373.1
352.3
323.4
295.8
261.4
233.6
197.6
159.6
121.6
79.5
43.54
11.27
-15.05
-37.12
-54.62
-60.43
-59.74
-61.13
-61.79
-61.52
-61.33
-60.66
-59.73
-59.76
-60.08
-59.9
-58.38
-56.63
-57.29
-55.48
-56.55
-55.31
-54.89
-51.56
-48.97
-51.95
-53.52
-53.65
-52.5
-50.36
-53.73
-53.9
-51.77
-50.43
-50.16
-49.31
-49.61
-51.31
-52.53
-54.49
-52.83
-51.07
-52.11
-50.52
-48.74
-48.91
-48
-45.37
-46.56
-47.32
-45.69
-45.65
-45.37
-44.62
-43.79
-43.02
-41.29
-40.52
-33.29
-15.66
6.889
36.1
69.9
104.3
141.9
179.7
218
262.7
295.7
312.2
333.7
344.4
342.5
348.6
361.7
355.7
361.2
366.8
377.8
384.1
387.2
388.7
396.2
415.1
422.4
400.9
377.9
357.6
332.8
296.7
262.8
234
196.3
162.9
125.2
88.8
53.94
18.46
-8.32
-32.72
-53.51
-62.79
-63.12
-66.42
-66.32
-65.05
-62.79
-63.51
-61.64
-61.17
-59.83
-60.75
-60.47
-58.51
-59.15
-58.13
-57.44
-56.52
-57.51
-56.34
-56.35
-57.09
-56.83
-56.96
-57.46
-55.32
-55.21
-53.86
-52.73
-53.41
-51.73
-53.25
-52.61
-51.56
-52.17
-53.36
-53.6
-54.44
-54.37
-53.31
-54.63
-53.09
-52.37
-52.18
-51.62
-49.27
-50.73
-48.53
-52.91
-51.67
-47.55
-45.7
-51.53
-51.16
-44.38
-23.41
3.234
33.09
66.84
103.9
145.6
181.7
214
253.6
291
321.8
342.8
355.5
360.5
357.3
368
374
385.5
395.2
385.6
395.8
412.4
415.1
427.2
436.4
429.6
398.4
384.2
361.5
329.1
273.5
249.7
215.4
180.6
160.2
110.8
87.4
50.13
28.41
7.63
-14.26
-36.46
-55.27
-59.62
-63.33
-66.48
-64.23
-63.05
-63.29
-61.99
-62.12
-60.02
-59.1
-59.69
-57.65
-57.1
-57.34
-55.73
-56.14
-54.76
-53.88
-53.49
-54.45
-52.62
-51.15
-51.78
-51.9
-51.9
-52.52
-54.01
-52.59
-53.12
-52.38
-51.7
-52.8
-51.15
-50.18
-47.53
-51.5
-47.71
-46.83
-45.28
-46.76
-43.2
-45.41
-45.37
-45.27
-46.26
-44.92
-45.8
-45.25
-45.43
-44.06
-42.84
-40.76
-35.8
-27.01
-3.042
42.09
70.9
76.7
116.1
169.5
154.9
168.6
254.9
304.2
349.7
336.8
350.6
365.9
360
373.6
383.6
380.4
383
386.6
399.1
405.7
413
430.8
449.5
415.6
398.2
366.5
332.7
314.2
279.4
235.5
193.2
154.6
114.6
77.6
45.47
8.31
-19.65
-44.07
-64.35
-70.7
-74.6
-78.1
-80.4
-77.6
-75.5
-70.8
-66.72
-66.21
-66.19
-66.27
-66.48
-65.79
-69.7
-67.69
-66.79
-66.94
-67.03
-70
-70.6
-69.72
-66.91
-65.78
-65.57
-64.64
-60.72
-60.63
-62.83
-62.97
-63.46
-61.16
-59.68
-58.41
-58.54
-56.99
-56.73
-57.95
-59.15
-56.89
-57.17
-56.75
-56.59
-56.86
-56.65
-56.85
-57.14
-56.85
-57.41
-57.61
-58.7
-58.96
-58.63
-55.74
-48.59
-31.51
-12.96
4.326
35.16
80.9
120.2
159.9
204.7
237.7
273.9
285.8
321
324
331.8
343
350.1
358.4
360.1
367.9
371.7
384.2
390.3
389.5
385.3
403.9
404.5
384.6
362.6
339.8
315.5
283.3
250.1
214.8
180.5
143.2
107.8
70.6
35.5
3.107
-25.99
-47.6
-62.98
-70.5
-72.3
-73.5
-65.68
-66.43
-69.57
-69.72
-71.7
-67.28
-64.48
-66.26
-66.45
-66.45
-65.37
-61.82
-60.94
-62.03
-58.93
-59.27
-63.1
-62.43
-60.39
-58.53
-60.49
-59.93
-59.14
-57.92
-58.75
-57.73
-57.41
-56.05
-56.99
-56.09
-57.26
-56.73
-56.39
-57.18
-55.71
-55.49
-55.71
-54.75
-52.41
-50.64
-50.05
-48.7
-47.7
-45.59
-44.7
-47.82
-49.07
-47.68
-48.03
-46.54
-39.63
-21.2
0.771
28.73
62.22
97.5
134.1
174.2
208.7
250.1
285.7
308
338.4
342.5
349
359.3
358.3
370.8
356.6
384
386.3
379.3
397.2
398.3
402
419.7
419.9
410.5
385.7
362.8
335.6
303.3
268.1
234.8
193.9
155.5
115.5
76.8
41
8.56
-17.68
-39.68
-57.01
-60.2
-58.85
-60.34
-60.44
-60.95
-62.26
-59.28
-59.76
-60.42
-62.19
-62.1
-56.9
-53.26
-51.94
-51.88
-52.23
-54.87
-55.96
-56.73
-58.07
-55.77
-58.2
-57.64
-57.57
-57.7
-55.95
-56
-56.05
-53.61
-52.52
-52.72
-51.21
-51.08
-51.75
-48.44
-49.13
-48.56
-48.15
-48.37
-47.79
-45.36
-43.45
-46.2
-44.46
-45.32
-45.8
-45.11
-42.91
-43.18
-42.65
-45.98
-48.27
-47.51
-40.24
-21.64
2.786
30.54
62.62
98.1
135.1
172.5
206.4
246.4
276.3
308.2
339
344.6
351.1
352.9
358.7
360.1
367.9
371.6
380.5
388.1
391.5
397.7
402.3
418
414
406.7
385
357.5
330.2
296.1
264.2
229.6
193.2
158.4
111.8
74.7
36.9
1.219
-25.89
-46.81
-65.34
-70.4
-70.7
-70.9
-70.2
-71.8
-71
-68.26
-69.06
-70.4
-69.01
-69.43
-63.69
-62.69
-63.46
-62.37
-55
-59.38
-58.56
-56.01
-58.93
-59.83
-58.37
-57.08
-57.78
-57.08
-56.9
-56.08
-58.26
-57.03
-54.69
-51.46
-52.19
-53.94
-53.5
-53.8
-54.03
-52.11
-53.21
-52.84
-52.75
-53.2
-53.46
-53.8
-53.69
-53.38
-52.68
-52.4
-52.14
-52.91
-53.63
-54.31
-54.26
-52.88
-43.98
-26.52
-2.023
26.66
61.29
97.7
133.8
172.4
209
243.4
276.4
310
329.4
343
348.6
357.8
361.9
366.4
371.3
375.7
371.8
394.2
390.5
399.4
402.6
409.8
410.7
404.2
382.3
357.5
327.2
299.7
261.3
221.7
197.3
153.6
108.9
66.37
35.93
4.031
-23.25
-46.19
-65.11
-71
-71.2
-75.1
-75.1
-75.1
-70.7
-69.74
-67.82
-67.35
-66.85
-65.47
-65.99
-64.13
-62.07
-64.4
-62.3
-61.78
-61.25
-59.31
-57.39
-56.74
-57.75
-56.47
-56.95
-58.3
-56.47
-55.33
-54.17
-54.71
-53.72
-55.1
-55.1
-54.99
-53.54
-53.9
-49.33
-50.16
-40.95
-35.71
-35.25
-34.52
-37.82
-37.67
-42.4
-47.66
-47.51
-51.84
-55.19
-54.19
-54.87
-54.87
-55.36
-53.58
-46.17
-21.13
-12.11
-0.913
61.86
81
157.2
188.5
222.2
152.2
189.3
277.9
326.5
368.7
373.2
402.1
330.3
292.9
370.4
455.5
426.4
331.8
422.7
401.7
426
442.8
420.6
416
403.6
393.5
410.4
343.5
273.2
237.5
202.6
162.3
125.2
89.4
46.48
14.72
-13.18
-36.43
-56.99
-62.34
-62.54
-63.62
-63.88
-63.57
-64.08
-63.1
-63.2
-61.78
-61.73
-60.64
-60.41
-59.52
-59.9
-58.83
-59.02
-57.96
-56.58
-56.28
-54.89
-52.38
-51.94
-51.99
-52.18
-51.12
-50.92
-52.45
-50.64
-48.98
-48.31
-47.31
-48.78
-49.13
-48.75
-65.45
-73.7
-64.1
-54.15
-50.04
-31.98
-11.14
-13.22
-6.546
-4.266
-4.636
-4.771
-4.417
-4.404
-5.027
-4.53
-5.223
-4.887
-3.812
-1.165
2.317
5.864
7.91
11.81
24.11
26.84
38.87
39.52
52.47
68.61
58.85
53.72
80
75.3
83
88.7
120
91
102.7
127.4
100.9
113.1
196.9
142.9
146.6
183.3
201.3
348.7
273.1
218.6
187.5
284.9
200.3
204.7
167.9
133.1
88.9
51.3
18.18
-11.57
-34.89
-57.76
-63.85
-59.22
-57.14
-59.16
-56.38
-58.03
-52.1
-51.35
-52.07
-51.84
-48.03
-46.58
-48.19
-49.2
-46.59
-43.71
-45.9
-46.55
-46.22
-47.9
-44.94
-45.21
-44.02
-45.5
-43.77
-42.1
-41.88
-42.28
-41.76
-40.57
-41.33
-41.57
-41.7
-42.5
-41.63
-40.87
-42.85
-43.81
-41.61
-38.25
-40.11
-37.89
-40.26
-39.74
-40.83
-40.27
-39.26
-38.53
-39.65
-35.36
-33.09
-33.85
-33.32
-29.33
-10.73
15.26
41.95
76
107.5
125
102.8
153.1
168
275.6
362.6
325.9
364.6
362.1
357.2
359.5
371.3
381.8
379.6
394
389.9
397.8
409.9
412.1
429.5
428.9
418
395.8
362.8
347.5
307.5
274.1
235.7
197.1
160.7
115.7
84.2
43
8.59
-21.55
-44.71
-62.64
-68.18
-64.1
-66.11
-67.16
-66.78
-69.61
-69.46
-68.19
-66.4
-64.66
-62.46
-61.14
-61.82
-61.53
-60.6
-59.24
-58.82
-60.49
-60.98
-60.02
-57.61
-57
-59.15
-58.09
-57.78
-57.96
-59.08