-6.122
-5.982
-6.273
-6.006
-6.299
-6.363
-5.909
-5.362
-5.537
-4.966
-4.446
-4.541
-5.415
-6.195
-6.493
-6.467
-6.625
-6.361
-6.16
-6.314
-11.08
-14.92
-13.3
-14.81
-15.63
-11.72
-8.88
-7.53
-4.678
-8.21
5.096
15.79
54.05
92.7
74.7
83.2
102.5
149.2
138.8
192.2
251.9
283.5
209.2
210.2
265.8
425
284.4
290.1
388.5
435.3
402
416
351.7
352.3
349
462.2
322.9
321.2
311.6
303.7
264.9
161
165.9
228
195.7
141
99.9
73.5
0.75
-14.42
-4.374
-8.93
-11.38
-11.26
-11.42
-11.13
-11.5
-12.28
-10.38
-11.54
-13.97
-16.34
-15.14
-19.92
-13.7
-10.92
-11.63
-10.18
-9.82
-9.17
-9.03
-10.06
-9.47
-8.43
-12.6
-11.06
-13.09
-12.42
-13.38
-17.37
-14.28
-11.96
-24.01
-17.89
-17.63
-27.08
-22.44
-19.36
-26.11
-32.65
-40.37
-50.15
-55.84
-61.42
-62.02
-64.69
-64.2
-64.7
-63.15
-62.16
-61.52
-62.57
-59.77
-64.74
-51.25
-28.33
0.684
29.32
63.69
105.9
136.5
186.9
228.8
267.9
295.2
322.9
352.3
366
366.3
379.4
373.8
388.7
397.1
400.7
412.6
420.8
428.5
439.8
466.8
479.4
479.1
458.5
439.4
414.4
385.7
369.7
224.6
169.4
83.2
97.1
76
142.1
33.23
28.89
-12.19
-46.7
-43.89
-32.3
-35.96
-35.97
-37.66
-34.48
-35.42
-30.62
-33.21
-38.94
-43.35
-35.57
-25.9
-30.3
-45.85
-57.31
-51.99
-58.66
-62.7
-51.51
-62.47
-64.87
-66.32
-65.53
-62.98
-63.29
-62.9
-64.05
-63.99
-64.44
-64.25
-62.87
-63.25
-62.18
-62.57
-61.02
-62.11
-63.4
-65
-65.33
-66.11
-64.78
-62.97
-64.69
-64.99
-63.94
-61.54
-61.67
-61.51
-62.26
-62.67
-61.6
-64.91
-65.03
-51.39
-26.97
-0.193
28.26
64.04
98.4
140.7
185.4
219
253.4
286.1
313.8
350.2
359.6
367.9
378.9
380
381
396.1
402.9
408.55
414.2
429.4
442.3
446.6
483.9
481
459.6
438.8
427.1
386.4
352.1
317.1
281.7
249.5
205.5
157.8
117.7
72.3
31.07
-5.868
-36.38
-60.79
-78.1
-79.8
-77.1
-58.85
-75.4
-74.3
-15.5
32.77
33.29
37.41
47.77
43.57
43.33
45.79
7.65
-68.65
-68.94
-68.28
-65.42
-64.35
-63.24
-62.73
-59.47
-61.9
-63.52
-67.88
-64.13
-67.29
-63.37
-60.77
-63.34
-63.46
-62.71
-62.32
-59.33
-61.28
-63.01
-62.23
-60.86
-62.61
-63.79
-62.44
-62.83
-63.58
-62.91
-62.25
-61.61
-62.48
-61.98
-58.58
-59.43
-60.89
-65.99
-51.45
-25.82
1.694
30.9
66.14
105.9
149.7
193.6
227.1
270.1
296.5
334.2
360.7
364.5
380.1
394.3
389.2
394.6
399.1
417.7
400.8
431.5
420.9
439.2
448.5
481.6
480.9
470.2
435
413.1
385.7
352.1
321.8
281.6
248.5
207.8
168.8
122.7
79.7
37.94
1.327
-28.64
-51.2
-62.23
-65.1
-64.25
-65.01
-62.4
-62.25
-61.3
-58.37
-57.01
-53.04
-53.92
-52.88
-51.8
-51.2
-50.7
-48.37
-47.64
-48.07
-47.09
-48.09
-47.52
-47.02
-46.26
-46.93
-47.47
-47.5
-44.96
-43.56
-46.01
-46.98
-46.71
-44.97
-43.56
-45.79
-45.38
-44.17
-43.95
-44.28
-45.31
-44.62
-43.08
-43.05
-41.44
-42.1
-41.72
-44.12
-45.54
-47.07
-46.2
-46.1
-46.15
-46.29
-55.28
-36.33
-11.7
14.83
42.33
76.1
112.6
151.4
185.8
230.3
273.7
308.9
343
371
365.2
387.5
384.4
383.6
402.1
403.2
408.6
414.1
442.5
430.6
443.9
450.4
490.1
482.6
475.2
446.3
424.9
396.3
365.9
335.6
303.3
266
222.5
178.8
132.1
89.2
44.78
7.92
-23.02
-49.77
-60.56
-62.05
-63.27
-65.23
-61.37
-60.17
-61.03
-58.97
-59.55
-58.1
-58.32
-59.13
-55.52
-56.11
-55.13
-55.34
-54.33
-54.89
-56.62
-54.24
-54.34
-53.43
-53
-50.91
-50.08
-48.35
-46.24
-46.42
-46.12
-45.86
-46.03
-41.56
-39.6
-41.49
-42.11
-39.38
-39.07
-39
-40.01
-40.04
-39.32
-43.69
-47.52
-43.48
-38
-25.28
-44.2
-47.7
-45.25
-44.72
-48.39
-46.54
-41.84
-36.13
-16.9
11.85
40.28
75.7
112.2
148
194.8
234.2
267.8
310.2
330.7
359.6
378.7
377.6
394.6
399.6
408.2
416.5
425.1
419.6
434.6
440
458
454.9
483.6
487.5
470.6
455.6
427.1
406.5
366.5
336.5
302.8
262.9
221.1
176.7
132.8
88
45.83
8.11
-24
-49.72
-59.22
-62.42
-64.61
-63.2
-63.26
-62.61
-62.71
-63.49
-61.81
-61.12
-62.17
-62.63
-62.61
-62.14
-62.79
-62.15
-62.37
-62.77
-62.9
-63.32
-60.62
-63.44
-61.84
-62
-62.24
-61.97
-62.46
-62.14
-60.26
-60.09
-57.27
-55.88
-53.82
-52.36
-53.81
-52.5
-50.3
-49.87
-49.32
-47.6
-49.82
-50.32
-50.12
-48.53
-48.64
-48.8
-47.77
-47.26
-46.67
-46.33
-45.2
-42.82
-43.95
-33.48
-20.53
-14.33
7.34
71.9
110
149.8
193.3
229
274.1
306.3
338.5
359.7
372.5
385
391.8
394.2
401
415.5
409.8
426.8
391.2
419.6
422.1
432.4
468.7
428.8
456.1
428.8
374.6
395.5
380.1
300.1
215.1
160.2
189.3
179
101.4
61.95
44.83
2.488
-37.78
-54.99
-61.93
-62.24
-60.51
-62.26
-65.47
-66.71
-63.86
-65.57
-65.35
-62.63
-63.95
-67.44
-66.41
-67.94
-67.79
-69.61
-70.3
-69.14
-71.4
-73.5
-74
-73.7
-71.4
-66.1
-66.27
-65.65
-57.01
-53.4
-51.52
-53.12
-53.58
-53.09
-53.27
-53.25
-52.23
-48.82
-48
-52.09
-55.93
-57.93
-58.33
-58.22
-57.74
-58.49
-60.01
-59.17
-58.71
-55.68
-38.72
-45.52
-47.98
-44.18
-31.92
-23.96
-2.839
26.25
67.73
109.7
143.7
157.2
168.8
126.4
232
290
341.3
357
365.1
370.3
376.9
384.2
398.9
397.9
419.3
425.3
412.3
435.3
429.9
450.9
466.1
471.4
469.9
442.5
415.1
393.3
360.7
326.4
284.8
145.9
58.03
85.9
129.6
65.66
30.13
-7.37
-46.75
-54.38
-59.68
-58.39
-57.95
-57.58
-58.71
-60.23
-62.98
-63.39
-66.53
118.3
-23.04
-69.34
-69.85
-69.24
-71
-70.9
-68.45
-66.49
-67.46
-67.74
-66.36
-63.83
-59.43
-57.5
-53.73
-53.83
-50.68
-48.55
-48.93
-50.37
-52.5
-53.4
-53.18
-54.83
-55.68
-60.09
-67.85
-51.89
-49.33
-50.26
-50.44
-50.3
-50.74
-50.43
-47.65
-50.04
-49.35
-48.65
-47.68
-47.35
-52.5
-51.37
-54.42
-44.59
-22.89
4.299
30.99
62.69
102.3
145.7
171.4
211.5
253.2
284.3
320.7
344.7
353.9
357.8
365.2
384.9
384.4
400
390.4
402.1
414.7
417.5
429
449.2
455.2
454.5
444.8
415.1
394.7
370.9
339.2
309.7
274.4
239.8
199.7
158
123
48.15
24.65
28.8
-29.83
-58.02
-62.93
-55.68
-53.26
-18.93
-58.41
-62.59
-59.65
-59.49
-58.76
-58.6
-53.8
-51.05
-49.32
-49.16
-49.73
-49.33
-45.31
-46.45
-48.56
-46.63
-43.79
-45.2
-43.1
-40.61
-39.35
-41.13
-40.81
-43.85
-43.97
-44.9
-46.77
-44.63
-44.32
-45.42
-41.61
-45.12
-49.26
-48.8
-46.87
-47.08
-44.4
-45.2
-45.81
-44.12
-42.56
-43.02
-43.41
-45.46
-45.69
-44.47
-42.97
-38.18
-26.22
-15.48
8.73
42.44
52.54
59.25
94.3
190.8
201.8
228.1
291
311.4
323
350.5
356.5
361.7
385.6
399.1
403.6
352.4
375.1
248.1
373
406.1
310.6
319.4
401.1
346.5
343.8
363.5
274.2
296.8
335
288.5
263.9
170
136.2
131.4
24.41
117.4
28.29
-7.13
-25.73
-47.6
-57.62
-58.8
-56.09
-53
-52.1
-48.74
-46.29
-43.92
-43.62
-46.15
-46.43
-44.8
-41.51
-41.48
-41.91
-41.93
-42.79
-41.21
-41.45
-40.92
-40
-39.43
-37.94
-37.18
-37.14
-36.07
-37.27
-38.16
-38.04
-36.45
-37.18
-33.5
-25.94
-28.53
-37.18
-35.81
-34.09
-33.89
-23.69
-18.83
-19.24
-18.11
-22.96
-23.89
-27.08
-28.18
-26
-32.36
-31.49
-27.37
-28.05
-24.91
-17.15
-1.563
12.94
29.57
49
58.66
70
84.1
113.8
125
158.1
211.6
271
215.9
194.9
221.6
279.7
229.2
199.4
219.6
257.4
174.4
301.3
458.5
368
244.2
276.1
195.2
211.7
198.5
252.2
128.5
109.5
81.9
73.8
68.6
73.2
50.56
47.08
37.9
14.02
6.372
-2.241
-8.74
-14.2
-18.09
-20.83
-23.51
-18.62
-11.38
-18.92
-23.78
-34.9
-34.1
-30.13
-33.18
-37.23
-34.77
-27.81
-19.91
-17.97
-19.41
-20.78
-19.25
-30.23
-14.36
-13.08
-15.83
-10.92
-6.234
-5.846
-5.666
-5.928
-5.822
-5.26
-5.616
-4.315
-3.871
-3.594
-3.549
-3.837
-3.713
-3.476
-3.296
-3.55
-3.579
-3.336
-2.948
-3.006
-3.035
-3.555
-3.55
-3.719
-4.738
-6.667
-4.197
6.043
12.09
35.59
52.08
65.73
82.6
147.8
172.6
185
186.8
139.8
159.4
146.5
152.7
116.5
192.5
206.1
164.2
164.9
145.2
204.9
191.3
195.7
154.7
131.6
121.3
101
102.7
135.3
132.4
83.7
72.1
59.61
58.97
71.9
55.6
112
82.7
34.09
15.75
9.01
1.038
-3.177
-4.964
-6.007
-6.036
-6.195
-6.097
-6.776
-9.31
-8.37
-5.926
-5.279
-4.952
-5.631
-6.827
-6.265
-5.005
-4.693
-5.021
-4.741
-4.519
-4.569
-4.517
-4.44
-3.714
-3.949
-3.83
-3.698
-3.825
-3.669
-3.399
-3.73
-3.87
-3.803
-4.231
-2.932
-2.895
-2.85
-2.89
-3.241
-2.85
-3.648
-4.363
-4.253
-4.147
-4.728
-6.136
-5.684
-3.896
-2.884
-3.275
-3.333
-3.159
-3.03
-3.233
-3.27
-0.695
3.925
18.97
20.02
24.41
30.92
32.1
37.9
29.99
43.02
49.41
85.5
135.9
147.1
125.1
143.7
162.2
212.3
119.1
115.1
139.5
112.3
122.6
137.3
137.8
120.8
86.5
106.5
187.6
183.3
139
124.7
124.4
102.9
89.7
80
70.2
65.22
56.91
33.46
11.65
-2.041
-19.98
-42.48
-49.49
-48.52
-43.85
-46.52
-48.67
-50.48
-50.68
-50.01
-51.42
-50.36
-49.29
-48.46
-49.13
-48.01
-47.65
-46.45
-46.91
-45.59
-46
-45.29
-45.11
-46.3
-46
-44.09
-44.45
-46.47
-44.54
-46.45
-49.55
-46.68
-44.68
-45.44
-46.09
-45.22
-46.38
-45.84
-40.99
-40.56
-41.8
-40.85
-40.81
-42.49
-42.34
-42.87
-41.77
-38.12
-38.38
-31.35
-20.37
-21.38
-14.77
3.127
15.54
25.37
34.76
48.07
64.19
84
102.7
119.8
147.8
132.5
154.3
180.8
142.2
249.1
314.6
410.6
399.9
401.9
403.3
410.6
407.5
417.8
422
434.6
436.3
435.2
452.3
446
432.4
414
374.1
348
325.1
281.2
247
215.3
182.2
122.9
74.3
36.74
21.93
-5.789
-34.98
-44.74
-47.57
-46.47
-46.68
-48.33
-47.81
-45.91
-46.71
-47.75
-47.84
-47.48
-45.59
-46.01
-44.86
-44.1
-43.44
-43.11
-43.54
-45.35
-44.74
-45.31
-46.48
-45.82
-44.08
-43.46
-43.7
-45.19
-46.08
-46.23
-46.55
-45.56
-45.41
-45.15
-42.66
-40.81
-39.16
-39.92
-41
-41.67
-37.23
-37.89
-38.1
-36.36
-34.84
-35.32
-35.25
-36.75
-57.15
-68.81
-45.29
-40.4
-38.45
-34.89
-27.19
-10.08
15.96
42.99
73.9
113.7
153.7
179.2
221.9
264.6
289.3
321.2
346.4
372.5
358.7
319.9
311.7
385.7
383.3
374.9
380.4
386.6
419.3
347
386.6
414.2
467.2
422.6
353.5
272.5
264.2
314.6
319.8
293.5
203.3
78.8
11.09
-12.02
44.97
25.79
5.251
-3.997
-28.34
-37.74
-35.4
-34.1
-29.77
-28.07
-29.5
-23.81
-20.06
-28.04
-20.55
-17.03
-16.18
-14.22
-12.32
-11.51
-9.28
-42.55
-102.1
-51.31
-30.67
-28.5
-35.62
-53.79
-53.46
-35.38
-33.5
-47.44
-53.01
-53.59
-53.8
-29.91
-29.84
-28.75
-13.17
-23.44
-17.03
-15.55
-15.7
-10.03
-12.47
-14.53
-12.22
-13.98
-9.21
-9.9
-11.12
-11.11
-8.32
-9.42
-5.025
-5.598
-5.215
-6.601
-11.3
-1.273
0.745
3.348
2.39
2.825
17.23
43.3
72.1
44.36
92.2
62.67
174.9
184.9
220.8
187.5
132.4
173.2
311.3
291.8
305.5
243.9
393.5
338.6
453.9
337.1
422.5
477.4
478.5
303.2
237.5
267
260.6
101.5
231.7
234.2
139.5
157.6
76.4
15.78
12.73
-10.43
-38.24
-50.28
-52.3
-46.38
-45.09
-50.22
-54.18
-54.15
-53.32
-51.68
-53.91
-38.72
-50.09
-53.13
-54.89
-22.2365
-21.101
-12.849
-6.405
-6.5375
-6.203
-6.171
-8.3225
-7.8835
-6.326
-7.4825
-6.5575
-6.5545
-6.3165
-7.0115
-7.0705
-7.862
-7.426
-7.78
-7.885
-7.715
-7.573
-6.7065
-6.4645
-6.2545
-6.103
-6.1825
-6.4515
-6.807
-6.59
-5.9455
-5.586
-6.539
-6.16
-6.399
-6.267
-5.9905
-3.79
-0.2445
6.425
14.515
-17.71
54.62
55.32
100.3
121.6
180
208.4
228.1
264.8
320.4
348.1
363.6
387.2
371.4
371.2
404.2
401.2
173
215.2
517.1
413.5
301.6
268.8
358.6
272.7
192.8
205.4
223.7
195.5
164.7
120.4
84.6
45.42
50.82
183.8
134.1
99.3
56.18
7.3
-20.77
-40.41
-55.74
-56.87
-55.56
-54.43
-54.03
-50.08
-51.59
-51.17
-49.76
-52.04
-51.99
-49.99
-50.05
-50.62
-51.14
-50.5
-49.32
-45.84
-45.91
-43.21
-43.33
-44.06
-44.8
-44.72
-42.65
-41.22
-45.85
-44
-42.99
-43.72
-42.93
-43.59
-42.22
-41.38
-41.4
-42.52
-40.86
-40.02
-39.02
-39.3
-40.63
-40.21
-39.37
-38.22
-38.48
-40.79
-39.55
-38.47
-39.29
-39.75
-36.88
-36.08
-39.53
-31.4
-9.84
24.47
57.76
84.8
87.5
50.47
157.1
185.7
206
264
324.8
355
357.8
390.8
390
407.8
401.9
409.7
423.3
432.6
435
315.4
442.5
460.6
459.5
452
478.6
470.6
446.6
390
386.3
320.2
316.3
276.1
223.9
193
143.9
101.5
60.42
21.07
-12.21
-36.07
-47.55
-46.23
-47.17
-47.53
-45.29
-45.53
-46.55
-47.83
-51.69
-51.51
-52.32
-50.32
-50.65
-51.23
-49.46
-49.05
-48.46
-47.56
-45.99
-46.01
-47.36
-44.5
-46.05
-47.64
-46.65
-47.2
-48.39
-47.48
-46.21
-47
-46.72
-45.45
-46.99
-48.87
-49.19
-47.71
-47.66
-47.05
-45.1
-45.61
-47.13
-46.1
-45.56
-45.03
-45.12
-45.87
-44.52
-44.34
-43.5
-42.38
-44.06
-41.18
-47.38
-38.89
-17.4
13.92
39.04
39.27
94.7
140.5
180.6
222.6
264
309
327.1
367.8
372.7
379.3
399.4
395.9
396.2
402.1
410.2
404.8
422.4
430.6
435.3
443.5
476.9
471.4
455.2
445.1
418.5
399.2
368.8
328.6
296.6
263.4
225.4
182.7
142
96.5
55.46
16.23
-16.15
-42.47
-52.88
-57.28
-60.37
-56.01
-53.06
-53.88
-54.94
-55.55
-55.49
-55.83
-56.04
-53.12
-53.5
-54.02
-53.5
-55.57
-55.07
-55.02
-54.65
-52.96
-51.17
-50.84
-49.99
-48.62
-49.81
-51.88
-51.79
-52.33
-50.48
-48.4
-48.63
-49.17
-48.94
-48.47
-49.73
-49.77
-52.66
-59.22
-53.43
-56.19
-57.42
-62.3
-55.37
-51.69
-49.835
-47.935
-47.61
-47.735
-46.84
-46.2
-46.43
-43.85
-40.49
-47.61
-29.61
-1.508
25.15
58.37
98.1
135.7
178.5
215.7
248.9
286.3
325
350.2
361.1
374.5
389.9
384.2
389.3
408.1
411
415.8
434.7
418.8
435.7
444.9
465.9
475.9
460.2
441.3
422.7
391.6
362.3
333
290.1
260.7
224.6
181.2
139.1
87.2
13.6
8.28
-23.52
-42.98
-53.07
-54.39
-53.94
-53.13
-52.87
-51.54
-53.94
-55.24
-55.99
-55.46
-55.9
-53.04
-53.95
-56.66
-55.34
-55.6
-55.1
-55.09
-56.96
-58.76
-56.44
-57.93
-57.29
-56.42
-56.27
-53.93
-52.32
-51.22
-51.84
-51.98
-49.77
-49.95
-48.02
-46.04
-45.84
-43.67
-41.79
-42.35
-41.5
-40.18
-36.69
-37.8
-37.77
-40.64
-44.64
-44.895
-45.53
-44.005
-46.935
-44.475
-41.19
-40.04
-35.93
-13.08
9.5015
29.745
50.44
96.45
139
178.55
218.85
251.5
287.45
318.9
340.8
368.1
386.25
398.05
421.65
425.45
439.85
421.95
419.75
419.65
419.45
426.35
430.2
358.9
417.5
416.65
398.05
343.05
327.4
327.95
312.9
287
243.65
210.35
169.85
128.05
82.17
33.02
1.0875
-19.845
-38.095
-55.85
-60.535
-61.49
-60.7
-60.69
-59.805
-55.745
-55.125
-53.85
-54.23
-54.485
-52.475
-51.645
-52.765
-52.29
-52.06
-51.91
-54.87
-52.68
-52.415
-52.575
-53.285
-53.405
-52.2
-52.52
-52.11
-52.25
-50.995
-50.835
-50.475
-49.305
-47.045
-47.115
-42.865
-36.655
-34.995
-35.085
-46.115
-48.92
-53.085
-49.74
-44.585
-31.16
-29.212
-28.797
-29.333
-29.0555
-28.3965
-30.548
-30.8765
-30.6745
-29.433
-26.9645
-18.1345
-3.4
11.275
28.18
43.345
63.775
122.45
183.6
230.85
195.55
204.1
255.45
244.7
225.55
217.45
262.7
256.05
259.35
271.8
264.05
267.2
257.05
243.6
254.85
260.5
274.2
284.85
268.6
249.8
261.9
246.95
221.15
196
164.42
143.595
121.235
98.07
52.415
36.615
28.935
-3.125
-19.406
-33.604
-42.885
-45.805
-47.62
-46.375
-43.235
-41.495
-41.01
-44.16
-45.14
-48.175
-55.01
-53.13
-56.16
-46.12
-38.455
-38.9
-38.42
-38.015
-37.685
-37.075
-35.6645
-36.335
-36.1145
-35.125
-36.1155
-35.404
-35.29
-34.715
-34.845
-35.545
-35.825
-35.055
-33.6065
-34.215
-33.96
-33.292
-32.02
-31.186
-31.189
-32.183
-32.955
-33.94
-33.3
-33.82
-33.46
-32.305
-32.22
-31.575
-30.875
-29.836
-29.98
-30.68
-30.27
-25.255
-11.545
4.4915
22.95
58.17
77.38
96.695
124.7
159.4
192.95
205.95
229.2
257.45
276.2
280.95
270.7
269.2
272.5
286.9
316.85
317.65
296.8
287.9
299.2
326.2
332.9
347.1
272.8
255.4
256.9
257.25
218.55
199.1
165.5
148.5
127.99
98.53
67.06
42.425
20.45
-1.445
-15.8925
-28.392
-36.289
-38.09
-37.8
-39.115
-37.495
-38.705
-38.305
-41.11
-40.235
-40.915
-41.53
-39.445
-34.815
-35.29
-36.225
-36.24
-37.245
-36.4
-36.535
-34.225
-33.57
-33.68
-34.43
-32.985
-31.635
-30.505
-30.36
-30.975
-31.93
-31.8795
-32.7455
-31.3805
-31.4135
-30.454
-31.585
-32.67
-34
-32.61
-32.53
-33.305
-35.635
-37.54
-36.3
-36.2
-33.97
-34.765
-35.905
-34.55
-33.06
-34.015
-34.155
-34.38
-29.86
-23.46
-13.6295
-0.0465
16.0295
36.055
66.285
108.205
141.05
172.7
207.35
230.45
265.15
294.65
316.05
320
328.55
315.35
329.1
348.8
353.7
343.25
328.65
290
343.85
366.35
392.15
379.65
329.9
327.05
306.4
300.8
272.55
302.75
237.05
252.4
189.15
106.685
120.35
84.725
27.275
2.6885
-19.405
-44.055
-59.005
-62.04
-61.33
-62.655
-63.62
-61.1
-60.89
-58.23
-58.715
-60.995
-58.955
-56.395
-58.345
-58.345
-58.1
-56.455
-55.285
-55.405
-55.14
-51.855
-55.05
-53.035
-56.25
-54.515
-55.455
-56.515
-56.365
-54.47
-53.735
-52.58
-51.71
-48.44
-35.11
-25.34
-13.781
-10.188
-6.6045
-5.5415
-3.943
-3.3035
-3.5505
-3.3275
-3.2905
-3.2145
-3.535
-3.42
-4.239
-5.1135
-7.158
-6.5645
-10.1195
-10.006
-7.8205
-2.924
5.31
13.3845
20.5895
38.935
59.235
137.5
122.7
125.6
103.1
130.8
79
117.7
140.9
133.2
147.1
178.4
215.5
184.9
154.6
230.6
245.5
279.4
221.6
234.8
187.7
128.5
144.3
153.8
168
227.2
219.4
179.5
166.3
178.9
187.7
173.2
104.8
31.19
134
102.8
31.23
-19.82
-34
-42.51
-29.91
-17.78
-22.38
-22.87
-23.6
-22.35
-18.29
-53.715
-53.28
-53.62
-52.67
-52.175
-53.505
-53.11
-52.775
-52.375
-52.39
-51.825
-50.545
-49.63
-51.42
-54.215
-53.35
-50.9
-51.47
-50.405
-50.005
-48.96
-48.55
-48.98
-47.545
-46.485
-46.255
-45.83
-45.945
-46.25
-46.065
-44.105
-43.16
-41.21
-40.62
-42.92
-41.905
-38.915
-36.135
-33.825
-34.94
-36.68
-35.65
-34.185
-22.595
-10.53
2.865
21.21
37.725
46.66
70.455
120
151.35
167.8
142.7
119
126.4
156.6
264.8
242.8
203.3
175.9
171.9
180
182.8
147.7
156
189.2
202.8
282.3
310
302.1
386.3
271.4
257.7
248.1
242.4
221.4
165
135.6
109.6
105.7
94.3
75.9
53.72
34.96
18.59
-0.375
-27.95
-46.57
-48.19
-40.29
-36.85
-43.12
-44.35
-43.28
-42.57
-43.12
-44.66
-43.48
-45.53
-44.52
-38.93
-33.12
-30.22
-29.14
-27.51
-53.17
-51.95
-53.56
-54.575
-52.25
-49.07
-47.33
-46.47
-47.065
-47.43
-49.38
-51.81
-47
-45.805
-47.25
-48.095
-40.33
-42.28
-36.06
-33.24
-34.855
-34.975
-35.245
-36.075
-34.625
-31.335
-29.565
-28.365
-26.765
-25.63
-25.545
-25.005
-24.555
-20.94
-8.42
10.05
32.425
40.345
43.285
73.075
100.15
148.15
181.3
209.6
244.6
273.2
295.5
304.3
402.6
411.1
366.3
346.8
233.8
339.9
270.9
460.2
303.9
387.2
362.5
455.9
412.4
421.6
367.7
507.5
367.9
432.2
387.8
338.4
305.7
269.4
234.3
189.8
149
107.5
63.1
23.95
-8.91
-35.94
-51.28
-54.11
-54.47
-54.38
-53
-50.07
-48.63
-50.5
-51.3
-51.18
-49.5
-50.62
-51.7
-52.36
-52.52
-52.07
-50.08
-47.59
-48.17
-48.65
-48.78
-47.71
-45.78
-47.62
-49.58
-43.64
-46.1
-43.89
-43.14
-42.61
-42.49
-41.62
-40.66
-39.93
-40.54
-38.85
-38.88
-40.14
-40.53
-42.65
-39.9
-43.45
-43.64
-40.97
-41.06
-34.44
-27.83
-21.21
-14.60
-7.98
-1.37
5.25
11.86
18.48
25.09
31.71
56.07
81.3
116.8
134.2
194.7
168.8
178.5
149.5
234.1
326.6
381.5
398
413.4
401.3
402.2
404.3
405
422.7
416.5
420.9
421.5
423.9
432.9
449.3
470.7
441.3
432.5
396.4
364.6
339.6
302.6
263.6
223
189.8
141.1
102.3
61.42
22.78
-7.07
-37.27
-51.83
-55.74
-53.77
-54.28
-52.43
-50.97
-49.3
-48.47
-48.88
-47.32
-46.79
-45.44
-44.96
-44.32
-43.68
-44.89
-44.32
-44.14
-46.29
-43.86
-42.99
-44.25
-44.42
-46.22
-47.97
-48.42
-47.67
-48.42
-48.17
-48.81
-47.46
-47.86
-48.95
-49.17
-49.04
-48.68
-48.9
-49.36
-47.97
-45.53
-45.25
-47.42
-49.24
-51.23
-51.13
-50.35
-50.22
-49.85
-50.72
-51.06
-51.4
-49.31
-53.17
-69.19
-79.6
-11.41
19.26
49.84
87.9
122.7
160.4
200.5
236
275.1
310.8
338.7
364.5
380.7
382.7
382
391.8
393.9
399.9
411.7
403
410.5
412.3
416.5
423.3
437.5
447.2
432.3
416.1
382
362.6
336.1
302.2
261.5
222.4
185
140
99.9
56.39
18.24
-18.32
-40.54
-50.94
-50.18
-56.57
-57.52
-57.52
-56.89
-49.46
-47.41
-48.26
-48.33
-47.32
-47.16
-47.04
-47.33
-49
-48.68
-48.55
-48.52
-47.29
-47.61
-48.65
-47.3
-46.39
-46.16
-45.52
-44.94
-46.11
-45.74
-46.5
-46.83
-48.06
-43.24
-46.42
-45.97
-38.2
-42.15
-35.57
-24.07
-15.2
-23.06
-33.53
-44.2
-42.53
-42.12
-27.95
-33.89
-35.26
-37.44
-25.61
-28.2
-33.82
-24.84
-17.79
-17.82
3.847
12.85
7.74
46.04
94.7
130.9
164.8
207.6
240.7
275.2
319.3
336.3
371.9
401.9
409.3
419.3
417
412.9
421.7
440.2
433.9
423.9
441.9
444.5
458.5
345.4
334.5
427.6
448.3
422.4
387.7
350.2
300.7
290.4
229.6
189.3
102.6
105.6
47.93
24.69
-8.25
-31.04
-47.19
-50.18
-48.37
-49.76
-46.14
-48.05
-47.9
-48.85
-44.32
-42.49
-41.13
-41.12
-43.9
-44.72
-44.77
-45.9
-44.84
-43
-43.09
-43.48
-41.96
-42.44
-42.39
-42.49
-42.16