-20.68
-22.86
-25.25
-32.87
-30.49
-22.12
-18.07
-18.69
-15.82
-16.54
-16.87
-16.17
-15.62
-15.76
-15.53
-15.31
-14.62
-14.19
-13.25
-11.58
-12
-12.66
-12.27
-20.45
-18.8
-14.14
-8.94
3.239
3.626
8.84
32.74
82.4
78.1
133.9
438
386.2
471.5
573.1
388.5
617.4
649.8
595.7
639.3
804
795
865
703
923
323.9
268.9
615.3
202.3
577.2
585
691.7
549.3
456
756
665.6
341.9
650
401.4
292.9
259.3
171.7
98.5
41.37
-34.99
-27.03
-40.53
-31.85
-20.64
-19.42
-16.14
-15.09
-17.09
-21.75
-16.61
-14.91
-16.24
-16.77
-16.04
-17.46
-18.99
-19.49
-25.21
-30.39
-28.35
-27.58
-22.71
-20.57
-23.83
-22.11
-24
-22.88
-22.09
-20
-16.75
-15.66
-17.03
-16.82
-15.85
-17.5
-19.65
-16.64
-17.45
-19.08
-19.53
-18.71
-15.64
-13.91
-12.7
-12.95
-17.08
-21.31
-19.49
-17.19
-14.71
-13.4
-12.33
-9.79
-3.865
4.039
16.46
31.21
35.09
61.57
88.8
119.7
104.5
104.7
106.3
118.5
186.2
453.1
432.1
654.8
666.6
666.9
483
512.7
417.4
483.9
554.9
418.5
436.6
665.8
884
813
792
797
788
779
721
620.1
625.9
667.9
512.9
440
88.9
-46.63
14.29
3.091
-9.77
-16.28
-12.64
-8.18
-6.198
-4.213
-9.26
-27.39
-23.45
-13.39
-13.6
-16.86
-13.51
-13.83
-14.87
-13.13
-11.82
-13.2
-11.42
-11.6
-12.63
-15.16
-15.12
-16.01
-17.02
-17.55
-16.51
-15.52
-15.23
-15.65
-16.2
-16.59
-14.38
-14.48
-15.54
-14.87
-15.55
-16.52
-17.3
-18.15
-18.25
-17.42
-15.83
-15.64
-15.32
-14.96
-14.75
-14.57
-13.91
-12.6
-12.14
-13.46
-15.41
-15.91
-7.2
8.05
20.74
32.15
42.79
45.01
54.75
75.1
112.6
103.4
89.2
70.3
83.2
125.9
197.9
286.5
319.2
337
352.3
494
664.1
712
752
685.8
638.2
635.8
555.8
506.2
701
754
806
775
754
707
688.1
612.3
584.1
576.6
548.9
498
456
406.7
339.2
289.4
235.9
173.6
115.9
14.56
-30.88
-37.45
-39.86
-39.64
-37.3
-37.99
-34.55
-37.01
-37
-36.67
-37.61
-38.66
-38.87
-37.14
-36.6
-39.4
-39.01
-37.58
-40
-38.35
-37.45
-36.41
-35.76
-34.53
-28.91
-25.78
-25.82
-27.31
-25.54
-24.92
-27.2
-21.36
-14.76
-12.04
-11.84
-12.02
-11.68
-11.73
-12.19
-12.84
-14.18
-14.51
-14.53
-23.45
-29.06
-30.18
-29.72
-24.82
-14.35
5.213
29.09
52.88
65.15
76.3
85.5
120.3
173.4
203.3
183.7
146.4
134.6
146
181.5
269.5
316.6
375.5
657
544.6
688.7
786
409
728
771
733
713
881
507.5
853
887
743
808
798
778
521.3
659.9
633.1
636.6
328
54.64
46.73
84.9
100
188.2
116.5
27.83
9.68
-1.968
-38.94
-5.649
-11.96
-14.25
-10.74
-6.582
-14.7
-24.12
-24.26
-25.73
-25.66
-27.58
-24.76
-22.64
-18.17
-17.9
-15.5
-15.36
-17.27
-17.19
-17.62
-19.54
-18.57
-15.18
-14.51
-14.93
-16.96
-17.92
-19.86
-22.9
-22.15
-24.3
-23.86
-21.87
-19.98
-18.05
-21.28
-21.32
-19.31
-21.4
-27.6
-31.64
-32.45
-28.88
-31.61
-31.05
-22.96
-15.15
8.19
35.88
24.44
51.63
105.7
195.1
244.7
263.3
325.3
379.8
413.5
378.9
498.3
545.9
564.5
634.2
659.5
666
637.1
575
532.4
566.9
396.4
465.7
483.9
223
499.2
15.06
46.97
105
45.9
51.71
84.3
166.7
394.7
73.8
51.93
42.06
44.57
45.86
99.3
69.6
95.2
253.5
84.2
31.52
16.11
3.739
-15.56
-30.39
-28.26
-25.24
-21.71
-18.29
-18.95
-28.02
-31.16
-33.25
-35.18
-34.51
-34.54
-30.9
-27.1
-12.42
-8.76
-12.03
-17.62
-27.34
-25.77
-27.6
-24.98
-22.68
-26.95
-28.82
-29.3
-28.67
-30.3
-29.54
-28.38
-27.99
-27.89
-28.87
-29.07
-31.73
-30.79
-30.49
-28.87
-22.42
-23.35
-22.21
-22.18
-20.49
-22.79
-23.79
-23.17
-17.01
-2.468
23.62
26.71
74
140.7
122.5
94.9
81.1
213.3
403
415.7
464.3
507.1
554.4
587.5
619.6
652.3
680.6
712
737
644.9
825
484
623.8
756
292.5
15.68
601.7
456
353.4
0.541
-5.301
127.1
380.7
630.1
267.2
670.7
601.9
542.6
456.5
471.7
106.9
34.22
15.88
6.705
-0.33
-8.77
-1.221
-25.42
-31.39
-32.54
-33.77
-33.14
-30.73
-27.19
-23.22
-22.13
-20.76
-22.97
-22.11
-21.3
-19.48
-16.86
-17.52
-12.04
-16.99
-10.54
-10.15
-13.39
-15.92
-19.35
-18.73
-18.57
-15.14
-12.16
-11.56
-12.33
-13.42
-11.29
-18.72
-42.41
-37.8
-38.56
-40.54
-37.63
-31.44
-27.5
-24.36
-20.84
-20.91
-21.3
-23.41
-24.95
-26.43
-20.81
-10.97
-11.02
-5.652
3.07
29.37
79.4
225
221.9
265.1
306.2
354.1
401.4
447.8
492.7
528.8
575.4
599.5
637.8
666.1
706
736
770
789
790
771
805
807
811
777
796
780
774
751
752
707
683.9
636.4
647.5
597.8
575.3
481.1
331.7
388.2
363.7
212.6
120.2
158.9
21.73
-9.21
-28.11
-34.76
-34.34
-33.41
-33.68
-35.33
-37.94
-32.31
-30.77
-29.81
-32.22
-32.93
-31.69
-31.47
-31.18
-32.6
-32.19
-32.71
-32.23
-32.97
-35.56
-34.09
-34.43
-34.15
-35.06
-33.93
-29.71
-26.34
-24.3
-17.64
-12.05
-12.08
-14.17
-23.07
-42.19
-21.08
-27.05
-27.45
-28.65
-31.16
-29.15
-28.82
-28.28
-17.75
-16.42
-17.29
-16.69
-6.671
2.175
17.91
47.99
72.3
90.8
101.3
113.3
169.2
156.1
212.2
395.2
420.2
522.2
548.3
598.4
615.9
636.3
661.5
755
808
654.7
732
731
527.9
810
417.4
490.8
721
645.9
541.7
430
713
743
646.1
540.4
28.25
9.36
16.82
11.91
10.97
7.48
9.52
9.35
4.822
-1.512
-10.04
-18.59
-26.58
-33.08
-34.24
-33.54
-32.23
-33.1
-33.68
-32.88
-32.99
-28.34
-26
-22.82
-15.19
-11.17
-8.41
-12.06
-24.06
-34.94
-34.15
-35.85
-31.5
-31.31
-32.53
-33.46
-32.33
-30.07
-28.44
-27.39
-26.71
-22.42
-24.77
-24.02
-16.38
-20.55
-24.24
-26.47
-29.22
-30.75
-29.29
-27.99
-26.41
-25.98
-28.31
-28.88
-28.38
-26.55
-23.37
-18.52
-0.364
20.78
43.68
65.91
81
79.6
77.5
148.6
179
199.9
183.4
193.1
232.2
237.1
233
283.7
358.2
476.9
480.3
501.2
682.7
470.1
489.9
844
811
642.6
720
470.4
689.4
848
665.5
740
454.2
672.7
681.7
688
617.5
544
536.1
319.3
434.6
305.6
331.9
332.1
247
131.8
169.2
76.4
-12.16
-21.41
-15.98
-23.42
-24.9
-31.25
-18.89
-17.25
-20.45
-54.6
-57.19
-49.62
-33.84
-82
-88.8
-36.72
-15.4
-17.87
-17.17
-10.57
-7.99
-8.8
-9.23
-7.94
-8.95
-3.624
-7.31
-8.34
-6.597
-6.037
-8.7
-11.42
-12.66
-13.36
-13.9
-14.42
-14.18
-14.03
-13.33
-12.29
-12.03
-11.6
-12.76
-13.94
-15.8
-16.82
-18.34
-14.89
-0.681
16.04
31.89
45.69
53.2
50.53
68.01
85.1
95.2
120.9
184.6
150.9
176.7
259.3
320
315.3
312.2
317.9
345.4
329.9
337.4
393.2
450.1
484.4
486.5
535.5
827
826
855
859
889
761
764
725
722
702
733
476.2
330.3
514.4
467.8
398.5
350.2
294.4
220.5
182
124
56.76
7.64
-25.62
-35.82
-37.34
-36.66
-36.44
-36.5
-37.61
-37.63
-35.68
-33.64
-34.73
-33.11
-31.83
-31.25
-31.59
-32.47
-32.97
-33.37
-33.97
-33.81
-34.26
-34.27
-33.38
-33.44
-30.9
-32.96
-34.4
-34.34
-34.14
-29.48
-18.78
-12.46
-15.38
-15.5
-16.05
-16.46
-15.75
-12.15
-12.03
-12.03
-9.6
-12.41
-8.79
-12.83
-13.49
-14.59
-11.68
0.66
17.81
42.41
61.46
60.66
89.6
202.1
287.9
322.5
267.6
308
371.6
445.1
491.8
522.2
569.5
624.8
641.7
685.1
681.9
698.7
714
638.9
531.4
631.8
638.6
641.4
731
798
852
502.6
546.5
669.3
442.7
455.4
419.8
571
404.2
527.9
416.4
177.8
67.27
41.99
31.7
26.48
58.7
74.3
12.91
-9.06
-30.65
-33.69
-31.75
-29.11
-23
-19.67
-20.33
-20.19
-19.69
-18.56
-18.91
-18.78
-16.48
-15.95
-16.63
-15.61
-14.67
-13.61
-19.11
-20.69
-20.93
-22.27
-19.65
-19.38
-17.91
-18.36
-16.07
-16.24
-20.71
-23.25
-20.87
-18.55
-17.64
-22.77
-22.55
-22.81
-22.08
-20.48
-18.67
-18.08
-17.21
-13.35
-14.56
-23.26
-24.01
-24.77
-13.94
0.351
22.74
40.82
32.57
26.63
40.01
42.95
28.89
36.22
45.72
50.94
57.8
73.1
133.8
135.3
162.5
132.4
136.2
163.1
275.5
446.6
659.6
516.4
729
607.2
774
582.9
393
662.1
498.5
691.5
702
884
697
401.6
333.1
304.5
282.4
243.2
200.6
360.3
210.7
386.7
353.3
288.2
274.7
149.2
28.89
-1.324
-21.77
-28.73
-28.78
-30.41
-28.82
-28.87
-29.28
-25.4
-21.42
-22.71
-28.93
-27.54
-26.14
-26.24
-28.14
-27.84
-23.83
-18.08
-20.08
-28.86
-29.22
-27.22
-26.7
-27.11
-25.49
-20.24
-19.82
-21.79
-28.31
-26.91
-26.71
-26.04
-12.41
-0.966
-1.539
-3.804
-3.886
-12.41
-16.89
-11.6
-5.921
-13.37
-14.9
-8.73
-5.037
-7.48
-6.433
0.763
9.72
23.06
34.96
59.56
81
84.8
100.2
107.3
164.8
116.2
188.6
213.9
205.2
299.5
239.6
356.1
410.6
228.4
202.2
314.5
414
332.8
299.3
500.7
434.9
429
407.3
509.2
496
654.4
338
394.2
437.6
456.6
388.6
209.3
216.2
261.4
365.6
467.4
220.3
96.7
81.2
66.1
29.25
25.78
12.64
-3.913
-24.55
-34.66
-36.21
-26.68
-32.14
-26.49
-24.04
-33.08
-33.56
-34.77
-36.37
-32.79
-29.73
-28.32
-28.65
-32.21
-34.08
-29.27
-31.24
-29.47
-26.4
-26.07
-24.44
-24.95
-27.61
-23.27
-13.1
-10.49
-12.2
-14.14
-11.07
-9.09
-9.05
-11.32
-10.78
-9.56
-10.32
-11.6
-12.77
-11.77
-11.69
-14.88
-22.03
-15.81
-17.62
-16.43
-12.4
-0.834
22.18
46.77
54.98
72.8
87
103.5
92.9
92
83.9
107.4
109
166.7
172.9
106.5
124.1
131.3
112
141.9
227.5
181.1
226
100
194.6
531.5
433.2
379.1
333.8
229.4
129.9
30.07
1.987
16.84
5.025
10.79
11.67
5.722
8.22
13.81
11.8
-2.764
9.14
6.671
-4.659
-6.28
-19.31
-24.1
-21.45
-25
-16.7
-16.6
-16.54
-14.27
-12.74
-11.54
-11.65
-12.75
-16.14
-18.61
-20.18
-14.34
-16.05
-18.82
-18.79
-15.08
-9.8
-5.496
-5.617
-6.417
-9.2
-8.71
-4.852
-5.612
-11.49
-14.22
-17.8
-17.3
-19.51
-9.77
-12.31
-13.91
-13.93
-14.63
-13.26
-12.69
-13.34
-15
-14.28
-14.46
-15.94
-15.45
-12.37
-8.96
-7.42
-9.39
-6.401
-2.151
1.154
5.95
22.18
52.5
132.1
187.1
120.3
64.01
93.5
72.3
122.8
236.3
319.6
440.1
369.2
423.6
369.4
601.9
534.5
606
592.5
360.3
237.5
254.8
284.7
418
430.8
389.5
366.1
481.6
338.3
335.7
246.7
234.4
100.9
161.5
261.4
255.5
332.1
473.9
558.7
409.9
183.9
73.8
41.75
6.916
-17.57
-26.95
-23.04
-31.7
-21.63
-17.29
-21.41
-17.62
-15.39
-14.88
-15.26
-8.92
-9.95
-11.77
-6.222
-7.58
-9.86
-11.59
-10.19
-6.716
-7.83
-7.3
-10.34
-9.94
-5.765
-3.052
-7.92
-5.522
-2.054
-2.959
-3.609
-6.687
-6.552
-5.755
-7.38
-10.16
-7.5
-5.002
-4.092
-5.129
-6.116
-10.28
-9.92
-15.76
-12.04
-9.07
-8.21
-8.24
-7.67
-2.252
1.47
9.72
16.74
39.53
57.2
47.99
68.93
69.83
51.52
103.8
146.3
260.3
296.7
323.1
336.7
369.2
403.6
138.5
140.2
207.1
216.4
362.2
389.2
313.6
214.8
378.9
113
172.3
329
446.4
242.8
200.2
136.3
17.37
7.45
-4.204
7.03
-6.73
-8.98
-2.552
-2.972
-3.719
-4.979
-3.125
-3.054
-5.248
-6.607
-8.3
-6.557
-7.55
-9.29
-9.66
-10.43
-9.59
-9.19
-10.52
-12.07
-9.03
-6.37
-7.28
-7.87
-8.97
-6.005
-6.956
-10.89
-6.093
-6.182
-3.202
-4.601
-5.731
-4.794
-4.688
-6.811
-4.387
-6.211
-8.24
-8.6
-8.35
-6.879
-7.4
-9.39
-9.66
-9.93
-9.46
-8.53
-7.94
-8.14
-9.63
-9.34
-9.49
-9.93
-8.67
-6.887
-8.48
-9.47
3.418
22.73
31.09
19.94
19.43
24.46
45.93
54.83
75
66.42
84.6
209.8
236.1
254.2
239.6
348.2
352.2
179.6
209.9
211.4
149.4
487.3
346.4
511
441.3
430.3
435.3
74.2
44.55
69.56
146.3
156.2
146.1
160.1
160.9
183.4
232.5
215.4
222
194.1
178.2
192.9
189.5
251.1
190.8
78
37.36
-3.902
-24.18
-34.54
-36.58
-37.24
-37.14
-33.03
-35.36
-34.63
-30.38
-19.42
-17.06
-27.05
-24.44
-17.45
-8.55
-9.37
-9.76
-9.54
-12.62
-18.52
-17.26
-11.62
-17.82
-11.93
-8.44
-8
-7.43
-6.792
-7.36
-9.94
-7.62
-18.1
-28.85
-29.25
-27.59
-25.86
-24.81
-25.1
-24.5
-23.59
-21.5
-20.84
-20.2
-12.29
-8.74
-5.177
-10.18
-4.612
2.183
18.19
38.41
55.01
53.52
65.15
54.6
63.85
89.1
123.4
194.2
223.6
201.4
249.4
378.3
391
342.5
430.3
421.1
356.2
565
735
716
750
659.2
610
729
818
869
794
754
545.1
476.9
637.9
622.2
622
599.6
541
497.5
432.1
184.7
390.5
417
328.6
258.2
227.5
187.4
83.6
2.234
-30.8
-36.13
-37.94
-37.34
-43.26
-39.45
-37.91
-37.85
-37.56
-38.98
-40.21
-39.18
-38.24
-37.68
-39.11
-38.28
-38.18
-37.46
-37.62
-34.78
-34.91
-24.6
-36.49
-38.32
-43.16
-38.58
-39.43
-44.29
-37.59
-34.29
-36.85
-37.16
-34.89
-37.36
-43.48
-40.47
-40.86
-38.52
-37.26
-41.62
-39.11
-35.37
-36.07
-40.66
-45.64
-35.36
-36.36
-42.53
-28.95
0.531
39.76
69.15
98.4
48.28
179
238.4
286.5
351.2
397.6
438.4
502
540.9
595.5
605.6
643.1
673.3
694.9
731
758
741
810
804
727
790
700
580.4
619.7
755
792
767
628.5
262.6
467.6
585.2
558.8
514.9
467.3
411.8
383.6
166.7
88
-6.432
2.897
-10.34
-13.8
-26.95
-39.89
-34.25
-31.99
-55.16
-51.48
-48.28
-42.04
-40.52
-39.62
-36.43
-36.18
-36.71
-35.89
-31.76
-36.13
-39.29
-34.81
-36.41
-37.76
-31.47
-31.04
-32.18
-35.67
-34.57
-33.6
-27.46
-23.21
-26.18
-34.54
-38.13
-42.5
-43.95
-43.81
-40.44
-38.31
-30.45
-25.86
-31.45
-35.06
-36.63
-33.9
-32.79
-32.32
-28.34
-31.9
-37.84
-31.14
-30.87
-20.21
-11.99
4.683
50.98
107.6
139.4
89.2
214.8
282.2
331
383.7
427.3
466.6
518.3
552.5
589.3
632.3
653
681.4
704
724
758
752
799
769
784
790
773
769
750
675.9
577
607.9
700
684.2
606.8
346
178.8
54.34
-15.78
-114.1
-49.22
-52.3
-30.82
-32.77
-25.21
-29.16
-43.82
-26.39
-22.15
-22.33
-22.77
-22.57
-24.82
-32.06
-34.22
-31.29
-27.93
-29.49
-26.78
-23.15
-30.24
-42.18
-35.3
-32.02
-28.01
-28.32
-31.81
-28.11
-26.66
-29.55
-27.63
-29.93
-30.53
-28.99
-27.28
-24.16
-24.87
-27.98
-28.75
-13.39
-8.7
-8.31
-8.8
-9.74
-12.63
-12.46
-11.57
-20.73
-28.27
-23.66
-14.84
-18.69
-22.25
-21.66
-14.91
7.11
33.03
31.84
54.42
124.7
77
211
243.5
289.3
328.9
387.9
417.3
434.8
520.8
583.2
593.1
638.8
652.6
704
720
730
773
652.3
509.6
377.8
438.3
647.1
715
501.9
524.3
338.8
217.3
164.9
88
52.5
96.7
147
137.3
140.2
135.8
92.6
48.03
20.56
3.166
0.586
-1.641
-5.117
-14.98
-20.1
-19.48
-18.75
-23.42
-26.27
-28.95
-30.97
-32.5
-30.76
-24.75
-21.46
-22.38
-17.82
-18.82
-24.65
-22.83
-18.11
-6.723
-15.35
-19.8
-23.51
-23.8
-21.96
-18.35
-21.56
-23.76
-23.01
-22.08
-21.1
-21.16
-19.77
-19.24
-19.21
-19.3
-18.71
-21.5
-29.72
-22.02
-21.44
-21.88
-20.34
-20.2
-20.95
-24.31
-28.75
-30.28
-28.49
-35.74
-19.35
0.119
39.06
118.6
158.1
217.7
263.4
235.4
186.6
250.1
221
246.9
289.1
317.5
366.1
426.9
595
578.2
601.7
677.3
727
759
807
555.4
627.4
812
688.2
783
577.6
812
582
627.1
408.6
412.4
487.5
649.4
111.9
121.2
147.2
118
77.1
55.33
33.58
18.94
9.08
-6.961
-20.41
-26
-29.23
-26.79
-24
-32.13
-27.25
-38.49
-33.91
-46.67
-48.69
-47.31
-41.9
-40.7
-41.48
-38.76
-36.79
-36.92
-31.54
-25.85
-19.13
-24.82
-25.12
-25.48
-31.08
-29.95
-30.78
-30.79
-29.72
-29.42
-26.99
-25.43
-27.8
-20.74
-12.88
-25.41
-31.25
-18.19
-14.13
-12.48
-11.75
-11.26
-11.02
-13.81
-16.87
-15.67
-16.63
-20.2
-18.55
-8.67
4.255
7.93
9.48
19.75
47.45
86.9
106.6
257.2
373.2
164.6
209.4
206.3
350.7
265.7
320.7
301.5
394.4
545.4
464.1
551.9
754
813
752
784
816
369.4
812
647.5
751
384.2
152.3
335.4
384
148.7
266.2
562.6
459.4
103.4
84.6
104.4
255.2
276.7
195.5
66.79
27.58
6.23
-9.26
-25.23
-35.78
-36.98
-36.9
-37.07
-37.29
-35.52
-36.17
-36.89
-35.38
-38.25
-37.56
-38.57
-38.58
-34.81
-33.01
-33.36
-36.43
-35.34
-34.9
-35.1
-35.63
-35.17
-35.75
-35.66
-32.18
-13.05
-32.88
-26.14
-15.03
-14.9
-18.91
-31.37
-18.11
-8.85
-4.298
-30.66
-35.88
-15.79
-15.32
-13.95
-10.35
-12.54
-14.18
-14.58
-16.08
-17.48
-16.87
-20.57
-20.55
-20.84
-18.81
-13.94
-7.39
-11.56
-9.88
-0.034
13.01
23.62
33.01
43.81
51.66
66.29
91.7
128
149.9
198.5
283.2
358.5
377.5
437
447.1
533.8
641.5
628.3
626.4
632.5
760
725
700
695
641.8
654.9
662
632.6
589
533.2
496.7
456.8
348.7
333.4
269.7
209.9
149.6
97.5
36.21
-24.1
-41.6
-45.25
-44.28
-45.34
-46.59
-42.98
-42.14
-41.35
-40.22
-41.19
-40.19
-42.02
-41.86
-41.52
-40.04
-39.46
-38.45
-38.21
-39.49
-39.08
-38.42
-40.41
-39.94
-39.51
-37.91
-34.73
-28.89
-23.98
-24.61
-22.52
-18.81
-17.87
-13.32
-18.32
-8.82
-36.88
-27.33
-23.79
-23.78
-27.07
-24.75
-25.74
-20.86
-17.71
-16.61
-20.66
-21.71
-9.03
6.419
23.88
35.21
45.31
59.62
75.1
82.2
84.7
72.6
92.7
138
127.5
144.4
217.7
461.2
425.8
360
508.9
548.2
373.6
237.8
371.4
519.2
371.2
534
741
706
852
620.2
664.1
853
810
251.6
237
252.2
159
352.8
456.1
357.9
345.1
341.9
307.7
122
60.4
29.63
1.641
-13.95
-18.56
-22.62
-25.75
-28.37
-32.09
-30.56
-27.05
-21.75
-24.06
-27.36
-29.96
-32.49
-33.33
-34.81
-31.71
-29.6
-29.56
-27.78
-22.75
-18.72
-16.72
-18.86
-40.59
-27.14
-18.8
-18.81
-18.17
-18.27
-20.98
-18.25
-17.04
-17.73
-14.68
-12.9
-9.24
-10.98
-14.02
-14.15
-14.44
-11.48
-13.16
-14.61
-17.44
-17.31
-15.88
-16.4
-17.59
-16.59
-2.389
4.382
31.15
47.03
53.71
59.11
58.93
81.1
152.1
212.2
246.3
252.7
171.5
95.2
15.78
-6.813
57.52
72.8
40.58
81.8
56.86
26.59
38.88
57.31
63.18
83.4
127.7
152.1
194.9
218.3
254.8
285.3
276
226.7
348
485.4
450.9
517.5
537.5
515.1
368
262.2
289.4
225.6
147.6
78.6
25.28
1.638
-16.17
-24.52
-26.52
-25.1
-22.03
-20.6
-22.35
-23.26
-24.3
-23.19
-15.96
-15.28
-21.8
-20.8
-19.67
-20.41
-22.95
-26.25
-35.17
-38.22
-31.75
-28.87
-25.2
-25.92
-24.46
-25.29
-26.38
-22.22
-22.51
-20.4
-19.15
-20.11
-17.61
-9.85
-7.72
-10.8
-7.51
-7.89
-25.99
-38.78
-20.58
-22.08
-22.2
-18.25
-15.45
-14.92
-16.15
-14.93
-11.42
-6.101
5.781
18.2
21.41
-25.29
-7.11
14.55
88.9
83.1
45.22
50.75
74.9
64.03
70.8
119.7
185.9
220.4
290.7
516.8
612.3
726
841
796
789
723
810
579.5
365.8
511.5
553
743
719
709
626.1
569.3
555.8
518.2
546.4
283.2
318.2
200
152.3
53.98
37.99
24.33
8.03
-9.79
-31.27
-40.44
-42.95
-41.64
-40.53
-39.67
-40.48
-39.95
-39.82
-38.82
-37.68
-35.94
-34.17
-35.14
-35.02
-40.1
-36.41
-30.79
-30.33
-28.67
-26.95
-24.65
-26.05
-23.54
-21.47
-22.45
-22.79
-21.79
-20.66
-23.6
-21.94
-19.78
-22
-20.58
-20.48
-21.59
-21.61
-23.02
-23.49
-23.25
-23.81
-21.03
-19.68
-13.89
-7.63
-14.77
-20.06
-13.39
-3.424
9.02
26.19
43.88
65.52
75.8
71.6
88.8
109.4
220.7
382
499.1
520.6
655.9
647.6
605.9
688.1
704
708
725
712
756
767
768
760
782
778
699.7
751
582.3
602.3
581.2
576.5
726
455.7
531.2
359
337
325.4
269.1
282.9
324.1
287.8
89.8
19.45
51.48
46.37
6.766
-25.41
-30.96
-28.7
-19.1
-20.59
-17.16
-24.92
-37.23
-36.72
-39.67
-40.01
-35.86
-34.14
-37.77
-39.84
-37.79
-36.93
-34.2
-29.6
-26.61
-37.3
-32.21
-30.82