-27.16
-23.58
-15.21
-22.41
-28.01
-29.81
-32.2
-34.95
-37.59
-39.7
-38.04
-37.53
-36.22
-36.98
-38.46
-30.98
-28.42
-33.95
-33.96
-35.29
-37.22
-37.62
-38.88
-37.6
-36.96
-32.44
-19.28
10.51
46.07
74.7
29.23
149.8
213.8
228.8
322.1
366.5
423.1
383.5
524.3
505.5
415.7
303.8
263.8
185.7
163
606.4
524.9
574.5
660.2
503.4
152.8
497.7
141.4
334.6
397.8
267.6
239.4
202.8
308.9
243.7
434.2
316
172.7
177.6
115.4
260.5
241.4
120.4
95.3
36.41
24.67
-15.27
-32.43
-35.15
-36.49
-27.97
-24.54
-34.3
-37.66
-34.62
-32.32
-36.65
-29.24
-11.68
-9.75
-85.9
-21.93
-8.5
-13.89
-11.02
-10.87
-13.37
-12.4
-11.33
-12.95
-13.18
-14.33
-15.28
-16.54
-17.74
-18.45
-16.36
-12.45
-8.79
-12.14
-4.551
-6.792
-8.5
-9.55
-10.79
-13.45
-4.897
-3.661
-9.26
-11.33
-11.72
-10.62
-31.03
-21.56
-9.17
-13.82
-8.34
-3.799
10.05
19.27
22.74
29.5
19.21
27.02
38.01
55.86
94.8
84.3
89
77.6
104.6
165.6
188.1
260.2
226.2
257.1
248.1
212.3
197.4
232.5
221.1
171.5
250.9
296.8
296.8
369.8
575
599.8
735
586
578.8
533
464.6
457.4
384.1
326.5
297.5
204.1
51.76
22.32
5.479
2.308
-8.9
-27.9
-38.07
-37.95
-39.61
-39.37
-39.58
-39.49
-38.8
-39.46
-38.42
-38.38
-37.92
-35.95
-33.87
-34.29
-32.39
-28.42
-31.39
-31.19
-26.75
-28.59
-28.66
-35.41
-36.2
-37.66
-37.9
-37.44
-37.97
-37.33
-36.49
-36.45
-38.58
-39.61
-39.72
-39.56
-37.98
-38.6
-35.32
-36.64
-36.57
-36.21
-27.91
-22.11
-9.95
-9.44
-12.06
-6.488
-14.92
-15.1
-13.4
-1.914
15.25
40.82
56.58
80.5
112.7
112.4
163.6
295.9
268.9
406.7
325.1
385.8
527.2
397.4
304
299.7
326.8
348.6
526.8
421.5
491.5
752
668.9
555.8
717
536.3
561.9
177.1
129.6
57.41
98.2
97.4
47.61
51.19
31.77
21.25
12.21
4.421
-9.45
-16.42
-13.52
-10.5
-12.5
-17.29
-24.43
-26.45
-28.14
-27.93
-26.92
-26.94
-21.74
-23.33
-20.7
-19.21
-19.36
-20.19
-23.53
-27.44
-32.07
-28.84
-26.24
-25.51
-29.08
-27.74
-28.99
-28.16
-30.75
-29.21
-29.48
-30.18
-28.11
-26.07
-27.18
-25.95
-28.62
-33.12
-30.55
-31.31
-26.98
-27.53
-26.6
-24.38
-23.35
-28.2
-30.6
-30.25
-29.61
-29.43
-29.5
-31.09
-32.36
-34.21
-35.33
-34.06
-29.45
-14.99
15.33
7.06
-15.24
-8.24
62.75
120.5
236.4
321.3
357.4
398.5
428.7
453.1
507
559.8
604.9
632.1
653.7
682.8
691.7
697.2
705
609.8
682.4
717
749
686.7
564.8
532.2
539.6
587.5
365.5
54.42
-53.2
-57.47
-12.01
-6.956
-15.06
-13.58
-10.34
-8.32
-9.16
-9.21
-9.58
-12.18
-14.19
-17.93
-18.81
-19.62
-21.95
-23.14
-25.56
-27.75
-23.14
-23.93
-24.49
-26.24
-29.78
-28.45
-23.99
-29.1
-27.14
-27.56
-13.76
-19.34
-21.3
-21.15
-21
-20.49
-17.88
-21.11
-22.5
-25.22
-23.41
-23.87
-21.77
-20.35
-23.11
-23.2
-26.62
-25.48
-29.21
-27.66
-29.71
-26.93
-23.59
-25.73
-21.67
-29.01
-35.46
-29.43
-30.18
-33.87
-21.94
-11.27
-10.8
-2.067
12.83
19.64
21.06
44.32
80.6
74.2
69.8
171.1
325.1
263.9
400.7
384.5
473.2
547.1
442.7
542.3
260
598.2
570.1
364.6
475.3
688.7
655.3
668.3
634.7
608.8
655.2
415.7
632
534.4
532.3
604.4
463.7
378.3
221.1
132.8
104.6
81.8
-8.71
-3.529
2.797
-9.25
-20.39
-42.75
-45.67
-46.6
-44.24
-45.34
-44.54
-37.18
-37.4
-38.46
-33.88
-31.28
-31.43
-32.85
-37.27
-36.22
-35.04
-35.95
-33.63
-32.67
-32.34
-33.25
-35.54
-32.71
-33.85
-33.6
-36.81
-36.82
-35.44
-35.75
-35.48
-34.29
-34.67
-35.31
-34.45
-34.31
-33.98
-34.4
-32.65
-34.2
-35.46
-33.31
-23.97
-23.63
-36.77
-35.62
-36.5
-36.32
-36.93
-39
-38.92
-32.87
-26.23
-12.29
9.77
26.79
74.3
78.1
130.7
185.5
146.6
209.2
267.7
303
384.9
458.5
479.9
396.8
271.3
232
202.5
192.7
379.5
363.4
681.1
750
628.5
761
710
194.8
764
706
141.8
388.8
426.5
576
287.1
149.7
206.1
309.6
319.6
245.7
86.1
87.3
49.41
17.55
3.1
-12.8
-27.66
-36.39
-38.85
-40.59
-40.59
-39.22
-40.38
-38.19
-36.71
-44.11
-37.59
-36.27
-36.04
-34.49
-34.5
-34.81
-35.64
-34.78
-33.96
-32.46
-34.05
-37.65
-33.23
-29.86
-29.61
-29.76
-30.66
-30.22
-30.1
-31.27
-29.51
-29.52
-30.18
-29.11
-29.41
-27.41
-25.67
-25.44
-23.44
-24.12
-22.9
-23.64
-24.35
-13.29
-26.94
-25.3
-20.29
-20.51
-29.41
-32.1
-14.99
-0.148
11.01
28.88
57.61
90
126.1
187.4
274.6
186.8
357.5
402.8
462.1
365.3
500
532.5
563.1
555.5
611.1
602.6
629.1
643.4
662.4
652.1
701
552.4
641.8
752
478
151.7
161.2
165.2
157.3
157.5
147.6
141.4
126.7
114.4
103.9
96.4
89.1
72.1
56.63
36.97
14.03
-6.995
-21.44
-34.26
-27.32
-29.06
-32.26
-31.41
-27.51
-23.09
-16.41
-30.43
-18.94
-28.69
-31.37
-30.19
-31.08
-32.34
-32.79
-33.62
-32.41
-32.46
-31.33
-31.98
-28.16
-16.46
-14.33
-6.272
-18.89
-31.83
-43.91
-37.88
-20.79
-24.65
-26.95
-20.71
-15.95
-19.34
-20.2
-20.01
-25.27
-22.78
-19.77
-21.07
-21.09
-26.98
-22.03
-18.45
-20.92
-18
-20.06
-12.2
-16.71
-13.64
-3.991
9.54
29.87
50.51
75.4
105.2
119.2
135.5
155.9
183
220.7
252.8
375.4
464
651.4
625.8
655.1
557
595.7
587.2
603.9
624.5
595.5
758
587.1
729
623.5
467.7
650.7
562.8
484.4
395.6
359.1
350.5
303.9
257.2
341.9
306.8
234.2
181.7
100.7
80.6
54.66
24.6
-11.35
-35.99
-41.4
-39.88
-38.56
-36.84
-35.32
-33.91
-35.4
-36.48
-36.9
-36.32
-34.35
-34.57
-37.76
-38.46
-38.34
-39.33
-40.64
-41.63
-38.92
-44.47
-43.99
-46.81
-47.38
-44.69
-40.98
-39.64
-39.94
-40.05
-42.92
-41.42
-40
-39.89
-39.05
-38.63
-38.4
-38.04
-41.57
-40.69
-40.67
-41.14
-8.54
-11.3
-14.38
-24.44
-14.56
-45.99
-47.94
-46.43
-41.2
-25.66
-2.877
30.54
74.9
109.8
151.5
145.6
92.6
172.9
181.1
201.4
229.8
301.7
313
332.1
296
326.7
313.9
337.4
360.4
419.4
363.6
520.9
601.4
431
513.9
343.8
403.1
231.3
622.2
622
610
240.7
350.5
201.1
412.3
218.7
228.9
274.1
225.4
168.8
117
71.7
29.28
-6.389
-36.48
-47.9
-52.04
-52.29
-52.45
-52.04
-51.74
-50.9
-51.32
-53.77
-51.81
-50.56
-48.94
-49.52
-50.82
-49.25
-50.86
-50.28
-51.11
-50.31
-49.9
-50.35
-52.03
-51.89
-51.65
-49.89
-50.67
-50.76
-49.32
-45.38
-48.61
-50.83
-45.51
-44.87
-43.38
-40.23
-40.28
-41.81
-41.33
-41.01
-41.51
-39.22
-39.81
-39.97
-38.6
-41.16
-41.15
-41.62
-38.37
-42.21
-38.77
-26.46
-4.783
25.62
1.924
82.1
145.9
197.2
248.1
298.6
346.7
357.3
383.1
460.7
483.9
497
532.3
563.9
598.8
619.2
565.6
505.3
258.6
429.6
589.3
497.7
363
364.8
377.3
487.4
559.5
320.2
372.4
540
364.2
412.1
401.5
375.6
277.9
244.2
115.3
-15.45
-34.61
-10.36
1.225
3.032
-20.55
-43.8
-49.08
-47.02
-45.55
-40.39
-36.22
-34.24
-38.47
-40.91
-41.87
-42.44
-42.56
-44.27
-41.59
-42.27
-42.23
-43.32
-43.91
-43.52
-42.83
-43.84
-44.97
-44.13
-43.31
-42.88
-43.21
-42.58
-44.09
-43.62
-43.78
-45.02
-44.57
-42.74
-40.51
-41.1
-43.24
-42.63
-40.81
-44.65
-42.58
-45.04
-42.34
-42.42
-44.23
-38.57
-34.85
-37.28
-36.23
-38.92
-37.01
-26.72
-12.76
3.952
6.383
19.04
95.6
142.1
186.6
236.4
280.6
315
364.7
409.2
431.1
434.6
480.2
523.7
536
550.5
537.6
560.7
587.3
594.8
601
624.2
588.8
590.7
589.9
577.9
571.4
550.7
524.8
496.3
463.8
441.8
413
368.2
341
291.1
212.3
168.6
108.7
50.21
7.26
-21.27
-41.55
-51.64
-52.36
-53.81
-56.33
-57.38
-57.87
-57.3
-56.1
-56.18
-54.32
-51.53
-52.7
-51
-50.8
-51.46
-51.53
-51.79
-51.34
-50.76
-51.7
-52.71
-51.86
-51.77
-52.55
-51.74
-52.36
-50.02
-47.84
-50.33
-49.48
-48.7
-49.3
-48.66
-47.64
-47.54
-45.37
-43.47
-47.3
-40.56
-37.47
-43
-41.36
-49.4
-53.22
-51.01
-50.03
-50.14
-53.22
-51.06
-48.75
-40.59
-31.33
-19.28
-18.76
32.23
86.7
129.6
163.5
230.3
297.7
335.2
370.7
394
390.6
401.8
461.2
504.4
528.6
518.5
567.3
549.2
578.2
574.4
599.4
599.9
611.7
620.3
542.1
557.4
541.6
512.7
488.4
479.4
442.1
443.6
397.5
338.4
270.2
218.4
199
138
92.9
60.56
26.8
-16
-38.59
-49.73
-51.64
-51.52
-51.88
-53.78
-53.58
-52.63
-55.18
-54.84
-53.12
-51.99
-50.51
-49.17
-47.45
-44.19
-44.15
-44.83
-44.29
-42.85
-41.93
-41.07
-39.69
-39.94
-38.21
-40.01
-43.93
-43.59
-44.92
-39.87
-35.71
-42.07
-49.86
-38.5
-39.21
-38.75
-38.35
-37.61
-37.44
-36.49
-36.18
-35.51
-34.61
-34.95
-36.82
-36.16
-36.08
-36.35
-36.84
-36.64
-32.96
-21.58
-10.66
-1.045
13.73
38.13
71.2
108.1
136
305.3
358.5
241.4
365.4
470
435
422.3
439.9
571
604.7
634.4
625.9
532
617
576.4
389.5
498.7
685.3
675.9
637.4
736
584.3
632.8
634.8
621.2
304.7
444.6
461.9
312.3
33.43
37.12
44.16
34.53
31.33
22.85
6.713
-6.748
-24.17
-23.9
-22.75
-36.12
-35.66
-36.07
-32.52
-33.57
-30.54
-29.64
-29.35
-24.01
-23.1
-26.9
-31.96
-28.32
-22.66
-26.9
-29.97
-31.83
-32.84
-33.2
-33.89
-32.17
-30.23
-26.59
-30.53
-28.28
-27.67
-27.49
-31.3
-32.46
-31.69
-31.42
-30.05
-28.52
-27.92
-29.72
-32.78
-29.87
-28.63
-30.14
-27.2
-32.68
-34.55
-38.21
-39.52
-39.36
-38.62
-33.8
-38.42
-28.93
-14.05
1.924
38.25
51.27
92
145.4
153
176.9
160.9
382.7
436.6
458.8
454.3
370.2
454.3
439.4
665.5
445.9
508.8
366.8
593.8
606.7
442.7
607
540.2
488.9
339.6
186.4
158.4
339.7
149.7
68.01
114
85
51.06
50.37
-15.91
8.05
9.46
-2.336
-15.31
-15.4
-17.96
-34.97
-26.04
-18.68
-27.35
-21.27
-31.57
-29.03
-26.88
-36.88
-23.36
-18.26
-18.18
-23.7
-25.43
-24.63
-19.76
-20.5
-22.57
-19.13
-16.12
-18.6
-18.44
-17.44
-16.33
-14.79
-16.08
-16.21
-16.64
-19.44
-21.06
-21.75
-21.65
-19.32
-25.01
-25.77
-23.57
-23.97
-26.52
-28.5
-34.52
-36.72
-30.21
-22.76
-20.81
-22.56
-23.72
-27.33
-27.55
-26.03
-30.94
-33.16
-30.69
-12.72
6.919
36.91
49.39
43.08
44.51
36.9
26.14
10.18
199.6
285.8
281
276.2
271.4
266.6
314.3
312.4
566.5
610.1
601.4
588.8
604.9
543.1
617.1
645.6
613.1
572.4
518.3
612.2
399.3
243.8
224.4
117
326.6
462.5
252.2
319.7
132.6
302.4
249.9
186.6
136.7
92
46.25
7.83
-28.78
-40.77
-41.97
-42.54
-40.05
-37.83
-38.67
-39.71
-41.84
-43.92
-43.71
-44.93
-43.82
-46.11
-44.65
-45.53
-48.63
-49.27
-46.37
-45.5
-46.48
-45.61
-42.67
-44.5
-44
-40.45
-40.35
-40.95
-44.21
-42.04
-44.33
-44.38
-42.61
-42.95
-42.3
-43.58
-43.07
-41.84
-44.11
-41.38
-40.5
-46.06
-46.07
-45.03
-43.48
-39.17
-42.04
-41.71
-40.99
-43.86
-38.05
-14.56
16.83
7.39
43.32
74
109
155.4
155.9
220
289.8
334.4
390
426.9
456.3
491.1
528.1
522.2
566.5
562.5
545.6
574.7
595.5
593.8
599.5
628.6
615.3
598.2
651.5
522.3
402.8
590.3
536.8
544.1
348.6
458.7
404
357.8
313.5
263.9
223.4
174.3
125.2
74.1
34.41
-3.807
-36.17
-48.58
-47.11
-48.42
-51.35
-50.92
-50.91
-50.41
-50.46
-49.36
-48.13
-47.34
-48.22
-47.94
-48.29
-48.36
-48.08
-46.32
-47.82
-46.23
-48.02
-51.7
-51.67
-52.36
-51.71
-51.45
-51.83
-49.65
-50.78
-48.33
-48.45
-48.33
-48.08
-49
-49.72
-51.89
-48.37
-54.48
-50.49
-49.84
-49.34
-50.45
-50.45
-49.91
-49.76
-49.85
-48.68
-47.17
-46.53
-45.92
-46.1
-48.82
-34.95
-8.35
19.81
54.59
93.6
137
190.9
227.9
275.2
310.8
362.3
396
432
465.5
505.8
553.9
551.8
541.7
553.3
560.2
570.3
591.7
607.7
608.3
614.5
640.8
625.9
645.8
610.7
564.3
554.9
531.1
490.2
469
425.3
364.2
322.8
273.5
220.3
170
120.1
69.57
25.55
-10.71
-40.53
-51.87
-53.69
-56.69
-54.57
-53.5
-55.14
-53.22
-53.06
-52.03
-52.75
-54.53
-56.78
-55.77
-54.08
-52.14
-52.52
-52.05
-51.19
-52.02
-51.63
-53.5
-53.89
-54.18
-53.83
-53.17
-54.79
-55.71
-56.47
-56.56
-56.84
-57.13
-57.54
-57.3
-58.57
-56.06
-56.36
-54.3
-53.82
-50.44
-50.95
-50.49
-51.94
-50.99
-52.63
-52.64
-52
-50.76
-49.79
-49.16
-50.11
-61.95
-42.63
-7.85
25.7
64.28
104.3
147.3
198
245.1
307.2
339.4
384.3
427.7
458.9
487
518.8
546.6
569.7
559.4
556.7
573.5
572.4
598.5
600
612.1
602.1
450.5
498.4
642.8
580.1
595.5
559.3
513.3
492
460
406.4
371.3
323.5
278.2
223.1
169.9
121.1
45.37
-20.95
-16.22
-42.95
-49.16
-48.54
-50.64
-51.87
-51.25
-51.45
-48.86
-49.41
-50.43
-50.6
-50.22
-51.44
-53.35
-54.2
-53.66
-54.12
-54.46
-55.12
-55.69
-56.91
-56.54
-56.95
-57.6
-53.35
-49.92
-52.11
-54.02
-48
-46.17
-43.93
-51.59
-50.73
-49.11
-50.79
-50.2
-51.62
-50.75
-49.27
-51.42
-50.15
-49.35
-49.84
-51.74
-51.38
-50.99
-53.79
-54.42
-52.69
-54.82
-52.08
-51.68
-34.23
-5.441
13.89
-27.85
49.43
142.5
190.3
244.8
288.8
336
373.7
415.3
454.1
493.3
522.4
552.8
582.2
572.5
558.6
573.5
582.1
588.2
590.8
596.5
601.2
616.5
640.8
594.4
590.9
588.2
546.2
534.2
487.5
461.2
409.6
359.3
316.8
270.7
223.3
180.9
117.2
71.8
22.06
-23.28
-47.56
-49.56
-47.21
-47.26
-49.98
-51.71
-49.75
-49.72
-48.84
-48.87
-49.58
-48.17
-47.43
-46.56
-45.63
-47.17
-47.23
-48.76
-49.99
-49.18
-52.5
-52.71
-51.98
-51.4
-51.14
-50.81
-51.73
-52.45
-53.9
-51.72
-51.72
-53.69
-53.48
-52.48
-51.17
-45.95
-48.64
-50.05
-52.02
-61.85
-47.63
-37.47
-41.35
-40.85
-50.6
-52.25
-58.32
-57.23
-54.47
-53.96
-76.1
-65.18
-41.79
-4.123
30.66
-5.871
29.96
139.7
194.5
260.9
211.9
350.4
301.1
203.8
235.9
500.5
251.6
551.1
540
559.5
373.6
652.1
580.2
608.7
588
602.6
603
630.1
631.5
608.6
643.3
509.2
568.9
558.6
541
345.5
387.9
401
190.7
242.8
124.6
131.8
81.7
10.02
0.538
-27.62
-44.25
-52.15
-52.29
-54.2
-53.81
-49.54
-48.84
-49.97
-48.73
-48.99
-46.95
-44.33
-46.15
-47.79
-48.29
-46.32
-45.71
-49.17
-48.5
-47.38
-51.58
-51.82
-50.98
-55.08
-49.57
-50.08
-51.86
-49.32
-51.21
-51.72
-46.54
-46.9
-45.73
-45.22
-46.63
-46.54
-48.17
-47.32
-45.59
-44.88
-49.87
-50.11
-48.1
-49.74
-50.6
-50.25
-48.92
-44.03
-34.46
-32.4
-36.54
-36.72
-41.11
-20.24
23.36
38.35
116
198.6
172.4
134
190.8
160.1
239.3
380.8
424
462.5
432
483.6
545.7
556
472.4
534.6
626.3
528.3
601.4
674.7
575
417
570.5
635.2
492.9
379.2
532.3
541.3
486.8
450.9
403.5
371
321.9
132.6
85.9
68.02
21.82
15.82
13.13
-38.05
-55.48
-59.16
-61.69
-60.24
-59.21
-58.64
-58.11
-57.48
-55.96
-56.44
-55.91
-55.06
-53.19
-51.58
-39.04
-26.12
-24.32
-22.8
-31.47
-51.08
-56.72
-56.57
-56.99
-57.29
-57.08
-56.91
-57.32
-57.9
-53.89
-54.67
-54.87
-58.51
-61.23
-58.3
-56.47
-55.37
-54.25
-51.84
-54.61
-56.31
-58.78
-56.27
-57.24
-53.9
-57.3
-54.72
-52.94
-50.74
-54.89
-54.44
-52.51
-46.26
-35.04
-4.836
29.95
75.8
64.52
82.3
185.3
203.4
274.4
330.4
295.6
336
456.9
480.9
510
524.4
547.4
501.7
525.1
495.4
497.3
426.9
370
535.5
429.4
605.2
628.5
596.7
585.3
552.8
527.2
503.8
468.4
430.4
394
354.5
306
263
176.8
107.8
113.2
48.35
-14.43
-28.76
-48.81
-52.46
-52.03
-54.06
-55.42
-53.4
-50.96
-46.53
-48.03
-52.27
-53.94
-50.31
-48.67
-52.01
-50.22
-51.69
-51.7
-52.42
-49.01
-51.25
-49.58
-50.57
-50.92
-49.86
-50.49
-50.98
-47.1
-49.45
-54.74
-54.27
-53.91
-48.4
-51.68
-56.7
-51.46
-55.85
-52.15
-53.97
-54.94
-55.6
-49.77
-52.98
-55.02
-56.29
-56.47
-57.46
-56.63
-53.31
-31.52
-51.92
-38.31
-28.07
-35.14
-10.18
22.72
62.39
57.23
157.25
154.05
270.75
355.5
384.5
399.6
465.25
506.95
528.6
519.2
489.3
512.35
531.45
561.8
575.2
566.5
601.7
615.15
627.1
632.55
623.8
582
583.6
553.85
535.85
508.6
470.85
374.9
308.3
236.35
270.65
279.3
210.75
151.55
84.65
23.3225
3.705
-9.346
-28.265
-40.05
-41.98
-40.91
-38.53
-38.195
-40.42
-40.755
-42.105
-41.955
-39.99
-41.37
-41.67
-42.14
-42.03
-40.445
-40.225
-39.755
-39.03
-40.28
-41.265
-41.74
-41.815
-41.38
-40.715
-40.93
-41.495
-41.21
-41.83
-42.625
-44.065
-41.82
-41.48
-42.3
-41.83
-41.545
-41.02
-41.435
-42.73
-41.605
-43.065
-41.57
-42.125
-43.785
-43.195
-39.375
-37.4
-32.31
-28.135
-33.5185
-43.31
-20.941
-2.12
23.705
33.485
78.95
142.45
132.8
181.95
225.15
294.15
339.05
389.65
426.8
459.1
487.3
498.95
521.95
507.85
520.4
543.35
564.7
587
499.45
448.3
528.95
587.1
613.3
664.05
582.65
524.65
483.05
467.2
497
434.85
440.6
399.1
304.2
194
235.7
210.9
137.7
41.33
15.82
0.195
-7.097
-28.845
-42.655
-46.59
-47.9
-47.695
-48.865
-49.63
-47.72
-46.99
-45.72
-47.41
-47.27
-46.335
-45.64
-44.415
-44.29
-44.965
-44.29
-43.665
-43.625
-43.475
-42.12
-41.6
-41.615
-43.745
-42.36
-42.245
-42.2
-44.06
-64.19
-45.56
-44.335
-45.275
-45.545
-44.965
-45.16
-45.825
-45.805
-45.515
-45.485
-45.785
-48.31
-48.16
-46.85
-47.02
-45.535
-45.975
-46.14
-43.685
-44.54
-31.665
-24.75
-12.999
8.004
45.985
69.3
142.7
172.7
169.2
241.8
302.45
340.45
387.1
426.9
466.5
471.8
485.5
484.8
511.6
532.9
572
439
465
484.15
503.3
588.3
427.6
454.5
615.7
669.3
441.2
601.1
458.5
552.7
560.5
354.3
420.2
416.1
410.7
310.5
258.7
185.4
167
107.2
9.89
-7.92
-27.6
-43.02
-45.17
-35.63
-33.08
-30.75
-28.68
-26.05
-24.19
-29.89
-30.61
-35.22
-42.37
-42.85
-45.74
-45.36
-47.36
-45.63
-48.61
-45.48
-44.17
-42.22
-39.34
-42.23
-46.03
-53.61
-52.7
-48.88
-55.68
-48.33
-48.45
-47.48
-45.56
-46.33
-48.84
-49.29
-49.44
-45.74
-48.04
-47.06
-46.02
-48.08
-48.21
-45.94
-47.34
-47.15
-47.47
-50.16
-48.36
-43.24
-20.74
-12.94
2.289
18.02
20.74
31.83
66.51
102.6
46.52
29.21
254.8
132.7
262.1
341
382.6
409.4
423.5
485.1
514.8
512.4
503.3
505.1
509.2
549.6
436.8
558.6
573.1
551.5
567.1
528.6
448.3
517.2
350.1
496.9
347.4
455.3
419.4
387.5
293.3
289
224.4
183.2
123.7
82.1
53.41
12.18
-26.65
-46.11
-55.75
-58.32
-55.78
-55.5
-54.01
-52.91
-54.16
-56.35
-55.33
-54.43
-53.12
-50.63
-49.17
-50.56
-49.28
-49.24
-51.22
-51.05
-50.05
-52.3
-53.89
-54.19
-55.27
-55.82
-56.92
-55.45
-50.96
-59.98
-57.63
-53.94
-57.22
-65.97
-58.72
-57.32
-53.69
-58.78
-57.79
-55.14
-53.93
-52.06
-50.93
-53.3
-53.43
-52.96
-53.74
-53.67
-51.74
-52
-53.67
-53.67
-46.4
-41.83
-20.75
-9.07
37.76
73.7
119.2
166.5
206.4
250.5
296.6
338.1
382.3
416.9
448.1
495.8
506.6
500.8
516.4
498.3
534.3
535.5
541.1
555.2
527.9
565.6
586.1
625.4
572.8
564.4
540.4
521.5
543.9
509.8
452
398.6
344.7
290.3
246.7
195.6
148
95.7
48.22
8.22
-27.23
-51.32
-57.89
-60.51
-61.17
-62.04
-63.89
-65.65
-65.2
-66.19
-65.61
-66.24
-66.35
-66.57
-63.46
-63.38
-63.89
-63.16
-65.13
-67.69
-69.83
-69.87
-68.5
-68.79
-69.53
-67.45
-65.82
-64
-62.06
-62.77
-63.39
-64.77
-63.29
-60.89
-61.86
-62.88
-61.43
-57.84
-56.85
-58.02
-58.86
-57.08
-55.81
-54.53
-57.94
-56.96
-57.99
-53.64
-55.98
-53.58
-54.47
-54.57
-66.41
-67.68
-22.63
8.93
42.36
74.2
108
145.5
208.3
236.1
264.3
327.3
387.3
395.8
432.8
446.4
483.2
529.9
510.9
482.7
424
289.2
312.1
332
342.4
366.4
527.2
408.1
387.7
447.6
504.5
456.5
447.2
453.5
393.6
319.6
333.8
294.8
195.1
56.58
70.2
108.7
26.3
-20.09
-37.6
-53.29
-56.2
-57.23
-60.54
-58.6
-59.93
-59.39
-59.52
-59.28
-59.35
-58.51
-57.01
-57.37
-60.16
-59.9
-59.35
-59.36
-56.88
-55.87
-56.87
-55.73
-55.83
-53.98
-53.94
-52.6
-53.25
-53.52
-52.75
-57.21
-50.89
-55.27
-49.37
-50.07
-52.34
-50.37
-52.9
-50.83
-54.33
-55.7
-59.99
-53.43
-55.04
-57.07
-59.78
-56.9
-56.57
-36.75
-34.31
-48.48
-39.31
-24.85
-12.27
9.76
27.91
47.63
43.29
36.54
94.4
146.9
163.7
259.2
142.9
210.1
370.2
406.4
452.7
472.2
505.1
471.5
515.9
507
510.2
543.3
553.2
436.8
215.4
389
609.6
421.7
568.6
548.9
545.6
581.8
342
183.4
314.1
395.6
395.6
347.1
236.7
96.8
91.9
3.063
-20.69
-8.2
-27.28
-46.03
-49.52
-52.35
-53.8
-56.65
-54.71
-56.25
-54.14
-53.67
-54.11
-55.06
-53.82
-52.74
-51.29
-51.64
-50.75
-50.2
-50.96
-50.36
-49.48
-50.34
-50.68
-52.68
-52.55
-54.61
-54.85
-53.07
-54.64
-54.88
-55.02
-57.98
-58.71
-57.51
-58.44
-57.44
-55.25
-60.88
-66.29
-60.84
-63.7
-62.03
-60.31
-59.75
-59.89
-64.28
-63.32
-57.45
-60.19
-60.4
-53.74
-55.19
-35.64
-25.74
11.45
40.59
81.1
66.86
113.8
142.2
157.1
251.8
293.7
341.4
375.3
412.5
446.8
474.9
500
487.5
501.7
499.2
513.5
528
534.1
530.8
532.2
534
541.4
567.1
558.3
545.6
523.8
481.2
466.1
437.8
394.2
358
314.8
268
220
176.3
131.8
80.6
35.01
-3.601
-34.36
-56.21
-59.88
-58.21
-58.04
-61.51
-62.77
-60.5
-60.67
-63.05
-60.69
-59.12
-59.67
-61.41
-63.32
-65.49
-63.22
-63.77
-62.65
-61.32
-63.47
-65.46
-64.44
-66.2
-63.9
-61.99