-55.41
-53.84
-49.85
-50.56
-49.57
-49.51
-51.07
-49.87
-48.07
-46.49
-46.39
-45.43
-44.64
-45.33
-47.32
-46.94
-47.77
-47.86
-48.35
-48.44
-45.99
-44.75
-44.31
-43.67
-38.92
-33.17
-30.49
-6.889
15.34
44.47
80.8
116.6
161.8
204.8
239.5
281
334.7
359.5
395.6
433.2
461.9
472.4
506.8
517
536.3
533.2
527.1
487.8
525.6
510
503.1
480.2
514.8
501.2
459.4
441.7
476
397.7
379
369.5
313.7
282.2
216
170.2
140.6
99.8
59.48
18.89
-15.75
-42.03
-62.93
-77.7
-82.1
-80
-80.3
-78.5
-76.9
-77.9
-74
-71.9
-70.7
-67.73
-68.11
-67.38
-67.66
-67.54
-67.83
-68.1
-66.05
-64.68
-66.38
-67.93
-72.1
-72.9
-61.85
-65.71
-64.57
-63.55
-64.59
-59.91
-59.09
-55.86
-57.43
-57.53
-48.47
-49.18
-49.64
-44.97
-42.26
-44.76
-48.78
-50.03
-51.98
-49.89
-50.25
-47.02
-44.16
-44.25
-44.07
-48.44
-42.83
-36.4
-29.14
-7.94
14.78
39.55
71.1
102.4
133.7
172.9
209.4
241.9
283.5
313.2
352.1
377.2
409.3
440.8
462.6
477.6
499.9
488.6
475.1
484.8
487.2
492.4
485.6
490.4
472.5
491.5
456.5
438.9
412.7
388.5
350
331.6
281.2
244.5
203.4
163.2
114
80.5
42.24
9.2
-17.6
-43.27
-61.03
-73.3
-78
-81
-78
-77.8
-72.7
-70.1
-67.41
-71
-75.2
-75.4
-69.28
-68.03
-67.7
-69.28
-69.71
-70.6
-69.71
-64.11
-66.74
-70.6
-69.06
-64.05
-68.34
-68.44
-69.45
-65.98
-60.49
-63.61
-62.73
-59.15
-60.94
-56.68
-57.16
-56.91
-56.05
-51.81
-50.83
-50.85
-52
-50.23
-47.75
-45.62
-46
-45.17
-46.75
-46.23
-47.09
-46.16
-47.11
-39.67
-26.1
-9.52
9.87
32.41
60.89
92.3
126.5
158.9
193.4
230.3
269.1
301.5
338.8
354.4
369.6
411.8
440.7
445.3
469
452.3
463.3
462.7
473.7
474.3
464.7
459
456.3
463.6
437.4
439.9
407.1
369
337.8
301.1
271.8
228.2
181.3
139.8
100.5
61.56
26.31
1.242
-23.45
-44.76
-64.26
-73.6
-76.5
-77.5
-71.6
-68.44
-64.39
-59.91
-52.53
-54.15
-53.95
-51.98
-53.14
-50.44
-51.71
-52.35
-54.12
-50.44
-51.2
-46.15
-40.08
-38.98
-41.37
-39.21
-38.39
-40.12
-38.68
-32.97
-40.01
-43.57
-42.85
-49.51
-56.15
-52.72
-52.27
-63.44
-66.46
-65.5
-63
-60.32
-62.46
-61.68
-61.3
-60.59
-57.63
-54.38
-54.47
-54.16
-53.07
-52.15
-53.3
-47.71
-36.13
-20.12
1.117
26.42
56.66
87.8
119.2
154.6
190.6
224.8
261.7
298.5
333.4
361.4
389
418.6
430.9
457.3
468.4
463.2
448.3
417.1
381.8
417.7
435.3
464.8
402.1
424.4
315.1
297.6
267.7
265
267
199.4
146.7
141.4
101.4
85.2
60.24
39.35
14.35
-10.57
-28.14
-43.15
-59.29
-69.83
-72.1
-72.6
-69.69
-70.4
-70.4
-71
-70.9
-70.8
-70.6
-70.7
-73.7
-71.6
-71.2
-69.68
-68.58
-69.04
-67.94
-69.19
-65.94
-65.05
-64.83
-63.51
-62.84
-59.92
-58.45
-55.88
-55.2
-53.17
-53.75
-56.77
-57.37
-55.6
-54
-52.58
-52.71
-59.11
-58.37
-55.35
-55.21
-55.66
-53.53
-55.04
-58.9
-62.25
-61.31
-60.28
-59.54
-61.52
-56.52
-43.36
-27.33
-12.24
6.354
31.59
65
99.7
136.4
171.8
202.2
240.2
271.3
305.8
339.2
374.6
389
418.6
430.9
457.3
468.4
463.2
448.3
417.1
381.8
417.7
435.3
464.8
402.1
424.4
315.1
297.6
267.7
293.3
268.3
219
188.7
153.3
144.2
118.8
83.6
46.16
19.2
-3.631
-22.37
-41.05
-57.7
-70.4
-74.1
-77.1
-75.8
-74.1
-70.8
-70.5
-70.4
-68.66
-65.68
-64.14
-65.86
-64.04
-59.28
-59.67
-57.63
-55.25
-55.86
-55.31
-56.35
-58.93
-56.3
-52.16
-53.67
-58.91
-57.27
-55.1
-55.07
-50.5
-50.11
-50.15
-50.72
-52.66
-53.41
-51.49
-47.51
-52.76
-52.73
-51.02
-50.3
-50.22
-52.35
-50.67
-50.39
-49.8
-51.34
-52.62
-54.32
-54.54
-43.59
-27.38
-11.49
1.436
19.53
50.62
98.5
128.9
129.2
191.8
232.6
275.3
305.7
353.6
365.5
410.8
434.4
456.6
497.2
503.2
482.5
479.4
480.4
484
485.9
489.9
495.8
466.5
425.8
402.4
357.4
273.9
333.4
317.3
255.2
242.5
204.2
185.2
186
135.9
79
38.53
8.78
-10.58
-26.54
-43.24
-57.65
-63.81
-65.72
-65.51
-71
-72
-77.5
-70.5
-68.29
-67.46
-71.3
-70.8
-66.67
-70.4
-68.14
-66.38
-63.27
-54.48
-53.76
-52.03
-52.88
-54.77
-56.18
-56.42
-54.84
-56.93
-54.02
-46.51
-46.31
-50.48
-45.11
-43.19
-47.53
-44.83
-46.58
-46.29
-46.64
-44.59
-46.15
-50.27
-48.99
-47.79
-41.37
-37.56
-36.49
-38.66
-41.4
-46.73
-46.89
-45.68
-42.72
-30.78
-21.21
-8
23.68
65.31
59.53
75.5
61.74
79.1
123
247.8
148.5
255.1
376.6
393.7
394.9
364.5
494.2
378.9
576.6
361.3
338.4
467.5
458.2
455.3
485.8
453.8
434.5
422.7
413.9
383.3
347.3
359.5
326.8
309.2
276.5
225.8
183.2
121.9
93.6
64.94
31.59
1.071
-20.16
-41.08
-60.87
-74.5
-77.7
-76
-76.8
-76.2
-76
-73.4
-73.6
-69.92
-66.63
-66
-67.52
-70.5
-68.19
-66.58
-64.41
-63.69
-64.21
-61.77
-61.11
-64.25
-65.52
-62.16
-62.37
-61.12
-55.51
-59.99
-56.78
-57.16
-59.6
-56.27
-59.52
-61.35
-65.76
-63.72
-62.34
-60.26
-58.67
-59.17
-58.19
-55.42
-53.61
-51.95
-54.13
-55.22
-54.95
-55.74
-55.72
-56.36
-51.7
-40.04
-25.15
-7.14
17.47
48.21
80.7
115.5
154.2
192.3
228.2
264.2
293.8
327.4
363.3
390
411.8
417.8
442
457.4
440.3
462.3
474.6
497.9
448.3
455.2
464.6
479.2
467.7
455
427.9
361.2
302.7
311.7
363.2
283.2
258
222.7
188.3
134.5
90.9
29.63
2.893
-15.57
-31.89
-50.79
-64.99
-74.2
-74.3
-74.4
-73.3
-69.37
-71.6
-70.2
-69.49
-67.94
-65.63
-66.67
-64.9
-64.28
-62.16
-60.22
-60.36
-63.72
-62.36
-59.88
-59.49
-58.4
-56.05
-57.15
-60.54
-59.87
-59.19
-60.27
-56.26
-53.85
-51.66
-49.59
-47.99
-51.25
-53.5
-49.84
-55.56
-53.76
-48.93
-44.63
-44.37
-43.87
-44.5
-46.85
-46.03
-46.52
-46.35
-45.55
-48.17
-49.18
-46.34
-37.51
-21.88
-4.557
13.72
36.27
62.88
95
130.9
162.4
197.2
234.7
269.1
299.4
321.9
342.3
363.2
392.5
404.9
425.1
425.2
423.7
424.2
426.6
427.9
437
427.8
387
320.5
247.4
226.2
211.8
87.1
190.1
185.8
179.3
181.2
166.5
146.3
101.2
70.8
48.49
18.64
0.29
-22.24
-44.93
-58.33
-65.13
-67.02
-69.94
-68.03
-64.74
-67.72
-66.24
-66.06
-65.34
-67.87
-67.94
-68.79
-65.02
-63.24
-61.79
-58.98
-59.22
-60.82
-64.19
-64.54
-60.23
-60.42
-61.29
-62.83
-59.96
-57.61
-54.14
-50.6
-54.33
-54.83
-52.97
-50.69
-49.19
-49.46
-51.06
-44.52
-43.59
-50.8
-48.72
-47.74
-44.32
-43.02
-40.07
-41.52
-42.97
-41.25
-39.5
-38.79
-36.09
-31.71
-26.36
-18.27
-7.26
8.83
25.48
46
68.8
91.1
112.4
136.6
159.7
184.7
209
234.7
257.4
270.8
301.9
304.1
328.6
319.1
343.5
350.3
342.6
327.7
331.3
321.1
330.8
317.2
300.2
292.2
276.6
254.6
250.2
224.9
196
176.8
156.5
127
97.3
69.73
53.56
9.77
-29.38
-16.74
-18.11
-34.75
-40.77
-42.1
-41.87
-42.78
-48.14
-47.15
-45.84
-44.42
-44.07
-44.33
-41.2
-43.64
-46.03
-45.95
-43.56
-43.36
-42.39
-38.48
-36.14
-34.57
-35.4
-34.74
-34.38
-28.4
-16.17
-22.29
-30.25
-30.79
-31.3
-32.33
-33.14
-31.86
-32.1
-33.55
-34.61
-36.52
-35.2
-35.1
-32.54
-28.33
-22.12
-27.14
-27.98
-24.91
-22.43
-20.77
-16.71
-13.52
-10.16
-6.94
-3.26
2.397
5.578
15.02
23.19
29.01
48.6
91.8
125.2
151
159.7
204.3
181.9
217.3
232.4
272.6
271.9
332.2
378.3
302.9
348.7
416
402.2
396.2
395.2
359
379.4
312.3
361.3
360.7
303.2
179.8
175.9
274.5
251.9
182.1
165.6
120.9
54.16
48.07
32.97
13.55
33.9
9.5
-14.6
-29.79
-46.94
-47.43
-48.44
-48.49
-46.68
-43.91
-43.33
-45.61
-48.8
-50.78
-50.01
-49.15
-47.89
-47.5
-45.26
-45.82
-45.45
-45.18
-44.06
-41.18
-37.04
-35.74
-39.52
-41.16
-44.87
-47.9
-49.17
-46.62
-40.64
-44.03
-43.79
-39.18
-40.91
-39.78
-41.94
-40.28
-37.75
-38.31
-37.29
-39.3
-40.99
-40.43
-39.7
-39.75
-38.99
-37.33
-37.34
-36.67
-37.57
-33.4
-24.79
-12.48
1.645
17.8
40.13
63.23
93.2
124.4
156.8
190.2
222.6
248
277
304.4
340.6
370.4
400.9
430.4
454.6
450.9
485.7
487.1
524.7
497.5
490.4
497.5
509.9
493
448.3
439.9
432.7
423.6
377.9
346
295.3
281.7
260.1
224.3
180.6
126.2
74.3
32.35
3.781
-30.98
-34.25
-56.49
-65.39
-69.36
-66.48
-65.32
-69.04
-66.97
-69.74
-68.46
-68.32
-67.31
-67.52
-67.05
-65.28
-66.95
-61.67
-58.12
-58.62
-61.41
-62.64
-66.87
-64.08
-61.51
-61.2
-60.24
-57.98
-59.61
-54.71
-53.32
-50.44
-50.98
-50.46
-48.99
-51.32
-52.63
-50.86
-46.18
-44.15
-43.43
-44.04
-48.07
-52.32
-52.82
-57.55
-57.95
-57.49
-55.72
-51.88
-50.42
-45.62
-40.46
-33.09
-17.82
-3.516
12.03
47.7
77.5
104.1
136.7
174.6
199.8
244.2
290.7
301.5
333.3
363
381.1
396.9
419
440.4
458.7
462.2
458.3
457.8
458
453.1
449.6
426.1
418.7
376.5
371.3
364.9
340.6
307.1
272.1
249.4
229.9
197.9
158
126.3
95.1
62.28
32.45
7.02
-18.03
-38.26
-54.03
-61.43
-64.94
-63.38
-64.39
-63.06
-54.69
-55.37
-53.64
-52.21
-53.75
-52.17
-53.84
-57.67
-53.02
-54.27
-56.25
-52.22
-52.21
-44.86
-44.76
-45.66
-48.87
-46.2
-48.67
-45.7
-45.05
-51.68
-44.43
-44.54
-44.72
-47.32
-48.66
-45.01
-46.92
-47.27
-48.02
-47.94
-49.1
-48.84
-44.91
-36.86
-34.76
-41.4
-44.32
-41.51
-40.16
-39.08
-38.32
-33.97
-30.26
-18.34
-8.88
-0.554
0.409
1.491
10.19
31.73
64.97
158.2
178.2
183.7
191.6
228.6
243.9
269.8
303.9
311.5
335.6
366.3
383.3
394.6
382
377.5
371
374.2
373.5
342.7
270.8
267.6
282.2
248
242.5
203.9
192.2
181.4
163.5
152.8
131.8
111.2
85.5
57.81
24.75
1.579
-17.41
-34.18
-47.8
-56.24
-51.66
-56.34
-55.96
-54.06
-55.77
-56.13
-56.41
-53.67
-53.23
-55.18
-52.67
-52.52
-48.88
-51.47
-47.87
-46.25
-46.65
-47.16
-48.84
-49.07
-48.61
-50.69
-49.25
-47.92
-44.15
-44.08
-43.33
-40.13
-37.64
-37.86
-39.15
-39.59
-40.27
-38.89
-33.99
-37.05
-37.9
-37.17
-35.39
-34.42
-27.41
-30.98
-31.75
-26.63
-28.56
-28.91
-32.27
-33.46
-30.86
-25.88
-15.35
-1.539
1.634
19.34
32.28
46.13
76.9
64.03
106
136.8
192.6
178.4
237.5
272.3
289.6
310.9
320.5
335
352.6
345.8
354.3
295
243.9
241.3
351.8
348
334.3
251.6
330.7
193.7
168.3
239.6
229.7
201.5
102.6
148.2
127.9
102.8
80
56.98
30.91
11.31
-4.665
-18.95
-35.66
-44.56
-48.64
-48.2
-46.37
-46.86
-46.9
-44.25
-40.53
-39.67
-43.22
-42.48
-45.84
-42.32
-42.17
-42.32
-40.71
-31.84
-26.99
-30.8
-38
-27.41
-25.86
-27.84
-40.52
-42.53
-42.1
-45.3
-43.15
-34.43
-35.22
-44.21
-46.22
-45.89
-43.96
-42.48
-42.01
-42.11
-41.73
-40.42
-39.76
-39.65
-40.48
-40.81
-39.31
-38.33
-35.87
-35.48
-36.41
-34.18
-29.22
-20.87
-11.34
2.217
17.92
34.9
54.81
75.6
99.4
108.6
88.6
176.8
189.3
225.8
248.8
264.8
276.5
299.3
198.9
112.8
116.3
133.6
139.1
167
187.4
173.2
172.7
183.1
180.7
123.2
91.3
68.4
60.59
54.13
52.94
41.8
30.76
24.83
22.47
23.14
26.07
24.71
18.44
10.48
0.858
-12.69
-25.45
-32.78
-35.07
-31.58
-33.63
-39.87
-40.12
-39.27
-42.03
-38.88
-33.54
-33.78
-37.01
-40.76
-42.2
-39.2
-27.58
-27.6
-27.68
-31.89
-30.16
-37.32
-40.6
-39.68
-42.1
-42.02
-39.19
-39.96
-38.33
-41.33
-38.67
-37.11
-35.82
-34.92
-35.47
-37.06
-36.19
-35.35
-36.19
-35.91
-36.15
-35.99
-36.2
-34.66
-34.89
-35.75
-36.19
-34.51
-34.69
-34.64
-31.21
-21.19
-7.49
-8.08
-7.04
58.04
86.9
116.5
149.3
184.4
222.4
252.6
302.3
334
363
392.6
430
441.2
451.1
486.8
506.6
512.1
504.6
514.8
513.9
511
505.3
512.1
501.1
481.2
474.4
445.5
417.4
385.8
349.6
292.2
286.1
259.8
220.4
174.5
132.1
91.5
55.34
24.82
-2.347
-23.09
-39.15
-48.64
-52.39
-52.27
-53.8
-55.15
-52.2
-50.38
-46.72
-34.76
-40.18
-39.08
-44.01
-41.81
-30.13
-24.01
-24.38
-29.2
-30.86
-25.92
-29.05
-32.56
-32.19
-30.78
-27.98
-24.5
-20.41
-17.18
-16.95
-15.67
-28.99
-35.02
-25.19
-16.96
-16.84
-12.15
-13.48
-14.31
-13.83
-13.32
-19.45
-32.6
-23.47
-16.17
-14.56
-16.3
-17.22
-29.76
-39.37
-39.99
-33.23
-19.27
-1.758
11.84
21.42
40.72
78.7
110.5
148.6
191.4
213.6
218.6
281.2
311.5
342.7
377.2
400.9
421.5
443.1
473.3
479.9
487.4
494.5
497.5
514.5
496.6
493.4
497.5
482.2
472.1
435.7
414
387.9
357.5
327.8
289.9
238.2
223
183.5
153.2
79.9
64.52
68.48
30.05
3.283
-18.02
-33.89
-45.23
-49.85
-49.97
-49.47
-50.63
-48.94
-49.12
-48.33
-48.68
-49.86
-50.58
-49.72
-49.15
-48.03
-48.05
-47.36
-47.68
-46.95
-44.72
-44.11
-45.29
-44.54
-45.81
-47.24
-45.27
-43.32
-39.83
-35.73
-35.79
-34.41
-34.81
-36.09
-35.91
-36.61
-35.26
-36.28
-37.3
-37.2
-37.3
-37.63
-36.48
-35.87
-36.17
-36.26
-36.15
-36.15
-35.03
-33.64
-30.19
-20.53
-3.819
3.074
12.45
15.11
20.23
24.83
28.17
22.67
18.69
33.71
31.56
36.13
41.83
33.34
20.77
-7.04
-17.67
41.43
85.3
133.8
128.5
151.4
255.3
276.7
236.5
144.9
48.43
22.59
25.12
34.77
47.69
100.7
96
59.26
50.38
50.79
35.1
23.01
23.99
13.24
7.89
7.49
4.433
-1.895
-6.75
-10.94
-17.13
-18.88
-20.91
-24.2
-21.24
-18.68
-18.26
-17.75
-20.52
-22.47
-19.94
-21.01
-22.76
-23.32
-28.32
-26.2
-18.58
-17.05
-16.36
-16.63
-18.89
-21.86
-26.12
-25.87
-20.34
-21.35
-24.88
-24.16
-25.28
-27.3
-29.95
-29.18
-24.03
-23.93
-30.97
-34.51
-34.41
-33.84
-33.37
-34.42
-34.76
-35.67
-35.89
-36.02
-37.01
-35.89
-33.82
-32.93
-30.79
-24.38
-14.05
-6.304
8.54
31.41
43.3
81.2
125.2
176.8
181.7
170.9
214
278.3
307.6
335.3
369
386.1
406.9
435
451.8
472.3
480.8
472.3
470.5
473.1
473.8
468.3
460.4
451.1
440.4
423.7
395.1
358.7
339.9
305.7
265.2
238.5
206
174.7
140.1
94.1
82.7
52.58
19.15
-9.74
-30.35
-46.64
-60.04
-62.34
-63.67
-61.89
-59.54
-57.85
-49.63
-39.01
-32.75
-39.31
-45.65
-48.37
-48.52
-45.06
-41.59
-28.23
-24.04
-17.1
-22.34
-32.13
-33.15
-33.37
-37.09
-39.09
-38.44
-39.44
-43.02
-42.84
-44.14
-42.67
-42.95
-41.49
-40.43
-39.39
-39.7
-39.63
-32.87
-27.99
-40.34
-40.87
-40.77
-35.42
-34.3
-22.75
-21.1
-26.53
-22.56
-21.27
-13.73
-7.4
1.618
12.06
21.86
21.42
22.05
29.04
65.12
89.9
119.4
168
207.3
213.5
226.8
220.3
274.3
454.3
462.6
479
500.9
523.3
522.6
535.5
523.5
510.8
533.8
386.3
296.9
352.6
409.4
416.2
437.1
400.1
342.3
297.7
241.4
211.6
204.9
194.7
165.4
148.1
87.9
63.97
16.49
4.245
-26.79
-25.42
-26.67
-37.4
-44.36
-44.76
-43.47
-46.61
-42.15
-42.43
-40.86
-45.22
-39.44
-38.91
-36.3
-35.11
-34.68
-32.98
-35.13
-36.98
-32.97
-27.13
-15.66
-19.23
-22.32
-26.61
-27.18
-28.76
-37.19
-18.16
-13.38
-10.19
-14.29
-21.77
-21.72
-17.65
-24.69
-95.9
-32.04
-14.92
-16.2
-11.51
-11.25
-14.08
-76.4
-76.8
-57.4
-66.88
-39.3
-12.67
-10.62
-9.14
-9.28
-7.04
5.954
23.35
25.28
40.03
71.8
87.5
91.3
108
83.1
61.1
56.76
100.5
160.9
178.9
200.3
211.8
242.8
264.3
376
408.9
556.2
557.3
564.7
508.2
538.1
497.7
492.9
471.8
443.7
418.2
378.1
344.4
306.3
283.9
251.3
209.9
169.7
137.6
103.6
66.13
32.06
4.957
-13.46
-28.88
-38.96
-42
-43.12
-43.87
-45.48
-44.48
-44.79
-45.18
-44.06
-42.16
-42.12
-40.37
-40.99
-40.99
-41.55
-39.14
-38.61
-39.25
-35.83
-33.81
-32.63
-33.41
-33.86
-34.13
-34.12
-34.58
-34.79
-35.64
-35.82
-35.38
-34.03
-34.75
-35.15
-36.36
-35.82
-35.46
-33.52
-35.06
-34.89
-34.78
-35.55
-35.8
-35.28
-34.46
-32.71
-32.81
-33.22
-33.56
-31.22
-21.37
-8.33
8.35
27.29
51.43
79.9
107.2
143.3
181.5
216.9
251.4
284.2
317.3
360.6
385.8
415.1
450.1
467.3
482.8
510.3
520.9
533.4
532.8
534.7
525.9
533.7
535.9
537.4
524.4
474.9
408.7
436.6
426.3
402
367
321.3
296.8
252.2
216.7
181.5
141.5
101.8
64.94
33.48
5.916
-17.66
-36.28
-48.83
-52.85
-52.23
-50.43
-49.65
-49.13
-47.82
-46.02
-45.92
-45.77
-44.37
-43.64
-43
-42.06
-42.21
-42.28
-38.91
-27.82
-18.37
-19.66
-23.92
-31.56
-27.85
-26.21
-24.89
-40.96
-57.03
-73.1
-23.05
-24.29
-30.04
-35.06
-42
-47.24
-47.2
-45.65
-44.12
-45.63
-45.07
-45.39
-43.35
-32.55
-14.13
-14
-13.87
-14.01
-13.54
-13.78
-13.46
-11.66
-10.8
-10.32
-50.01
-82.9
-55.28
-44.24
-32.16
-44.76
-33.78
-50.85
-53.32
-39.15
-18.92
-10.74
-2.762
-1.217
5.075
58.59
86.2
91.5
130.6
145.5
176
224.2
209.9
161.7
185.8
179.8
150.2
117.5
126.8
126.5
124.5
133.8
137.3
163.5
159.5
136
106.3
77.4
70.9
52.87
41.74
28.09
8.56
-10.11
-22.71
-27.96
-35.51
-39.94
-40.98
-39.68
-36.6
-34.71
-28.67
-21.31
-32.37
-30.3
-21.5
-33.27
-37.71
-28.78
-22.4
-33.7
-42.45
-44.09
-44.97
-45.36
-45.11
-45.19
-45.36
-44.88
-44.75
-44.6
-37.8
-40.71
-45.27
-47.14
-47.09
-47.7
-47.85
-47.82
-47.8
-47.34
-46.34
-45.58
-45.45
-45.74
-44.53
-44.52
-44.85
-45.91
-44.56
-45.44
-40.57
-31.95
-16.87
2.053
23.86
50.51
82.7
117.3
149.6
184.5
226.5
266.4
310.4
345.7
378.2
412
439.8
459.4
482.3
517.1
536.2
555.2
562.4
567.4
573
559.4
549.8
554
546.1
527
515.3
502.3
477.4
443.1
422.4
391.2
352.1
308.6
272.7
227.2
179.5
133.9
92.5
54.71
23.47
-4.022
-28.59
-46.8
-58.26
-60.21
-60.95
-59.82
-60.1
-61.14
-57.44
-58.13
-57.15
-56.89
-57.54
-56.21
-55.12
-54.8
-55.41
-55.5
-54.5
-53.73
-53.63
-52.29
-50.77
-50.61
-49.87
-49.74
-48.64
-49.4
-49.4
-48.66
-47.62
-46.37
-47.11
-45.85
-46.88
-47.22
-45.54
-45.55
-45.94
-45.7
-43.47
-44.85
-44.1
-39.44
-34.49
-30.25
-29.81
-35.49
-35.3
-32.45
-27.44
-23.74
-11.79
4.762
25.37
50.76
78.4
110.4
140.9
175.9
220.9
256.6
295.3
321.6
348.9
388.8
385.2
431
456.4
475.4
430.8
307.2
509.4
537
508.3
543.1
518.3
500.6
505.4
500.8
495.9
465.8
452.4
427.2
403
348.9
325.8
287.7
245.6
201.3
162.9
122.4
85.2
51.99
22.39
-1.717
-23.69
-39.69
-51.19
-52.16
-56.49
-54.3
-55.04
-55.39
-52.03
-50.39
-47.81
-47.05
-48.33
-49.23
-50.68
-46.39
-47.6
-42.27
-45.72
-37.23
-37.14
-41.48
-44.23
-31.39
-34.82
-23.11
-15.81
-12.98
-14.18
-10.46
-7.8
-11.78
-17.43
-18.5
-22.18
-28.4
-28.47
-29.58
-29.1
-30.28
-32.14
-30.17
-28.8
-35.63
-31.96
-30.15
-29.42
-32.54
-30.77
-30.8
-31.76
-21.8
-8.6
5.409
27.15
49.19
100.2
106
133.2
164.1
219.3
257.8
295.2
337.6
249.1
254.8
369.8
323.3
361.5
470.3
476.7
519.2
490
310
357.3
285
210.1
176.8
219.6
410.2
272.2
246.5
389.6
189
124.3
172
144.8
131.9
155
193.4
170
141.2
97.5
66.65
35.06
4.836
-15.88
-28.45
-41.83
-49.42
-53.34
-51.39
-48.73
-46.11
-45.31
-45.05
-41.29
-38.09
-37.19
-37.04
-37.2
-39.85
-37.55
-35.58
-33.85
-29.85
-28.31
-24.59
-25.63
-29.95
-29.64
-28.53
-34.1
-35.88
-36.16
-32.35
-31.28
-31.47
-31.74
-31.22
-32.2
-30.54
-24.69
-25.89
-29.64
-35.22
-32.58
-31.54
-32.08
-33.06
-31.77
-25.32
-17.62
-14.03
-13.38
-12.14
-14.39
-10.67
-0.443
17.01
48.87
67.09
74.1
84.5
132.2
132.1
122
127.1
145.9
253.1
378
346.2
407.6
394.1
441
474.6
499.2
504.3
502.5
508.6
510.5
518
525.6
513.7
205.4
385.2
458.5
272.7
340.3
428.6
358.6
378.2
342.7
296
255.9
219.9
180.6
141.1
98.4
60.78
25.62
-3.069
-28.01
-49.29
-60.1
-63.22
-63.3
-63.84
-65.27
-65.35
-65.03
-63.5
-62.88
-59.59
-59.42
-58.23
-56.78
-55.02
-55.68
-55.42
-54.34
-54.95
-53.13
-53.41
-53.77
-53.82
-50.51
-48.1
-47.76
-47.72
-47.42
-45.52
-43.24
-41.55
-43.11
-46.09
-47.94
-48.73
-48.8
-53.26
-54.66
-51.44
-48.45
-47.68
-48.94
-50.49
-50.88
-52.39
-54.31
-55.56
-55.76
-53.93
-47.78
-38.22
-15.38
9.17
-2.164
43.61
126.6
131.9
165.5
208.7
259.6
291.2
333.6
379.7
409.2
444.5
472
503.8
527.4
538.1
557.8
566.1
581.5
590.1
566.4
569.9
577.5
564.3
567.5
542.4
550.9
507.1
479.7
444.9
412.6
375.7
330.5
295
232.6
196.9
152
111.9
78.1
48.19
16.49
-12.21
-35.17
-54.64
-64.02
-67.56
-71.6
-69.68
-66.36
-63.11
-55.08
-60.92
-62.96
-64.56
-64.63
-66.31
-65.08
-62.21
-63.5
-64.15
-64.84
-65.88
-67.4
-65.57
-67.86
-67.81
-63.63
-62.12
-58.86
-57.82
-59.66
-54.32
-47.68
-47.52
-50.37
-48.14
-46.3
-45.14
-47.76
-47.76
-51.48
-49.54
-51.33
-53.24
-54.47
-54.21
-50.18
-48.38
-52.45
-52.72
-52.84
-50.63
-46.25
-36.58
-7.45
5.065
36.98
83.4
93.7
117
157.7
182.5
145.2
163.8
325.1
350.9
394.5
424.4
436.9
464.6
478.6
492.3
512.9
523.5
530.1
545
561.2
538.3
518.1
507.8
472.1
422.2
446.4
415.2
399.5
391.6
332.3
298.8
279.7
236.9
168.1
136
115.3
91.7
67.46
37.3
14.28
-8.45
-31.07
-48.83
-56.81
-60.42
-61.41
-61.73
-58.34
-56.89
-54.97
-49.65
-48.2
-49.7
-48.56
-48.65
-50.27
-43.61
-41.37
-48.6
-45.05
-42.94
-34.87
-44.23
-57.33
-54.94
-53.39
-51.24
-51.33