-32.12
-25.52
-18.92
-18.80
-18.67
-27.99
-37.31
-37.21
-37.11
-34.38
-31.65
-29.06
-26.46
-31.72
-36.98
-31.33
-25.68
-27.82
-29.95
-33.00
-36.04
-36.70
-37.35
-36.15
-34.95
-25.96
-16.97
3.03
23.02
53.61
84.2
89.25
94.3
131.15
168
234.50
301
336.70
372.4
402.90
433.4
456.00
478.6
467.10
455.6
505.10
554.6
562.85
571.1
473.15
375.2
425.65
476.1
387.20
298.3
260.40
222.5
199.90
177.3
209.00
240.7
197.50
154.3
163.80
173.3
131.30
89.3
55.05
20.79
-5.93
-32.64
-43.03
-53.42
-53.21
-52.99
-52.77
-52.54
-51.66
-50.78
-49.92
-49.06
-47.96
-46.86
-46.70
-46.54
-43.55
-40.55
-38.54
-36.52
-29.83
-23.13
-20.46
-17.79
-28.81
-39.83
-42.89
-45.94
-45.62
-45.3
-44.97
-44.64
-43.80
-42.96
-42.83
-42.7
-42.18
-41.65
-41.59
-41.52
-42.69
-43.85
-43.94
-44.02
-44.09
-44.15
-44.99
-45.82
-44.40
-42.98
-40.09
-37.19
-26.61
-16.03
5.07
26.16
54.83
83.5
119.45
155.4
194.70
234
270.50
307
334.45
361.9
291.85
221.8
246.75
271.7
341.15
410.6
455.75
500.9
529.10
557.3
547.05
536.8
530.50
524.2
505.55
486.9
473.00
459.1
430.75
402.4
367.35
332.3
290.70
249.1
209.10
169.1
121.50
73.9
43.48
13.05
-9.58
-32.21
-41.98
-51.74
-43.46
-35.17
-41.83
-48.48
-41.98
-35.47
-31.10
-26.72
-33.57
-40.42
-38.13
-35.84
-34.84
-33.84
-32.82
-31.8
-32.91
-34.01
-39.02
-44.03
-42.62
-41.21
-43.97
-46.72
-46.98
-47.24
-47.87
-48.49
-48.19
-47.88
-46.24
-44.6
-43.03
-41.45
-42.13
-42.81
-42.56
-42.31
-39.33
-36.34
-24.50
-12.65
-12.55
-12.44
-27.37
-42.3
-41.91
-41.51
-40.55
-39.58
-13.57
12.44
49.97
87.5
125.50
163.5
208.70
253.9
291.90
329.9
365.65
401.4
428.65
455.9
486.70
517.5
531.30
545.1
564.20
583.3
572.45
561.6
559.90
558.2
519.80
481.4
481.50
481.6
440.15
398.7
376.95
355.2
336.05
316.9
269.60
222.3
157.95
93.6
96.80
100
57.44
14.87
-6.43
-27.72
-29.53
-31.33
-40.06
-48.78
-50.15
-51.51
-48.91
-46.31
-34.87
-23.42
-18.33
-13.24
-13.25
-13.26
-14.37
-15.47
-14.96
-14.44
-18.21
-21.97
-27.54
-33.11
-38.87
-44.62
-38.99
-33.36
-35.16
-36.95
-37.77
-38.58
-27.38
-16.18
-12.56
-8.93
-8.63
-8.33
-8.17
-8
-7.93
-7.85
-8.10
-8.35
-8.43
-8.51
-8.94
-9.37
-9.58
-9.79
-9.37
-8.94
-5.21
-1.489
3.37
8.23
14.09
19.95
6.98
-5.981
46.36
98.7
135.75
172.8
170.90
169
155.50
142
118.20
94.4
136.25
178.1
184.80
191.5
155.30
119.1
147.40
175.7
213.00
250.3
254.45
258.6
240.60
222.6
271.00
319.4
347.90
376.4
327.70
279
199.45
119.9
73.56
27.22
22.26
17.29
5.74
-5.802
-11.61
-17.42
-21.84
-26.26
-34.55
-42.83
-36.91
-30.98
-33.61
-36.24
-41.64
-47.04
-53.18
-59.32
-50.72
-42.12
-34.56
-26.99
-39.40
-51.81
-57.51
-63.21
-64.09
-64.97
-64.56
-64.15
-63.75
-63.34
-63.57
-63.79
-63.65
-63.5
-63.50
-63.5
-63.41
-63.32
-64.15
-64.98
-65.03
-65.07
-64.87
-64.66
-63.34
-62.02
-61.30
-60.57
-60.37
-60.17
-59.34
-58.51
-46.50
-34.48
-6.91
20.66
60.48
100.3
146.55
192.8
239.45
286.1
329.25
372.4
410.75
449.1
479.90
510.7
535.70
560.7
580.55
600.4
609.35
618.3
621.60
624.9
625.85
626.8
616.90
607
588.25
569.5
539.45
509.4
470.25
431.1
402.70
374.3
328.65
283
233.20
183.4
135.25
87.1
45.23
3.354
-28.78
-60.91
-71.71
-82.5
-80.75
-79
-77.30
-75.6
-74.70
-73.8
-72.35
-70.9
-70.06
-69.22
-69.25
-69.28
-69.51
-69.74
-69.18
-68.62
-67.66
-66.69
-65.68
-64.67
-63.46
-62.24
-60.43
-58.62
-58.75
-58.88
-59.02
-59.15
-58.42
-57.69
-57.03
-56.37
-57.08
-57.78
-58.24
-58.69
-57.87
-57.05
-57.43
-57.81
-56.88
-55.94
-55.52
-55.09
-53.62
-52.15
-49.88
-47.6
-34.09
-20.57
10.24
41.04
79.32
117.6
163.55
209.5
255.10
300.7
346.35
392
426.80
461.6
493.70
525.8
547.85
569.9
586.45
603
615.70
628.4
634.00
639.6
635.30
631
614.60
598.2
574.00
549.8
529.50
509.2
481.30
453.4
412.15
370.9
325.65
280.4
232.45
184.5
137.35
90.2
48.56
6.918
-20.80
-48.51
-59.11
-69.71
-70.31
-70.9
-71.25
-71.6
-72.25
-72.9
-72.10
-71.3
-71.05
-70.8
-68.46
-66.12
-63.77
-61.42
-61.23
-61.03
-61.88
-62.73
-62.23
-61.72
-63.31
-64.9
-63.19
-61.48
-59.99
-58.5
-58.59
-58.67
-56.83
-54.98
-53.55
-52.12
-51.85
-51.57
-50.17
-48.77
-47.55
-46.33
-44.90
-43.46
-44.01
-44.55
-43.95
-43.35
-42.39
-41.43
-38.98
-36.53
-22.62
-8.7
18.92
46.54
83.02
119.5
163.30
207.1
247.10
287.1
338.70
390.3
419.20
448.1
473.00
497.9
530.25
562.6
578.95
595.3
607.15
619
622.40
625.8
615.35
604.9
602.15
599.4
573.45
547.5
519.25
491
464.15
437.3
395.60
353.9
310.10
266.3
220.15
174
130.65
87.3
48.40
9.49
-17.85
-45.18
-58.49
-71.8
-71.05
-70.3
-68.08
-65.85
-66.25
-66.65
-66.92
-67.19
-65.93
-64.66
-62.81
-60.96
-59.59
-58.21
-59.17
-60.12
-59.91
-59.7
-58.51
-57.31
-53.62
-49.93
-52.72
-55.51
-51.35
-47.18
-46.28
-45.38
-42.78
-40.17
-37.88
-35.58
-35.93
-36.28
-39.83
-43.37
-46.05
-48.73
-49.71
-50.68
-49.70
-48.72
-49.73
-50.73
-49.37
-48
-43.62
-39.23
-25.45
-11.67
8.72
29.1
60.60
92.1
129.35
166.6
207.85
249.1
286.20
323.3
360.25
397.2
424.30
451.4
468.70
486
503.90
521.8
531.65
541.5
538.45
535.4
544.20
553
536.70
520.4
504.85
489.3
464.60
439.9
408.45
377
328.50
280
258.65
237.3
197.65
158
98.88
39.75
24.30
8.84
-11.86
-32.55
-34.88
-37.21
-37.86
-38.5
-41.71
-44.92
-46.30
-47.68
-45.85
-44.01
-46.91
-49.8
-50.30
-50.8
-50.72
-50.64
-50.89
-51.13
-46.15
-41.16
-42.42
-43.68
-41.90
-40.11
-34.34
-28.56
-28.06
-27.56
-21.71
-15.85
-18.76
-21.67
-31.76
-41.85
-30.06
-18.26
-16.65
-15.04
-14.20
-13.35
-15.54
-17.72
-18.67
-19.61
-22.36
-25.1
-28.72
-32.33
-30.47
-28.61
-26.59
-24.57
-27.73
-30.89
-26.02
-21.14
-12.12
-3.097
-6.51
-9.93
-11.55
-13.16
16.99
47.14
87.02
126.9
133.75
140.6
117.80
95
61.56
28.12
19.75
11.37
4.91
-1.552
0.84
3.223
5.01
6.8
0.90
-5
-12.17
-19.34
-23.05
-26.75
-17.52
-8.29
-10.65
-13.01
-7.20
-1.383
-4.67
-7.95
-13.33
-18.7
-20.44
-22.17
-19.23
-16.29
-15.87
-15.44
-15.25
-15.05
-16.11
-17.17
-16.41
-15.64
-16.11
-16.57
-17.09
-17.6
-16.31
-15.02
-15.31
-15.59
-15.26
-14.92
-14.98
-15.03
-14.23
-13.42
-12.95
-12.48
-12.62
-12.75
-12.65
-12.54
-12.55
-12.56
-13.18
-13.79
-14.94
-16.08
-16.62
-17.16
-15.73
-14.29
-14.53
-14.76
-15.08
-15.39
-15.90
-16.41
-15.63
-14.85
-11.25
-7.64
-1.95
3.749
7.06
10.38
19.81
29.24
40.99
52.73
59.63
66.53
80.37
94.2
107.45
120.7
152.40
184.1
202.65
221.2
361.30
501.4
422.45
343.5
372.90
402.3
367.50
332.7
248.05
163.4
203.05
242.7
298.30
353.9
374.10
394.3
334.75
275.2
223.55
171.9
116.05
60.19
30.73
1.263
-9.61
-20.48
-24.02
-27.56
-30.68
-33.8
-36.81
-39.81
-41.27
-42.72
-41.79
-40.86
-39.01
-37.15
-35.23
-33.31
-33.51
-33.71
-37.85
-41.98
-43.77
-45.55
-44.11
-42.67
-42.25
-41.82
-40.68
-39.54
-38.19
-36.83
-37.65
-38.47
-36.86
-35.25
-26.25
-17.25
-17.88
-18.51
-22.79
-27.07
-30.67
-34.26
-36.41
-38.56
-39.06
-39.56
-39.21
-38.86
-39.71
-40.56
-37.65
-34.73
-23.54
-12.35
23.12
58.58
98.79
139
187.35
235.7
281.15
326.6
369.25
411.9
454.55
497.2
522.50
547.8
561.70
575.6
595.35
615.1
630.20
645.3
638.40
631.5
626.50
621.5
619.90
618.3
589.95
561.6
539.70
517.8
453.25
388.7
366.95
345.2
246.30
147.4
168.55
189.7
147.10
104.5
73.29
42.08
7.12
-27.84
-38.00
-48.15
-44.58
-41
-42.40
-43.8
-48.11
-52.41
-56.20
-59.98
-60.64
-61.3
-61.86
-62.41
-62.04
-61.66
-61.61
-61.55
-61.21
-60.86
-59.51
-58.16
-56.42
-54.67
-54.96
-55.24
-55.24
-55.24
-54.50
-53.76
-51.44
-49.11
-49.40
-49.69
-49.59
-49.48
-48.75
-48.02
-50.38
-52.74
-51.25
-49.75
-49.64
-49.52
-48.81
-48.09
-47.02
-45.95
-44.71
-43.47
-26.99
-10.5
19.41
49.31
73.76
98.2
162.95
227.7
276.25
324.8
372.35
419.9
447.20
474.5
484.20
493.9
529.35
564.8
584.25
603.7
624.80
645.9
642.20
638.5
635.35
632.2
620.25
608.3
584.80
561.3
535.20
509.1
485.85
462.6
435.10
407.6
367.10
326.6
266.45
206.3
150.60
94.9
48.53
2.164
-23.19
-48.55
-59.83
-71.1
-73.20
-75.3
-74.25
-73.2
-71.65
-70.1
-71.55
-73
-72.70
-72.4
-74.05
-75.7
-72.68
-69.66
-67.10
-64.53
-63.55
-62.57
-66.39
-70.2
-68.95
-67.7
-66.32
-64.93
-62.93
-60.92
-60.32
-59.72
-57.32
-54.92
-53.37
-51.81
-50.94
-50.06
-50.08
-50.1
-49.82
-49.53
-48.91
-48.28
-48.97
-49.65
-50.18
-50.7
-50.56
-50.42
-49.37
-48.31
-31.01
-13.7
16.41
46.52
89.51
132.5
181.10
229.7
278.35
327
369.90
412.8
449.35
485.9
516.90
547.9
546.05
544.2
582.80
621.4
632.10
642.8
635.45
628.1
585.25
542.4
577.25
612.1
586.75
561.4
532.50
503.6
471.10
438.6
407.55
376.5
330.05
283.6
235.85
188.1
143.25
98.4
56.85
15.3
-14.08
-43.45
-54.62
-65.78
-66.55
-67.31
-67.33
-67.34
-67.12
-66.9
-66.39
-65.88
-63.83
-61.78
-60.82
-59.85
-59.37
-58.89
-55.13
-51.37
-51.09
-50.81
-50.90
-50.99
-50.03
-49.06
-49.02
-48.98
-48.58
-48.18
-48.94
-49.7
-50.40
-51.1
-50.70
-50.29
-50.54
-50.79
-51.15
-51.5
-51.21
-50.91
-49.71
-48.5
-39.59
-30.68
-38.18
-45.67
-45.49
-45.31
-42.26
-39.21
-25.87
-12.53
12.56
37.65
53.14
68.62
98.56
128.5
166.00
203.5
256.00
308.5
366.10
423.7
456.05
488.4
520.50
552.6
568.95
585.3
508.40
431.5
505.70
579.9
576.10
572.3
557.75
543.2
524.70
506.2
482.80
459.4
421.15
382.9
321.95
261
210.25
159.5
134.05
108.6
56.73
4.859
-8.64
-22.14
-22.59
-23.04
-30.36
-37.68
-42.88
-48.07
-48.77
-49.47
-48.59
-47.71
-46.72
-45.72
-45.88
-46.04
-45.38
-44.71
-44.83
-44.95
-44.95
-44.95
-44.61
-44.26
-43.98
-43.69
-42.13
-40.57
-37.29
-34.01
-38.99
-43.96
-42.88
-41.8
-37.35
-32.89
-35.57
-38.25
-36.70
-35.15
-34.90
-34.65
-36.28
-37.9
-38.88
-39.86
-39.43
-38.99
-38.78
-38.57
-38.56
-38.55
-34.62
-30.69
-17.96
-5.233
6.89
19.02
44.76
70.5
108.30
146.1
156.75
167.4
205.20
243
279.35
315.7
339.65
363.6
414.05
464.5
467.40
470.3
492.40
514.5
502.85
491.2
503.45
515.7
505.65
495.6
475.80
456
431.90
407.8
375.00
342.2
310.20
278.2
245.35
212.5
175.85
139.2
106.55
73.9
45.74
17.57
-5.49
-28.55
-40.31
-52.06
-51.46
-50.86
-48.63
-46.4
-46.69
-46.97
-46.96
-46.94
-47.91
-48.87
-48.01
-47.15
-45.02
-42.89
-42.32
-41.74
-39.48
-37.21
-33.71
-30.21
-27.55
-24.89
-23.43
-21.97
-24.08
-26.19
-26.76
-27.32
-28.42
-29.52
-28.71
-27.9
-31.46
-35.01
-40.33
-45.64
-46.37
-47.1
-46.91
-46.71
-46.95
-47.18
-46.77
-46.35
-46.42
-46.49
-42.80
-39.11
-23.65
-8.19
13.00
34.18
66.49
98.8
134.70
170.6
204.60
238.6
277.25
315.9
326.80
337.7
436.7
465
484.6
494.9
499.8
523.4
534.1
541.4
540.1
543.6
532.9
527.4
510.6
503.2
483.4
460.8
436.8
414
376.9
353.4
317.1
285.6
245.3
208.4
170.9
134.5
96.4
62.66
32.04
6.309
-15.07
-32.58
-43.57
-45.72
-47.45
-47.2
-47
-46.42
-45.98
-44.49
-43.2
-42.91
-40.19
-38.37
-37.82
-37.42
-37.98
-39.57
-40.18
-39.41
-40.22
-41.39
-41.49
-40.96
-40.85
-41.07
-41.72
-40.98
-40.82
-39.87
-39.34
-39.63
-38.91
-38.71
-36.9
-35.21
-35.24
-34.43
-33.43
-32.64
-35.3
-35.5
-31.9
-27.04
-19.5
-16.2
-16.15
-19.27
-27.69
-31.92
-29.47
-25.52
-9.14
8.24
29.97
55.18
87.3
118.8
155.2
184.1
222.1
267
304.7
344.4
379.5
399.5
429.2
465
488
512.6
536.8
551.8
535.5
556.1
548.1
538.9
541.6
537.7
531.4
516.6
491.7
472.2
443.4
418.3
384.8
355
323.9
286.6
248.6
208.8
166.4
127.8
90.4
56.43
27.6
3.887
-15.97
-32.5
-42.24
-46.45
-47.58
-47.19
-46.53
-45.5
-44.36
-43.9
-44.38
-42.55
-43.32
-41.4
-41.86
-39.99
-42.08
-41.74
-45.18
-45.58
-44.8
-43.61
-43.34
-42.64
-40.3
-40
-43.3
-41.69
-42.5
-43.55
-44.73
-42.42
-42.31
-42.71
-40.93
-42.28
-40.84
-43.28
-43.42
-42.45
-40.69
-40.32
-40.37
-39.21
-39.01
-36.33
-34.65
-35.16
-34.19
-34.22
-31.7
-25.62
-13.78
-0.971
21.2
50.65
88.7
116.6
153.4
204.7
233.4
271.8
306.2
351.5
388.2
425.5
444.2
482.8
504.6
492
523.3
558.5
545.6
543.7
535.1
541.7
530.8
532
518
500.2
437.5
448.4
435.1
414
374.7
343.8
313.6
273.9
242
206.4
170.1
132.3
94
59.4
26.04
-2.279
-23.31
-42.02
-51.77
-52.86
-51.74
-51.31
-50.43
-47.3
-45.55
-50.89
-52.85
-51.21
-50.07
-54.01
-54.33
-54.87
-51.69
-48.87
-47.06
-47.08
-44.17
-42.94
-45.41
-45.32
-42.97
-41.62
-39.1
-39.21
-38.79
-36.36
-36.76
-33.88
-36.46
-37.01
-38.92
-41.74
-40.02
-38
-37.97
-38.6
-38.18
-37.24
-37.03
-34.55
-33.54
-35.18
-31.8
-33.93
-33.24
-33.73
-29.9
-18.44
-0.596
16.77
34.76
51.97
78.6
112.4
180.1
181.1
211.2
248.6
298
330.1
343.2
401.3
423
452.3
497.2
495.2
518.2
509.9
469.5
505
396.5
349
432.7
366.9
332.2
371.8
409.9
455.9
428.1
423.5
385.3
352.7
321.1
298.8
220.7
158.5
150.3
101.1
56.06
30.52
26.03
22.53
-2.595
-23.99
-41.61
-44.24
-42.81
-41.82
-40.91
-42.72
-42.56
-41.87
-41.27
-40.46
-39.09
-39.41
-38.13
-36.76
-35.14
-35.25
-34.16
-33.85
-31.42
-30.64
-32.61
-33.99
-33.11
-33.89
-33.81
-26.84
-30.29
-36.36
-28.78
-34.76
-35.98
-36.58
-35.71
-32.21
-28.34
-28.71
-32.41
-32.29
-32.48
-33.86
-33.59
-32.95
-32.74
-32.08
-31.5
-30.07
-28.01
-26.79
-24.6
-12.11
-3.056
4.913
18.99
40.46
57.2
66.5
95.8
128.2
177.8
211.8
269.2
284
320.2
344.6
378.2
397.1
421.2
429.6
430.5
450.7
433.1
373.2
425.9
446
439.6
422.7
361.2
349.9
340.3
439.7
334
111.6
180.1
210.9
183.1
148.3
225.7
176.3
77.1
90.2
37.98
1.841
18.38
4.188
-8.23
-33.87
-46.28
-50.27
-47.56
-48.09
-48.08
-48.04
-48.42
-49.02
-46.11
-46.22
-51.85
-54.4
-54.19
-56.86
-57
-58.32
-56.41
-53.79
-54.43
-53.41
-53.42
-52.06
-52.07
-52.32
-52.16
-51.95
-52.7
-52.97
-49.35
-53.55
-55.73
-50.91
-47.57
-46.1
-42.03
-34.07
-32.19
-32.47
-30.73
-31.41
-30.23
-23.22
-19.17
-15.87
-17.24
-27.8
-35.24
-39.3
-40.9
-18.86
-5.063
2.951
8.52
17.01
24.81
27.46
40.99
63.85
72.5
101.4
344.6
268.6
261.2
177.2
206.4
386.9
540.6
472
311.4
323.7
351.7
272.3
150.5
110.4
34.22
25.04
-13.67
54.19
102.2
76.1
54.8
33.74
33.54
19.32
-0.633
-5.341
15.07
-7.95
-3.051
3.246
-15.96
-27.66
-25.28
-24.88
-27.54
-37.75
-38.5
-37.03
-29.81
-27.41
-30.91
-25.8
-22.17
-22.05
-21.39
-19.46
-17.15
-15.45
-16.48
-16.92
-17.64
-18.52
-17.26
-15.03
-15.4
-14.88
-14.04
-14.48
-15.77
-16.6
-18.75
-20.15
-18.79
-17.29
-18.23
-19.27
-21.24
-21.86
-21.95
-19.52
-23
-27.3
-30.56
-35.23
-47.84
-42.6
-30.85
-32.43
-32.9
-32.4
-35
-32.11
-28.62
-25.82
-17.44
-4.071
1.6
12.62
28.13
55.11
71.2
92.5
104.1
173.2
229.1
348.5
396.8
429.4
408
423
488.2
514.2
545.9
568.2
586
583
577.5
584.2
602.6
581.2
570.8
556.5
502.1
501.5
449.5
314.9
345.1
428.9
328.1
304.4
338
221.6
191.2
148.5
131.6
85.7
76
76.6
44.74
-5.058
-27.17
-38
-45.78
-45.58
-44.21
-43.49
-43.61
-43.8
-41.61
-41.87
-44.25
-43.76
-39.56
-26.72
-30.75
-39.65
-33.98
-38.75
-42.88
-40.81
-38.98
-37.26
-38.97
-40.86
-40.41
-38.54
-35.9
-34.83
-36.45
-36.8
-35.65
-35.67
-37.48
-36.06
-35.24
-35.3
-34.97
-35.37
-35.25
-34.57
-36.69
-36.72
-36.45
-35.04
-33.19
-33.04
-31.47
-29.66
-28.73
-29.2
-23.26
-4.629
22.76
34.02
70.9
90
134.7
204.4
232.6
250.1
260.3
306.8
355.8
382.5
412.9
415.4
353.8
525.1
546.8
582.9
586
599.5
586.7
570.5
633.5
502
647.4
592.9
586.7
463.7
509.4
113.6
111.3
53.62
11.6
1.962
-6.107
-11.92
-17.46
-16.33
-16.17
-14.88
-85.5
-60.76
-19.33
-66.65
-38.54
-21.24
-36.56
-42.65
-40.4
-33.32
-24.71
-16.96
-12.02
-10.37
-9.22
-11.21
-17.07
-16.4
-25.03
-34.63
-36.06
-37.23
-34
-31.62
-30.46
-26.29
-26.17
-24.29
-21.59
-32.84
-26.59
-19.48
-19.69
-18.34
-18.91
-17.66
-20.55
-21.1
-17.96
-17.35
-16.92
-16.23
-16.75
-21.84
-23.74
-18.61
-19.86
-20.83
-20.46
-19.77
-21.37
-28.85
-28.51
-25.32
-20.55
-14.19
-9.19
-3.405
1.162
9.56
23.53
18.74
24.49
38.4
65.2
83
142.1
155.6
120.5
143.8
171.3
244.5
274.6
294.4
266.5
182.2
127.7
157.2
123.4
110.8
166.3
420.8
479.7
356.7
295.3
279.8
297.5
277.3
289.8
284.4
412.3
298
201.2
195.3
159.8
223.1
170.1
102.1
78.4
33.29
-3.757
-32.59
-43.02
-48.14
-47.35
-43.99
-40.91
-42.2
-42.3
-39.73
-39.02
-38.61
-45.13
-47.32
-46.25
-46.09
-46.05
-44.42
-44.44
-44.11
-43.5
-43.29
-42.37
-42.72
-42.85
-43.56
-43.14
-41.78
-41.03
-40.49
-37.47
-32.82
-25.19
-23.02
-20.84
-18.44
-18.05
-18.93
-19.2
-21.47
-25.72
-33.63
-38.59
-39.63
-39.12
-37.18
-38.37
-37.97
-38.4
-36.57
-31.77
-17.13
3.554
23.91
74.6
108.2
162
199.9
260.2
303.2
338.6
406.9
458.3
492.9
509.8
552.3
589.1
634.2
627
651.7
650.6
676.1
672.4
688.8
513.8
584.4
582.6
437.6
444.9
499.9
473.9
498.9
567.1
388.2
336.6
450.1
449.1
375.5
356.7
305.2
258.4
214
163.6
112.4
65.78
28.36
7.48
-7.83
-37.76
-40.44
-46.54
-47.39
-39.32
-46.89
-47.98
-48.11
-46.47
-45.76
-42.31
-41.65
-40.61
-44.79
-44.54
-43.59
-42.62
-43.03
-44.5
-39.18
-39.23
-29.4
-29.52
-27.87
-31.25
-33.75
-34.38
-38.28
-36.46
-37.14
-35.54
-34.44
-34.38
-34.68
-34.35
-34.3
-34.6
-34.94
-35.69
-33.86
-35.28
-32.86
-33.79
-31.99
-32.47
-32.04
-31.3
-29.99
-25.2
-12.14
0.269
7.56
29.72
52.47
142
182.3
260.2
300.2
348.4
403
437.3
480.7
511.9
567.9
580.1
601
628.7
651.1
671
652.4
689.9
697.3
647
692.4
669.7
672.6
652.9
629.2
595.4
587.4
564.3
426.5
531.4
252.4
409.7
384.9
252.8
205.4
226.3
55.26
34.28
22.2
16.19
-5.589
-22.66
-33.3
-39.7
-45.05
-44.65
-46.58
-47.31
-44.39
-39.24
-41.27
-43.17
-43.78
-42.42
-39.45
-38.98
-39.98
-38.88
-37.12
-37.36
-36.87
-38.48
-39.59
-38.26
-41.64
-40.33
-40.51
-36.35
-36.75
-39.73
-39.47
-38.75
-36.85
-35.29
-35.22
-34.39
-33.46
-32.58
-32.17
-29.57
-31.26
-29.85
-28.61
-20.63
-15.06
-13.61
-14.47
-11.69
-10.32
-11.14
-9.96
-6.814
0.881
10.45
20.61
31.13
44.51
59.64
74.1
88.7
270.6
218.3
256.7
360.6
481.6
362.7
593.9
607.2
646.4
634
548.7
495.5
420.9
505
639.9
429.7
372.4
609.8
367.5
265.2
218.3
283.3
336.8
173.5
191.7
132.2
51.96
229.3
209.8
188.5
178.9
29.08
68.96
69.18
41.69
29.37
11.9
-6.459
-21.71
-33.87
-36.54
-35.56
-33.15
-33.04
-31.82
-25.75
-22.51
-27.4
-30.22
-27.95
-25.51
-25.03
-23.42
-23.24
-22.19
-21.45
-15.71
-7.43
-5.279
-6.72
-9.25
-6.545
-4.608
-5.13
-6.83
-7.1
-18.22
-20.2
-14.36
-13.67
-17.41
-21.99
-21.14
-19.71
-20.16
-27.19
-30.54
-31.75
-32.6
-31.67
-31.91
-30.44
-29.6
-29.06
-17.5
-30.03
-33.72
-27.16
-9.87
6.567
25.17
48.57
103.5
116.4
123.6
96.2
257.1
402.1
527.3
466.5
337.5
318.6
333.5
326.6
472
588.9
569.1
710
558.5
611.3
581.4
770
651.4
509.9
682.6
388
528.7
482.5
265.1
244.4
542.9
310.5
105.1
92.1
94.8
111.9
136.9
97.4
53.3
43.82
1.044
-21.67
-56.44
-53.12
-38.79
-31.88
-26.26
-29.81
-35.11
-31.23
-22.32
-14.81
-23.88
-17.13
-17.32
-24.11
-23.54
-17.57
-14.25
-12.43
-16.29
-14.78
-12.41
-12.04
-13.72
-14.69
-14.37
-14.84
-16.27
-18.74
-20.47
-18.98
-20.35
-20.43
-13.15
-13.39
-20.72
-24.85
-27.45
-28.69
-27.91
-21.75
-5.734
-10.46
-14.38
-23.27
-24.92
-6.837
-2.181
-5.554
-20.53
-17.28
-7.94
2.656
19.38
37.18
67.55
73.4
73.1
86.4
119.5
160.8
187.9
298.1
222.3
335.1
481.1
362
361
384.3
455.9
733
417.9
787
542.4
385.7
826
342.3
626.3
269.1
488.9
657.3
593
709
664.2
617.1
585
560.4
520.8
486.4
511.1
255.1
377.8
290.4
236
177.6
136
99
66.69
14.07
-20.89
-40.31
-43.6
-45.05
-45.3
-46.38
-43.15
-42.29
-42.86
-40.72
-40.05
-39.42
-38.99
-37.53
-38.49
-35.89
-34.54
-36.53
-37.39
-38.07
-39.65
-39.66
-37.04
-28.26
-10.84
-10.42
-13.93
-17.44
-24.11
-19.23
-22.58
-24.4
-23.77
-16.57
-26.48
-20.83
-26.23
-29.61
-32.21
-33.26
-30.52
-22.54
-16.38
-26.79
-31.59
-32.8
-33.01
-29.77
-24.22
-4.687
5.484
33.6
52.49
71.1
92.3
139.9
123.8
116.8
104.6
170.6
171.4
86.4
91.3
122.9
177.5
117
142.5
155.2
176
192.3
272.3
406.4
514.9
444.4
357.8
363.1
346.4
241.5
205.2
201.8
248.3
443.4
616.7
577.5
528.1
437.9
422.4
375.6
330
271.6
235.3
191.3
126.2
19.62
24.23
3.069
-17.2
-20.8
-21.42
-27.5
-28.07
-20.65
-20.42
-26.44
-27.79
-22.02
-25.95
-32.08
-32.09
-27.57
-24.74
-23.42
-21.36
-20.55
-27.35
-56.61
-53.5
-44.04
-38.65
-29.06
-22.57
-17.34