-36.01
-33.48
-27.2
-24.35
-24.45
-25.19
-32.2
-36.25
-38.83
-33.68
-34.23
-32.71
-30.94
-30.48
-32.51
-35.96
-33.98
-34.37
-33.26
-35.57
-36.04
-34.54
-35.62
-35.13
-32.16
-26.37
0.684
14.24
14.54
110.7
161.7
210.4
260.4
319.9
364.8
409.3
459.8
499.4
540.2
585.8
612.1
649.9
684.8
694
718
740
763
774
794
795
804
827
776
714
741
718
716
670.2
555.4
564.5
498.9
578.8
175.9
51.64
55.32
51.82
48.1
196.5
155.2
108.3
66.56
26.12
-15.41
-40.34
-46.3
-47.08
-46.91
-45.13
-44.35
-46.18
-44.5
-43.76
-43.07
-43.22
-42.21
-39.83
-38.88
-41.43
-41.48
-40.92
-39.2
-38.63
-39.05
-37.82
-34.58
-37.11
-36.6
-36.38
-33.57
-32.81
-33.04
-31.88
-29.57
-28.13
-29.66
-33.37
-35.07
-33.23
-32.05
-31.36
-31.93
-33.23
-33.1
-30.69
-28.67
-26.89
-26.62
-27.22
-29.52
-29.4
-23.65
-11.81
-1.304
6.159
9.53
54.98
91.6
171.9
177.9
238.5
295.9
311.9
375
365.2
295.4
424.7
513.5
642.9
675.1
689.2
735
751
763
764
780
765
781
764
766
727
743
736
671.2
709
625.5
655.2
612.6
554.4
399.3
591.5
231
98.9
78.3
62.71
49.31
42.45
57.1
44.95
-2.543
-29.64
-37.45
-33.64
-33.33
-33.34
-32.6
-31.49
-29.97
-33.75
-41.16
-43.01
-40.51
-42.43
-42.63
-40.16
-39.94
-40.36
-40.83
-39.73
-38.13
-37.18
-38.33
-39.47
-39.83
-38.86
-37.54
-36.29
-37.58
-38.68
-37.07
-35.88
-36.44
-37.5
-38.61
-38.85
-39.06
-40.1
-40.4
-40.3
-41.9
-38.33
-37.53
-37.2
-37.59
-37.87
-37.96
-40.34
-44.8
-43.2
-3.632
34.35
75
112.5
148
198.6
261.2
315.8
334.8
365.7
432.1
410.9
428.1
538.4
436.7
495.8
392
307.9
326.8
414.7
613
598.5
724
735
679.7
596.4
496.1
530.1
616.9
652.5
569.7
613
649.1
625.8
588.6
582.2
560.3
518.2
354
183.5
109.9
86
92.8
70.2
29.05
-3.566
-25.64
-43.15
-49.29
-49.8
-48.25
-49.79
-50.81
-49.02
-49.23
-44.29
-40.11
-33.91
-33.75
-38.27
-39.88
-40.87
-41.08
-40.73
-40.74
-39.78
-39.77
-40.24
-39.64
-35.48
-36.98
-39.03
-39.15
-37.63
-36.53
-37.17
-36.3
-35.74
-33.94
-34.77
-32.33
-28.68
-32.82
-32.43
-35.1
-33.65
-33.58
-36
-36.32
-34.97
-37.07
-36.28
-36.55
-31.32
-27.99
-24.09
-4.529
22.75
30.47
43.8
100.9
134.7
200.2
285.8
338.6
380.1
437
499.9
527.8
565.4
596.1
557.1
588.1
559.1
630.5
619.4
624
609.9
636
485.1
508.5
551.6
629
752
665.9
671.2
667.9
651
596.3
575.2
519.7
477.1
440.4
391.1
355.6
293.4
235
191.9
131.1
65.9
29.08
-0.807
-20.81
-37.77
-42.85
-42.52
-42.45
-41.31
-39.95
-40.34
-39.97
-40.72
-41.81
-43.98
-45.76
-44.21
-42.93
-43.16
-41.82
-40.12
-44.88
-45.29
-41.45
-39.2
-39.25
-38.49
-37.47
-36.37
-37.17
-36.87
-36.82
-37.94
-38.4
-39.22
-40.22
-39.24
-38.75
-38.3
-39.16
-38.14
-42.64
-39.81
-41.58
-42.33
-39.99
-41.96
-45.5
-40.96
-39.81
-41.9
-37.61
-23.77
-0.615
40.28
70.2
109.1
115.6
148.4
262
305.5
350.6
369.8
435.9
505.3
532.6
588.1
627.1
662.7
678.4
694.7
593.3
473.9
819
522.6
179
814
175.8
544
757
806
624.3
85.1
506.1
688.1
523.5
627.7
564.5
518.3
515.1
435.5
343.8
284
247.7
228
196.9
168.5
144.7
99.7
22.14
-27.05
-37.78
-38.69
-39.25
-39.62
-40.08
-40.29
-41.89
-38.85
-38.46
-39.5
-40.24
-40.66
-39.76
-38.37
-38.28
-38
-37.69
-34.02
-39.72
-37.5
-36.18
-37.53
-37.42
-38.66
-44.04
-42.95
-42.32
-41.68
-43.04
-41.14
-42.51
-40.76
-39.42
-39.71
-43.63
-41.18
-43.59
-37.27
-42.61
-39.1
-36.92
-43.44
-40.03
-39.63
-42.04
-42.14
-36.6
-27.61
7.64
11.83
74.3
85.7
96.3
68.28
220.2
309.3
350.1
400.9
456.6
503.2
539.2
589.6
625.2
645.2
675.3
726
762
754
721
409.1
762
821
702
853
820
838
784
590.6
675.4
722
690.1
653.2
382.9
631.1
540.8
465.1
431.2
395
326.2
249.4
186.9
102.6
50.83
68.28
51.17
1.912
-28.62
-28.62
-26.28
-24.55
-27.68
-28.8
-28.65
-28.38
-27.36
-27.43
-28.73
-32.54
-32.7
-31.12
-31.82
-34.26
-36.74
-39.23
-41.37
-38.92
-35.77
-36.92
-40.21
-43.33
-42.11
-41.87
-42.05
-41.27
-41.83
-42.18
-42.36
-38.98
-38.01
-35.44
-35.03
-36.99
-38.1
-36.51
-33.36
-27.1
-20.19
-17.04
-17.81
-20.42
-18.42
-25.1
-23.24
-16.74
-5.77
6.424
13.01
12.9
47.88
46.91
65.09
47.83
46.27
87.8
148.4
362.2
323
317.1
319.2
371.8
369.8
452.5
540.3
500.5
508.2
675.1
723
560
625
573.5
563.7
683.8
772
733
612.4
694.5
640.4
595.4
612.2
580.9
468.8
435.1
398.8
341.5
283.4
226.4
178.2
111.7
75.4
26.33
-9.44
-34.47
-43.36
-43.63
-42.57
-39.89
-40.21
-40.28
-31.21
-29.98
-22.22
-23.21
-23.63
-22.79
-24.36
-27.35
-35.86
-33.35
-23.33
-24.91
-22.89
-24.44
-27.03
-23.96
-26.3
-29.87
-27.66
-35.01
-40.7
-41.46
-42.29
-40.29
-39.69
-42.63
-40.64
-40.44
-40.55
-41.78
-32.27
-26.37
-35.35
-43.13
-43.02
-40.73
-35.49
-33.52
-30.37
-26.63
-29.84
-27.25
-6.903
21.39
31.54
48.69
98.7
174.4
219
330.7
389.7
428.9
447
521.9
569.2
575.4
641
621.9
648.2
598.4
504.5
448.5
620.8
657.7
580.7
607
711
742
740
705
707
703
685.1
666.7
626.6
589.6
560.4
510
474.7
429.9
379.2
325.3
267.3
215.4
160.8
104.6
59.55
18.91
-14.02
-36.42
-37.25
-41.22
-34.28
-29.83
-36.36
-40.7
-43.97
-42.89
-39.76
-38.44
-40.55
-39.76
-41.77
-41.5
-37.36
-40.17
-43.81
-41.69
-40.64
-66.03
-50.15
-41.61
-40.28
-38.21
-35.2
-35.94
-37.41
-37.32
-32.55
-34.73
-35.72
-35.36
-30.27
-28.91
-24.57
-25.18
-30.88
-29.24
-30.47
-23.74
-12.95
-13.01
-12.91
-14.1
-18.63
-17.21
-13.86
-11.78
-6.672
2.465
-2.391
27.08
57.04
23.66
-0.924
-28.95
3.014
3.268
7.22
1.922
0.011
15.03
50.78
64.15
56.45
139.3
191.4
212.8
200.5
136.2
126.5
201.4
282.6
303.7
318.2
488.1
462.1
438.4
299.8
288.4
379.5
413.6
312.6
294.8
276.8
251.6
219.1
172.4
137.4
108.9
66.32
34.2
12.24
-6.591
-15.65
-21.3
-23.7
-23.35
-23.21
-23.98
-24.3
-25.32
-26.38
-27.21
-26.42
-25.95
-26.95
-28.75
-35.81
-24.93
-19.75
-28.46
-28.91
-28.13
-28.32
-27.51
-27.27
-26.93
-23.4
-15.99
-18.28
-29.69
-29.32
-26.53
-22.63
-19.09
-20.14
-19.38
-20.62
-21.43
-20.11
-20.72
-21.19
-21.33
-20.09
-19.3
-19.59
-22.06
-21.42
-19.7
-20
-18.09
-17.06
-13.66
5.419
46.06
84.9
69.03
139.8
186.3
208.9
319.4
382.5
441.9
358.1
285.7
252.6
582.1
451
676.8
547.7
547.1
438.4
442.8
556.7
510.9
721
773
674.3
741
778
784
808
817
750
716
367.4
547.9
390.5
369.3
297.3
169.8
138.5
228.7
135.5
86.7
54.51
35.6
28.96
-2.473
-20.81
-30.39
-33.32
-33.91
-33.5
-32.75
-31.59
-29.33
-28
-26.75
-26.16
-30.69
-31.99
-28.33
-24.41
-23.32
-21.53
-19.36
-19.3
-18.63
-19.34
-20.54
-19.55
-15.62
-12.24
-9.28
-10.91
-16.89
-19.31
-18.22
-18.75
-19.88
-19.19
-17.26
-16.57
-13.15
-9.62
-10.85
-6.563
-7.89
-9.27
-12.78
-17.14
-13.88
-34.92
-32.36
-37.56
-29.75
-21.87
-13.55
-10.28
-8.25
-10.38
-5.572
0.438
5.504
5.699
26.24
29.02
50.27
66.71
75.2
105.7
118.1
107.2
89.3
62.76
47.54
63.92
91.4
159.2
196
221.5
363
524.9
734
652.2
693.3
546.3
712
703
679.6
594.3
618.8
386.3
545
483.7
362.6
377.9
323.1
268
206.9
78.5
20.32
8.38
-0.119
-13.41
-23.36
-23.29
-20.87
-18.63
-23.47
-30.24
-33.23
-26.94
-24.58
-22.53
-23.47
-26.32
-28.34
-31.03
-30.57
-28.9
-31.68
-30.99
-22.94
-27.92
-31.38
-30.73
-26.23
-22.78
-20.78
-19.05
-21.92
-24.32
-24.22
-24.64
-27.42
-24.52
-25.04
-21.89
-19.72
-17.3
-18.92
-18.54
-15.96
-16.17
-18.11
-17.92
-17.36
-18.29
-18.77
-18.52
-16.5
-14.99
-3.009
25.89
49.68
53.49
44.77
42.69
36.75
34.28
54.46
113.9
196.7
201.1
272
424.5
619.2
436.3
328
471.2
838
779
620.9
470.2
771
840
917
482.8
136.6
46.37
37.24
20.3
11.66
2.306
4.985
-13.05
-16.21
-8.57
-6.298
-8.22
-8.36
-6.655
-2.994
-4.187
-9.79
-13.29
-13.95
-13.25
-12.85
-11.54
-13.62
-14.41
-11.53
-14.3
-17.3
-16.14
-18.66
-19.48
-19.47
-20.82
-21.66
-22.9
-20.69
-17.5
-16.22
-15.26
-16.51
-14.33
-14.34
-14.22
-13.4
-14.78
-18.19
-17.26
-17.14
-19.85
-18.38
-20.04
-18.5
-17.2
-17.89
-22.46
-19.11
-19.53
-17.77
-24.15
-19.26
-16.94
-16.51
-16.41
-17.24
-18.48
-20.67
-19.87
-20.67
-23.41
-17.76
-6.338
-1.552
14.06
23.37
24.17
34.7
45.65
79.2
56.52
75
124
146.6
296
589.1
447.9
342.6
520.9
546
457.1
339.2
310.3
356.5
514.6
343.1
343.4
570
427.5
461.6
645.9
593.5
623.5
721
754
651.5
542.1
555.7
436.7
462.8
671.7
519.7
365.7
253.8
305.9
163.4
131.4
82.6
52.29
8.52
-7.18
-24.3
-39.94
-34.59
-37.23
-33.96
-30.57
-33.35
-32.98
-30.67
-25.5
-25.64
-26.87
-27.14
-24.91
-25.97
-24.73
-25.26
-25.35
-25.14
-27.2
-23.39
-20.41
-30.07
-32.1
-31.07
-27.06
-30.05
-28.5
-28.4
-24.5
-21.78
-19.8
-17.62
-18.62
-7.94
-8.93
-12.38
-17.1
-23.45
-17.54
-14.67
-13.58
-13.6
-11.3
-7.65
-20.04
-20.29
-18.3
-11.47
-2.73
6.33
24.87
67.81
124.1
145
141.8
147.7
159.1
155.7
262
235
295.4
289.8
276.8
302.7
312.7
332.8
393.8
388.8
666.4
611.3
929
740
642.2
322.4
116.7
625.1
121.6
107.3
196.6
174.2
382.1
231.5
318.5
167
44.98
44.06
7.42
-6.663
-16.15
-29.08
-23.57
-20.86
-20.05
-21.51
-27.83
-20.37
-20.55
-20.27
-16.84
-19.91
-26.41
-28.37
-28.27
-31.03
-32.4
-28.5
-29.34
-24.61
-24.16
-24.74
-27.96
-27.76
-27.24
-26.4
-27.02
-27.96
-28.81
-28.37
-26.67
-28.4
-28.1
-27.57
-25.08
-20.93
-21.59
-14.52
-4.551
-3.226
-14.27
-19.48
-17.59
-19.7
-22.51
-26.51
-26.54
-24.71
-25.41
-23.16
-22.72
-22.48
-21.07
-19.69
-13.96
-4.569
6.42
13.9
29.85
63.33
117.4
95
104.2
107.4
98
85.3
100.4
204.9
199.2
300.7
314
683.4
289.7
329.9
436.7
465.9
366.4
403
352
526.1
412.5
672.5
664
633.4
687.9
850
455.5
460.3
152.1
620.7
512
-30.1
17.48
30.17
78.5
52.74
18.17
40.11
43.87
26.18
17.15
-11.48
-17.55
-23.81
-29.28
-27.55
-30.77
-34.98
-30.59
-24.8
-26.44
-26.97
-26.65
-23.94
-26.72
-31.05
-33.39
-35.56
-34.27
-35.81
-39.07
-38.72
-40.28
-41.47
-41.44
-40.71
-40.76
-41.91
-40.8
-37.94
-37.98
-37.54
-34.98
-30.01
-41.36
-43.05
-41.79
-42.4
-42.49
-41.28
-41.05
-43.46
-42.63
-41.39
-43.42
-38.44
-37.6
-37.51
-34.54
-34.22
-35.87
-22.31
-2.046
31.73
61.28
88.7
135.3
209.2
228.2
215.9
148.8
243.2
408.9
486.5
528
585.3
502
666.1
664.1
738
750
720
675.9
747
753
774
664.2
768
548
494.7
749
707
693.5
659.1
614
557.8
571.9
403.6
453.3
396.7
320.6
267.7
226.5
174.4
117.4
31.7
4.387
-12.12
-31.61
-39.95
-38.31
-38.06
-39.39
-38.42
-43.16
-43.75
-43.01
-42.09
-41.05
-35.43
-30.05
-40.98
-42.12
-44.08
-43.38
-43.35
-43.41
-43.45
-44.14
-43.93
-44.12
-44.37
-45.03
-45.28
-45.65
-45.04
-45.16
-43.52
-40.66
-42.48
-42.4
-43.04
-40.37
-42.7
-43.43
-40.87
-40.23
-40.76
-41.83
-39.93
-34.11
-34.15
-36.43
-51.27
-51.54
-58.88
-53.42
-28.63
-11.3
18.89
38.05
93.3
130.8
72
117.9
122.3
245.7
178
201.4
234.1
243.3
368.95
494.6
352.2
251
241.9
237
185.4
187.3
166.8
64.5
46.76
91.4
130.9
195.4
390.5
837
622.5
631.4
530.7
665.1
326.3
501.1
480.6
340.9
360
340.1
224
197.3
116.8
27.72
11.82
5.609
-3.05
-26.31
-43.03
-21.06
-16.04
-16.01
-16.84
-17.3
-17.16
-18.54
-20.81
-21.79
-19.81
-19.78
-19.96
-21.7
-22.08
-20.5
-23.19
-19.04
-18.86
-18.37
-17.52
-23.73
-20
-17.3
-17.48
-16.97
-15.33
-17.86
-19.78
-19.61
-19.18
-16.69
-16.29
-24.55
-22.37
-19.06
-16.24
-15.56
-18.5
-20.22
-22.53
-22.97
-15.18
-15.64
-14.13
-11.09
-16.47
-15.25
-8.99
1.718
16.19
30.37
40.36
36.98
77.9
114.6
125.4
132.4
159.8
230.6
223.5
254.3
255.1
293.5
238.6
408.8
630.4
381.7
517.6
711
770
738
673.9
717
764
799
837
754
637.3
464.4
443.3
689.3
685.7
660.8
620.2
516.5
432.3
170.5
94.5
73.2
71.2
50.64
22.49
5.409
-11.14
-25.88
-31.54
-23.22
-13.07
-42.74
-26.33
-38
-43.21
-33.69
-28.41
-20.63
-18.19
-19.07
-13.2
-10.76
-15.11
-22.7
-27.65
-22.16
-19.71
-18.3
-18.5
-17.75
-21.49
-23.85
-23.82
-19.11
-15.81
-17.14
-16.89
-16.03
-16.38
-16.11
-16.31
-16.6
-16.98
-15.14
-14.71
-13.92
-13.79
-14.58
-15.47
-14.06
-16.75
-18.99
-18.36
-16.17
-11.6
-16
-11.3
2.36
26.04
46.05
71.7
47.15
73.4
153.7
159.9
245.3
202.5
384.5
405.3
459.6
666.3
695.6
690.8
688
698.9
722
731
720
727
748
666.7
727
749
747
711
734
732
703
684
564.5
423.6
350.4
457.3
265.9
427
369.5
319
217.1
70.9
26.69
16.4
6.653
-7.67
-23.37
-33.38
-38.36
-40.44
-42.04
-41.99
-41.3
-39.62
-39.67
-34.76
-32.37
-28.41
-29.12
-26.67
-22.09
-30.83
-36.87
-38.12
-38.36
-38.25
-33.39
-31.26
-31.53
-26.95
-26.07
-26.71
-26.04
-31.51
-37.89
-37.14
-36.48
-29.71
-28.78
-27.73
-34.23
-34.79
-31.96
-21.6
-20.76
-21.64
-23.54
-26.05
-21.51
-20.23
-24.87
-22.43
-22.69
-22.06
-18.43
-13.64
-2.539
9.48
26.73
58.54
96.7
117.2
152.2
230
418.1
471.6
483.3
522.4
573.7
566.4
606.9
664.6
624.2
713
720
729
370.7
185.4
150.9
245.8
620
808
801
662.8
756
718
743
704
654.6
486
231.1
475.4
537.3
320.9
299.2
281.9
196.8
204
164.3
57.6
16.13
-1.118
-59.36
-55.13
-83
-63.89
-70.4
-74.5
-50.25
-50.93
-47.23
-32.01
-39.93
-39.68
-26.96
-41.57
-43.1
-31.47
-26.93
-25.6
-26.74
-27.44
-24.05
-20.1
-17.96
-20.2
-14.35
-10.85
-12.11
-13.48
-14.55
-11.22
-46.38
-69.62
-50.88
-32.87
-29.86
-28.83
-21.2
-18.16
-7.55
-10.34
-20.57
-8.85
-16.3
-14.51
-17.88
-25.24
-23
-10.95
-25.08
-26.18
-7.77
19.75
31.96
37.8
64.39
69.76
79.7
109.7
141.9
258.2
347.3
360
356.8
411.6
425.7
475.6
627.1
500.7
424.9
759
842
623.7
640
813
596.1
795
757
719
688.9
705
623.3
628.3
378.3
486.4
569.6
501.4
482.4
321.1
174.1
40.72
30.77
6.84
-43.16
-25.51
-27.38
-20.36
-29.92
-33.71
-47.29
-32.88
-47.68
-39.26
-29.04
-42.32
-39.77
-35.63
-29.05
-23.25
-23.78
-22.83
-29.09
-29.97
-28.61
-29.83
-31.15
-28.72
-32.66
-31.7
-31.37
-29.2
-26.02
-27.82
-26.17
-28.52
-24.09
-16.32
-11.42
-13.22
-21.51
-24.78
-19.32
-7.97
-20.81
-24.08
-24.61
-20.96
-19.28
-19.04
-19.82
-19.81
-21.81
-22.92
-28.33
-31.21
-30.56
-20.02
14.62
65.02
22.54
-1.357
41.1
88
98.6
148.3
97.9
446.4
391.7
161.9
125.3
301.2
370.3
334.9
342
726
751
725
724
745
721
735
725
737
761
737
727
676.4
645.2
626.6
601.9
569.5
520.3
236.2
213
134.3
112.1
94.6
71.7
42.23
20.05
6.204
-6.55
-17.09
-20.3
-20.6
-20.45
-24.38
-37.31
-42.95
-45.06
-42.85
-28.95
-23.11
-24.74
-22.91
-21.28
-26.42
-30.3
-29.62
-29.01
-29.16
-34.04
-39.21
-33.32
-36.85
-32.53
-25.67
-21.32
-20.68
-20.95
-24.34
-26.33
-22.77
-23.53
-23.55
-24.84
-26.35
-31.58
-32.11
-23.3
-13.66
-26.65
-32.16
-36.53
-34.9
-27.91
-26.66
-41.75
-37.68
-36.32
-37.99
-37.02
-25.32
-13.28
1.563
24.27
43.51
63.6
158.9
258.7
330.8
360.2
367.9
325.8
294.3
314.8
370.5
462.7
463.1
569.2
634.2
703
712
711
719
707
716
757
750
232.6
131.4
82.2
43.87
25.04
13.52
-23.98
-47.09
-19.03
-1.504
13.01
13.53
-14.31
-17.98
-8.13
1.47
8.18
-2.397
-15.38
-19.62
-24.68
-28.29
-30.41
-18.95
-26.55
-22.84
-17.3
-20.28
-21.05
-21.97
-23.22
-24.29
-23.58
-25.38
-24.33
-22.94
-23.08
-23.91
-24.64
-25.01
-22.93
-13.89
-20.01
-21.92
-22.56
-21.8
-23.63
-20.14
-19.29
-19.4
-20.77
-20.58
-23.55
-20.68
-19.87
-19.65
-20.93
-21.01
-18.82
-14.9
-13.04
-16.21
-17.03
-18.21
-16.95
-18.64
-18.66
-17.24
-20.06
-13.31
-1.906
5.071
13.04
54.48
144.7
92.7
118.6
128.8
309.8
277.8
322.6
508.4
284.3
559.5
125
334.4
481
242.7
735
724
722
726
730
753
746
742
637.4
523.1
795
723
612.3
548.3
448.3
389.1
406.3
219.9
100.3
129.2
163.6
181.4
147.3
128.4
81.9
58.22
29.14
4.839
-15.41
-22.67
-23.73
-26.92
-23.76
-22.75
-21.76
-23.05
-22.74
-23.3
-21.86
-22.24
-25.89
-28.46
-27.19
-24.71
-30.01
-23.88
-23.17
-20.5
-17.62
-18.18
-17.19
-23.76
-24.24
-22.75
-27.16
-23.83
-16.94
-17.28
-15.54
-16.51
-16.34
-16.18
-17.94
-18.9
-21.14
-20.33
-14.79
-14.11
-11.91
-12.06
-22.55
-19.44
-26.77
-20.17
-24.79
-22.58
-20.27
-17.2
-6.081
0.311
1.755
12.69
13.49
27.49
41.19
57.83
102.3
159.9
151.1
227.2
252
297.5
672.7
385
302.8
605.8
567.2
682.7
634.9
520.9
717
725
743
804
810
700
445
169.3
155.6
142.1
144.6
153.8
180.2
193.7
189.4
150.4
116.7
77
57.79
38.84
25.26
10.07
-8.8
-13.3
-22.45
-32.48
-29.25
-33.75
-32.73
-31.6
-32.04
-30.34
-25.73
-31.13
-26.63
-26.46
-19.39
-42.98
-33.54
-32.31
-29.74
-28.17
-17.03
-9.71
-7.14
-7.47
-15.31
-19.4
-24.7
-22.76
-18.81
-20.3
-25.57
-30.49
-29.06
-30.31
-29.32
-29.07
-33.01
-30.52
-32.79
-31.16
-30.94
-31.86
-30.48
-28.82
-24.48
-25.65
-23.8
-21.67
-22.74
-21.82
-17.3
-14.19
1.813
12.63
21.98
39.07
65.44
122.3
109.2
106.1
154.8
173.9
272.4
357.6
479.6
458.6
413.5
408.5
616.4
679.1
807
567.2
672.2
538.5
766
657.5
761
589
533.5
547.8
631
580.5
296.4
152.9
-9.73
-5.911
7.03
5.752
3.621
-0.132
-2.434
-4.707
-5.681
-4.643
-7.61
-9.12
-10.47
-12.41
-19.16
-19.28
-18.89
-16.73
-18.63
-19.76
-14.02
-8.53
-16.26
-14
-13.4
-18.07
-20.33
-20.8
-18.33
-19.28
-20.09
-19.14
-14.84
-18.12
-21.86
-28.54
-29.33
-28.53
-22.08
-20.29
-21.78
-24.04
-24.21
-20.01
-17.71
-17.78
-23.55
-27.79
-22.02
-12.44
-10.09
-13.24
-18.91
-19.18
-16.65
-20.51
-19.17
-20.19
-22.17
-19.8
-25.71
-26.05
-20.6
-17.11
-13.62
2.072
14.33
31.38
46.43
64.31
91.2
102.7
115.4
172.6
253
264.4
326.2
329.8
324
331.5
300
397.2
338.4
419.9
353
666.4
704
890
773
440.8
500.4
698.7
604.2
684.8
645
531.6
484.6
565.6
406.1
532.9
414.2
420.5
265.5
168.4
114.2
65.71
62.37
31.81
1.261
-17.73
-25.1
-28
-30.57
-30.79
-30.42
-30.56
-30.78
-30.5
-29.74
-31.59
-33.4
-32.06
-33.44
-34.12
-33.42
-33.09
-27.21
-27.06
-26.82
-30.63
-29.73
-27.9
-28.47
-25.72
-30.64
-24.63
-21.64
-12.94
-11.11
-12.99
-18.21
-22.23
-20.08
-33.67
-25.91
-26.12
-19.39
-10.79
-7.66
-11.61
-11.08
-13.85
-10.08
-7.16
-6.248
-7.62
-6.473
-6.745
-7.56
-6.885
-5.889
-0.826
9.48
11.73
25.25
13.61
25.64
26.15
54.85
81.4
147
193.9
192.1
310.2
410.2
384.8
259.1
300
313.2
711
786
814
425.4
44.72
-1.866
12.53
19.78
16.24
18.96
12.75
-0.544
-9.01
-9.5
-3.632
-6.446
-5.66
-6.855
-9.45
-12.17
-6.869
-6.18
-4.448
-6.594
-7.83
-12.45
-11.61
-16.93
-20.33
-18.91
-17.08
-19.82
-17.25
-18.71
-17.76
-18.1
-19.61
-20.75
-23.12
-24.85
-23.41
-24.05
-23.93
-25.97
-21.35
-17.38
-12.4
-6.497
-19.12
-17.13
-17.32
-15.49
-17.9
-17.92
-22.86
-20.38
-18.24
-17.44
-17.01
-17.4
-16.43
-12.09
-12.86
-11.38
-15.32
-23.1
-26.93
-30.24
-28.64
-29.19
-28.86
-29.57
-32.06
-32.08
-29.11
-25.82
-17.12
-0.523
33.3
37.77
48.15
44.94
7.33
23.12
102.6
137.5
272.3
289.1
248.1
296.1
390.2
312.5
354.9
559.9
341.4
599.6
276.7
439.9
605.8
387.8
379
278
192.9
327.8
105.9
138.6
186.3
200.8
263.8
160.8
107.3
58.91
33.94
15.89
4.51
-3.69
0.713
3.909
6.324
3.809
-2.806
-1.541
-16.92
-18.43
-20.95
-23.4
-23.84
-26.58
-28.01
-31.67
-32.42
-31.83
-28.58
-29.32
-34.17
-34.17
-35
-32.41
-28.99
-25.65
-22.23
-24.76
-26.31
-25.21
-24.38
-28.98
-29.72
-31.15
-33.4
-30.84
-30.23
-29.36
-30.33
-32.27
-31.83
-33.57
-33.96
-32.58
-31.78
-30.54
-31.4
-22.06
-23.79
-24.33
-24
-24.57
-23.89
-17.74
-12.14
-9.34
-9.47
-7.49
-7.1
2.257
6.758
4.115
8.76
27
46.98
75
125.7
175.5
260.1
298.5
299.5
465
407.8
468.5
279.4
380.7
623.9
364.9
198.4
76.5
80.7
79.8
118.9
65.87
394.1
526.4
513.4
732
532.7
696.2
467.6
378.3
307
421
440.3
379.6
208
300.3
355.3
139.7
104.8
59.01
31.06
4.139
-13.9
-26.81
-29.15
-22.79
-20.85
-22.07
-31.01
-27.3
-24.42
-26.09
-23.85
-23.08
-23.47
-23.82
-26.16
-27.02
-29.33
-31.93
-33.85
-31
-26.86
-25.95
-26.37
-25.07
-26.35
-32.22
-33.94
-34.61
-36.72
-37.15
-34.76
-35.2
-35.37
-35.07
-34.69
-33.93
-35.94
-34.92
-36.57
-37.16
-41.76
-42.52
-41.13
-38.98
-39.69
-37.2
-36.71
-36.53
-36.69
-39.08
-32.48
-10.85
18.48
44.87
90.9
111
201.3
225.4
281.5
307.3
372.1
403.2
454
487.9
530.6
566.1
558.5
546.8
561.6
559.5
372.3
619.3
793
761
716
691.2
355.2
681
417
706
647.4
330.1
610.3
674.7
404
653.3
213.1
339.4
449
314.4
261.4
209.4
157.3
77.4
-0.739
-18.03
-30.41
-37.18
-39.62
-40.61
-38.47
-37.86
-38.31
-37.79
-41.15
-36.31
-34.92
-36.51
-37.13
-38.14
-35.93
-31.19
-30.48
-30.78
-28.82
-34.35
-37.18
-34.77
-31.99
-27.51
-26.49