-17.38
-18.24
-18.46
-19.06
-16.74
-18.92
-20.13
-21
-20.01
-19.82
-18.49
-20.39
-19.32
-18.27
-8.95
-17.28
-16.77
-16.61
-15.33
-14.91
-15.34
-15.74
-16.29
-15.84
-13.89
-9.77
-4.332
-0.267
4.881
13.19
34.54
55.61
62.47
71.4
60.09
52.54
70.7
92.2
104.4
100.9
91.9
80.7
68.81
89.7
61.88
70.1
77.6
69.18
83.5
103.5
134.6
235.4
258.6
406.3
446.6
311.9
397.8
411.3
360.8
360.5
438.2
165.7
62.06
29.01
44.6
44.51
59.07
40.4
10.18
-2.159
-10.67
-24.44
-28.54
-27.44
-25.2
-21.46
-22.3
-23.43
-22.4
-21.25
-20.08
-19.01
-19.04
-14.95
-13.01
-13.67
-15.15
-17.79
-17.58
-15.66
-13.77
-12.61
-12.96
-17.89
-16.54
-15.37
-15.42
-17.25
-22.68
-26.67
-26.55
-20.77
-27.32
-26.82
-14.33
-19.97
-26.74
-30.93
-28.83
-11.37
-7.52
-9.44
-13.17
-14.86
-14.11
-16.54
-9.75
-19.15
-30.24
-32.11
-19.34
3.125
52.34
24.77
5.393
1.848
3.931
2.041
2.413
2.935
5.483
9.7
35.02
58.25
100.5
198
229.6
193.7
211.1
98.7
213
250.4
384.5
417.7
234
334.1
164.3
87.9
66.07
434.2
430.6
412
424.1
440.4
485.3
368.8
181
221
291.1
328.3
254.9
202.9
105
68.19
46.72
13.25
-16.57
-29.18
-32.43
-34.46
-34.24
-34.86
-34.07
-21.19
-17.73
-17.87
-18.09
-24.4
-33
-20.79
-22.17
-28.13
-28.37
-28.82
-21.08
-7.03
-20.37
-13.28
-15.56
-11.4
-12.39
-11.9
-13.11
-14.08
-14.83
-14.96
-16.89
-17.16
-21.6
-27.58
-29.49
-21.66
-24.63
-29.19
-31.3
-24.11
-26.16
-31.25
-33.1
-26.33
-30.06
-33.48
-32.53
-31
-29.97
-30.73
-26.3
-6.082
16.84
45.67
61.19
76.2
49.63
40.52
42.09
60.27
50.44
37.22
51.64
97.8
168
190.5
234.9
335.4
357.1
379.6
374.1
327.6
359.8
312.7
321.1
432
649
709
320.9
348.7
498.4
543.5
355.8
365.4
500.6
323.3
240.5
339.4
314.5
271.9
212.6
153.2
106.8
69.1
16.58
-5.656
-22.26
-31.59
-37.03
-37.82
-36.67
-36.62
-36.14
-35.81
-35.38
-33.15
-33.33
-35.15
-35.27
-34.88
-33.8
-33.27
-33.53
-32.46
-32.67
-31.66
-32.39
-32.74
-26.45
-16.79
-16.01
-16.61
-16.95
-17.12
-16.64
-16.45
-22.11
-28.71
-28.94
-26.34
-22.89
-19.28
-18.77
-18.06
-16.53
-15.02
-15.58
-15.62
-16.62
-15.76
-12.17
-13.39
-10.17
-10.65
-10.47
-11.8
-12
-10.07
-5.34
9.23
33.76
39.08
34.6
53.17
108.4
161.4
136.9
173.6
232.5
368
491.8
321.9
452.6
386.9
-50.58
23.01
53.13
34.46
-5.867
9.65
12.41
6.853
5.638
1.829
0.037
-1.613
-0.158
3.45
7.66
11.26
12.65
14.3
15.72
20.33
26.14
20.19
15.9
16.71
4.099
-1.658
-5.089
-3.828
-11.55
-20.47
-18.87
-23.02
-20.36
-20.76
-16.93
-16.6
-25.68
-27.85
-26.79
-25.14
-21.43
-20.73
-19.52
-22.85
-25.85
-26.17
-26.31
-23.62
-9.34
-14.17
-16.46
-13.06
-8.73
-16.28
-5.356
-11.6
-20.58
-22.11
-16.57
-3.081
-7.25
-8.06
-8
-18.51
-20.65
-24.51
-25.36
-20.14
-25.31
-24.71
-24.73
-21.87
-24.25
-17.92
-10.98
-10.29
-8.11
-6.244
-5.304
-4.264
-1.46
-2.139
-1.827
3.525
11.54
20.61
23.34
55.54
23.77
27.27
23.14
43.54
43.64
51.52
59.94
89.7
72.2
68.07
47.35
39.81
39.33
34.89
77.6
144.4
274.4
349.2
195.2
123.9
107.2
73.2
67.93
66.35
70.6
77.8
31.73
54.83
79.7
121.7
97.8
105.2
111.6
50.79
16.76
1.103
0.467
-4.641
-7.48
-7.49
-20.6
-40.09
-41.62
-23
-8.17
-7.52
-10.39
-7.71
-7.48
-7.77
-10.43
-35.17
-17.48
-11.33
-9.72
-19.93
-23.15
-17.3
-13.43
-13.37
-11.17
-10.48
-10.84
-9.82
-10.15
-9.29
-9.04
-9.24
-8.88
-9.52
-9.1
-8.91
-9.01
-8.71
-9.43
-9.16
-8.65
-8.3
-8.38
-7.92
-8.2
-7.93
-8.05
-11.41
-9.08
-8.4
-6.831
-4.077
-0.269
4.344
9.52
14.93
30.38
42.32
58.52
69.04
70
86.6
113.8
109.7
159.7
141.2
188.3
168
179.9
197.1
165.3
143.2
142.7
114
155.4
133.5
177.7
245.3
261.5
212.2
279.5
273.3
176.1
274.2
222.8
170.6
192.5
146.3
194.3
138.4
122.3
62.22
70
45.38
20.66
-1.259
-2.656
-7.78
-12.19
-18.41
-18.88
-48.05
-50.66
-50.47
-50.23
-49.7
-45.93
-46.06
-45.46
-46.83
-47.97
-47.48
-45.5
-46.16
-44.76
-45.6
-45.67
-32.59
-20.62
-11.03
-14.2
-14.39
-11.63
-8.57
-10.92
-19.3
-15.63
-11.44
-31.83
-32.94
-22.06
-24.17
-14.22
-21.14
-36.07
-48.6
-17.08
-17.15
-35.28
-53.35
-51.94
-51.75
-52.18
-52.14
-51.01
-51.12
-47.14
-28.77
-3.33
-4.727
74.8
121.2
168.1
215
269.4
314.4
360.2
400.9
438.3
468.1
519.9
535.3
567.8
577.2
602.2
591.1
591.9
606.6
589.2
640.1
576
603.4
639.2
648.7
649.6
575.6
329
581.3
434.4
281.6
288.7
297.8
321.1
303
136.3
202.5
113.5
100.2
64.93
23.69
-12.07
-40.23
-57.91
-61.16
-62.78
-57.31
-62.84
-59.31
-59.01
-65.79
-65.67
-67.94
-66.75
-67.24
-64.78
-65.12
-64.54
-63.59
-63.87
-64.95
-63.74
-65.34
-65.81
-65.18
-64.56
-62.88
-62.34
-62.12
-61.5
-63
-63.25
-62.14
-61.45
-62.28
-61.87
-61.86
-61.88
-60.97
-61.12
-63.49
-62.74
-62.4
-63.69
-64.36
-63.01
-64.26
-65.88
-61.84
-60.45
-63.32
-61.48
-59.02
-56.61
-39.38
-27.83
5.924
64.73
115.1
163.4
216.1
263.6
316.9
356.7
393.3
437
473.9
510.7
543
568.6
593.6
599.4
587.2
599.7
682.8
637.2
523.8
291.3
574.3
548.7
615.6
382.9
601.2
579.5
535.5
253.1
280.7
428
379.2
259.9
336.2
307.3
229
162.4
148.5
120.9
48.46
-5.761
-44.15
-63.19
-65.2
-66.17
-68.11
-65.91
-61.26
-60.68
-61.25
-62.03
-61.26
-62.67
-63.82
-60.13
-59.69
-61.58
-62.63
-58.41
-60.56
-60.98
-58.84
-59.85
-61.12
-63.36
-63.93
-61.86
-62.62
-64.12
-64.03
-64.24
-65
-63.7
-63.09
-62.81
-62.12
-63.18
-62.4
-61.86
-63.55
-62.02
-63.36
-63.05
-62.88
-59.61
-62.11
-60.28
-61.11
-60.74
-59.3
-59.17
-59.02
-52.91
-38.01
-42.27
5.214
39.98
89.8
159.1
215.4
264.4
308
348.4
391.5
428.3
469.4
495.4
532.5
551.5
571.9
591.4
574.7
560.9
566.9
591.9
586.4
553.6
576
674.1
549.7
590.7
387.5
487.6
543
469.3
417.7
425.7
418.7
417
318.5
172.3
217.7
188.1
176.5
66.58
17.01
-16.02
-47.78
-66.83
-68
-71.9
-69.32
-70.6
-72.3
-74.1
-73.7
-72.4
-70
-70.4
-70.7
-68.62
-69.7
-68.47
-66.38
-65.48
-64.55
-65.18
-62.88
-62.64
-63.03
-63.26
-62.81
-61.58
-62.46
-60.7
-61.24
-59.92
-58.89
-60.85
-59.51
-59.93
-59.11
-58.75
-58.56
-59.39
-58.99
-59.54
-58.85
-58.64
-57.85
-58.63
-58.38
-59.17
-58.83
-58.64
-58.44
-58.75
-57.11
-53.13
-43.26
-10.84
25.57
68.37
112.6
162.7
214.4
262.5
313.9
357.1
389.6
436.4
452.1
494
517.8
557.6
564
577.7
568.7
566.1
556.6
578.5
589.7
581.9
591.5
618.4
609.2
598.9
583.6
603.3
576.7
572.9
557.4
527.4
425.6
320.3
286.7
249.3
190
155.8
103.4
55.55
16.27
-15.72
-43.96
-60.94
-61.08
-63.48
-64.7
-64.41
-63.58
-60.27
-60.39
-58.74
-59.3
-58.27
-57.66
-59.93
-58.26
-59.77
-59.58
-59.88
-59.37
-59.03
-58.34
-58.01
-54.6
-55.03
-54.45
-55.4
-55.51
-56.28
-56.68
-53.37
-50.7
-50.03
-52.44
-49.85
-52.41
-54.32
-54.47
-54.14
-54.87
-51.72
-53.92
-56.29
-55.41
-54.28
-52.92
-53.42
-54.02
-52.5
-51.21
-51.18
-55.04
-57.34
-60.85
-11.11
28.01
69.13
114.8
160.8
211.6
261.1
308.3
348.9
388.7
432.8
463.5
493.8
546.8
560.3
563.9
593.4
558.9
584.9
598.3
564.8
569.7
564.6
587.9
591.9
591.7
574.4
573.7
557.7
516.1
482
454.9
407.8
367.6
334.5
284.9
242.1
200.7
131.6
95
49.86
15.89
-16.54
-39.61
-56.74
-55.35
-55.96
-58.5
-58.02
-56.7
-57.6
-58.76
-57.47
-51.7
-42.02
-49.53
-55.03
-52.64
-49.28
-52.21
-50.89
-46.86
-51.15
-51.91
-52.85
-53.49
-50.13
-55.47
-56.54
-55
-55.78
-55.38
-55.33
-55.06
-54.26
-55.62
-54.41
-51.05
-48.61
-51.7
-49.37
-51.06
-48.33
-52.57
-53.57
-51.72
-50.36
-49.24
-46.71
-45.91
-51.43
-49.25
-52.51
-52.01
-48.44
-34.24
-14.38
28.62
33.17
119.4
164.6
206.9
266
282.5
337.1
390.7
450.6
441.4
516.4
534.9
550.3
583.2
563.5
585.4
558.4
566.1
568.5
568.2
577.7
569.8
588.8
590.3
572.7
553.6
531.3
512.7
481.2
437.4
402.9
379.8
317.3
286
236.9
188
144
96.3
44.19
10.52
-20.16
-49.19
-66.51
-67.48
-69.33
-72.6
-72.6
-75
-74.4
-73.5
-73.8
-72.6
-71.8
-71.6
-66.51
-60.67
-60.67
-60.71
-60.27
-57.05
-56.67
-57.58
-56.89
-53.96
-51.73
-48.63
-48.84
-50.65
-49.07
-48.06
-48.03
-48.05
-49.22
-46.75
-46.4
-49.45
-49.77
-49.09
-49.12
-48.61
-49.74
-48.87
-49.3
-48.22
-48.87
-51
-50.12
-48.36
-47.79
-49.15
-52.34
-48.02
-43.03
-32.15
-17.83
27.75
68.67
112.9
156.6
199.3
249.3
304.9
341.3
381.9
410.8
450.6
481.6
515.3
546.3
554.2
552.7
537.9
560.2
553
552.7
573.5
559
573.3
587.2
590.3
573.5
564.2
530.7
509.8
480.7
443.2
418.2
359.1
325.3
276
231.6
195.7
136.7
93.3
54.81
19.86
-8.79
-34.71
-41.62
-36.31
-50.21
-54.05
-54.56
-52.63
-52.29
-52.25
-53.56
-53.77
-51.84
-54.32
-56.88
-57.47
-56.04
-58.04
-56.83
-55.41
-56.34
-56.77
-55.29
-57.09
-59.95
-58.12
-55.05
-56.18
-56.54
-56.42
-58.46
-56.97
-57.44
-58.04
-56.76
-54.43
-51.01
-50.24
-46.47
-52.56
-49.52
-50.86
-49.81
-47.55
-50.48
-50.19
-52.8
-48.79
-50.46
-47.87
-49.21
-50.73
-45.92
-31.64
-1.695
33.72
65.97
72.2
154.5
198.1
261
300.2
353.8
380.9
420.6
446.9
478.7
503.7
535.6
545.9
549.7
543.2
547.4
551.7
554.3
550.5
570.1
559.6
565.9
587.4
560
558.6
540.9
502.9
484.8
442.3
389.2
350.1
311
273.3
240.5
186.9
141.3
90.4
46.22
9.22
-18.21
-44.7
-60.89
-60.85
-64.22
-63.68
-65.96
-65.81
-65.31
-65.79
-67.66
-67.18
-66.73
-65.39
-69.9
-69.58
-70.3
-72.1
-68.36
-63.87
-64.3
-61.77
-63.24
-62.44
-62.1
-63.81
-61.63
-60.74
-60.52
-59.68
-59.54
-61.08
-59.44
-58.43
-58.41
-57.73
-56.02
-57.88
-60.89
-59.82
-62.26
-60.56
-62.27
-61.59
-61.6
-60.21
-61.38
-61.45
-61.21
-59.92
-65.62
-60.96
-57.5
-41.97
-12.77
21.64
64.06
109.7
156.5
205.9
252.6
297.2
341.4
379.2
422.9
462.7
494.4
516.7
552.1
566.6
558.1
543.4
551.1
557.5
561.4
566.4
579.7
573.2
580.1
596.7
585.6
568.4
534.5
504.6
498.5
430.3
415.2
368.7
337.3
290.8
236.1
173.1
134.3
86.7
46.26
6.932
-20.41
-47.11
-60.96
-60.56
-61.94
-61.21
-60
-62.71
-62.2
-62.11
-59.09
-57.36
-56.71
-55.5
-53.82
-54.19
-52.57
-52.65
-52.75
-52.2
-35.44
-39.81
-47.71
-49.49
-45.37
-46.46
-51.16
-51.62
-51.9
-52.74
-52.75
-53.14
-53.26
-51.03
-49.71
-49.24
-49.83
-49.85
-48.77
-47.88
-47.7
-48.58
-49.07
-50.81
-50.97
-46.96
-37.55
-42.37
-37.4
-51.51
-54.86
-47.59
-45.38
-22.98
-2.857
40.51
60.1
125.4
72.1
196.9
244.5
292.2
331.6
358.7
401.7
432.6
463.1
532.2
513.2
548.1
546.4
548.5
540.4
567.4
567.2
573.2
562.4
549.9
554.7
569.4
555.3
535.1
512.2
487.1
455.9
425.2
389.7
346.3
314.3
270.6
229.5
180.5
138.2
94.8
53.05
11.46
-7.98
-27.64
-40.4
-44.46
-46.22
-46.72
-46.68
-47.36
-47.79
-48.41
-48.79
-49.84
-49.87
-51.32
-53.53
-52.56
-51.43
-50.32
-51.74
-54.07
-52.66
-52.59
-50.63
-49.2
-48.73
-47.26
-45.63
-45.01
-42.83
-41.26
-41.97
-39.34
-38.73
-38.97
-39.43
-38.64
-37.28
-37.62
-36.72
-36.45
-30.31
-30.41
-36.65
-35.65
-38.19
-37.44
-34.03
-29.99
-30.62
-31.88
-29.81
-35.03
-33.05
-10.33
-9.84
13.57
60.1
114.8
114.9
180.2
258.8
271.2
305.9
329.3
410.1
354.1
404.5
453.2
544.4
562.6
562.7
504.5
530.4
558.9
548.4
562
497.2
606.5
485.9
596.1
553.5
490.1
413.3
491.1
356.5
366.4
290.6
294.4
256.4
160.8
142.4
92.7
127.8
93.2
80.7
25
7.47
-9.75
-20.64
-29.32
-28.57
-31.8
-34.16
-36.74
-37.04
-38.01
-38.41
-41.15
-41.28
-43.32
-43.96
-41.92
-42.17
-42.22
-42.18
-43.83
-45.66
-46.43
-49.54
-48.4
-48.82
-47.38
-47.5
-47.55
-49.02
-47.96
-46.63
-46.53
-47.34
-46
-44.11
-43.6
-44.85
-44.58
-42.9
-42.42
-44.21
-43.24
-43.9
-43.54
-43.3
-36.89
-21.63
-24.85
-32.84
-43.37
-38.97
-38.49
-37.74
-27.34
-4.81
28.11
69.16
109.1
108.7
141
237.8
288.1
349.5
369.8
416.2
442.7
471.8
521.8
554.8
563.7
544.8
537.5
541.1
521.8
550.9
547.6
570.2
540.1
553.7
580.7
547.4
518.2
470.6
461.6
434.1
410.5
381.5
265
269.6
215.5
182.6
170.8
102.4
67.12
49.23
17.65
-0.05
-21.46
-37.03
-48.48
-51.62
-51.93
-53.94
-53.21
-54.15
-53.56
-51.16
-48.47
-44.07
-42.12
-39.03
-40.7
-40.3
-39.46
-38.06
-38.14
-39.44
-42.7
-43.19
-42.87
-44.1
-42.78
-42.68
-43.99
-44.73
-41.69
-40.32
-39.73
-40.04
-39.11
-37.93
-37.53
-36.57
-35.11
-35.61
-35.33
-35.75
-37.24
-35.66
-35.35
-33.34
-34.45
-40.15
-33.21
-30.47
-37.62
-38.37
-35.79
-36.12
-28.24
-8.48
36.79
75.1
122.9
164.5
120
123.1
247.8
338.6
416.7
418.2
483.8
513.8
504.3
445.2
280.4
294.6
405.3
551.6
591.5
485.5
586.2
598.8
568.2
579.8
576
572.2
549.1
511.3
487.5
453.1
425.4
398.4
343.4
307.1
268
227.6
166.7
89.3
92.2
54.8
19.97
-7.6
-33.44
-42.78
-44.53
-46.85
-45.82
-47.99
-48.38
-50.15
-48.62
-46.64
-46.61
-47.13
-45.59
-45.42
-44.67
-48.02
-48.25
-49.42
-48.76
-49.73
-49.01
-48.56
-51.2
-49.81
-53.38
-50.74
-48
-47.15
-50.28
-51.42
-50.77
-50.59
-49.74
-48.78
-47.06
-46.28
-45.61
-45.15
-44.89
-46.46
-46.27
-46.7
-44.44
-43.36
-45.43
-45.78
-45.16
-44.37
-44.09
-43.28
-43.64
-39.87
-25.87
2.761
26.71
-13.54
110.3
153.2
200.4
241.9
287.5
325.9
366.3
401.7
433.9
487.5
497.7
527.1
530.9
537.4
520.2
529.6
543.6
536.8
549.6
561.9
555.6
569.3
519.7
445.1
522.2
516.4
488.9
459.2
426.2
393.5
353.3
313.8
270.5
224.9
180.6
133.9
92.4
52.19
17.13
-9.67
-29.27
-40.28
-44.82
-47.78
-46.21
-45.61
-48.01
-47.24
-45.98
-47.61
-46.79
-47.61
-45.77
-47.42
-46.92
-44.4
-42.76
-42.09
-44.36
-44.32
-43.61
-45.11
-46.4
-44.54
-43.37
-42.38
-41.09
-39.87
-41.19
-41.93
-40.78
-39.45
-40.06
-44.58
-44.35
-41.52
-41.25
-41.63
-45.61
-53.43
-51.97
-41.85
-41.74
-42.26
-42.24
-42.36
-43.31
-42.28
-42.34
-41.68
-40.86
-39.12
-25.15
-3.318
29.33
67.51
106.9
151
199.5
246.4
285.3
329.6
363.8
405.7
444.5
464.4
500.7
519
539.6
514
523.2
522.4
530.2
552
477.2
553.7
416.2
238.4
225.6
409.5
316
553.3
498.6
457
414
87.3
44.56
-0.903
-1.321
-6.723
22.82
31.33
31.79
26.01
24.59
10.31
1.407
-7.36
-7.3
-7.76
-7.08
-7.97
-7.78
-10.74
-17.33
-26.74
-33.81
-31.84
-28.9
-23.75
-23.29
-27.57
-30.3
-25.76
-16.28
-9.5
-16.87
-20.79
-23.07
-25.18
-26.67
-28.86
-33.43
-32.61
-28.92
-27.93
-32.12
-35.81
-35.12
-33.88
-27.56
-26.93
-31
-27.97
-27.39
-29.62
-30.35
-28.68
-30.65
-29.16
-26.39
-20.8
-24.05
-23.79
-19.92
-14.08
-16.82
-32.04
-35.53
-27.27
-15.88
-11.22
-14.68
28.36
109.5
216
186.7
176.5
209.6
250.5
231.6
464.5
501.5
521.9
532.6
505.1
507.4
517.9
552.7
559.3
564.8
568.8
519.9
296.8
463.6
520.8
551.7
400.7
485.5
446.8
425.4
334.8
330.6
313.4
250.7
67.31
44.23
81.3
84.3
55.05
24.28
-6.025
-26.38
-33.59
-39.56
-40.85
-39.39
-41.26
-40.18
-38.91
-37.79
-36.92
-40.14
-42.47
-39.87
-41.35
-40.09
-38.39
-36.76
-37.37
-39.01
-39.57
-38.9
-38.31
-38.27
-37.25
-37.93
-39.06
-39.86
-38.96
-39.57
-39.37
-39.64
-39.79
-39
-40.02
-39.1
-38.78
-38.51
-37.76
-36.74
-37.12
-35.98
-35.78
-35.59
-35.28
-35.69
-35.12
-35.17
-35.07
-35.17
-34.25
-33.18
-28.76
-10.55
11.5
25.28
83.9
187.1
205
161
127.6
286
316.4
351.7
379.4
418.1
447.5
527.1
555.3
384.1
353.6
553.4
533.6
561.2
412.9
394.4
172.2
68.05
92.9
447
480.8
496.8
121.1
77.4
60.5
41.81
34.24
41.34
124.8
167.8
111
82.3
54.65
35.06
17.23
3.034
-14.47
-24.58
-29.09
-35.76
-36.38
-37.06
-35.98
-34.25
-31.73
-32.61
-33.33
-31.88
-28.68
-26.04
-34.63
-35.01
-35.96
-36.27
-36.39
-36.98
-36.95
-35.98
-36.37
-36.2
-36.77
-38.24
-37.67
-38.38
-38.48
-38.81
-38.22
-35.36
-30.28
-30.57
-24.54
-17.98
-23.92
-34.7
-37.5
-38.38
-37.36
-36.93
-27.98
-17.36
-7.85
-5.793
-6.034
-5.772
-5.413
-4.943
-5.109
-6.693
-7.39
0.602
10.39
10.81
18.08
21.37
61.47
64.5
153.4
224.9
148.7
143.9
111.5
69.25
45.95
70.8
82.2
144.2
123.6
125.6
198
283.5
415.2
451.1
472.3
451.5
405
560.4
540
435.6
532.2
480
322.4
182.8
218.7
215.9
179.8
137.4
193.3
196.3
168.1
103.9
53.8
18.81
-5.971
-26.66
-34.43
-37.45
-37.4
-37.17
-39.12
-39.09
-36.08
-33.97
-37.7
-35.64
-36.68
-35.69
-35.61
-35.97
-36.05
-36.32
-36.18
-38.36
-36.92
-37.43
-36.33
-36.4
-35.46
-34.95
-34.13
-34.82
-35.34
-34.71
-38.11
-35.93
-35.78
-36.24
-39.93
-33.63
-25.68
-29.41
-26.22
-32.36
-33.63
-33.57
-36.05
-36.83
-37.79
-38.78
-37.24
-30.76
-29.42
-21.98
-15.52
-10.47
-4.548
-10.05
-3.785
1.626
48.51
47.12
55.88
148.8
238.5
266.8
267.6
322
221.2
227.2
350.2
495.5
511.9
524.4
505.3
507.7
515.9
466.6
526.1
514.3
538.9
538.7
530.7
523.6
538.2
497.5
483.8
450.4
441
387.3
353.1
318
267.6
217.3
200.2
155.1
106.3
72.2
28.45
4.189
-13.16
-30.11
-38.19
-41.71
-43.64
-45.03
-45.54
-45.82
-45.44
-46.65
-48.14
-47.37
-47.05
-47.15
-44.97
-44.5
-47.07
-45.61
-45.46
-45.6
-42.83
-41.79
-42.1
-41.77
-41.92
-41.94
-40.46
-41.27
-39.83
-39.11
-39.46
-39.49
-39.59
-39.65
-39.01
-34.76
-31.66
-32.63
-31.97
-30.2
-22.81
-28.47
-34.37
-35.05
-37.43
-37.07
-37.17
-37.15
-37.02
-37.77
-41.84
-40.95
-36.21
-27.25
-6.818
-19.17
57.15
102.3
143.5
188.7
230.4
265.3
310.7
353.5
388.6
439
454.6
478.2
497.8
506.5
491.4
484.7
495.3
508.2
506
449
490.9
552.9
539.9
287.2
440.6
238.5
535.5
469.2
341
254.2
424.5
329.1
219.3
52.1
226.9
174.2
111.4
60.06
-2.67
-9.42
-20.54
-32.56
-35.45
-40.01
-40.54
-41.26
-41.26
-41.68
-41.17
-42.2
-40.91
-41.98
-42.4
-41.89
-41.41
-34.98
-39.46
-44.14
-45.3
-44.82
-44.27
-44.63
-43.79
-41.88
-42.46
-41.49
-42.24
-42.61
-42.68
-42.93
-44.4
-45.03
-46.02
-45.18
-46.94
-43.86
-43.01
-43.31
-42.76
-41.83
-40.79
-41.28
-40.25
-40.1
-40.91
-40.09
-40.73
-41.27
-29.37
-25.5
-32.52
-20.86
-9.88
-0.597
2.593
-19.73
23.29
63.32
109.7
122.9
140.2
158.6
224.1
329.7
378.9
215.9
324.4
298.3
317.3
347.3
525.6
492.8
523.1
453.9
418.7
431
538.9
545
542.6
541
542.9
518.4
490.9
480.2
447.6
405.5
364.6
321.1
287.4
255.1
212.1
160.7
116.7
78.6
39.57
7.12
-20.48
-39.45
-42.71
-42.84
-43.68
-44.31
-44.86
-45.41
-43.9
-42.25
-43.22
-44.21
-45.09
-45.58
-46.82
-42.82
-44.82
-46.29
-44.68
-42.41
-43.27
-42.43
-41.66
-41.87
-42.36
-41.26
-42.81
-40.23
-38.49
-37.82
-36.68
-36.41
-35.62
-34.96
-34.39
-34.33
-34.19
-35.21
-33.96
-33.92
-35.06
-35.37
-35.65
-35.29
-34.86
-34.31
-34.97
-35.7
-34.52
-34.78
-35.31
-34.26
-32.07
-21.2
1.615
28.74
61.8
91.1
73.2
196.9
248.5
276.5
309
361.6
396.3
420.9
462.3
476.9
473.5
504.3
488.8
474.8
481.7
501.9
475.3
512.4
498.6
490.2
554.3
541.3
534.1
509.6
489.2
469.2
436.4
421.7
376.2
343.2
303.4
250.2
200.1
159
105.6
13.76
5.041
-5.054
-11.8
-25.35
-36.15
-39.7
-42.04
-43.88
-43.87
-43.8
-44.61
-44.08
-42.64
-43.32
-44.11
-43.21
-45.2
-44.84
-43.18
-41.91
-41.52
-41.15
-42.87
-42.1
-41.38
-40.85
-40.59
-40.71
-41.48
-40.6
-38.9
-38.59
-36.66
-36.52
-38.24
-40.48
-38.17
-38.32
-38.46
-37.89
-37.52
-38.92
-38.22
-38.05
-34.72
-36.93
-35.53
-31.33
-32.97
-34.4
-33.75
-26.95
-18.67
-26.74
-29.84
-23.06
0.193
31.68
68.29
100.5
59.42
33.52
63.31
111.2
204.3
149.2
199
207.8
213.8
242.4
224.4
283.9
453.6
387.4
405
426.2
392.5
461.1
369.1
409.8
513.4
522.7
418.1
437.6
412
452.5
425.2
455.9
433.3
333.2
282.5
241.4
184.4
144.7
97.2
46.34
17.92
2.968
-12.77
-25.49
-36.78
-41.96
-41.8
-40.67
-40.63
-39.95
-40.23
-41.02
-44.06
-41.71
-39.17
-39.67
-38.59
-37.74
-35.8
-36.42
-38.62
-39.2
-39.73
-39.21
-40.69
-40.18
-38.91
-34.12
-31.11
-28.91
-27.94
-27.96
-27.28
-22.4
-27.98
-26.12
-25.16
-26.28
-29.23
-34.79
-36.96
-37.16
-35.26
-26.19
-25.77
-33.01
-34.69
-33.15
-32.24
-30.19
-32.73
-28.72
-27.01
-31.56
-32.15
-25.95
-13
3.665
36.95
65.32
71.7
78.5
88.4
103.4
115.2
146.4
165.4
180.1
226.4
235.6
235.3
171.6
240.4
341.5
261.3
179.4
214.6
198.1
226.7
157.6
215.8
280.4
415.2
278.4
166
347
250.2
228.6
361.9
413.1
167.5
114.1
180.7
130.7
77.9
33.45
29.63
7.33
-17.76
-32
-36.93
-36.97
-36.68
-38.24
-36.78
-34.61
-36.07
-37.91
-34.36
-31.51
-33.49
-34.06
-32.94
-33.56
-34.96
-39.65
-37.28
-34.35
-37.47
-34.84
-37.21
-39.71
-37.01
-38.03
-36.23
-37.41