-43.02
-46.92
-39.84
-44.84
-19.65
-24.38
-26.6
-28.74
-28.21
-37.31
-11.02
-11.19
-17.88
-31.48
-24.76
-30.54
-22.56
-40.66
-32.41
-28.05
-38.83
-41.05
-37
-37.02
-22.39
-31.58
-21.86
-8.41
17.56
41.77
29.11
28.69
128.7
183.5
222.2
280.3
305
343.4
370.6
443.4
456.5
537.1
540.7
594.3
617.9
629.9
651.8
683.9
693.3
699.8
618.1
519.1
675.8
300.2
649.5
570.7
430
255.9
261.5
251
261.1
267.3
149.3
108.8
82.1
53.98
36.62
21.07
9.12
-1.314
-9.52
-11.45
-30.18
-39.3
-47.52
-7.29
-9.18
-5.767
-8.14
-7.24
-6.758
-6.779
-5.757
-9.29
-7.14
-6.441
-8.3
-10
-9.93
-12.63
-12.92
-13.04
-10.12
-13.13
-13.8
-14.64
-16.84
-16.33
-15.5
-19.78
-14.18
-15.68
-15.37
-11.67
-16.02
-15.84
-14.63
-4.551
-3.503
-11.57
-11.61
-14.25
-13.3
-17.6
-17.43
-19.86
-18.45
-20.31
-21.37
-10.22
-9.95
-7.75
-4.147
-3.867
-1.177
3.429
15.79
32.94
39.12
47.03
148.3
209.8
185.8
150.4
198.5
254.3
243.9
262.4
285.1
307.8
402.3
577.5
472.3
522.2
409.3
432.5
338.7
464.4
354.3
501.6
374.9
355.6
331.3
357
463.9
475.6
503.9
360.6
240.7
435.2
359.6
343.1
167.8
44.55
2.263
-12.15
-22.98
-32.25
-36.89
-30.31
-21.9
-19.04
-15.67
-17.27
-18.49
-18.36
-23.63
-25.87
-15.9
-13.65
-19.38
-22.39
-22.52
-20.37
-16.2
-9.11
-12.45
-26.88
-27.93
-21.81
-12.48
-8.89
-10.82
-6.914
-6.172
-7.13
-10.4
-11.95
-14.44
-17.41
-13.15
-13.48
-12.99
-13.95
-12.77
-12.05
-10.54
-12.39
-12.14
-12.92
-12.47
-12.6
-13.53
-14.86
-14.81
-13.54
-11.7
-6.027
0.391
4.353
42.51
77.4
139.8
95.9
41.18
24.95
17.05
42.11
47.2
39.95
72.9
96.3
101.8
123.1
156.7
167.7
156.9
158.3
220.4
244.8
309.7
401.6
481.7
346.5
255.8
266
284.9
214.2
219.4
221
209.2
133.3
123.1
116.1
111.2
53.11
38.09
15.33
-0.649
-8.83
-17.39
-16.96
-25.31
-32.92
-43.97
-37.78
-25.2
-21.66
-26.88
-23.04
-22.39
-22.08
-30.42
-37.37
-37.35
-33.7
-22.68
-23.68
-24.34
-16.34
-25.19
-29.5
-26.03
-21.32
-22.24
-18
-19.71
-23.58
-17.12
-24.56
-27.11
-37.3
-43.5
-54.92
-71.1
-70.5
-67.16
-65.6
-60.05
-41.28
-17.34
-9.57
-10.33
-8.46
-7.46
-15.02
-23.87
-6.041
-6.269
-6.079
-5.574
-5.168
-4.803
-2.046
5.659
17.81
28.02
39.82
89.2
148.5
171
243.3
252.6
186.7
217.4
244.5
254.1
305.5
386.5
342.6
367
391.9
417.8
480.2
527.2
425.5
343.7
427.5
500.1
609.4
608.4
481.8
537.8
353.6
511.9
530.9
630
584.8
324.9
463
253.6
218.9
214
204.6
209.6
174.7
158.7
35.45
5.872
-10.91
-15.74
-18.44
-33.97
-46.71
-28.69
-22.47
-18.56
-18.37
-19.98
-19.49
-18.73
-18.9
-19.64
-21.9
-21.84
-19.81
-19.07
-18.67
-18.59
-19.06
-19.18
-20.6
-20.5
-19.88
-19.76
-20.35
-20.42
-21.8
-25.73
-31.23
-29.09
-39.1
-48.22
-49.28
-52.72
-54.64
-51.62
-50.87
-52.85
-51.68
-48.49
-44.94
-47.9
-50.82
-50.03
-47.43
-49.93
-48.51
-43.98
-30.34
11.75
20.81
29.34
64.31
107.4
125.1
216.2
252.4
259.9
284
329.1
378.2
411
473.6
538.1
556.1
545
586.8
594.4
494.2
563.8
289.3
355.2
389.3
584
680.4
713
655.8
730
648.4
676.8
782
628.7
556.9
371
478.6
467.7
417.4
364.6
290.7
246.2
176.1
128.5
84.2
17.62
-38.39
-51.48
-54.26
-54.7
-56.08
-56.56
-58.55
-58.97
-58.62
-58.19
-57.63
-57.97
-57.03
-55.44
-53.83
-54.58
-53.4
-54.2
-53.62
-54.53
-54.27
-55.05
-54.79
-52.59
-53.46
-51.18
-64.39
-53.87
-53.51
-51.88
-53.04
-50.72
-53.25
-52.77
-50.92
-51.98
-53.06
-52.58
-53.07
-53.6
-53.16
-53.81
-53.14
-53.31
-52.82
-53.79
-52.66
-52.44
-52.69
-52.34
-72.8
-75.3
-62.94
-36.57
-70.6
-19.72
74.3
120.7
168.5
218.7
270.3
326.6
382.3
417.9
447.4
506.2
569.7
589.7
598.6
468.4
336.4
650.4
665.2
701
694.5
694.8
706
707
706
699.3
694.8
665.5
628.8
605.6
587.2
531.3
516.8
470.6
405.9
378.5
309.6
264.8
209.2
146.4
76.1
16.88
-32.71
-47.58
-53.24
-55.05
-56.35
-56.4
-56.58
-56.71
-56.28
-54.61
-54.96
-55.23
-54.45
-51.36
-52.66
-52.51
-52.39
-52.8
-53.17
-51.81
-50.89
-51.94
-54.03
-54.37
-52.1
-51.23
-50.9
-49.9
-46.65
-48.13
-48.57
-46.83
-51.04
-52.77
-50.72
-52.18
-54.99
-58.96
-60.01
-54.94
-55.42
-51.59
-50.6
-49.98
-52.38
-57.6
-61.52
-54.16
-49.97
-49.11
-71.4
-89.4
-63.28
-34.11
-0.758
32.98
67.28
111.4
158.4
210.1
258.1
307.9
349.9
400.6
439
496.9
525.6
554.2
582.9
592.2
599.4
616
615.7
502
515.7
324.5
231.8
433.4
630.5
713
689.3
676.1
646.5
609.3
577.2
542.9
499.1
456.4
419.1
370.4
309.9
256.6
203.2
134.8
76.7
16.87
-35.03
-53.23
-54.46
-57.2
-54.73
-51.98
-50.98
-49.35
-47.81
-47.63
-46.46
-48.5
-51.15
-49.92
-51.1
-50.74
-48.95
-49.82
-48.75
-48.87
-49.94
-47.7
-46.56
-46.93
-47.14
-46.82
-47.49
-47.29
-48.8
-47.05
-46.51
-46.45
-44.98
-43.63
-43.91
-44.7
-43.73
-42.39
-41.73
-43.06
-40.02
-39.36
-41.12
-41.97
-40.7
-42.28
-44.23
-44.42
-41.15
-39.69
-37.64
-40.09
-49.58
-45.06
-7.3
37.22
76.6
110.3
156.7
208.6
262.9
314
354.8
411.4
400.7
419.3
519.5
575.7
584.4
592
593.1
648.8
656.4
462
724
756
658.1
542.2
156.2
660.7
683.3
699.2
689.8
584.9
617.9
542.7
604.7
379.3
207.1
163.2
313.6
297.3
212.2
135.7
64.96
15.54
-28.2
-44.86
-42.91
-44.71
-43.63
-41.41
-38.69
-40.13
-39.67
-38.33
-39.37
-38.36
-38.88
-38.47
-36.79
-36.65
-35.18
-32.6
-33.91
-36.32
-35.47
-32.29
-32.87
-33.13
-35.26
-35.15
-35.92
-35.03
-33.22
-31
-34.35
-34.96
-38.82
-39.34
-38.54
-34.61
-33.4
-33.15
-32.8
-32.38
-32.18
-30.36
-31.53
-31.67
-32.91
-32.89
-33.11
-32.52
-34.35
-35.59
-22.22
-3.651
17.88
39.31
63.53
86.6
98.4
115.7
142.6
182.8
194.6
265.4
380.2
377.5
469.7
439.3
483.8
555.8
590.3
543.4
588.8
649.3
694.7
478.2
264.1
440.3
635.5
647.1
709
732
701
661.9
631
613.6
566.7
374.8
112.6
-13.31
-48.79
-15.18
-13.2
-24.66
-14.45
-19.27
-18.78
-18.98
-30.13
-21.9
-22.31
-20.05
-23.59
-25.93
-27.04
-28.77
-28.99
-28.44
-28.1
-29.19
-31.68
-31.66
-31.41
-32.41
-33.23
-31.06
-30.13
-33.69
-33.01
-36.01
-34.66
-31.43
-34.64
-32.21
-31.62
-30.59
-30.93
-31.27
-20.65
-21.09
-24.07
-27.37
-29.3
-30.27
-30.7
-30.66
-31.05
-34.55
-34.56
-34.8
-34.21
-33.28
-34.57
-35.51
-35.72
-36.08
-34.94
-33.51
-35.2
-41.88
-18.84
-0.718
27.44
57.86
72.5
12.26
41.95
67.85
196.9
319.1
361.5
417.9
458.5
498.5
511.7
547.6
572.3
570.1
605.7
612.5
639.5
649.8
666.1
678.4
704
690.2
689.8
698.6
686.9
668.8
634.1
604.9
571.3
537.1
510.2
441.6
407.4
371.3
307.5
249.6
199.5
101.6
27.83
-22.58
-35.14
-41.88
-38.75
-39.05
-45.02
-50.81
-41.68
-39.13
-37.64
-37.93
-37.06
-37.5
-35.77
-36.53
-37.38
-39.76
-40.07
-38.39
-37.21
-36.81
-36.74
-38.6
-41.33
-39.78
-40.23
-39.47
-42.24
-39.64
-40.36
-35.51
-37.65
-38.55
-33.85
-34
-25.88
-25.94
-34.44
-38.5
-40.8
-42.15
-41.46
-41.1
-39.34
-40.27
-41.55
-34.93
-43.82
-42.3
-41.42
-39.78
-49.55
-64.19
-39.68
-9.43
20.39
-7.28
29.28
127.7
177.8
223.9
266.5
318.1
372.7
399.4
441.9
477.6
526.1
547.9
565.7
562
571.7
605.3
615.2
645.3
676.2
685
710
676.9
701
672.1
673.4
648.6
652.2
594.8
586.3
547.5
492.1
450.6
415.2
364.1
302
233.2
160.7
101.5
67.05
6.026
-28.44
-38.99
-40.72
-36.96
-39.71
-40.34
-41.74
-38.28
-37.55
-36.72
-38.01
-38.41
-39.74
-40.66
-38.37
-39.86
-39.1
-40.61
-40.03
-40.67
-39.44
-39.21
-32.74
-26.3
-31.32
-34.3
-33.8
-28.76
-40.73
-52.22
-44.7
-43.74
-44.14
-44.7
-44.13
-43.69
-43.44
-43.43
-45
-42.14
-40.87
-40.15
-38.03
-38.91
-37.93
-36.78
-37.01
-37.58
-36.98
-35.77
-42.86
-58.75
-87.7
-56.54
3.854
38.57
71.3
114.4
159.6
209.1
252.7
305.2
351.1
389.9
442.4
479.1
505.7
538.9
554
550
577.6
589.3
615.5
642.8
654
668.5
705
698.9
664.8
676.5
650.9
431.4
417.8
477.3
220.3
232.5
251.8
109.4
134.6
197.8
130.6
106.5
68.08
26.84
4.151
-15.67
-29.67
-28.2
-26.99
-22.43
-18.94
-15.64
-18.11
-28.23
-36.37
-40.45
-42.35
-40.42
-38.61
-40.63
-41.37
-42.38
-37.31
-35.64
-25.82
-37.47
-28.75
-37.42
-40.47
-27.72
-38.78
-41.21
-38.23
-40.48
-41.02
-37.2
-38.16
-39.56
-37
-42.38
-44.11
-42.51
-40.47
-42.21
-36.88
-38.64
-37.86
-37.55
-35.3
-34.75
-33.24
-33.45
-34.94
-34.63
-34.16
-37.21
-61.15
-59.1
-15.49
-2.262
12.34
33.81
49.75
85.2
114.9
150.9
240.9
295.9
359.5
377.7
439.9
389.2
459.8
523.6
531.7
528.6
560.2
581.7
611.9
633.1
638.4
583.6
631
712
683.4
657
536.1
599.7
467
404.7
526.1
395
311.3
327.4
351.9
308.8
300.1
235.1
178.3
120.7
72
12.15
-30.82
-39.81
-41.1
-39.28
-42.93
-38.38
-33.65
-37.33
-42.34
-42.57
-41.98
-39.38
-37.35
-38.51
-37.67
-37.79
-38.34
-39.52
-40.3
-40.4
-42.59
-43.55
-42.91
-42.16
-41.88
-41.72
-41.46
-40.97
-40.76
-34.5
-20.76
-13.83
-15.22
-19.8
-23.06
-27.86
-27.37
-27.45
-30.07
-28.46
-35.19
-29.4
-18.64
-16.83
-14.63
-15.74
-18.09
-25.65
-18.49
-20.86
-14.08
-4.244
18.21
-13.1
-16.34
1.225
2.365
6.812
61.71
158.3
146
164
142.5
363
443.9
453.1
517.1
513
588
445
64.93
-17.28
1.074
13.09
16.2
-0.773
-45.57
-26.64
-22.62
-18.94
-16.69
-3.981
18.47
67.02
133.5
279.3
197
123.5
92.8
87.3
35.28
36.61
32.65
6.08
-4.799
-9.3
-11.03
-12.64
-21.29
-13.15
-13.19
-13.2
-23.95
-48.68
-32.52
-44.9
-40.26
-41.67
-51.58
-80.3
-66.84
-28.1
-12.35
-13.6
-20.48
-12.28
-14.92
-14.36
-14.43
-13.07
-13.02
-12.29
-12.22
-12.19
-18.87
-12.03
-12.48
-11.91
-12.66
-12.75
-12.37
-14.42
-13.03
-17.27
-21.78
-14.04
-12.41
-12.11
-16.38
-33.3
-31.82
-26.69
-30.64
-24.02
-20.92
-17.14
-20.47
-18.4
-11.22
-1.461
9.44
30
29.26
38.29
32.07
8.02
28.16
64.7
90.3
125.6
97.8
118
279.6
136.3
145.1
193.3
271.4
303.4
309.8
296.6
271.3
296.5
271.9
453.8
311.3
199.3
149.8
113.4
119.8
173.4
131.5
101.9
76.2
66.6
50.19
36.33
35.14
32.25
25.01
19.61
4.573
-6.284
-10.19
-11.77
-11.59
-11.85
-11.41
-11.14
-11.31
-11.12
-11.5
-11.61
-11.44
-11.62
-11.46
-11.89
-12.32
-12.69
-12.36
-12.27
-12.56
-12.04
-12.24
-8.19
-9.56
-11.28
-10.84
-10.49
-10.85
-10.31
-10.58
-10.95
-12.11
-12.48
-11.19
-10.93
-11.57
-10.67
-10.68
-10.56
-10.27
-10.23
-10.36
-10.32
-10.4
-10.67
-12.17
-12.09
-12.36
-12.61
-11.99
-10
-4.914
0.491
22.3
36.99
56.99
74.4
92.9
134.5
174.1
207.7
227.9
231.8
263.7
194.2
159
193.5
174.7
185.5
209
221.8
169.4
322.4
211.3
230.4
187.5
96.1
90.9
106.9
130.7
128.3
161.1
205.4
248
227.2
230.5
200.4
176.2
155.3
119.6
103.9
61.4
43.53
39.38
26.84
9.15
-4.377
-9.95
-12.64
-38.03
-39.54
-40.89
-39.54
-37.85
-36.26
-37.06
-46.22
-41.49
-38.24
-39.87
-42.16
-43.19
-45.12
-42.97
-44.47
-41.54
-37.99
-35.14
-37.34
-37.87
-37.39
-35.8
-35.83
-38.03
-42.02
-42.58
-37.67
-33.46
-39.1
-38.59
-38.51
-37.73
-36.59
-26.12
-14.56
-34.2
-40.28
-36.93
-18.79
-11.01
-8.28
-10.22
-11.43
-7.47
-7.44
-7.09
-5.947
-2.796
6.596
22.08
34.27
31.56
28.6
45.81
127.9
120.4
109
177.6
188.9
191.9
229.4
398.6
466.9
338.1
374.3
329.4
312
300.65
289.3
400
226.6
260.2
359.5
337.1
253
532.7
272.1
423.7
169.9
191.9
212.5
238.2
154
52.49
82.6
99.6
107.8
165.4
129.6
77.8
23.73
7.65
-20.08
-38.95
-42.2
-42.19
-42.54
-42.57
-39.97
-42.27
-43.02
-41.79
-41.7
-41.72
-41.39
-41.56
-42.07
-41.02
-40.72
-40.22
-37.4
-37.04
-37.62
-38.39
-40.3
-39.06
-37.61
-37.32
-38.5
-36.99
-37.33
-36.59
-30.51
-23.36
-37.61
-15.1
-9.37
-20.25
-37.85
-24.61
-19.37
-25.94
-15.9
-27.55
-34.43
-39.39
-39.45
-39.18
-38.88
-36.09
-34.95
-36.37
-35.97
-29.09
-10.05
11.2
12.06
90.9
141.2
194.5
211.9
199.4
305.9
298.4
479.3
232.8
318.1
440.6
512.1
372.9
540.3
507.5
511.1
524.6
300.3
515.9
564.8
609.6
704
528.2
274.7
180.1
307.7
200.5
591.2
488.3
579.1
458.3
469.5
375.1
297.2
250.4
208.3
165.6
107.1
57.71
16.92
-11.69
-32.31
-37.6
-40.4
-42.58
-40.92
-40.79
-37.63
-38.75
-36.69
-36.23
-36.23
-36.53
-38.27
-37.42
-38.42
-39.68
-38.2
-39.08
-40.24
-40.29
-41.04
-40.73
-38.77
-37.9
-43.95
-40.11
-39.58
-39.47
-39.11
-37.53
-37.51
-38.03
-37.38
-37.69
-36.6
-35.79
-35.48
-22.15
-7.14
-22.42
-35.41
-37.53
-36.96
-37.54
-38.05
-36.94
-39.84
-39.1
-32.65
-33.34
-33.72
-25.08
-8.09
9.91
16.31
16.9
52.53
112.2
152.9
283.4
333.2
388
410.4
452.3
483
498.4
536.2
583
337.5
607.7
671.9
667.2
578
640.9
621.6
617.7
648.6
704
730
487.2
309.7
654.2
648
590.5
437.4
429.5
374.4
333.2
286.6
238.6
189.3
140.8
94
50.9
19.38
-6.268
-27.27
-38.16
-35.03
-33.43
-41.31
-39.52
-35.95
-33.99
-22.26
-21.71
-9.81
-16.06
-12.67
-14.59
-50.54
-74
-49.76
-56.39
-76.1
-56.65
-50.76
-58.72
-69.25
-54.88
-39.12
-22.94
-16.59
-13.78
-11.29
-11.08
-11.45
-19.16
-18
-16.26
-15.9
-20.79
-26.87
-28.46
-25.59
-29.1
-35.12
-35.64
-35.03
-35.21
-35.55
-29.49
-35.01
-33.06
-34.91
-36.1
-33.42
-21.23
5.414
41.15
-2.273
25.28
3.82
148.7
124.8
246.9
231.8
210.8
226.1
285.7
269.4
301.7
327.2
324.1
306.1
245.6
202.3
214.5
223.7
238.4
215.2
174.3
186.4
202.1
218.7
306.6
304.7
248.3
401.6
249.6
233.3
436.2
205.1
120.3
75.7
44.7
41.27
43.49
40.55
23.78
11.85
-6.262
-18.7
-33.37
-33.32
-30.9
-30.19
-13.22
-8.05
-68.3
-33.78
-25.3
-17.79
-19.19
-14.26
-20.24
-30.08
-27.56
-31.21
-30.63
-26.96
-25.58
-33.71
-38.26
-38.76
-44.37
-40.61
-42.92
-44.41
-29.84
-30.89
-33.19
-34.34
-22.53
-39.34
-40.7
-44.06
-49.22
-45.25
-45.73
-45.08
-37.99
-40.6
-38.41
-33.91
-28.1
-21.4
-23.58
-26.45
-17.18
-13.84
-17.68
-24.28
-18.09
-17.15
34.94
67.38
105.9
50.22
208.7
119.2
35.88
173.8
351.8
197.9
257.2
464.6
528.6
523.5
401.9
513.5
520.7
542.6
571.6
571.5
580.8
612.8
622.6
627.8
636.9
595.6
596.9
571.6
554.6
521.3
479.1
459.8
435.9
385.1
327.9
292.6
250.2
129.9
56.71
56.33
48.94
6.648
-5.571
-31.13
-40.77
-42.29
-45.75
-46.32
-45.29
-44.76
-45.94
-46.22
-42.68
-42.04
-45.09
-45.71
-43.36
-45.41
-46.63
-46.24
-46.43
-47.38
-48.46
-48.92
-48.56
-46.32
-47.59
-47.54
-47.85
-48.31
-47.56
-47.9
-44.91
-44.98
-43.09
-42.96
-42.71
-40.55
-41.45
-43.45
-44.03
-41.47
-41.48
-41.74
-43.67
-46.48
-48.92
-42.24
-44.38
-40.81
-39.7
-40.26
-42.79
-39.29
-28
-1.209
26.24
43.27
12.76
52.85
136.5
150.4
120.8
258.5
354.8
395.7
358
457.6
496.4
501.7
475.6
461.4
470.6
535.7
561.3
564
568.2
594.9
610.7
639.1
627.3
624
568.3
577.2
550.3
528.5
517.3
475.1
322.6
205
117.7
232.2
305.3
203.1
143.8
93.3
52.32
16.67
-22.17
-35.5
-40.91
-42.87
-41.39
-36.77
-36.86
-42.39
-42.55
-45.37
-45.09
-40.68
-45.61
-45.71
-47.33
-46.4
-45.76
-45
-45.08
-43.46
-44.96
-46.2
-45.58
-45.47
-44.97
-44.43
-44.38
-44.16
-43.45
-43.59
-45.66
-49.76
-46.67
-45.31
-47.88
-45.65
-45.28
-44.88
-44.41
-45.67
-45.37
-47.16
-45.79
-48.03
-49.7
-47.34
-38.82
-29.82
-17.76
-13.04
-5.377
-7.02
1.618
17.41
40.28
29.99
83.4
169.3
104.5
177.2
180.1
305.7
342.8
411.8
437.3
456.1
486.9
486.4
514.8
496.6
507.6
555.5
581.9
606.4
440.2
309.6
433.7
645.9
658.7
665.4
631.4
465.3
400
461.4
499.1
404.1
448.7
413
368.1
235.7
279
213.3
148
95.6
49.87
12.84
-16.27
-40.51
-50.09
-53.06
-54.14
-55.58
-57.48
-57.22
-55.46
-55.13
-53.26
-55.26
-54.62
-53.57
-53.19
-51.17
-49.52
-51.22
-50.92
-50.21
-49.92
-48.7
-46.92
-45.42
-46.05
-50.06
-47.58
-47.87
-47.65
-51.05
-91.1
-54.15
-51.9
-53.47
-52.62
-51.25
-51.76
-53
-52.98
-52.34
-50.66
-50.15
-55.4
-55.47
-53.42
-52.44
-50.03
-51.6
-51.82
-48.64
-47.09
-22.82
-13.44
-1.608
12.77
52.86
48.1
134.4
169.8
136.5
238.9
312.2
351.4
394.9
433.8
472.6
478.7
479.9
487.9
496.6
509
526
533.7
575.7
584.2
553.1
616.7
670.8
634.2
630.9
585.4
545.7
537.7
508.1
486
448.5
396.3
372.2
309.1
277.9
236.8
179
129.3
86.1
34.67
1.968
-28.55
-53.39
-59.66
-60.32
-60.92
-57.86
-54.95
-55.86
-53.51
-53.7
-50.31
-49.06
-49.69
-49.01
-44.74
-44.75
-47.88
-46.69
-45.61
-48.34
-48.11
-47.23
-47.37
-47.44
-49.77
-46.78
-49
-48.52
-50.66
-50.24
-49.39
-48.84
-48.46
-51.29
-51.76
-53.5
-54.29
-48.72
-51.13
-50.2
-50.71
-53.31
-56.17
-52.6
-52.36
-52.74
-52.39
-52.34
-50.53
-48.63
-52.59
-50.02
-46.32
-25.55
9.48
47.02
77.2
114.2
80.3
210.2
262.4
295.8
342.6
384
419
455.3
479.3
478.9
467.3
491.3
511.7
526.3
536.5
568
583.7
573.4
596.1
631.4
627.8
599.5
575.1
557.5
545.3
508.7
522.9
214.8
164.6
355.4
287.7
253.2
186.3
53.74
9
82.9
35.46
-30.39
-38.65
-43.16
-46.02
-48.17
-40.7
-38.88
-45.1
-41.44
-38.61
-35.8
-38.18
-33.41
-38.22
-42.58
-46.36
-46.37
-47.95
-45.74
-44.89
-42.53
-40.64
-41.48
-37.24
-46.23
-41.96
-41.95
-47.26
-48.47
-49.43
-49.26
-49.23
-48.88
-46.7
-46.16
-44.94
-45.39
-46.12
-45.47
-45.73
-48.91
-41.18
-42.56
-43.3
-43.25
-34.86
-42.62
-44.62
-45.01
-43.47
-41.16
-41.55
-38.31
-34.04
-15.81
6.671
-51.85
74.2
118.5
162.1
207.4
253.6
297.4
340.2
381.8
420.4
450.7
470.9
473.9
480.1
482.2
490.4
511.3
527
528.9
563.2
395.3
479.4
529.9
530.1
550.9
604.1
474.6
511.8
481.1
421
394.3
160
177.7
76.8
34.38
48.81
-73.3
1.058
122
95
34.53
-7.19
-27.15
-30.82
-36.37
-39.08
-38.27
-40.05
-39.98
-39.85
-38.55
-38.64
-37.11
-37.06
-35.92
-35.97
-36.99
-35.69
-37.41
-37.09
-36.07
-35.69
-36.69
-36.07
-37.81
-39.15
-38.78
-38.63
-39.18
-38.91
-38.5
-38.64
-37.08
-36.71
-35.23
-32.86
-33.46
-18.21
-32.24
-39.94
-39.96
-36.46
-37.23
-39.24
-39.66
-40.41
-39.62
-36.78
-36.82
-40.15
-40.09
-39.41
-38.06
-29.66
-10.85
18.31
40.14
76.6
81.5
59.52
89.2
190.2
294.2
298.3
351.4
411.7
444.5
473.9
504.3
524.2
503
515.1
536.4
564.7
559.1
573.2
582.8
572.5
665.5
217.2
41.55
-48.24
54.49
106.9
60.31
74.2
4.167
61.91
118.1
272.3
227.7
185.9
193.4
170.6
77.9
62.13
23.85
-8.41
-33.51
-38.64
-37.6
-37.04
-37.17
-36.72
-39.51
-41.51
-41.48
-41.66
-41.72
-39.45
-39.96
-39.39
-39.52
-36.84
-35.35
-36.52
-37.78
-41.85
-42.34
-43.6
-43.87
-43.49
-43.71
-43.54
-43.29
-43.22
-43.05
-43.28
-43.48
-43.03
-43.94
-44.11
-44.23
-44.22
-43.86
-42.9
-41.96
-42.04
-41.11
-41.39
-41.28
-40.62
-39.93
-39.88
-40.83
-40.68
-39.42
-39.44
-36.43
-32.92
-15.69
14.7
41.05
54.06
81.6
137.1
191.5
240.6
275.8
317.9
362
405.9
414.9
451.8
483.2
512.8
536.4
553.1
542.6
523.4
527.3
541.4
455.1
493.8
388.3
531.8
545.9
293.2
436.8
616.7
296.8
391.9
266.5
405.3
358.3
296.3
280.2
236.8
172.2
73.6
19.18
1.174
-6.748
-18.92
-26.95
-35.09
-36.45
-36.7
-34.38
-36.2
-36.5
-36.06
-36.23
-37.37
-36.71
-36.93
-37.75
-38.66
-38.22
-37.55
-38.33
-37.89
-36.29
-36.31
-36.46
-36.57
-37.47
-37.53
-37.56
-38.27
-38.72
-39
-39.07
-38.77
-38.35
-38.53
-37.54
-30.14
-22.25
-29.4
-35.18
-37.6
-29.52
-20.32
-33.86
-32.04
-32.23
-38.35
-36.96
-37.37
-37.92
-38.77
-39.91
-36.97
-37.01
-41.76
-20.17
18.37
46.82
64.95
91
150.8
198
247.3
281.6
319.8
355
398.2
440.7
482.1
491.9
520.1
526.1
475.6
525.9
470.3
377.4
466.3
535.3
397.3
163.5
444
542.7
565.5
334.2
0.615
-75.4
38.96
107.1
62.33
18.66
63.86
79.2
69.68
58.46
17.78
13.47
0.752
-3.366
-5.483
-7.47
-11.08
-17.53
-14.97
-17.11
-23.15
-28.2
-24.19
-8.43
-20.46
-16.75
-11.61
-3.687
-11.12
-3.598
-11.78
-53.77
-45.52
-32.27
-33.79
-37.61
-35.43
-28.82
-10.31
-13.22
-17.21
-19.62
-18.78
-16.54
-15.53
-11.76
-12.57
-18.58
-16.38
-24.71
-32.27
-24.9
-14.23
-18.11
-20.4
-17.88
-19.01
-20.67
-21.06
-15.72
-20.79
-24.66
-20.1
-23.83
-17.54
-21.3
-15.59
-16.81
-17.93
3.839
2.308
8.67
46.18
49.63
84.7
101.1
76.2
64.62
36.21
26.87
39.8
31.74
101.1
88.3
64.16
64.26
130.9
43.59
70.2
83.2
174.1
121.8
101.3
104.2
132.2
59.13
18.9
96.7
95.7
65.3
53.14
25.32
48.22
22.45
49.45
49.38
19.29
25.91
15.24
0.753
-4.283
-7.83
-9.71
-11.54
-10.87
-9.78
-22.57
-30.57
-21.44
-16.55
-17.14
-23.76
-26.71
-31.74
-33.87
-29.06
-31.51
-40.15
-41.18
-31.66
-35.68
-25.85
-33.37
-33.84
-19.62
-21
-23.7