-41.675
-45.22
-47.59
-46.355
-43.275
-41.595
-43.655
-45.905
-45.545
-48.83
-48.26
-43.51
-41.85
-37.775
-37.95
-39.495
-38.76
-41.04
-38.865
-41.34
-42.4
-38.29
-40.38
-35.32
-32.88
-28.3105
-21.5885
-11.145
-2.275
24.3
50.28
45.555
92.95
129.95
142.65
204.05
232.9
265.7
387.55
369.1
394.5
432.6
427.25
502.8
512.4
515.5
500.2
503.3
507.2
502
440.85
487.2
459.45
448.15
466.7
462.4
433.65
418.9
383.45
346.7
292.3
275.3
225.3
171.6
140
99
43.07
9.6865
-1.8315
-13.9585
-37.205
-52.165
-56.3
-60.38
-52.725
-50.165
-56.135
-55.685
-53.32
-52.575
-49
-49.215
-57.265
-56.85
-47.615
-48
-50.375
-47.91
-41.99
-41.845
-41.075
-39.205
-38.275
-34.445
-33.405
-39.975
-46.705
-48.995
-50.37
-48.95
-53.555
-52.765
-54.275
-54.375
-54.715
-54.645
-53.415
-52.685
-53.355
-53.68
-55.12
-52.975
-40.915
-30.505
-32.825
-40.58
-50.015
-51.6
-54.77
-56.805
-52.065
-51.22
-47.7
-32.6
-8.033
19.831
50.28
78.655
123.9
170.45
207.6
253.1
293.1
330.15
364.85
396.6
425.65
456.15
479.1
499.05
515.1
512.7
513.95
515
506.2
510.3
504.15
504.65
492.35
480.8
471.65
458.75
443.45
424.65
382.2
355.7
260
205.55
222.4
192.95
123.3
86.525
52.695
4.605
-33.1205
-46.16
-61.96
-69.775
-70.97
-70.64
-68.96
-71.41
-68.865
-67.75
-66.58
-66.065
-66.22
-65.125
-66.13
-66.745
-65.875
-61.68
-63.63
-63.18
-63.22
-62.255
-60.87
-61.175
-64.205
-62.085
-65.145
-63.33
-62.71
-63.2
-62.91
-59.38
-56.635
-59.195
-58.105
-55.87
-57.03
-55.07
-54.73
-59.085
-59.24
-58.175
-57.66
-54.67
-53.24
-53.85
-53.79
-53.03
-54.765
-55.175
-56.105
-55.135
-55.96
-53.29
-46.935
-32.435
-10.6075
17.93
49.175
87.83
127.85
158.35
205.75
273.7
312.4
343.3
418
378.25
367.1
369.25
392
454.75
540.8
524.05
542.5
576.35
507.35
474.75
454.5
520.25
481.3
465.4
455.7
412.7
351.15
381.95
388
364.75
325.75
275.3
228.35
185.25
139.6
88.12
49.8
7.47
-29.663
-43.57
-58.195
-67.535
-67.5
-69.995
-67.25
-62.98
-64.975
-62.255
-62.63
-64.375
-62.34
-62.985
-62.875
-60.74
-58.595
-57.33
-57.31
-56.67
-55.145
-56.145
-58.175
-57.475
-53.525
-51.345
-56.7
-57.17
-57.02
-56.155
-56.795
-55.835
-56.695
-55.735
-54.915
-54.365
-51.75
-51.895
-37.96
-33.527
-36.775
-36.41
-35.875
-38.305
-38.54
-32.985
-30.853
-33.11
-30.0975
-32.4
-35.965
-37.14
-38.535
-37.725
-26.24
-4.7
-8.085
5.215
58.44
57.56
67.475
98.1
121.905
139.955
162.56
169.435
199.36
228.86
262.365
265.525
298.9
299.63
322.55
317.845
306.46
317.22
310.38
308.57
297.325
305.045
302.445
306.09
289.87
262.48
257.805
249.53
224.645
202.605
166.265
144.635
118.55
93.015
73.01
39.1075
18.1025
-12.595
-25.498
-30.43
-37.61
-45.04
-47.125
-46.93
-50.055
-46.275
-44.52
-46.35
-46.825
-42.645
-45.24
-44.48
-45.19
-45.47
-47.52
-42.335
-37.775
-39.115
-40.145
-40.75
-40.86
-40.785
-40.945
-32.56
-15.395
-13.5045
-15.5535
-21.217
-31.992
-33.995
-33
-30.322
-30.1625
-32.347
-30.4175
-31.3665
-31.28
-32.515
-31.89
-30.845
-30.405
-35.64
-42.075
-45.215
-45.36
-42.035
-37.11
-36.865
-35.525
-36.925
-37.51
-33.455
-25.735
-13.385
-1.12
20.5355
69.35
98.35
140.4
170.55
139.75
168.05
260
307.55
322.4
439.9
351.3
330.55
350.55
368.4
421.5
401.6
387.25
452.15
499.4
479.7
456.25
475.25
426.15
423.5
482.9
463.8
426
449.5
417.2
371.45
339.65
333.9
293.3
250.7
205.85
161
114.3
67.77
24.52
-14.47
-42.71
-59.72
-62.28
-61.29
-57.75
-57.41
-59.34
-61.89
-61.37
-61.93
-56.16
-59.23
-59.54
-59.06
-63.27
-67.25
-64.09
-59.36
-59.57
-52.05
-47.87
-47.99
-50.57
-53.59
-52.75
-46.99
-49.38
-49.57
-52.51
-52.29
-53.09
-52.53
-52.22
-50.77
-52.69
-55.42
-54.98
-55.55
-56.28
-56.23
-59.34
-60.36
-60.01
-58.62
-57.32
-56.25
-56.12
-55.85
-55.17
-55.7
-55.92
-54.05
-56.36
-53.52
-36.95
-10.18
16.58
47.25
85.2
122.6
157.7
216.5
250
292
335.5
371.3
446.8
432.5
457.1
459.2
449.3
441.8
444.6
471.9
472
478.1
483.4
483.4
491.3
527.3
520.3
500.2
488
474.1
446.4
398.2
378.3
333.5
296.7
253.8
220.2
167.4
121.7
67.2
22.92
-17
-50.68
-67.04
-68.83
-66.99
-67.27
-66.52
-66.25
-63.44
-64.64
-61.73
-60.24
-60.26
-57.76
-57.6
-56.9
-58.07
-54.22
-51.88
-51.26
-50.46
-51.37
-54.41
-53.49
-50.69
-53.68
-57.12
-44.24
-43.05
-41.94
-43.765
-42.685
-42.125
-41.085
-38.445
-41.155
-43.255
-41.61
-42.925
-40.095
-38.185
-35.355
-38.105
-39.435
-39.52
-41.04
-44.435
-46.205
-47.945
-48.395
-47.545
-47.02
-44.68
-34.07
-16.67
-26.75
-4.072
24.71
57.69
93.9
134.4
176.7
218.1
262.6
299.2
335.4
376
404.9
439
457.9
459.9
459
453.1
463.8
475.1
483.8
481.7
491.8
491.3
504.6
537.8
522.4
509.9
492.6
462.3
440.4
415.2
375.5
348.4
305.1
258.3
208
169
119.9
69.59
26.33
-14.06
-48.85
-69.96
-72.1
-69.26
-70.5
-65.3
-65.67
-65.2
-63.76
-64.1
-64.14
-62.21
-60.6
-60.07
-59.7
-61.13
-54.62
-56.58
-60.77
-56.6
-60.57
-58.24
-57.07
-56.19
-58.74
-57.91
-55.44
-54.89
-48.815
-45.6
-47.91
-46.01
-46.365
-43.005
-48.41
-46.38
-44.335
-44.465
-44.83
-44.5
-44.28
-43.39
-42.41
-41.655
-45.97
-44.245
-43.85
-43.025
-43.16
-39.12
-35.81
-35.6
-31.93
-24.075
-52.26
-8.26
20.25
53.81
93.2
132.3
173.4
221.7
263.7
307.6
339.3
370.5
407.4
436.3
458.9
459.4
474.7
462.2
463.4
475
484.7
492.2
514.5
495.1
512.7
543.3
542.6
516
504.6
467.9
447.9
422
380.7
338.3
301.1
255.9
209
166.4
115.7
67.53
22.93
-15.56
-46.66
-65.21
-68.27
-66.7
-67.34
-67.45
-74.1
-71.2
-73.4
-72.8
-74.7
-74.1
-71.6
-65.58
-64.32
-64.02
-59.47
-60
-58.59
-59.14
-62.35
-59.56
-58.51
-58.22
-61.33
-59.29
-57.16
-57.5
-60.61
-56.73
-56.97
-54.95
-49.93
-50.69
-56.54
-56.97
-64.41
-63.37
-64.89
-62.2
-63.14
-59.92
-59.66
-55.99
-54.61
-53.69
-55.09
-54.22
-54.95
-56.03
-55.55
-53.25
-50.26
-46.14
-65.1
-12.07
18.53
52.44
87.4
128.7
172
212.4
202.7
311.9
335
379.2
415.7
439.1
465.1
494.6
507.2
506.3
506.7
504.5
512.1
470.3
536.1
503.6
483.2
472.4
491.2
414.2
489.9
466.3
463.2
327.7
367.1
301.4
288.6
259.8
214.6
171.8
117.5
68.81
27.06
-16.98
-56.18
-64.87
-67.47
-67.97
-66.36
-66.48
-66.64
-65.35
-66.43
-65.66
-61.76
-61.24
-61.45
-60.53
-59.97
-61.56
-60.35
-60.74
-60.57
-61.2
-60.03
-61.46
-60.3
-51
-50.045
-49.28
-48.7
-51.07
-52.395
-49.745
-51.69
-52.625
-52.975
-53.185
-51.625
-52.48
-50.935
-50.43
-52.055
-51.49
-50.25
-50.595
-49.75
-49.625
-48.99
-48.605
-48.77
-51.25
-49.535
-48.735
-48.52
-45.18
-35.9
-15.74
8.7125
-36.33
30.65
64.86
101.5
141.8
184.2
228.8
264.7
299.8
359.8
391.9
412.8
453.4
368.4
507.4
540.7
364.4
502.5
480.3
506.4
511.3
507.9
545.3
379.5
431
418.9
536.2
352.6
264.2
372.8
427
397.4
356.8
312.4
133.1
97.5
99.6
126.6
78
36.52
-6.768
-40.99
-59.89
-60.03
-58.94
-58.65
-56.65
-60.55
-60.29
-59.74
-60.6
-60.3
-59.57
-59.89
-60.46
-59.17
-58.42
-58.1
-60.72
-61.15
-59.93
-58.99
-54.28
-52.39
-51.58
-50.14
-47.32
-49.6
-52.39
-50.67
-54.62
-56.31
-52.93
-49.31
-49.41
-51.29
-56.65
-55.98
-56.39
-58.39
-59.74
-57.43
-58.27
-58.95
-56.78
-55.63
-56.33
-56.66
-57.87
-56.47
-54.38
-53.93
-51.2
-48.32
-37.93
-16.04
13.22
27.5
52.55
89.5
132.1
167.4
210.7
256.3
302.8
340.8
372.4
410.8
458.3
465.5
487.6
473.8
482.6
475.9
487
487
506
484.3
500.2
493.6
477.7
433.9
524.2
496.8
478.1
450.6
413.7
372
333.7
289.4
250.7
206.6
162.3
110.9
64.86
22.63
-15.99
-48.42
-70.2
-74.6
-73
-74.3
-70.7
-68.05
-68.39
-65.26
-68.53
-65.19
-65.28
-64.04
-65.54
-63.21
-62.42
-60.61
-59.76
-58.58
-58.09
-58.58
-58.14
-57.95
-59.22
-59.48
-59.12
-57.32
-56.59
-56.53
-56.11
-55.11
-55.78
-55.4
-54.96
-54.94
-56.72
-55.89
-53.1
-53.63
-50.69
-51.82
-50.92
-48.87
-49.85
-52.18
-51.19
-52.35
-48.74
-48.6
-47.6
-47.92
-47.05
-47.79
-41.48
-24.02
1.63
29.03
59.75
105.3
141.8
179.9
228.4
267.2
303.6
346.7
382.5
433.5
442.3
468.3
489.8
490.3
462.5
467.9
510
503
498.9
494.6
501.4
495.5
514.9
540.8
514
499.2
465.1
444.2
411.4
392.9
354.2
285.2
262.6
203.5
168.8
125.9
76.5
27.1
-4.736666667
-36.57333333
-68.41
-69.85
-64.59
-65.14
-62.89
-64.1
-65.42
-64.85
-62.87
-61.4
-61.24
-55.9
-42.2
-45.27
-44.63
-52.31
-56.35
-51.23
-52.12
-53.67
-56.98
-57.1
-56.23
-54.96
-59.45
-54.91
-50.89
-48.62
-47.76
-46.31
-45.68
-47.01
-48.25
-47.61
-47.33
-47.44
-49.02
-49.78
-46.59
-45.39
-46.14
-47.23
-47.24
-44.69
-44.66
-44.49
-44.76
-42.78
-44.47
-44.24
-40.13
-44.02
-37.97
-19.16
8.9
36.57
70.8
103.9
145.5
189.8
239.9
277
307.5
354.9
423.9
510.5
536.1
571.2
493.4
463.2
492.9
497.9
521.7
513.7
513.8
536.3
529.9
526.8
509.8
493.3
470.3
428.3
400
376.8
329.1
284.7
240.2
195.5
153.8
107
62.86
25.29
-8.2
-35.3
-57.41
-64.3
-69.02
-70.1
-66.72
-68.5
-67.94
-68.56
-67.66
-66.46
-69.16
-65.76
-63.56
-63.32
-64.76
-61.95
-62.77
-60
-55.35
-55.77
-55.92
-53.83
-60.7
-62.5
-61.05
-57.74
-53.58
-40.06
-35.42
-37.46
-35.93
-39.59
-40.41
-35.17
-36.82
-40.02
-38.91
-42.03
-47.28
-47.56
-46.4
-36.08
-33.39
-42.53
-46.68
-44.55
-43.72
-43.65
-43.08
-42.19
-40.8
-39.43
-33.76
-18.76
15.97
28.13
43.75
54.81
119.3
93.8
125.2
211.5
333.2
326.1
385.5
429.3
459
478.1
482
464.1
459.3
476.3
488.3
498.9
508.2
516.4
510.3
524
552.1
537.6
522.7
458.1
531.5
489.9
486.7
411.6
335.9
288.3
245.7
179.4
102
127.6
92.6
-1.728
1.071
-12.42
-37.42
-59.3
-68.54
-69.88
-68.85
-65.73
-66.77
-67.17
-66.91
-67.39
-66.42
-65.03
-62.9
-62.84
-62.51
-62.38
-62.97
-64.01
-64.5
-60.39
-58.1
-58.31
-57.09
-54.62
-51.24
-34.81
-27.52
-33.41
-38.84
-45.5
-49.7
-51.52
-50.44
-44.33
-47.64
-51.1
-50.83
-50.4
-49.73
-48.77
-48.38
-49.5
-49.61
-51.88
-52.42
-52.69
-53.55
-54.7
-52.52
-52.83
-51.27
-50.41
-45.69
-30.8
-6.644
52.45
115.6
130.2
160.5
153.7
213.4
220.1
305.6
99.8
346.8
233.4
323.4
337.5
303.3
376.6
455.5
467.9
507
455.6
553.7
503.8
386.2
198.2
297.2
546.8
540.6
476.2
456.4
397
363.4
301.2
342.6
257.8
244.7
176.5
152.3
33.74
85.6
35.75
-5.468
-32.66
-53.89
-65.43
-67.79
-70
-68.31
-68.18
-67.46
-67.76
-66.16
-66.46
-63.87
-62.93
-63.43
-62.62
-62.4
-60.83
-59.13
-58.45
-57.18
-58.39
-55.21
-51.85
-51.41
-42.56
-51.56
-51.57
-49.76
-47.81
-45.43
-41.4
-48.05
-48.95
-41.47
-40.74
-44.37
-50.76
-50.81
-49.32
-43.34
-41.47
-48.98
-50.51
-50.51
-50.57
-50.63
-50.61
-50.25
-50.07
-49.04
-49.21
-49.74
-48.95
-43.39
-26.64
1.677
48.41
79.5
148.9
200.2
143.2
238.6
282.1
318.2
353.8
390.6
424.8
448.8
471.9
477.5
462.6
462.9
472.1
477.4
488.1
486.1
490.6
479.4
504.1
532.4
509.8
495.2
465.8
445.5
416.6
384.6
346.3
310.5
276.2
236.5
190.7
146.1
104.6
62.38
24.63
-5.469
-29.33
-49.44
-59.94
-63.71
-66.96
-65.71
-64.78
-63.32
-57.5
-48.62
-60.16
-59.17
-55.45
-57.71
-55.96
-48.23
-51.54
-38.49
-40.27
-43.87
-49.01
-52.59
-44.71
-39.45
-44.74
-46.43
-39.73
-27.56
-32.22
-27.47
-28.8
-37.46
-29.63
-42.34
-48.28
-50.99
-50.51
-50.05
-50.16
-49.4
-49.09
-33.89
-24.11
-27.82
-33.49
-41.36
-44.17
-41.87
-25.23
-19.13
-29.21
-33.44
-33.76
-34.04
-8.65
40.69
94
115.9
107.2
196.3
208.5
240.5
285.1
325.8
400.1
401.6
388
436.2
462
466.3
460.3
476.3
479
493.2
502.1
492.8
499
504.9
519.2
508.5
475.1
255.3
327.5
147.5
79.5
171.4
61.11
65.84
89.4
171
130.6
240.3
162.6
118.3
66
-1.353
-13.1
-15.68
-22.29
-21.26
-21.38
-20.91
-23.95
-63.72
-35.09
-22.25
-19.54
-25.77
-35.11
-43.82
-31.4
-22.86
-30.29
-29.27
-41.48
-43.16
-42.99
-42.14
-41.87
-40.31
-39.6
-39.5
-31.59
-23.2
-35.27
-19.39
-14.21
-17.85
-22.61
-17.1
-8.12
-7.77
-23.34
-13.2
-6.224
-12.98
-21.09
-21.08
-18.29
-25.21
-36.48
-33.58
-35.98
-35.79
-33.5
-30.53
-20.71
-16.41
-29.88
-17.5
0.19
16.53
51.22
77.7
115
157.9
206.9
243.7
282.2
324.8
354.7
402
429.1
462.7
459.6
494.4
478.6
484
476.6
497.3
505
507.7
511.6
514.9
542.6
454.8
295.9
240.2
227.8
183.9
124.8
221.2
66.47
134.6
193
222.2
127.7
156.3
133
105.9
48.32
4.434
-25.8
-27.85
-36.3
-50.17
-57.46
-55.62
-52.9
-52.08
-51.26
-49.65
-49.59
-50.9
-51.64
-49.29
-49.73
-47.22
-45.1
-44.28
-43.37
-43.93
-43.16
-44.94
-46.5
-46.66
-46.32
-45.28
-45.43
-45.62
-39.24
-26.17
-26.52
-31.6
-39.39
-43.41
-43.34
-43.84
-39.82
-42.18
-42.37
-41.59
-40.68
-41.36
-42.49
-35.05
-27.17
-34.07
-33.87
-35.31
-20.21
-28.78
-34.16
-35.2
-44.95
-39.15
-19.42
2.991
12.83
62.17
38.74
38.7
104.8
102.9
122.8
107.7
305.3
449.5
321.7
391.6
450.1
499.7
469.3
473
481.3
485.1
498.5
515.8
325
338.9
458.8
550.7
498.2
493.3
474.3
453.8
425.5
403.4
361.9
324
283.2
245.9
198.2
165.5
118.4
71.5
34.53
1.651
-19.19
-44.07
-54.66
-57.89
-57.64
-53.67
-53.07
-51.49
-41.34
-32.44
-21.98
-30.98
-30.77
-30.68
-42.51
-49.4
-51.99
-52.32
-47.18
-24.6
-21.99
-13.67
-127.4
-157.7
-35.33
-23.7
-17.58
-14.18
-14.56
-11.7
-16.55
-106.6
-96.7
-110.8
-27.3
9.93
13.9
42.47
38.38
15.3
-7.27
-7.9
-0.224
-4.625
14
24.65
24.86
19.52
18.89
12.5
-22.3
-20.67
-34.82
-33.64
-28.85
-29.25
-18.07
48.07
92.6
62.36
31.72
57.77
77.3
115.1
122.3
343.7
355.6
243.7
484.6
428.9
445
270.8
137.5
59.7
81.7
222.1
188.3
96.6
127.7
93.5
345.2
161.1
56.25
24.58
18.69
115.8
131.4
107.7
64.57
74.5
124
110.1
51.8
41.49
16.03
-14.99
11.73
0.533
-15.12
-5.422
-7.29
-8.24
-11.65
-9.77
-15.11
-8.83
-10.28
-11.52
-36.21
-40.7
-40.57
-36.16
-32.35
-22.2
-26.27
-27.74
-32.14
-22.49
-28.22
-16.2
-21.88
-34.47
-36.84
-31.99
-32.2
-33.45
-37.76
-38.38
-38.55
-42.27
-39.2
-24.11
-34.32
-39.89
-26.79
-29.84
-36.89
-39.05
-40.08
-35.98
-39.92
-46.66
-44.33
-44.17
-24.35
-11.34
-9.89
-23.86
-46.1
-26.42
2.523
14.09
26.09
41.04
63.71
83.6
104.5
141.3
251.8
380.6
311.1
227
202.5
249.5
371.3
368.1
463.3
398
422.1
436.5
533.5
591.9
483.4
522.7
574.6
573.6
526.8
518.1
513
471.1
286.1
367.1
241
161.5
245.3
227
233.2
173
87.3
46.25
70.8
15.58
-1.079
-0.599
-16.32
-24.05
-22.87
-20.76
-19.34
-19.14
-27.18
-35.98
-43.78
-49.84
-43.14
-47.18
-39.68
-34.42
-38.6
-34.45
-44.81
-38.42
-32.24
-34.51
-32.72
-36
-44.47
-48.11
-42.84
-34.24
-40.76
-38.69
-38.88
-36.59
-40.7
-46.95
-47.07
-46.22
-45.55
-43.82
-37.86
-37.17
-39.05
-39.22
-36.08
-32.99
-37.29
-35.47
-34.75
-24.55
-28.2
-42.19
-37.53
-32.42
-30.72
-32.32
-16.55
12.06
22.67
80.4
125.5
200.7
89.5
257.4
267.3
335.5
329.2
398.6
432.7
446.2
452.3
458.1
460.4
493.8
489.4
506.3
524.1
535.7
541.9
527.7
545.9
520.8
537.6
525.4
495
456
486.9
337.3
254.6
234.9
200.2
251.9
169.5
183.5
141
67.22
2.15
43.02
12.33
-29.85
-31.77
-43.26
-37.19
-41.27
-47.4
-47.77
-42.79
-40.89
-51.1
-53.11
-55.81
-54.94
-52.83
-50.59
-49.61
-40.4
-32.11
-32.76
-27.92
-22.92
-21.79
-26.95
-25.69
-25.31
-18.22
-20.27
-17.83
-18.46
-27.33
-22.53
-15.89
-13.18
-22.49
-22.16
-18.46
-19.22
-28.41
-31.87
-22.79
-23.94
-21.89
-40.73
-44.94
-37.64
-16.33
-15.43
-20.75
-19.58
-25.03
-34.01
-39.79
-35.16
-18.46
10.82
44.99
88.6
121.8
168.2
217.9
260.2
319.6
231.4
303.3
384.3
494
409.5
490.4
407.6
462.4
493
559.6
505
555.4
509.9
576.3
480.9
300
399.5
527.3
558.3
491.3
396.7
447.8
418.9
378.7
286.1
317.8
254.7
226.7
174.3
132.8
92.7
46.39
1.472
-12.98
-36.75
-50.15
-49.37
-54.92
-55.89
-55.49
-54.83
-51.25
-50.43
-46.23
-42.19
-38.25
-27.55
-44.73
-34.09
-45.47
-45.77
-43.31
-45.16
-42.08
-32.39
-33.65
-31.6
-33.08
-29.11
-30.21
-27.95
-29.68
-17.2
-11.21
-62.81
-51.37
-36.32
-34.97
-27.51
-33.01
-39.54
-22.03
-32.57
-32.71
-30.79
-31.96
-35.68
-36.76
-34.42
-39.87
-40.24
-39.3
-22.07
-33.51
-39.06
-37.64
-22.95
6.433
12.87
23.6
47.36
75.3
263.5
232
250.4
322.6
307
374
396.7
448
274.1
397.5
574.1
510.5
518.3
498.3
486.8
463
608.3
490.5
497.5
474.4
366.4
306.4
135.9
121.8
122.7
75
62.38
37.61
55.43
57.6
65.4
88
123.3
142.6
80.6
48.02
40.6
24.98
-20.09
-36.8
-41.88
-46.04
-47.78
-47.21
-41.74
-35.85
-21.34
-18.12
-17.79
-22.83
-28.27
-25.02
-19.17
-14.51
-11.43
-15.35
-18.23
-22.68
-24.35
-21.22
-23.2
-24.59
-24.24
-23.74
-21.57
-20.96
-21.45
-22.13
-21.25
-20
-17.77
-15.02
-14.7
-14.58
-14.79
-26.29
-32.04
-33.91
-26.25
-11.09
-15.14
-19.06
-12.01
-15.11
-17.73
-17.74
-16.02
-16.39
-16.51
-16.33
-15.13
-10.39
-3.9
-0.375
7.89
11.12
21.02
22.53
40.31
70.9
64.63
105.2
83.9
82.3
129.7
183.5
223.6
179.5
218.5
280.6
195.3
118.7
187.8
225.6
237.3
365.8
274.8
371.3
244.6
255.5
259.6
277.9
272.8
137.2
155.7
134.2
170.6
175.7
145.1
127.6
73.6
28.31
-3.096
3.805
-8.16
-23.13
-38.4
-38.54
-37.54
-39.21
-38.84
-39.82
-35.73
-31.54
-33.08
-34.97
-38.56
-42.83
-40.72
-37.54
-43.26
-44.71
-45.36
-44.95
-45.36
-44.54
-43.3
-42.78
-42.76
-42.96
-41
-40.51
-41.2
-41.27
-40.48
-39.5
-41.63
-41.05
-40.54
-39.23
-38.72
-39.45
-40.19
-40.49
-40.37
-40.41
-39.85
-39
-38.93
-37.69
-36.11
-32.31
-32.65
-32.8
-34.25
-35.75
-25.19
2.398
38
69.73
97.2
153.4
198.3
194.7
276.5
340.1
389
429.5
455.7
486.1
501.6
522.2
524.6
519.8
521.6
533.8
566.4
574.7
565.5
555.1
615.5
570.4
595.2
592.2
602.2
554
553.2
529.1
213.6
272.1
437.3
262.4
195.4
243.1
199
166.5
109.2
52.94
12.07
-19.9
-46.35
-60.44
-59.86
-61.55
-60.31
-60.27
-60.08
-59.96
-58.16
-60.85
-60.01
-56.38
-55.07
-56.4
-57.88
-60.26
-61.2
-63.91
-60.28
-58.54
-56.49
-57.01
-56.06
-54.96
-52.31
-53.72
-52.79
-52.53
-52.9
-50.93
-51.37
-50.57
-48.52
-48.56
-50.11
-50.47
-47.91
-45.85
-46.43
-42.32
-43.83
-43.46
-43.79
-44.12
-42.29
-42.72
-39.36
-39.07
-40.34
-40.56
-40.18
-39.68
-31.67
-7.77
24.45
63.46
108.9
155.5
202.3
250.2
290.2
345.7
377.3
402.8
441.3
473.7
505.7
512.1
509.2
521.3
542.4
552.1
546.3
564.7
571.4
572.6
591.7
603.1
577
577.6
549.5
539.8
506.2
467.1
440.5
427.7
375.7
338.7
288.9
241.3
188.6
146.9
95.9
45.36
7.24
-16.99
-44.37
-60.35
-61.77
-63.36
-61.73
-59.79
-60.74
-60.33
-60.16
-61.17
-56.75
-56.77
-58.64
-58.38
-59.87
-57.68
-59.49
-57.56
-59.65
-58.66
-57.96
-57.81
-56.48
-56.11
-55.75
-53.87
-51.44
-51.56
-52.65
-50.61
-51.46
-52.22
-50.43
-47.57
-46.82
-46.28
-46.15
-45.44
-46.86
-47.67
-47.56
-47.9
-47.94
-48.53
-48.78
-46.94
-48.72
-48.04
-47.56
-47.9
-47.99
-45
-33.1
-8.93
21.12
59.5
103.3
146.9
190.9
242.3
295.3
336
378.7
408.4
455.1
490
504.5
529.1
516
494.6
516.5
514.2
547.5
571.1
561.9
582.7
588.8
587.2
589.5
562.4
544.1
519.1
497.8
461.5
436.6
402.6
367.5
321.1
274.4
228.5
177.7
129.5
83.8
40.48
2.316
-28.37
-55.95
-69.29
-73.1
-74.7
-74.1
-74
-74.3
-73.6
-73.2
-74.9
-75.3
-73.9
-70.8
-68.65
-68.3
-66.4
-63.63
-65.62
-62.92
-61.45
-61.53
-61.92
-60.38
-60.46
-58.54
-58.66
-56.7
-57.76
-58.99
-57.21
-54.98
-55.41
-52.87
-49.61
-47.76
-46.02
-44.53
-45.61
-47.03
-44.59
-44.74
-44.85
-41.5
-43.33
-41.35
-38.69
-37.86
-39.71
-38.92
-38.63
-39.43
-37.67
-27.83
-1.426
31.15
71
119.4
158.5
206.8
257.6
300.4
338
387
420.6
451.9
478.1
504.5
504.4
499.4
507.4
526
542.3
552.1
556.3
568.8
577
599.1
583.4
579.5
564.8
547.4
531.4
484.8
465.2
431.4
394.8
349.6
314.2
270.3
221.5
174.4
125.3
80
35.35
-5.034
-33.32
-57.29
-64.01
-69.14
-69.43
-69.18
-67.36
-64.66
-65.56
-66.13
-66.75
-67.23
-67.55
-67.26
-67.22
-64.31
-63.59
-62.15
-63.63
-62.73
-63.2
-61.73
-64.1
-62.57
-61.95
-60.84
-60.81
-59.76
-63.91
-65.57
-64.75
-63.01
-62.59
-63.74
-60.8
-60.26
-61.91
-59.22
-57.01
-58.5
-57.17
-55.72
-57.01
-56.19
-53.38
-52.08
-51.41
-49.86
-49.44
-46.72
-45.29
-43.84
-37.43
-17.94
7.26
29.74
70
115.1
159
199.9
243.8
287.6
330
376.2
400.2
435.1
482.5
503.1
464.1
508.9
521.3
527.9
538.3
532.5
549.7
558.2
571.3
598.8
420.2
112.6
93.5
88.9
-7.88
-132.5
-140.8
-125.2
-115.5
-121.4
-172
-189.4
-195.3
-189.3
-139
-212.8
-265.9
-48.04
-0.594
-12.01
-24.79
-47.93
-55.96
-56.75
-55.14
-49.42
-45.18
-45.59
-47.13
-41.52
-20.76
-27.85
-33.06
-31.24
-31.09
-25.94
-23.15
-21.89
-22.61
-23.79
-33.1
-25.87
-23.55
-23.23
-23.73
-23.79
-28.14
-28.43
-27.34
-31.88
-25.9
-24.2
-32.67
-36.53
-33.83
-28.46
-27.68
-25.47
-27.39
-26.57
-25.66
-24.69
-24.22
-28.28
-39.88
-45.21
-43.65
-34.91
-38.92
-42.12
-39.45
-27.21
-1.336
35.78
51.35
96.9
243.5
328.9
376.7
304
343.6
375.7
410.8
436.9
471.9
499.8
532.9
529.1
518.6
532.8
537.1
557.1
561.8
559.3
561.4
585
583.4
576.8
545.3
538
516.9
499.6
456.5
441.9
402.8
363.9
317.9
271.1
228.8
178
134.5
90.4
47.34
10.96
-17.3
-41.6
-55.86
-54.56
-57.94
-57.74
-57.15
-55.7
-54.02
-52.23
-51.44
-52.96
-52.64
-51.8
-50.51
-50.69
-52.48
-53.91
-53.82
-53.41
-52.54
-50.64
-48.38
-45.88
-46.46
-47.1
-47.51
-47.2