-54.37
-52.63
-50.99
-51.63
-52.42
-51.08
-50.12
-46.81
-49.48
-49.22
-49.99
-50.16
-51.2
-50.95
-52.93
-51.59
-36.49
-21.27
-20.07
-27.18
-38.6
-42.13
-47.53
-49.58
-40.74
-42.51
-47.54
-37.82
-20.24
3.422
26.36
38.81
86
133.3
164
209
250.6
280
313.1
346.7
373.3
402.9
423
446.6
471.2
458.4
453.6
436
422.2
432.4
429
431.4
419.2
414.9
416.1
412.3
414.3
405
356.5
344.1
198.6
145.8
228.1
213.2
125.1
114.6
84.4
32.61
-3.721
-28.67
-52.62
-65.75
-65.54
-64.18
-59.32
-64.32
-59.23
-56.5
-55.36
-54.63
-50.94
-55.95
-57.76
-57.19
-57.45
-51.46
-54.76
-53.96
-51.04
-47.41
-44.64
-45.55
-54.01
-52.37
-57.59
-56.16
-54.22
-53.8
-52.42
-48.56
-48.1
-54.01
-52.16
-49.64
-50.22
-49.33
-48.83
-48.83
-48.7
-48.8
-49.14
-46.72
-44.98
-44.25
-44.14
-43.77
-44.42
-44.08
-45.17
-45.62
-46.83
-43.86
-40.59
-34.43
-21.27
2.18
28.25
63.96
99.4
117.4
169
253.4
292.8
310.3
419.1
307.7
255.1
244.3
257.8
374.1
515.4
479.3
508.5
571.2
428.6
361.6
330.1
471
400
394.7
400.5
336.2
240.7
331.8
370.9
376
334.6
292.7
245.3
205.9
162.5
117.1
75
37.08
-4.536
-28.13
-49.35
-62.67
-59.6
-64.79
-60.1
-54.46
-59.65
-55.78
-56.56
-57.85
-54.87
-56.17
-55.25
-52.12
-47.41
-45.18
-47.03
-44.77
-42.03
-44.43
-49
-48.67
-39.92
-35.8
-47.52
-47.19
-47.79
-46.41
-47.19
-46.96
-47.64
-47.62
-46.85
-45.89
-42.5
-41.14
-14.8
-6.134
-10.38
-11.72
-12.93
-19.08
-21.02
-9.81
-6.246
-11.09
-4.855
-11.71
-19.35
-22.04
-23.35
-25.1
-10.83
12.15
-23.27
-27.69
41.88
0.52
-20.45
-5.1
-9.19
-16.89
-14.98
-32.33
-11.28
16.82
65.23
38.55
75.8
50.16
79.9
54.99
33.42
50.94
32.16
14.24
14.15
25.39
41.69
65.98
58.64
36.86
42.01
57.96
43.79
35.71
11.43
16.67
15.7
7.73
13.92
4.015
0.895
-6.19
-5.636
-10.23
-15.03
-22.02
-24.89
-25.09
-31.66
-24.06
-20.31
-24.58
-26.43
-18.42
-23.79
-22.16
-24.6
-25.31
-29.6
-18.8
-10.4
-12.81
-16.54
-18
-19.58
-17.63
-19.01
-14.43
-11.04
-6.929
-5.297
-5.244
-5.284
-8.3
-7.9
-2.994
-3.095
-6.374
-4.235
-6.263
-7.07
-9.09
-7.77
-7.35
-7.19
-17.56
-31.45
-38.61
-38.78
-34.24
-23.88
-22.69
-22.07
-29.52
-30.18
-29.07
-18.99
-14.79
-18.34
-3.369
60.5
71.5
116.1
179.3
70.3
77.3
142.4
236.2
251.4
443
228.8
159.6
197.7
196.6
297.9
236.6
210.9
334.1
411.8
374.4
332.2
402.1
304.3
315.6
441.6
432.4
369.3
464.9
416.1
386.5
349.6
327.3
322
230.8
197
195
119.2
73.2
55.75
13.55
-16.75
-35.4
-44.49
-47.89
-46.49
-47
-45.07
-46.8
-43.58
-39.64
-41.62
-42.74
-40.12
-39.03
-39.62
-38.22
-33.97
-36.99
-37.7
-35.66
-35.99
-37.45
-37.36
-36.51
-36.28
-36.36
-37.66
-36.78
-33.68
-31.52
-35.36
-35.24
-32.01
-34.82
-38.76
-39.61
-37.57
-39.53
-35.34
-35.36
-35.76
-34.73
-35.62
-35.62
-34.83
-33.81
-29.53
-34.08
-37.28
-35.98
-36.41
-37.38
-33.83
-28.51
-14.95
-0.636
23.89
55.01
59.4
157.5
195.5
237
202.8
315.3
324.8
273.6
268.8
293.8
272.2
246
397.3
410.9
575.2
575.8
489.2
378.3
489.4
489.6
495
424.2
480.8
452
478.8
481
165.5
290.8
322
278.7
256.5
172.2
186.4
138.7
93.5
40.65
-1.097
-39.72
-47.61
-52.22
-54.93
-50.05
-44.67
-49.2
-47.31
-39.3
-32.5
-32.58
-26.23
-26.31
-24.63
-24.81
-25.18
-24.01
-21.32
-26.63
-24.87
-26.04
-25.45
-25.72
-33.59
-30.29
-31.68
-30.86
-30.63
-28.13
-27.17
-30.62
-31.58
-29.71
-29.22
-26.51
-31.69
-35.22
-36.16
-36.97
-33.42
-31.11
-27.73
-31.83
-34.86
-34
-35.67
-38.11
-38.37
-38.99
-39.27
-38.67
-39.3
-36.59
-26.24
-12.06
5.43
52.87
79.5
65.08
93.8
121.3
239
199.6
209.2
295.8
377.3
384.8
418.9
446.2
475.3
496.8
506
505
491.2
477.8
480.6
479.5
477.7
458.5
452.2
444.8
444.1
469.9
452.1
443.7
404.1
367.9
345.3
311.4
265
217.5
179.6
134.7
88.3
43.58
9.8
-18.73
-42.54
-56.18
-59.65
-56.56
-56.6
-55.32
-54.22
-55.65
-55.38
-56.03
-56.57
-55.56
-56.58
-55.34
-57.67
-57.29
-54.94
-55.06
-53.73
-53.33
-53.24
-56.01
-54.57
-52.24
-51.6
-50.41
-49.61
-50.65
-50.36
-48.6
-49.82
-48.94
-47.31
-46.35
-45.84
-43.62
-42.53
-43.54
-44.6
-43.94
-39.69
-39.46
-40.85
-39.94
-49.85
-45.61
-44.62
-42.81
-42.17
-41.26
-40.06
-37.48
-36.27
-43.01
-14.09
10.35
35.68
68.67
108.5
145.1
191.9
228.1
268.8
307.9
344.4
375.9
399.7
429
452.9
473.5
491.7
482.4
470.3
474.5
462.7
464.9
471.8
452
451.8
457.4
458
454.5
454.4
436.6
406.2
368.8
332.4
301.6
264
217.3
181.2
133.1
88
43.9
5.153
-32.73
-59.87
-69.15
-68.63
-67.16
-66.12
-65.96
-65.51
-64.52
-63.96
-64.61
-64.06
-62.3
-57.73
-59.81
-61.7
-57.25
-52.46
-51.09
-53.55
-48.8
-46.82
-46.71
-46.04
-46.28
-47.23
-44.43
-44.82
-45.2
-45.11
-40.52
-40.19
-42.91
-45.45
-46.49
-47.91
-48.22
-50.26
-50.99
-50.01
-48.18
-45.78
-47.4
-48.65
-47.03
-49.08
-48.81
-51.26
-49.76
-46.71
-45.28
-46.79
-46.12
-42.64
-35.84
-17.75
2.917
39.11
65.11
102.9
141.6
177.1
227.5
270.5
316
349.5
372.6
398
431.8
443.6
472.7
435.1
437
537.2
496.9
494.7
491.9
472.6
453.6
438.3
425.2
374.3
479.8
333.9
276.3
281.8
221.4
293.4
251.8
163.4
131.7
133.6
113
91.8
52.97
-11.67
-42.95
-59.28
-58.42
-62.55
-63.28
-62.56
-59.09
-57.2
-55.85
-55.06
-54.23
-50.43
-48.69
-47.47
-44.95
-45.46
-44.56
-42.94
-42.82
-41.73
-41.56
-41.8
-42.11
-40.8
-40.82
-41.21
-40.79
-39.61
-42.36
-41.18
-40.56
-39.29
-39.44
-40.7
-41.95
-40.68
-41.98
-41.78
-40.19
-42.02
-43.15
-39.98
-39.96
-39.37
-38.57
-39.54
-39.17
-42.92
-45.58
-44.04
-41.29
-39.59
-38.57
-30.92
-13.82
6.025
27.81
21.49
59.15
56.42
90
186
207.5
260.5
325
294.4
334.3
343.6
460.3
445.3
523.3
528.8
529.7
485.1
505.6
492.2
360.5
407.9
443.4
374.3
391
343.7
261.2
416.5
473.5
456.8
384.5
209
126.9
126.5
71.9
57.48
63.27
48.49
14.15
-4.807
-18.84
-24.81
-35.66
-37.33
-41.17
-49.2
-52.6
-52.97
-53.54
-46.67
-45.85
-48.16
-48.21
-52.18
-52.11
-51.4
-49.65
-49.82
-49.53
-48.73
-47.57
-48.77
-48.98
-49.49
-51.37
-50.4
-48.99
-49.14
-48.62
-49.26
-49.71
-50.36
-50.07
-51.18
-51.71
-51.5
-51.19
-50.85
-49.78
-51.02
-49.44
-49.51
-50.59
-48.52
-50.17
-49.99
-48.7
-49.99
-49.71
-50.18
-48.29
-48.33
-46.06
-42.08
-33.12
-9.91
17.35
46.56
82.3
122.4
167.5
209.2
252.9
279.3
334
367.4
388.5
433.1
448.2
488.6
522
513.2
551.2
562.3
542.2
511.7
504.2
495.9
485.3
472.6
457.1
449.8
435.6
426.2
418.8
406.1
406.2
355.9
312.3
289.2
238.7
196.2
151.8
100
55.32
16.05
-17.55
-46.01
-62.74
-66.13
-64.82
-65.06
-61.7
-59.18
-56.13
-57.91
-59.32
-58.32
-58.25
-57.61
-58.03
-60.68
-57.98
-59.09
-56.03
-56.83
-55.17
-57.21
-56.24
-56.71
-55.27
-54.89
-52.95
-49.06
-48.16
-50.3
-49.58
-48.43
-49.35
-50.59
-48.21
-47.66
-47.73
-47.19
-48.13
-47.61
-46
-48.04
-46.9
-47.01
-45.81
-47.69
-49.42
-48.98
-50.47
-49.6
-49.13
-50.05
-49.46
-49.16
-39.77
-15.73
9.21
39.27
75.8
114.8
162
202.6
243.5
290
321.4
360.9
394
427.5
458.9
480.5
508.5
512.9
542.3
544.8
527.8
497.2
482.7
479.7
470.5
456.2
439
445.9
460.9
462.2
434.8
411.7
382.8
348
318.1
266.4
222.4
182.2
135.2
87.3
43.42
5.43
-26.72
-50.74
-62.57
-66.09
-63.66
-63.41
-62.32
-61.18
-61.89
-60.13
-59.59
-59.53
-56.28
-60.85
-62.4
-64.04
-64.9
-70.6
-70.7
-57.84
-53.32
-53.94
-53.25
-50.82
-50.03
-49.04
-52.9
-49.13
-52.81
-48.11
-47.19
-48.56
-49.04
-45.38
-47.91
-48.96
-51.47
-52.35
-52.27
-50.72
-50.79
-51.56
-51.84
-51.73
-53.05
-52.95
-51.79
-50.51
-50.84
-50.73
-51.6
-51.8
-49.2
-48.37
-39.42
-17.01
9.27
39.98
74.3
114.3
151.2
190.6
232.2
272.5
311.6
349.2
385
417.4
446.1
470.5
491.8
509.4
503
483.4
476.9
475.4
481.6
479.7
469.8
295.5
307.6
408
466.2
448.2
458.4
285.3
184.1
420.7
292.7
196
142
46.99
38.63
22.22
2.69
-7.56
-14.39
-21.67
-40.7
-32.38
-26.82
-31.23
-36.2
-54.12
-44.88
-43.74
-36.64
-32.37
-35.17
-34.49
-44.07
-56.75
-63.29
-64.23
-66.42
-63.96
-66.13
-66.61
-67.31
-59.28
-54.06
-54.1
-53.56
-52.33
-52.71
-54.73
-55.3
-56.6
-59.3
-58.66
-63.39
-60.76
-58.09
-54.73
-56.63
-54.44
-54.24
-54.54
-53.34
-52.26
-51.05
-49.68
-49.51
-50.51
-50.22
-51.03
-50.89
-51.73
-50.76
-46.39
-35.85
-13.28
12.87
46.34
86
126.1
138.4
165.7
197.8
296.9
230
319.7
402.9
366.2
313.6
488.9
526.2
529.7
524.3
512.6
505.2
504.7
499.5
506.6
482.2
465.4
458.7
457.2
472
470.8
460.2
429.9
395
359.9
317.5
278.9
240.5
197
146.1
100.2
53.66
14.57
-19.98
-49.03
-65.02
-68.26
-68.15
-68.05
-68.1
-67.34
-64.36
-64.98
-64.49
-62.23
-61.07
-61.92
-59.26
-58.06
-58.27
-58.65
-59.2
-61.11
-62.13
-60.5
-56.24
-53.99
-55.3
-55.06
-53.24
-52.11
-52.92
-53.9
-52.47
-52.46
-54.03
-53.22
-52.08
-50.21
-49.37
-51.45
-52.48
-53.15
-54.22
-56.65
-53.67
-57.36
-56.67
-54.95
-55.94
-56.04
-56.68
-58.58
-57.71
-57.54
-56.53
-55.59
-43.43
-17.4
8.38
42.11
49.68
91.7
158.3
203.8
246.3
284.1
323.1
360.3
398.9
425.7
454.5
486.1
512
516.5
528.7
507.1
486.2
489.1
484.1
482.2
474.5
466.9
456.3
461
473.7
463.8
443.2
415.1
381
348.6
316.1
264.6
218.3
177.3
126
78.4
36.26
-2.542
-34.85
-58.7
-75.1
-74.9
-79.7
-81.9
-83.9
-77
-71.8
-73.2
-71
-70.1
-69.21
-68.77
-70.4
-67.93
-66.52
-66.97
-67.33
-72.3
-71.1
-68.96
-69.87
-72.7
-70.2
-67.94
-65.98
-67.28
-67.96
-64
-61.41
-56.67
-56.14
-55.51
-51.97
-51.2
-53.31
-52.16
-54.31
-53.09
-54.41
-53.8
-52.3
-52.5
-52.12
-54.32
-55.92
-51.59
-48.45
-47.09
-48.92
-53.21
-49.9
-47.86
-36.5
-14.19
11.59
43.15
81.6
113.6
162.1
199.3
238.8
277.2
322.3
366.7
396.7
420.4
446.8
467.3
496.5
514.9
528.4
496.1
484.7
485.5
475.6
475.2
469.2
456.1
448.4
460.5
468.1
462.4
435.1
401
376.1
338.1
303.4
270.8
221.1
182
133.8
89.8
50.9
5.419
-27.22
-53.98
-65.71
-70.8
-67.28
-68.49
-68.24
-67.78
-67.48
-70.7
-71.3
-77.5
-72.3
-67.12
-65.56
-65.48
-67.47
-64.93
-64.93
-69.44
-62.17
-64.74
-55.5
-57.26
-61.98
-61.89
-63.05
-63.59
-63.81
-65
-63.63
-63.83
-63.84
-64.63
-63.97
-62.57
-63.98
-62.69
-64.5
-63.07
-62.7
-61.9
-62.43
-60.33
-59.44
-60.82
-62.12
-61.01
-61.05
-61.33
-61.89
-61.44
-58.73
-53.67
-43.88
-20.79
5.48
38.1
74.4
114.1
154.4
194
234.8
274
311.4
348.2
392.6
416.6
442.8
469.6
482.2
503.8
502.2
476.7
473.5
477.4
476.6
464.3
460.9
451
439.5
455.8
449
448.3
425.6
398.3
368.6
330.4
295.6
259.8
214.7
174.7
131
86.8
44.49
5.461
-32.59
-57.25
-75.4
-80.7
-80.4
-77.7
-78.1
-79.1
-79.4
-77.5
-74.8
-74.2
-73.6
-74
-76.1
-75.9
-71.5
-74.5
-74.2
-71.8
-70.9
-69.46
-69.5
-67.86
-66.96
-67.07
-65.39
-64.4
-62.77
-62.89
-63.51
-63.32
-63.91
-61.75
-60.73
-60.64
-60.89
-61.15
-60.91
-59.13
-58.69
-59.45
-59.05
-58.23
-57.32
-57.97
-57.31
-58.39
-57.78
-58.69
-59.61
-58.66
-55.06
-54.65
-42.5
-18.37
6.947
39.23
75.1
115.9
155
194.1
239.2
280.3
318.9
352
384.5
421.3
435.4
461.2
487.1
503
511.5
483
482.9
480.5
480.1
474.1
469.5
469.7
455.8
464.3
479.4
467.4
446.5
414.4
371.9
345.1
302.1
263.7
218
173.3
126.8
80.4
36.24
-5.356
-41.35
-62.63
-67.15
-69.51
-69.76
-62.19
-58.83
-54.48
-54.84
-55.61
-59.36
-55.06
-59.49
-70.5
-76.1
-67.11
-67.42
-59.48
-52.47
-57.66
-60.71
-65.03
-65.2
-62.37
-56.84
-54.64
-56.19
-54.23
-55.55
-54.39
-52.57
-51.35
-54.26
-54.88
-55.02
-49.55
-52.07
-54.54
-52.38
-54.17
-53.12
-52.24
-55.09
-54.67
-50.44
-49.61
-47.94
-50.25
-51.29
-53.94
-52.48
-50.91
-47.65
-44.2
-36.17
-14.15
10.41
39.67
80.7
115.8
166.6
208.2
261.6
303.1
351.3
383.9
405.1
406.9
494.1
518.1
512.2
531.9
530.9
508.7
499.5
496.9
500.8
490.5
492.9
472.2
470.7
492.6
490.7
485.6
450.9
422.5
392.6
346.1
319.3
279.8
228.3
187.4
140.1
90.6
44.99
5.266
-29.29
-55.57
-76.8
-79.1
-76.2
-74.8
-77.6
-78
-75.5
-74.1
-78.8
-73.4
-72.8
-74.1
-71.9
-74.6
-67.11
-66.38
-64.17
-64.25
-65.17
-66.8
-65.34
-64.58
-68.61
-65.85
-64.64
-63.75
-61.38
-60.39
-56.2
-56.93
-56.28
-57.55
-60.2
-56.71
-54.11
-55.31
-54.47
-55.74
-53.86
-53.03
-53.95
-51.84
-52.22
-53.15
-53.14
-54.04
-51.89
-50.38
-51.85
-47.39
-48.64
-45.92
-34.85
-11.12
8.21
17.81
89
156.9
166.5
169.7
260.9
303.7
340.9
359.8
402.1
428.5
456.1
493
511.7
522.7
527.4
515.6
501
496.6
500
488.3
485.5
470.3
480.9
489.4
499.1
493.4
455.4
437.3
401.4
360.1
327.9
294.4
248
194.5
139.7
89.6
42.93
8.04
-27.82
-53.86
-72.1
-75.1
-77.6
-72.2
-76.3
-71.5
-67.58
-70.5
-73.3
-69.51
-67.71
-73.4
-73.9
-71.4
-67.72
-71
-65.76
-64.59
-63.91
-63.69
-63.01
-67.41
-63.32
-57.25
-59.56
-59.76
-62.73
-58.99
-61.46
-62.26
-59.5
-60.17
-64.65
-65.21
-65.24
-65.23
-63.73
-61.62
-61.16
-60.05
-58.91
-61.44
-59.81
-61.19
-59.52
-58.4
-57.52
-55.81
-60.37
-60.13
-55.75
-56.19
-43.73
-18.79
7.44
42.25
80.5
124.7
170.6
214.3
257.3
297.9
336.5
371.7
408.7
450.1
466.3
497.6
514.9
527.4
527.5
501.1
508.8
493.9
500.8
502.1
505.2
487.5
480.8
502.6
506.3
489.5
458.2
432.7
396.9
357.3
326.7
283.4
241.4
199.4
149.1
100.8
55.64
13.4
-25.24
-55.99
-73.1
-73.2
-73.4
-73
-75.3
-76.4
-78.8
-77.7
-76.2
-77.6
-79.9
-82.7
-78.9
-79.6
-77.4
-79
-81
-75.3
-71.4
-68.1
-66.55
-65.74
-64.73
-58.15
-62.51
-57.24
-46.76
-53.53
-53.65
-69.86
-63.55
-63.7
-62.95
-61.96
-60.89
-58.19
-60.36
-59.59
-59.82
-55.07
-52.74
-52.41
-51.27
-48.84
-49.97
-49.34
-48.24
-44.79
-43.99
-44.11
-45.83
-48.46
-37.4
-11.66
12.61
43.57
84.1
126.3
165.8
214.6
255.8
301.7
342.6
364.1
419.6
450.7
485.5
494.8
521
531.7
551.1
507.1
520.5
527.6
541.9
522.2
495.2
491.2
508.8
513.1
514.7
503.1
459.8
429.9
402.9
368.8
327.7
283.3
241.8
200.7
148.1
103.3
55.29
11.65
-24.01
-52.48
-73.8
-79.7
-83.7
-78.3
-79.1
-85
-83.8
-77.7
-85.8
-82.1
-76.8
-72.8
-76
-78.8
-78.9
-71
-72.3
-73.7
-75.9
-74.2
-80.6
-82.8
-81.6
-85.2
-78.6
-70
-69.78
-69.03
-65.6
-62.88
-69.5
-70.1
-59.5
-55.81
-57.78
-53.56
-54.53
-56.15
-59.84
-59.3
-55.72
-53.67
-56.26
-54.71
-53.03
-50.73
-52.21
-49.71
-47.54
-48.5
-45.67
-42.62
-29.6
-6.512
20.21
52.48
92.5
124
169
202.1
270.2
311.4
349.7
386.8
419.9
457.8
473.4
507.4
542.9
547.6
547.4
538.6
537.4
528.2
534.6
529.1
521.7
514.3
522.5
548.2
608.9
605.4
414.7
483.2
499.5
427.6
345.8
305.6
259.1
205.3
152
105.8
59.24
12.19
-25.58
-57.83
-77.7
-79.5
-80.6
-78.2
-76.9
-74.7
-66.08
-59.99
-63.16
-69.54
-71
-72.6
-71.6
-70.2
-74.4
-73.4
-73.4
-73.1
-72.1
-74
-72.4
-72
-71.5
-71.9
-69.17
-70.6
-67.68
-69.5
-67.95
-68.1
-69.11
-66.12
-66.58
-65.3
-66.79
-65.24
-63.14
-60.98
-59.28
-58.34
-56.49
-56.9
-56.9
-55.23
-54.33
-53.54
-52.55
-52.15
-51.78
-49.72
-46.57
-42.77
-31.13
-7.1
18.63
52.44
90.3
132.6
177.5
220.9
273.3
312.5
350.4
391.6
434.9
470.8
479.7
506.5
539.8
545.8
549.2
539.2
517.2
545.5
549.3
544.4
526.4
529.7
515.1
520.4
517.5
506.2
485.3
453.5
425.6
384.7
344.3
306.1
259.2
216.4
161.5
112.7
66.65
23.42
-13.97
-43.32
-64.07
-68.43
-67.21
-65.13
-64.73
-68.16
-69.52
-66.2
-66.47
-65.39
-66.12
-66.03
-67.35
-70.4
-67.28
-65.96
-65.73
-62.54
-63.37
-66.13
-64.9
-68.44
-64.13
-61.58
-58.96
-57.92
-54.7
-53.02
-52.6
-51.62
-52.15
-54.49
-53.76
-56.18
-56.94
-58.52
-58.93
-54.42
-53.4
-54.54
-52.89
-51.71
-52.2
-52.4
-53.36
-54.27
-53.93
-52.44
-52.38
-50.42
-45.43
-39.85
-22.82
-8.81
-33.11
52.6
88.1
126.3
169.1
212.7
252.9
293.6
321.1
359.1
396.6
427.4
451.3
471.4
498
516.6
526
507.8
522.4
525.2
512.2
514.9
502.6
480.8
471.1
504.7
508.7
481.9
449.2
425.2
391.9
355.6
312.2
272.9
225.2
180.3
129.8
86.5
42.26
3.278
-32.31
-58.86
-72.2
-75.4
-78.6
-82.6
-80.9
-79.5
-77.7
-77.8
-75.9
-75.7
-74.5
-72.2
-72.9
-70.8
-70.7
-70.1
-67.7
-71.5
-76.7
-75.2
-73.6
-76.1
-67.4
-69.78
-72.3
-66.01
-72.7
-69.05
-63.46
-64.55
-63.67
-63.57
-61.77
-64.42
-63.85
-57.93
-57.36
-57.08
-49.45
-50.73
-53.8
-51.9
-54.73
-58.51
-59.26
-58.79
-57.94
-59.78
-59.08
-57.88
-51.03
-44.44
-33.11
-9.6
15.28
45.8
89.1
135
177.9
212
265.7
298.2
340.9
365.8
413.8
459.7
488.8
500.9
513.9
553
558.8
523.8
553.3
536.7
518.6
513.7
513.2
478.5
486.5
522.1
514.6
470.5
471.2
450.5
393.7
358.2
323
278
236.7
189.7
145
100.2
51.57
9.67
-25.87
-57.69
-76.5
-81
-84.8
-84
-80.4
-82.1
-77.4
-77.9
-76.5
-78.4
-76.3
-75.2
-73.4
-73.6
-72.7
-69.27
-70.2
-71
-69.05
-70.7
-70.6
-70.6
-67.36
-67.74
-68.09
-67.14
-66.63
-62.31
-59.67
-57.3
-57.59
-56.21
-55.1
-54.99
-54.41
-50.68
-54.35
-52.56
-53.32
-52.94
-52.66
-52.91
-54.94
-57.14
-57
-55.41
-52.04
-56.63
-51.23
-48.99
-46.42
-42.19
-28.05
-4.323
21.83
53.05
91.6
137
178.8
224.8
269.1
311
358.2
385.1
414.5
450.6
475.4
511.9
538.4
552.7
562.1
528.7
520.5
512.8
526.7
514.6
502.5
497
495.1
519.6
517.4
495.8
465.9
437.1
415.3
359.2
332.4
274.9
227.2
189.8
158.4
111.6
62.55
15.69
-20.26
-54.58
-79.5
-83.2
-78.1
-77.4
-75.4
-75.4
-71.4
-65.84
-70.7
-66.96
-74.8
-77.2
-71.4
-70
-74.1
-69.46
-69.25
-72.2
-66.06
-67.33
-65.01
-64.4
-66.32
-67.71
-66.8
-66.84
-66.95
-70.1
-64.37
-62.93
-64.06
-61.41
-61.35
-64.94
-62.99
-61.76
-56.51
-58.88
-55.49
-58
-54.58
-58.07
-56.98
-54.03
-55.71
-58.29
-55.18
-48.47
-50.6
-55.68
-52.24
-48.91
-30.17
-4.621
24.38
58.26
95.7
137
177.5
218.1
263.5
308.1
347.8
378.5
423
451.5
475.7
506.2
519.8
531
539.7
510.9
514.3
518.8
512.8
517.8
512.1
502.3
503.6
503.4
515.8
484.4
460.1
440.2
397.3
375.4
329.7
286.9
241.1
187.6
143.5
85.5
40.09
1.664
-28.81
-55.13
-71.6
-77.8
-76.6
-72.7
-77.3
-82.5
-81.9
-80.7
-77.4
-75.5
-73.4
-69.16
-61.5
-63.52
-59.77
-61.33
-61.19
-60.32
-64.34
-62.51
-59.61
-60.03
-56.35
-61.37
-56.88
-56.09
-57.45
-60.29
-58.07
-57.7
-57.76
-58.58
-58.73
-60.99
-62.31
-61.12
-61.68
-63.3
-64.33
-65.54
-65.03
-64.84
-64.47
-63.76
-64.06
-62.84
-61.65
-61.17
-61.3
-60.38
-55.05
-48.13
-31.83
-5.269
21.56
55.96
95.7
136.1
177.8
217.7
256.1
292.4
329.2
369.9
402.3
436.5
468.1
491
511.8
521.3
525.3
510.2
517.8
515.9
510.7
506
464.9
328
462.7
523.9
334
255.6
467
409.6
388.2
349.2
306.6
256.6
217.8
168.2
103.9
54.52
30.42
18.06
-20.81
-48.53
-69.81
-75
-75.7
-72.7
-69.24
-63.55
-54.52
-53.63
-48.79
-40.37
-34.49
-33.32
-32.34
-27.56
-21.37
-19.72
-19.16
-44.64
-50.43
-106.1
-29.96
-52.69
-122.7
-33.63
-23.42
-22.25
-21.45
-22.58
-24.89
-23.25
-22.53
-44.53
-54.2
-56.08
-51.95
-45.29
-50.11
-40.64
-33.52
-38.62
-29.6
-27.04
-34.86
-39.61
-33.13
-36.54
-41.01
-33.23
-31.42
-38.58
-28.51
-16.31
-19.61
-7.3
-18.41
4.391
89.1
93.1
289.5
320.5
220.2
257.7
317.8
250.9
307.5
356.5
316.2
377.4
442.8
597.8
291.6
628.9
392.4
307.9
407.8
258.5
342.9
510.8
474.3
302.5
258.6
459.6
407
337.2
433.6
420.4
351.7
258.8
223.4
200.6
154.2
108.3
21.3
3.251
2.525
-26.47
-48.02
-53.06
-53.03
-52.76
-52.39
-50.93
-48.59
-46.08
-45.35
-46.53
-48.25
-48.16
-49.8
-51.71
-46.23
-47.26
-53.29
-59.05
-58.33
-58.54
-59.06
-58.16
-57.9
-58.6
-58.06
-56.83
-55.43
-57.26
-57.93
-54.57
-56.77
-54.65
-53.4
-54.73
-55.28
-54.44
-56.77
-57.83
-56.12
-57.53
-54.28
-54.61
-53.86
-53.3
-52.36
-52.47
-51.43
-51.97
-52.36
-49.16
-42
-27.66
-0.663
48.29
45.52
76.4
88.9
117.5
155
199.4
245.3
358
393.1
430.3
446.7
487.6
530.5
444.7
279.6
364
462.8
621.2
605.8
490.7
459.9
461.6
508.9
566.5
439.4
554.6
597.5
343.1
210.1
239.4
247
188.4
183.1
149.1
105.9
69.57
44.83
21.78
-0.57
-4.962
-5.07
-23.14
-38.54
-55.37
-48.97
-41.04
-44.34
-47.71
-35.38
-26.93
-28.62
-36.97
-37.17
-48.38
-52.81
-53.28
-53.6
-53.63
-54.47
-53.89
-53.3
-48.76
-35.98
-24.6
-30.99
-34.97
-30.58
-23.86
-23.49
-41.01
-47
-41.75
-35.69
-34.86
-37.74
-41.24
-39.59
-39.79
-38.87
-39.39
-39.22
-40.44
-42.11
-39.67
-33.97
-32.97
-31.55
-40.3
-42.39
-39.84
-38.88
-38.83
-33.11
-22.98
-4.726
17.65
45.57
78.6
117.6
159.5
207.1
250.1
293.5
339.8
367.1
416.3
438.8
470
507.9
517.7
555.7
561.1
601
601
613.2
590
561.7
558.7
547.9
522.6
514.5
491.8
476.6
465.6
462.9
464.6
419.9
382.1
340.4
297.7
254.9
206.9
158.1
111.9
66.81
25.82
-10.38
-41.27
-63.35
-71.5
-70.8
-69.26
-68.49
-67.42
-67.89
-66.99
-66.73
-65.95
-64.22
-64.5
-64.15
-63.22
-62.36
-60.85
-59.69
-58.86
-60.16
-59.36
-57.07
-55.86
-53.07
-49.59
-49.43