-34.74
-37.79
-37.38
-37.01
-37.06
-37.3
-37.09
-37.76
-38.32
-38.24
-37.67
-37.67
-37.41
-35.42
-35.75
-37.61
-38.38
-31.03
-36.8
-37.48
-37.06
-36.05
-40.22
-41.48
-37.49
-27.08
-2.88
28.96
62.77
101.7
136
173.1
187.4
160.9
303.1
346
373.5
415.7
441.3
462.7
477
499.8
516.3
494.2
450.9
533.5
438.4
528.2
497.2
310.2
582.5
364.1
552.7
475.7
495.1
471.9
339.5
422.6
418.1
288.1
296.4
254.3
231.4
189.6
129
70.8
33.76
3.941
-23.4
-38.98
-41.91
-45.32
-45.62
-46.59
-46.71
-46.91
-45.99
-43.92
-43.97
-44.31
-44.35
-42.06
-41.37
-41.73
-40.94
-42.54
-42.09
-42.52
-43.28
-42.66
-42.74
-42.66
-42.92
-41.64
-41.17
-42.58
-40.53
-39.24
-38
-37.64
-38.69
-39.28
-41.46
-40.86
-42.55
-41.9
-41.39
-41.6
-39.35
-36.96
-36.84
-35.73
-35.41
-36.65
-37.76
-41.18
-40.46
-38.85
-39.03
-41.22
-36.95
-30.76
-6.929
20.57
53.67
94
95.5
177.7
225.4
262.5
301.6
336.6
370.2
414
441.9
468.1
495.8
482
468.5
472
475.5
479
484.9
485.9
479.4
474.4
499.6
516.3
504.8
490.8
472.9
448
415.2
377.5
345.3
305.7
262.9
224.9
188.1
143.3
100.1
60.75
26.49
13.7
0.994
-30.17
-40
-42.13
-43.74
-42.76
-42.86
-39.96
-38.63
-37.27
-36.09
-35.64
-38.27
-37.44
-36.71
-35.77
-36.18
-34.42
-33.62
-35.88
-37.09
-38.76
-37.18
-37.83
-35.87
-36.5
-36.3
-35.92
-36.18
-35.54
-35.66
-36.05
-36.56
-36.16
-36.61
-36.61
-37.08
-37.91
-36.34
-36.48
-36.34
-36.24
-36.27
-36.58
-35.96
-32.77
-31.82
-35.45
-43.52
-61.5
-37.96
-19.88
-14.76
-6.494
13.37
8.16
58.73
127.2
116.9
97
105.9
126
77.5
72
111.9
211.5
277.2
518.8
246.9
123.1
377
449.8
396.2
349.9
416.7
320
419.2
414.7
384.9
292.9
125.4
-181.6
1.9
94.5
187.6
89.2
172.6
228.9
209.1
217.5
107.8
62.25
60.84
53.07
13.26
2.338
-14.18
-25.55
-29.89
-23.34
-17.88
-22.23
-23.15
-22.18
-19.68
-18.74
-14.04
-12.27
-13.62
-15.82
-21.69
-23.67
-27.08
-22.91
-14.62
-12.4
-11.99
-11.52
-12.35
-15.23
-18.98
-16.4
-8.81
-8.77
-48.92
-29.42
-8.5
-14.46
-15.74
-15.87
-25.61
-21.88
-12.84
-14.53
-6.82
-11.15
-10.48
-11.61
-13.67
-8.88
-11.36
-12.41
-11.46
-11.45
-11.38
-11.87
-13.31
-7.97
-12.04
-14.01
-8.29
-3.219
4.695
4.666
15.73
23.12
40.47
101.6
137.4
41.75
49.53
59.56
105.9
129.8
98.2
81.9
73.3
86
60.58
43.15
94
97.3
206
261
264.3
230
204.3
197.1
311.1
189
236.3
213.8
218.5
225.8
148.1
129.2
227.5
178.6
61.76
78
52.11
8.56
-22.18
-32.27
-40.11
-41.28
-33.59
-41.41
-41.14
-41.75
-40.62
-43.69
-42.44
-42.11
-40.83
-40.64
-40.03
-40.52
-40.08
-37.5
-31.2
-31.31
-33.24
-31.82
-28.46
-29.76
-30.77
-30.24
-29.96
-28.67
-30.05
-29.39
-30.2
-28.36
-31.44
-35.2
-31.75
-29.65
-28.42
-33.93
-38.63
-40.25
-41.02
-37.27
-35.25
-35.99
-37.42
-39.74
-41.03
-39.76
-40.14
-39.37
-34.89
-40.61
-39.35
-33.42
-20.57
20.32
64.42
102.1
140.4
168.2
122
270.9
314.6
349.8
381
416
445.9
473.5
470.3
463.1
461.7
484.9
487.1
489.6
512.6
524
552.6
531.1
551.9
591.4
467
263.3
509.3
467.8
367.6
363.9
347.6
313.3
276.1
227.3
186.1
141.8
101.2
61.36
24.04
-1.126
-25.23
-39.52
-41.02
-43.78
-44
-43.34
-42.09
-42.62
-41.41
-39.81
-41.22
-41.66
-40.94
-40.44
-40.48
-41.07
-40.55
-40.2
-40.1
-39.47
-39.08
-39.72
-39.9
-39.58
-39.35
-38.14
-37.62
-35.07
-35.57
-34.83
-35.42
-35.4
-36.03
-35.99
-35.36
-34.86
-33.96
-35.33
-35.93
-34.48
-34.44
-34.58
-34.73
-36.84
-36.06
-35.7
-37.65
-34.23
-33.78
-33.37
-33.88
-34.34
-33.79
-24.8
-16.02
-32.88
41.52
94
135.8
178.3
224.1
262.8
305.8
340.5
379.5
416.7
438.4
460.4
463.1
451.2
447.1
450.2
469.3
457.6
445.1
461.5
457.4
508.4
545.6
527.8
552.8
541.1
469.5
371.9
385.4
379.2
332.8
314.5
167.5
179.4
170.3
132.1
92.3
58.28
22.05
-8.54
-30.16
-40.22
-40.94
-42.94
-43.46
-43.75
-43.47
-44.06
-44.8
-45.34
-45.53
-45.28
-43.38
-41.52
-42.16
-41.73
-39.62
-40.91
-40.38
-39.8
-38.84
-39.28
-38.43
-37.66
-37.82
-36.12
-36.05
-34.6
-36.87
-38.44
-38.71
-40.24
-38.85
-39.44
-39.01
-38.42
-37.02
-37.7
-36.61
-37.48
-37.63
-38.29
-39.67
-39.34
-38.95
-37.74
-36.63
-36.05
-37.83
-37.24
-35.61
-34.92
-33.24
-26.7
-3.397
7.2
58.53
100.7
141.8
184.3
220.4
263.2
311.9
353.9
401.6
416.6
439.9
456.2
469.6
464.4
454.5
470.2
462.7
479.1
477.8
482.7
475.3
495.4
515.5
517.7
539.3
499.1
458.5
290.8
416
382.8
327.6
308
265.5
228.6
86.1
24.51
33.89
23.85
13.74
10.94
-2.121
-17.64
-30.74
-40.58
-37.21
-35.27
-34.61
-33.28
-30.83
-29.26
-29.46
-33.3
-36.46
-41.43
-40.1
-35.74
-34.18
-32.73
-36.2
-39.85
-37.36
-40.68
-38.74
-41.19
-41.72
-41.22
-41.01
-42.67
-42.47
-42.67
-41.75
-41.45
-40.99
-41.28
-40.43
-40.39
-39.83
-38.83
-36.91
-36.11
-36.85
-37.03
-38.42
-42.95
-46.53
-41.97
-27.7
-6.31
-5.473
-4.253
-4.422
-4.884
-4.369
-4.892
-3.176
-0.636
2.07
10.12
11.48
23.56
27.81
25.69
49.48
36.7
69.86
67.05
86.8
81.2
88.1
84.7
132
163.2
145.4
184.2
270.6
348.8
364.7
383.3
319.9
253.7
331.3
304.2
263.4
235.1
125.2
97.6
95.5
64.02
121.2
110.6
59.11
60.52
49.93
31.59
35.25
24.22
5.381
-3.541
-5.492
-6.192
-6.321
-6.532
-5.701
-5.472
-7.07
-7.24
-6.561
-6.421
-5.874
-9.78
-11.98
-6.78
-8.72
-13.5
-16.21
-17.7
-17.93
-22.48
-22.25
-34.12
-21.15
-6.968
-12.66
-15.09
-19.76
-18.25
-14.64
-20.15
-19.4
-22.34
-20.99
-21.39
-20.09
-23.88
-25.07
-27.47
-26.72
-29.06
-17.4
-18.09
-12.88
-13.11
-13.1
-13.6
-15.46
-13.92
-15.14
-14.11
-13.48
-13.72
-14.89
-17.41
-11.74
-4.715
-1.957
-5.919
-17.58
-21.81
-20.47
4.947
9.22
-5.943
-1.809
19.9
60.31
80.2
129.1
186.8
207.9
161.1
126.3
137.2
209.9
284.5
306.2
365.9
326
316.7
289
249.5
204.1
192.3
226
186.5
147.5
135.9
115
91.5
63.72
53.55
38.32
18.96
6.113
-5.194
-16.77
-28.86
-34.3
-52.08
-55.92
-54.29
-33.2
-17.71
-18.93
-28.03
-33.96
-25.88
-15.17
-13.95
-16.21
-19.08
-20.46
-24.84
-29.27
-38.65
-47.7
-52.34
-45.82
-50.99
-55.12
-55.14
-51.53
-52.96
-53.65
-47.13
-51.06
-52.43
-44.54
-34.86
-55.01
-77.9
-72.8
-61.53
-60.48
-61.75
-60.68
-60.83
-61.13
-59.75
-60.4
-60.13
-61.66
-61.34
-62.09
-60.95
-59.34
-50.49
-26.69
2.19
36.94
76.6
118.2
157.4
202.8
235.6
280.7
322.2
363.5
394.5
420.4
440.6
446.1
437
432.1
441.2
438.8
449.5
458.9
474.9
461.5
484.2
462.7
368.9
483.2
377.6
494.6
492.7
447.5
321.8
339.1
117.2
212.3
263.5
191.3
108
64.26
24.87
-6.803
-35.69
-62.43
-76.4
-74.2
-77.2
-78
-79.5
-78
-79.3
-80
-78.5
-78.5
-79
-77.4
-78.8
-81.5
-79.6
-76.6
-76.9
-75.6
-74.7
-76.1
-75.1
-75.4
-75.8
-74.9
-73.7
-73.3
-74
-73
-74.1
-74.3
-72.5
-73.1
-74.4
-73.7
-74.5
-72.3
-73
-71
-72.4
-72.4
-70.3
-70.7
-70.4
-71.2
-68.94
-71.1
-72.2
-70.2
-69.94
-69.43
-69.25
-69.41
-61.15
-43.41
-14.11
22.57
66.14
106.6
157.3
198.9
243.2
291.2
325.6
350.7
384.5
417.3
432.9
444.7
434.8
432.5
441.2
447.4
450.4
400.2
485.1
457
502.1
417.6
422.2
462.3
370.7
413.7
171.9
223.6
186.7
338.6
310.6
258.8
81.5
118.2
134.9
10.8
2.175
-19.31
-27.99
-56.13
-67.86
-67.81
-70.1
-71.8
-72.5
-72.3
-72
-73.4
-71.6
-72.9
-75.6
-73.7
-74.4
-73.4
-73.6
-74.3
-74.4
-73.1
-73.7
-72.6
-70.6
-70.4
-70
-71.1
-69.8
-69.73
-68.3
-68.86
-69.36
-67.56
-70.4
-71.2
-69.1
-70.6
-70
-72.4
-74
-72
-72.3
-68.88
-69.03
-72.6
-72
-70.7
-72
-71.4
-73.7
-70.8
-75.1
-72
-73.2
-71.3
-67.66
-50.86
-21.32
32.67
61.47
113.6
154.8
201.6
242.6
278.7
324.5
361.8
412.2
289.8
414.4
375.7
426
428.6
417.6
439.6
438.5
458
448
449.3
455.7
469.6
491.5
483.6
461
436.3
412.8
378.2
340.2
309.2
268
229.2
187.4
144
98.9
54.11
15.62
-17.64
-46.02
-72.9
-82.4
-73.7
-74.3
-76.8
-74.4
-81
-79.4
-78.8
-78
-78.3
-76.1
-76.1
-80.5
-77.1
-78.3
-79.1
-75.5
-77.2
-75.5
-75.4
-74.9
-74.5
-74.4
-73.1
-71.5
-71.4
-71.6
-70.8
-70.6
-69.4
-68.91
-69.06
-68.71
-69.98
-71.3
-71.4
-72.1
-70.7
-69.62
-71.6
-70.5
-71.8
-73.2
-71.3
-71.7
-71.7
-70.2
-67.84
-70.1
-71.6
-72.7
-70.6
-62.05
-28.55
6.314
38.98
57.88
113.4
156.1
200.8
244.4
286.9
323.2
363.3
386.6
405.3
448.6
446.2
406.6
380.7
411.7
455
447.9
463
422.1
459.5
461.9
425.3
425
519.4
457.5
439.3
413.6
387.3
340.7
295.3
264.8
224.3
182.7
136.6
89.5
50.38
11.67
-13.56
-32.06
-56.68
-78
-78.8
-78.4
-81.7
-81.5
-83.3
-83.1
-81.6
-81.8
-81
-81.6
-80.6
-80.6
-80
-80.4
-77.5
-76.5
-73.5
-64.79
-62.56
-64.91
-71.3
-66.55
-68.68
-68.83
-68.51
-70.1
-71.8
-71.2
-70.4
-71.2
-71.9
-70.8
-68.66
-66.11
-66.69
-67.92
-68.29
-68.85
-70.3
-71.4
-66.48
-68.62
-68.04
-62.21
-61.86
-61.24
-63.46
-66.14
-65.74
-65.35
-65.01
-52.44
-23.57
8.98
44.85
82.2
117.5
112.4
175
247.8
278.2
322.9
352.1
380.7
415.9
429.9
422.8
424.1
416.2
423.3
424.7
429.6
438.3
438
436.6
440.5
468.3
475.7
468.7
450.4
434.3
406.6
376.2
339.8
305.6
266.6
220.9
179.4
137.8
92.3
50.52
13.76
-19.68
-44.97
-66.68
-73.5
-68.75
-69.34
-69.41
-68.07
-66.56
-66.55
-66.13
-65.51
-63.87
-60.01
-59.64
-60.5
-60.54
-59.73
-59.61
-59.12
-58.43
-57.29
-58.59
-59.34
-57.26
-56.98
-56.53
-53.64
-51.88
-49.38
-49.18
-48.45
-48.68
-48.28
-46.87
-45.61
-47.8
-46.97
-46.28
-44.09
-42.4
-40.32
-36.79
-35.47
-32.74
-40.38
-43.16
-42.11
-39.5
-39.51
-42.19
-41.24
-40.27
-39.55
-38.17
-31.18
-10.14
15.72
50.16
87.2
125.2
165.8
222
243.3
289
319.1
356
391.1
407.6
427.4
419.4
418.8
415.6
410
428.9
424.6
427.9
425.2
439
445.6
465.5
471.2
465.4
441.6
426
398.9
329.4
347
319
273.2
235.1
185.3
155.4
108.8
61.31
32.93
4.827
-26.7
-47.64
-54.98
-53.66
-56.21
-54.67
-53.93
-54.7
-51.85
-53.79
-50.31
-50.18
-46.61
-44
-44.16
-44.47
-44.3
-46.32
-45.76
-46.74
-44.6
-46.28
-44.02
-41.37
-41.26
-40.25
-37.59
-36.67
-35.89
-34.93
-36.21
-35.84
-35.22
-34.04
-34.91
-35.58
-36.42
-36.49
-35.64
-36.17
-36.61
-36.47
-36.8
-35.27
-36.24
-35.08
-36.37
-36.58
-36.82
-36.57
-33.76
-22.93
-9.42
-6.852
-9.6
0.531
15.9
10.95
70.6
169.3
197.3
217.1
244.9
285.8
319.3
354.5
389.6
417.3
430.9
429.4
421.1
419.1
426.6
425.3
436.9
442.6
436.6
437
445.8
467
486.9
472.4
446.9
426.3
406.5
367.7
344.5
313.9
276.9
238.5
196.5
157.5
115.6
77.3
39.59
9.29
-13.1
-33.32
-46.96
-49.52
-51.39
-48.66
-48.37
-46.76
-45.82
-44.81
-44
-42.77
-41.65
-41.54
-41.57
-40.93
-40.05
-39.47
-38.67
-38.3
-39.74
-40.92
-41.17
-39.04
-36.76
-39.09
-37.24
-41.81
-42.08
-39.78
-39.28
-37.63
-36.65
-38.07
-36.43
-36.43
-34.9
-36.81
-35.22
-33.46
-34.38
-32.96
-35.44
-34.71
-35.22
-30.71
-29.21
-30.03
-29.94
-22.27
-27.86
-31.99
-40.78
-35.82
-38.64
-12.75
25.41
59.97
66.02
78.9
145.4
183.3
253.8
275.4
311
300.7
295.1
224.2
281.8
437.2
406.3
422.1
415.3
416
433.6
419
441.9
430.8
451.2
454.2
444.8
426.4
425.5
408.5
387.6
347.9
300.1
262.5
222.2
161.2
125.8
126.7
90.2
77.5
42.64
13.65
-6.434
-20.82
-32.3
-37.97
-37.35
-34.62
-33.23
-30.87
-27.51
-23.56
-26.05
-29.77
-31.48
-36.35
-35.76
-34.23
-36.55
-37.8
-37.07
-36.34
-36.43
-36.08
-36.44
-36.29
-31.85
-31.87
-31.08
-28.36
-19.28
-31.95
-33.48
-33.97
-29.19
-29.92
-10.18
-6.942
-7.03
-7.48
-7.29
-7.34
-7.78
-7.97
-8.42
-8.11
-7.54
-8.32
-6.513
-7.13
-16.02
-10.27
-13.24
-9.05
-10.96
-24.23
-20.3
-12.99
-2.153
-3.014
-11.86
-10.67
9.49
32.45
62.98
92.5
96.8
74.6
85.3
93.1
110.5
115
86.9
92.5
96.2
83.2
112.5
102.9
103.2
95.1
80.3
75
21.48
-0.515
53.31
63.07
87.3
162.2
86.4
81
84.6
63.64
37.54
47.88
26.71
26.36
31.03
15.32
0.121
-5.887
-7.6
-9.68
-7.78
-9.78
-13.12
-29.34
-39.29
-35.07
-30.92
-30.46
-30.74
-27.35
-2.969
-13.15
-29.77
-31.1
-25.54
-27.87
-39.89
-36.03
-36.71
-36.19
-34.85
-36.66
-38.64
-38.45
-32.82
-17.38
-14.48
-18.46
-16.84
-22.05
-31.44
-34.99
-30.96
-18.14
-10.87
-15.54
-12.37
-19.03
-32.54
-33.16
-36.63
-37.3
-37.21
-35.21
-32.71
-32.09
-33.37
-34.49
-38.16
-37.14
-35.51
-29.66
-0.1
77.5
95
133.7
169.4
190.3
149.4
225.6
316.4
164.9
182.2
189.8
298.6
464.7
606.3
524.7
589.9
523.2
316.9
328.3
368.9
386.8
426
496.6
473.5
301.4
230.9
255.5
256.7
178.3
242.9
326.4
280
246.4
146
73.4
104.1
77.5
43.24
21.17
-4.69
-21.7
-36.1
-44.39
-44.54
-44.57
-43.3
-40.28
-40.13
-41.62
-41.32
-42.55
-44.35
-41.88
-40.23
-36.55
-36.38
-39.41
-40.05
-40.01
-40.64
-40.81
-41.31
-41.25
-43.74
-42.72
-40.35
-41.19
-39.84
-38.53
-36.9
-32.69
-33.23
-33.75
-35.61
-36.8
-38.2
-37.35
-37.74
-39.4
-38.84
-38.08
-34.23
-40.85
-42.35
-40.27
-39.3
-36.91
-37.41
-38.47
-42.46
-41.1
-40.97
-39.07
-37.2
-18.23
39.23
30.61
56.75
151.7
180.5
238.9
175
179.4
271
388.7
412.8
406.6
417.2
419.8
417.9
419.4
418.5
438
390.4
442.2
435.4
442.1
447.3
461.5
471.7
475.2
447.7
426.5
395.9
364.4
325.1
285.7
243.9
188.9
188.6
139.4
87.3
59.15
24.08
-4.301
-29.47
-47.35
-55.48
-54.43
-55.67
-56.17
-57.01
-52.3
-52.9
-52.36
-52.1
-54.56
-51.63
-52.43
-52.7
-51.84
-49.42
-49.73
-48.97
-49.53
-52.38
-51.77
-50.06
-52.16
-51.3
-52.52
-53.18
-54.66
-53.39
-53.87
-51.47
-46.39
-49.95
-49.96
-44.97
-34.68
-39.34
-47.94
-49.12
-47.64
-48.52
-48.85
-48.07
-48.12
-46.58
-48.43
-47.04
-46.2
-47.35
-47.37
-46.78
-46.79
-45.49
-45.67
-38.14
-12.95
10.92
49.53
63.3
120.1
179.5
270.2
171
230.6
221.9
331.5
341.3
413.5
400.6
397.2
408.6
394.6
411.7
439.8
388.5
349.2
419.8
440
433.1
461.5
469.6
458.5
447.9
423.3
396.9
362.6
316.7
301.1
284.8
232.6
187.7
142.2
103.5
64.41
27.73
-5.501
-26.68
-50.72
-58.14
-57.75
-59.16
-57.44
-57.43
-57.73
-57.04
-54.38
-53.75
-52.84
-53.4
-51.88
-53.91
-55.99
-53.94
-55.71
-55.88
-54.1
-52.45
-51.71
-49.59
-49.2
-49.51
-48.41
-49.72
-49.09
-50.06
-50.11
-49.17
-48.49
-48.34
-49.54
-48.25
-48.51
-47.68
-47.98
-47.93
-48.15
-48.78
-48.67
-48.92
-48.71
-48.21
-40.94
-21.16
-17.35
-14.45
-14.12
-12
-11.55
-11.24
-9.7
-7.11
-0.623
12.41
26.65
52.75
64.44
90.2
115.3
178.8
246.7
198.7
281.9
337.5
405.4
378.1
302.6
367.5
335.2
413.2
422.9
322.1
349.6
425
374.3
369.8
425.1
359.8
406.5
452.6
339.8
210.8
279.1
320.6
232.3
202.3
195.7
157.9
188.5
119.4
69.44
38.63
22.46
5.158
-13.13
-27.93
-35.59
-37.25
-35.82
-35.77
-36.14
-41.42
-45.78
-50.04
-52.44
-49.82
-48.92
-49.64
-49.82
-48.15
-49.61
-44.86
-44.45
-42.79
-28.42
-27.67
-27.02
-37.39
-46.11
-43.82
-43.46
-45.43
-44.02
-41.9
-33.78
-33.3
-33.77
-32.13
-15.46
-13.02
-15.65
-14.79
-12.81
-13.52
-23.08
-29.09
-32.48
-33.14
-31.88
-33.73
-33.61
-24.45
-16.9
-11.22
-11.31
-21.25
-31.06
-21
-2.17
17.27
30.79
66.58
62.72
106.5
208
124.3
66.7
144.1
390.8
221.8
169.1
204.1
334.3
325
463.2
477.2
487.3
374
457.3
440.9
448.7
453.5
376.7
460.2
447.4
431
407.8
378.1
354.3
328.5
276.9
260.5
228.3
180.4
139.1
95.7
67.11
33.38
2.989
-24.14
-39.56
-45.44
-49.29
-50.78
-49.29
-49.49
-49.71
-50.32
-54.12
-52.62
-49.25
-48.47
-45.92
-46.49
-45.63
-48.05
-48.9
-46.88
-47.06
-44.66
-44.8
-42.11
-42.02
-42.77
-42.67
-41.89
-44.41
-44.93
-41.41
-38.74
-39.25
-36.63
-39.97
-42.05
-42.78
-40.23
-43.15
-44.3
-42.26
-40.49
-42.27
-41.31
-42.13
-40.85
-41.87
-41.51
-40.62
-40.19
-41.68
-40.39
-39.11
-39.13
-31.43
-10.11
2.556
12.89
57.54
43.95
69.33
90.4
88.1
136.3
127.9
266.6
262.6
327.8
240.5
287.9
323.8
373.1
364.7
295.7
328.5
303.4
285.1
202.3
172.8
137.8
101.5
167.3
96.5
55.77
51.74
78.8
85.4
130.2
219.5
171
138.5
126.6
85.3
58.82
31.03
14.11
5.305
-6.936
-15.22
-21.33
-19.55
-18.11
-17.99
-19.48
-19.18
-20.58
-21.73
-20.66
-19.62
-15.23
-9.51
-9.62
-12.28
-7.18
-11.83
-17.93
-26.21
-21.02
-17.83
-16.43
-13.51
-6.807
-6.844
-10.24
-15.12
-15.5
-14.41
-15.85
-15.56
-14.88
-12.9
-11.76
-14.56
-14.56
-13.17
-9.37
-10.37
-10.89
-4.534
-2.234
-2.339
-2.202
-1.914
-2.334
-4.304
-2.429
-2.91
-2.696
-2.165
-6.644
-5.801
-4.505
2.846
13.55
14.52
15.75
13.51
26.94
53.62
63.42
60.32
44.69
66.37
78.2
75.9
100.6
127.9
104
135.1
89.8
90.3
115.6
79.4
83.3
100.6
96
152.5
150.5
224.7
240.4
211.3
207.2
95.4
152.1
184.1
174.8
128.5
194.4
194.6
38.33
82.3
43.91
21.2
-11.68
-31.45
-35.18
-40.11
-41.4
-42.03
-42.16
-41.66
-43.36
-42.96
-43.46
-42.35
-41.2
-42.52
-40.46
-38.56
-38.45
-38.17
-37.63
-36.6
-36.61
-37.17
-36.92
-35.12
-34.81
-35.32
-34.89
-35.27
-36.48
-36.42
-36.44
-36.04
-36.63
-36.36
-35.95
-36.43
-31.49
-32.75
-34.36
-35.56
-36.57
-34.34
-31.53
-28.76
-26.59
-29.79
-28.99
-28.46
-26.62
-24.42
-27.37
-28.19
-26.8
-26.29
-22.22
-2.361
14.97
31.09
61.91
93.6
128.7
145.5
149.2
133.2
129.8
136.2
214.5
255
339.8
354.2
449.7
489.9
422.2
423.6
427.1
430
422.6
426.9
431.6
440.1
474.3
469.8
454.4
420.4
388.8
353.4
325.2
309.8
265.8
227.6
189.3
149.3
110
74.4
38.88
8.09
-19.08
-38.27
-44.57
-46.11
-48.13
-49.72
-48.75
-47.96
-47.24
-46.36
-46.31
-45.94
-46.41
-44.52
-43.7
-43.18
-42.2
-40.96
-39.51
-39.37
-40.11
-40.71
-41.13
-41.46
-41.05
-39.96
-40.62
-41.4
-39.97
-40.02
-40.48
-40.26
-40.19
-39.6
-40.94
-40.24
-41.37
-41.58
-40.59
-40.97
-41.4
-41.24
-40.76
-40.95
-41.16
-41.32
-40.2
-33.63
-30.38
-34.78
-33.93
-31.71
-29.24
-33.5
-29.48
-22.18
-17
-19.98
8.14
94.8
136.7
178.3
219.8
256.5
297
326.5
359
391
382.1
418.3
369.4
372.9
395.4
406.8
415
415.5
416.4
424.1
426.1
444.4
466.6
460.1
456.3
315.2
366.9
360.9
330.3
303.8
216.8
213.2
181.3
140.6
95.9
60.53
24.04
-4.041
-27.96
-48.6
-56.81
-57.99
-59.37
-59.43
-61.04
-59.2
-59.17
-60.05
-60.4
-60.09
-57.9
-59.08
-58.27
-59.78
-62.83
-61.4
-62.57
-60.45
-58.41
-58.44
-55.83
-54.39
-55.51
-57.02
-57.28
-56.97
-55.73
-55.08
-54.26
-52.31
-51.94
-52.97
-52.64
-53.38
-53.72
-54.44
-56.3
-55.55
-51.89
-52.91
-58.21
-58.72
-57.28
-55.27
-55.63
-55.97
-55.5
-55.38
-55.28
-54.64
-53.96
-52.83
-50.4
-38.77
-10.98
18.12
9.55
46.07
123.2
169.2
207.5
244.3
288.1
315.7
346.7
375.3
386.9
380.5
389.6
380.6
405.6
389.6
398
415.4
401.3
408.6
416.6
425.1
433
434.9
404
398.5
374.3
355.2
310.6
277.2
229
217.5
173.1
134.5
92
54.79
19.12
-9.73
-33.7
-53.58
-59.72
-60.07
-64.24
-66
-64.27
-67.72
-61.89
-57.26
-59.99
-61.61
-58.8
-57.75
-59.08
-58.98
-59.89
-59.22
-59.55
-58.3
-57.28
-55.74
-56.32
-56.98
-54.75
-54.71
-53.69
-51.43
-49.55
-47.34
-49
-46.42
-47.26
-48.02
-49.94
-50.79
-52.29
-53.02
-47.89
-48.96
-47.7
-47.32
-46.91
-47.62
-49.14
-48.17
-44.9
-47.5
-47.46
-47.68
-47.46
-47.54
-48.31
-49.4
-45.13
-31.96
-4.991
22.73
41
21.55
98
166
197.4
243.7
271.5
309.2
343
363.2
370.4
370.6
375.5
382.7
386.2
392.3
389
392.4
398.9
404.7
414.1
429.9
446.7
436.3
421.1
395.4
369.9
340.7
309.9
279.8
244.4
202.3
160.1
124.9
88
51.6
22.01
-6.903
-35.29
-51.85
-59.7
-63.17
-65
-64.4
-64.62
-65.26
-64.05
-62.76
-60.89
-58.57
-60.66
-61.52
-60.71
-61.81
-58.58
-58.46
-59.06
-57.14
-57.85
-55.67
-54.48
-53.77
-52.24
-50.43
-51.71
-50.87
-49.83
-49.42
-47.79
-47.16
-45.75
-44.81
-42.72
-42.73
-40.82
-39.54
-39.36
-22.72
-14.05
-23.62
-31.42
-25.16
-29.06
-35.2
-32
-32.07
-31.95
-28.55
-31.35
-30.1
-29.63
-28.27
-22.31
-2.96
25.1
42.67
39.41
74.9
120
167.1
205
234.9
286.1
309.1
334.5
361.8
367.2
376.7
404.4
397.7
401.5
406.9
396.7
401.3
394.7
404.2
426.2
416.4
428.9
441.7
428.4
347.6
200.3
111.9
279.3
159.2
126.3
94.4
64.21
34.61
28.59
123.5
62.41
16.86
-7.52
-24.75
-34.18
-34.07
-42.54
-34.24
-30.47
-32.77
-26.39
-25.63
-27.5
-22.35
-21.69
-22.59
-28.53
-42.39
-34.02
-9.77
-9.81
-8.39
-8.05
-8.56
-8.86
-8.64
-8.66
-9.32
-10.18
-10.32
-10.24
-10.12
-10.19
-10.42
-9.04
-9.55
-11.79
-14.05
-24.13
-29.08
-31.94
-20.68
-27.24
-43.18
-38.22
-23.59
-25.88
-45.73
-29.65
-19.46
-19.34
-17.69
-19.45
-19.62
-19.22
-20.2
-21.88
-18.57
0.423
18.63
14.92
61.06
171.3
146.3
98.3
142.8
100
315
333
210.2
363.6
386.1
346
386
432
436.5
349.7
428.7
425.6
419.2
424.8
443.6
467.3
462.1
434.3
400.6
376.4
349.8
314
289.6
255.2
213.1
172.7
136.8
96.5
55.41
22.87
-4.131
-27.47
-51.88
-57.7
-56.28
-56.15
-54.16
-54.82
-54.02
-52.91
-53.69
-52.84
-55.75
-56.17
-54.49
-53.96
-48.26
-48.77
-52.11
-53.94
-53.93
-54.33
-54.78
-55.58
-56.02
-55.23
-54.11
-54.55
-52.87
-51.83