-44.35
-44.44
-44.61
-41.79
-40.92
-44.03
-44.61
-44.69
-43.16
-43.71
-44.06
-44.58
-43.63
-40.21
-41.36
-42.94
-41.34
-43.71
-42.75
-41.2
-43.1
-41.25
-43.68
-42.35
-42.06
-43.22
-41.01
-42.31
-36.86
-20.05
7.6
23.61
-5.785
89.5
126.8
162.3
201.2
239.3
274.9
308.8
344.4
369.5
391.6
391.9
399.6
408.2
413.3
416
407.9
409.6
420.4
417.2
420.5
425.7
432.4
447.4
439.1
422.9
393.8
364.1
303.6
305.5
264
225.9
185.7
148.3
105.6
64.26
25.98
-7.28
-32.56
-46.61
-47.98
-49.83
-48.91
-49.79
-52.2
-54.57
-54.71
-52.56
-52.52
-54.49
-52.6
-49.83
-50.52
-47.92
-50.04
-48.7
-50.72
-49.49
-49.51
-49.27
-48.41
-50.3
-51.27
-53.47
-51.9
-47.87
-44.48
-42.02
-42.18
-46.01
-42.69
-44.4
-45.51
-45.36
-46.98
-43.32
-30.75
-15.5
-26.12
-30.77
-13.48
-16.74
-21.84
-10.5
-8.72
-7.31
-6.262
-5.643
-5.439
-9.66
-11.36
-12.04
-4.62
8.64
18.01
-1.043
-4.144
77.1
137.4
160.9
206.5
213.5
276.4
312.2
349
365.2
387.8
409.4
313
395.7
405.8
406.6
408.2
414.2
419.6
412.8
418.7
425.4
441.4
448.1
221.3
222.2
445.9
379.9
326.8
299.8
265.8
229.5
186.6
79.5
6.645
7.56
25.33
-25.48
-41.39
-48.49
-53.54
-42.3
-46.61
-35.36
-21.48
-37.39
-28.8
-24.15
-28.84
-27.99
-30.64
-44.66
-47.89
-48.53
-49.74
-51.44
-50.8
-51.56
-48.57
-50.44
-45.41
-24.73
-21.18
-17.29
-16.77
-16.5
-23.6
-25.94
-17.51
-17.03
-19.11
-32.97
-34.91
-39.98
-41.53
-44.8
-49.83
-49.31
-50.69
-50.37
-50.41
-50.59
-50.73
-50.18
-47.51
-47.23
-48.49
-49.76
-45.13
-43.51
-44.33
-46.74
-41.14
-46.94
-20.96
22.38
51.69
84.2
121.7
167
198.8
246.2
319.6
288.1
219.1
260.6
365.8
391
402
394
402
397.9
405.8
405.2
412.6
415.2
419
424.1
432.3
450.4
428.8
388.2
387.4
292.5
129.5
194.6
161.4
181.8
66.63
69.66
99.5
68.67
20.85
-14.03
-35.99
-56.3
-57.54
-56.38
-55.94
-56.01
-54.61
-54.64
-53.92
-53.97
-54.95
-53.49
-51.77
-51.65
-51.75
-51.79
-51.8
-51.64
-50.72
-49.87
-49.43
-49.92
-49.93
-49.64
-48.53
-46.89
-48.18
-49.7
-51.81
-50.41
-50.48
-48.45
-48.35
-46.74
-46.28
-57.615
-57.54
-56.78
-57.675
-57.31
-56.415
-55.385
-54.225
-55.35
-53.945
-53.9
-54.155
-54.27
-53.51
-54.45
-54.315
-56.93
-51.475
-39.32
-27.025
-6.3815
-17.56
13.23
36.86
85.8
114.4
119.7
200.6
225.3
273.8
318.8
307.7
323
375.7
376.9
397.7
392.9
399.5
397.3
409.5
413.7
415.4
426.2
423.4
428.2
421.9
385.7
418.8
360.7
462
227.5
207.4
113.7
102.6
107.9
178
102.1
59.27
-18.39
-7.15
-30.29
-35.37
-44.1
-48.77
-45.25
-45.32
-40.78
-39
-43.53
-52.99
-51.59
-45.92
-49.68
-46.86
-44.18
-45.81
-52.65
-54.72
-52.46
-50.85
-51.37
-51.31
-51.03
-53.15
-54.09
-53.16
-53.12
-51.38
-52.04
-51.83
-50.98
-52.42
-52.2
-51.59
-51.76
-50.28
-48.94
-47.4
-50.15
-48.1
-47.36
-49.59
-50.51
-50.66
-49.31
-48.82
-48.58
-50.64
-47.93
-45.21
-42.50
-39.79
-37.07
-34.36
-31.64
-28.93
7.73
27.42
15.27
38.68
54.52
109
159.8
164.9
206
265.9
301
352.9
381.2
393.1
345.9
369.2
383.3
394.3
384.6
401.7
405.8
414
425.4
405.8
436.9
460.5
445.7
377.9
400.9
386.1
361.5
323.8
288
257
218.6
175.1
136.5
93.5
53.66
16.68
-16.91
-39.66
-51.33
-53.37
-52.88
-50.18
-51.55
-52.4
-51.65
-52.36
-50.82
-50.55
-49.35
-49.19
-49.47
-49.63
-49.05
-47.94
-48.92
-52.15
-50.04
-49.77
-49.61
-49.09
-47.39
-47.66
-48.79
-47.24
-46.3
-44.77
-43.98
-63.365
-61.2
-62.075
-61.08
-60.715
-61.12
-60.895
-60.055
-60.305
-59.88
-58.005
-58.54
-56.445
-57.055
-55.29
-55.09
-54.43
-55.82
-55.27
-55.135
-55.32
-53.535
-50.845
-44.05
-27.225
-2.833
25.97
39.46
65.54
93.7
137.5
168.7
187.3
252.2
291.9
327.4
354.3
367.2
378.6
384
394.8
406.5
414.6
409.2
427.7
421.6
428.4
427.4
436.1
445.3
463.3
459.4
442.5
417.4
395.4
367.2
340.9
301.4
261.7
230.9
185.1
146.1
102.9
56.73
17.14
-20.12
-38.81
-51.47
-51.77
-52.05
-51.49
-52.73
-51.74
-51.4
-51.22
-50.28
-48.53
-49.42
-49.7
-49.94
-49.71
-50.5
-49.37
-48.39
-49.99
-50.17
-49.34
-50.11
-47.04
-46.81
-48.88
-46.97
-46.28
-46.46
-45.81
-44.09
-45.16
-46.44
-47.52
-46.48
-45.01
-45.61
-45.88
-44.83
-46.21
-47.95
-48.22
-56.615
-56.57
-56.4
-56.15
-56.53
-57.58
-56.345
-56.41
-56.065
-55.585
-53.58
-51.025
-45.355
-27.94
-2.335
22.02
23.52
55.39
87.9
157.3
133.6
122.4
129.9
211.2
219.9
263.8
356.7
304.1
326.7
380
337.9
310.9
423
334
464.5
423.6
426.6
428.8
321.6
319.8
304.4
389.7
325.4
303.5
410.6
367.9
325.4
197.2
81.9
151
82
40.6
4.4295
-25.49
-50.265
-64.9
-68.56
-70.21
-67.72
-68.9
-67.08
-66.715
-66.56
-67.285
-67.895
-66.835
-64.76
-65.4
-64.805
-62.005
-61.76
-61.285
-59.125
-59.87
-62.1
-62.265
-60.93
-61.21
-59.175
-59.67
-60.96
-59.54
-56.605
-56.395
-57.71
-55.725
-55.565
-56.635
-55.92
-56.24
-55.445
-56.22
-53.735
-53.35
-54.675
-52.52
-48.7
-42.225
-39.63
-38.49
-37.49
-38.725
-39.97
-38.755
-35.41
-33.985
-32.63
-27.565
-20.561
-5.264
14.005
33.54
57.785
81.125
101.845
135.8
162.65
182.3
208.2
244.45
261.3
274.6
286.1
296
322.9
340.15
352.15
385.3
406.3
417.9
420.15
408.9
413
411.25
427
424.6
406.25
391.6
379.5
345.8
324.9
286.75
240.65
212.55
166.3
104.3
55.53
14.82
6.119
-33.13
-42.68
-55.48
-59.85
-51.625
-45.005
-43.86
-46.655
-45.25
-43.855
-43.405
-45.155
-46.09
-44.275
-41.5
-41.385
-42.13
-43.04
-53.1
-58.225
-59.545
-59.905
-56.425
-56.25
-54.555
-50.9
-54.465
-54.475
-54.68
-55.71
-56.435
-54.545
-56.72
-57.395
-56.425
-55.685
-55.175
-54.74
-53.355
-53.595
-53.215
-50.81
-50.045
-52.205
-50.965
-49.04
-49.955
-49.805
-49.02
-50.505
-49.67
-48.635
-48.06
-47.94
-42.755
-34.535
-20.03
0.0275
25.09
48.075
82.37
130.4
174.8
216.45
251.15
289.25
323.15
351.05
386.5
404.6
417.05
427.85
434.3
434.3
427.4
424.55
422.6
421.25
419.65
419.1
421.95
426.45
428.5
417.65
397.1
384.05
362.3
331.45
291.65
254.6
219
177.05
132.6
90.55
48.375
11.6495
-19.18
-45.955
-64.7
-70.65
-70.895
-69.82
-69.01
-67.88
-67.435
-67.915
-68.215
-67.685
-68
-66.285
-64.485
-62.625
-60.805
-62.03
-61.18
-60.815
-61.115
-61.245
-62.24
-61.145
-60.17
-59.14
-58.41
-58.915
-56.845
-53.225
-54.305
-55.68
-54.44
-49.49
-52.065
-53.77
-53.12
-54.11
-51.59
-45.495
-44.56
-44.42
-45.265
-47.645
-48.74
-49.2
-50.41
-49.3
-48.775
-49.94
-50.74
-49.685
-50.905
-49.385
-46.565
-39.275
-8.36
4.7945
10.656
35.12
65.88
88.135
104.52
127.495
137.27
161.48
180.715
198
219.875
235.36
240.985
261.4
260.45
256.875
247.105
257.35
250.55
265.45
275.35
244.05
253.55
241.9
235.65
229.85
230.95
228.365
215.625
183.54
171.82
158.92
134.465
110.535
88.05
64.155
37.065
14.048
-5.3825
-20.956
-32.6895
-37.14
-36.65
-35.07
-35.32
-35.61
-33.78
-35.955
-35.91
-36.665
-37.92
-37.89
-37.11
-35.79
-34.3
-35.115
-35.265
-35.095
-35.535
-36.69
-38.56
-41.625
-41.655
-42.315
-38.915
-37.275
-36.545
-33.45
-32.01
-31
-32.43
-31.56
-34.055
-34.345
-31.71
-30.94
-30.3795
-29.4315
-31.008
-29.285
-28.734
-30.1565
-29.545
-29.0555
-29.2955
-29.6655
-29.565
-30.835
-29.6335
-31.9
-30.3985
-30.385
-27.195
-21.464
-12.275
4.8
21.84
32.77
42.055
64.575
101.215
123.405
151.3
150.635
174.6
205.85
237.4
254.7
268.2
264.45
265.6
283.3
253.95
276.5
275.65
251.85
222.715
256.75
221.28
220.135
251.25
275.35
245.65
216.755
210.12
203.6
184.45
153.49
123.185
109.975
80.3
49.91
22.3995
4.9005
-12.656
-31.125
-40.94
-45.125
-44.755
-44.775
-43.08
-43.595
-42.74
-42.986
-42.401
-41.91
-41.3805
-41.794
-39.355
-40.405
-40.505
-39.0965
-38.36
-38.195
-38.4495
-37.97
-37.2285
-39.01
-39.845
-39.165
-38.76
-38.845
-37.9085
-37.6245
-36.1965
-35.109
-35.621
-34.295
-34.96
-35.53
-36.185
-35.945
-34.71
-34.015
-32.79
-33.0135
-32.39
-32.935
-32.7625
-32.321
-31.6845
-31.1365
-30.7705
-32.2585
-31.8785
-32.3265
-32.6905
-31.8075
-30.911
-27.929
-16.865
0.615
16.401
32.72
52.435
68.305
88.475
101.15
116.568
154.375
173.63
201.39
236.45
266.5
284.35
292.9
294.85
301.45
296.45
311.15
339.8
369.25
413.9
415.6
428.25
428.8
422.55
411.5
383.7
384.15
365.25
329.25
294.35
258.65
209.95
166.75
132
90.2
59.965
17.51
-20.445
-47.09
-62.945
-69.965
-72.32
-72.005
-69.8
-70.655
-71.395
-67.165
-67.935
-66.465
-64.58
-61.895
-60.97
-61.75
-60.165
-57.635
-58.3
-58.825
-58.07
-58.16
-58.595
-57.29
-57.35
-57.11
-58.54
-56.785
-55.67
-56.57
-55.94
-56.63
-55.515
-55.735
-56.3
-53.135
-53.765
-51.77
-52.14
-51.83
-52.405
-53.275
-51.97
-51.125
-51.5
-48.575
-49.125
-49.525
-49.09
-48.785
-48.065
-49.37
-48.62
-46.11
-43.365
-38.575
-25.24
-1.37
33.145
68.4
79.25
132.15
172.85
172.4
218.35
266.2
309.35
343.8
371.7
402.45
416.5
427.25
432.45
427.6
425.6
417.5
418.95
418.1
421.1
412.95
404.1
424.9
418.65
405.2
384.65
366.95
347.35
310.8
275.1
240.8
204.25
166.55
124.9
81.9
43.835
8.779
-20.645
-44.15
-61.12
-68.125
-67.92
-65.755
-66.135
-64.64
-64.595
-65.945
-66.12
-62.54
-60.425
-60.485
-58.25
-57.535
-58.765
-58.72
-60.79
-61.545
-59.295
-57.22
-58.12
-57.93
-53.8
-53.16
-53.395
-53.055
-52.805
-51.81
-52.895
-52.145
-51.12
-50.49
-50.085
-52.84
-53.405
-50.92
-50.83
-51.55
-49.325
-49.02
-49.215
-48.795
-46.345
-45.38
-45.895
-46.755
-45.985
-44.79
-44.785
-46.37
-45.055
-43.97
-40.965
-35.815
-18.559
5.025
30.635
60.435
94.85
131.4
172.25
212.3
252.3
283.6
318.05
350.5
376.5
402.3
415.6
422
424.6
429.75
421.25
426.7
418.2
410.7
411
411.85
413.6
412.9
414.35
406.85
389.3
375.95
350.3
321.4
301.6
249.75
210.4
169.15
129
86.85
48.48
13.635
-15.84
-41.21
-57.48
-63.425
-64.94
-63.205
-63.24
-63.28
-65.255
-65.18
-62.97
-61.03
-60.14
-61.51
-60.87
-59.285
-60.09
-59.295
-57.605
-56.4
-55.675
-54.39
-52.935
-54
-56.635
-56.72
-55.46
-56.91
-55.99
-53.39
-51.18
-50.285
-47.3
-45.71
-40.215
-43.655
-36.01
-38.58
-44.195
-44.64
-41.73
-38.645
-44.34
-42.035
-42.655
-45.78
-46.625
-47.035
-47.365
-47.47
-46.995
-47.795
-47.945
-46.125
-33.525
-25.8665
-11.78
7.105
24.7
51.675
78.65
117.45
180
231.9
272.15
309.05
336.4
387.2
415.8
452.5
444.45
440.35
452.6
454.75
429.3
425.95
433.65
428.9
429.3
431.75
426.5
436.35
435.35
427.4
408.1
387.85
366.95
332.6
300
264.75
225.25
179.8
136.75
93.6
52.355
18.05
-13.22
-39.14
-57.815
-63.915
-64.375
-63.815
-63.96
-62.955
-59.785
-60.935
-60.03
-57.625
-57.645
-57.4
-55.3
-56.53
-56.045
-56.64
-57.595
-58.6
-57.015
-57.4
-56.65
-55.66
-54.705
-53.225
-52.29
-52.32
-52.55
-52.165
-51.825
-51.285
-50.53
-50.465
-50.55
-50.245
-49.29
-48.03
-48.045
-47.855
-48.59
-50.25
-49.82
-50.39
-49.475
-50.405
-49.485
-49.85
-49.59
-51.365
-51.115
-51.145
-49.9
-49.215
-46.94
-42.625
-25.7085
-0.225
26.0785
57.1
86.6
109.5
173.5
214.5
251.25
283.85
318.35
348.25
373.65
412.05
427.95
432.15
443.8
433.45
420.6
428.3
428.95
423.95
420.4
422.4
410.45
421.35
422.8
420.4
408.5
383.85
369.2
332.25
295.8
256.4
215.05
171.1
131.5
92.15
51.03
14.335
-18.155
-41.545
-61.585
-68.785
-69.965
-69.41
-68.09
-68.195
-68.28
-66.385
-67.25
-67.42
-66.11
-63.34
-64.68
-64.285
-61.675
-62.505
-59.72
-58.49
-56.805
-57.28
-56.645
-56.895
-55.64
-55.405
-52.145
-50.25
-51.155
-49.695
-49.575
-51.075
-50.81
-52.5
-53.65
-52.245
-52.89
-51.155
-50.975
-50.48
-50.395
-50.02
-47.73
-48.39
-48.015
-47.715
-47.525
-47.63
-47.905
-47.995
-45.56
-44.125
-45.205
-45.715
-42.58
-33.985
-26.265
-19.835
35.92
66.68
77.4
111.6
163.25
192.55
244.55
257
329.05
263.5
341.65
409.1
420.05
432.05
439.75
430.95
424.65
442.95
423.45
440.95
413.4
419.4
415.9
425.85
384.3
419.75
405.4
279.7
366.1
325.95
253
236.75
216.85
154.65
140.65
96.25
43.92
12.3935
-6.257
-32.81
-52.965
-59.615
-55.865
-51.2
-49.835
-50.12
-46.625
-47.71
-45.64
-40.95
-41.545
-58.145
-61.8075
-65.38
-60.3
-49.33
-46.865
-45.875
-47.08
-51.265
-55.205
-50.035
-49.35
-51.075
-55.43
-51.225
-52.855
-53.825
-59.555
-36.025
-32.625
-35.745
-36.565
-38.465
-37.925
-35.48
-33.53
-31.735
-31.314
-31.93
-34.665
-35.26
-34.615
-34.95
-31.7935
-31.366
-31.818
-33.76
-31.624
-30.733
-30.5555
-30.0575
-28.6965
-27.628
-19.603
-5.178
9.6425
25.2765
46.845
67.905
94.335
112.42
152.695
173.37
218.05
238.6
252.15
302.95
278.15
295.95
283.15
293.5
306.85
257.75
242.85
232.955
223.66
230.52
247
251.55
271.5
254.9
375.35
356
370.05
274.45
286.45
244.9
275.25
150.5
118.2
133.55
65.6
41.065
-7.342
-35.03
-56.885
-64.24
-64.59
-63.595
-62.91
-62.94
-64.03
-63.055
-63.19
-60.99
-60.155
-57.925
-60.54
-59.095
-61.01
-61.135
-60.02
-60.17
-61.45
-62.715
-62.36
-63.11
-64.52
-64.76
-65.41
-64.74
-64
-64.53
-65.39
-63.455
-61.4
-61.885
-62.92
-61.175
-60.56
-59.68
-59.555
-59.895
-60.72
-61.21
-62.035
-60.61
-60.76
-60.96
-58.845
-59.675
-60.185
-61.425
-61.64
-61.33
-61.595
-60.255
-55.515
-49.25
-32.05
-18.27
9.735
51.035
94.25
138.65
171.3
219.6
260.1
298.65
334.4
371.45
397.8
425.75
447.05
481.6
476.75
466.95
452.05
442.85
451.85
381.1
418.8
420.4
414.25
409.05
413.5
416.5
410.65
390.2
369.3
330.2
291.3
247.35
224.35
179.65
142.7
98.35
53.68
13.835
-25.615
-51.57
-65.56
-73.65
-77.35
-77.9
-75.5
-72.75
-73.6
-73.9
-72.245
-68.935
-65.26
-64.53
-65.395
-64.955
-62.18
-59.75
-57.57
-57.06
-55.615
-55.585
-52.995
-50.5
-51.45
-53.625
-52.775
-52.935
-52.94
-52.11
-51.03
-50.78
-49.02
-47.705
-47.475
-49.77
-49.13
-45.88
-42.22
-42.455
-43.72
-45.535
-44.185
-45.75
-46.25
-45.815
-45.585
-45.875
-45.045
-44.355
-45.315
-45.115
-45.94
-46.045
-43.345
-38.075
-20.565
3.97
31.14
61.885
101.65
139.3
184.6
228.75
258.9
301.1
337.7
375.2
397.05
428.55
450.5
445.7
484.7
475.8
457.3
452
415.85
435.5
426.85
429.6
423.05
436.85
416.85
426
403.5
387.45
398.45
338.7
300.3
269.8
211.85
202.45
114.7
74.76
66.61
31.45
-5.785
-29.25
-48.525
-57.435
-59.455
-60.08
-58.73
-56.545
-55.365
-54.325
-53.86
-55.03
-50.325
-51.255
-53.17
-54.53
-54.785
-53.17
-51.765
-50.545
-49.95
-48.74
-47.735
-47.31
-47.135
-48.255
-48.645
-49.685
-48.385
-48.29
-48.315
-50.125
-49.625
-49.405
-48.295
-47.455
-47.195
-46.96
-45.115
-44.805
-43.85
-41.38
-40.82
-39.985
-39.87
-42.19
-43.13
-43.485
-44.7
-44.39
-44.515
-41.87
-40.335
-36.74
-32.91
-25.705
-11.51
4.0745
28.23
65.34
96.95
143.2
182.65
224.15
249.65
296.2
334.35
364
402
431.85
445.55
428.4
473.85
464.3
443.45
439
430.65
441.35
367.95
435
405.65
419.25
404.35
429.2
398.4
402.85
324.15
345.45
317.2
268
218.85
144.75
136.4
109.65
66.685
28.15
-3.9465
-29.185
-49.06
-56.15
-58.77
-58.07
-57.955
-58.18
-58.79
-57.225
-55.545
-54.83
-53.895
-53.56
-52.585
-51.805
-52.005
-50.85
-50.515
-49.68
-50.705
-51.085
-51.38
-50.18
-46.555
-51.93
-50.56
-51.005
-51.055
-50.425
-51.29
-51.975
-43.425
-40.74
-46.275
-49.82
-50.345
-51.61
-51.055
-52.105
-51.345
-50.245
-50.7
-49.555
-49.53
-49.94
-49.785
-49.65
-50.035
-50.165
-49.74
-49.335
-48.475
-46.8
-44.195
-39.385
-21.085
4.27
32.55
63.13
100.25
136.45
174.05
175.5
233.45
290.45
320.05
349.1
383.75
410.4
432.2
452.25
462.9
452
439.05
426.85
324.3
416.85
436.45
378.95
376.65
410.65
396.35
396.75
355.55
383.15
280.05
318.65
301.95
268.75
225.75
186.7
143.3
102.4
61.405
18.725
-17.745
-34.135
-49.09
-56.88
-58.085
-58.91
-58.475
-54.495
-57.505
-54.795
-47.41
-54.665
-45.6
-46.545
-44.165
-44.855
-49.835
-50.595
-48.895
-45.54
-46.035
-45.005
-48.295
-47.22
-46.055
-44.06
-39.34
-41.955
-43.005
-38.855
-48.37
-56.6675
-65.785
-67.89
-70.675
-64.125
-51.435
-48.88
-47.935
-47.795
-47.28
-46.72
-47.865
-47.835
-47.385
-44.445
-39.9
-43.485
-44.88
-36.92
-31.885
-33.84
-36.63
-33.18
-30.51
-23.848
-6.92
14.091
40.75
96.32
112.8
143.2
169.65
226.15
295.1
259.85
275.15
284.6
199.75
164.75
413.65
295.6
246.36
272.95
232.055
234.275
261.6
234.22
247.35
274.3
339.75
322.95
252.1
262.1
246.15
207.45
176.5
182.85
131.55
85.7
150.655
126.285
94.11
68.595
41.495
17.0945
-5.0925
-31.155
-39.975
-45.71
-46.07
-45.32
-44.825
-42.155
-41.3
-39.3
-41.54
-39.08
-36.315
-38.52
-32.595
-39.52
-41.04
-40.64
-40.335
-41.375
-39.45
-39.64
-40.335
-44.69
-46.595
-45.125
-42.86
-38.345
-39.95
-42.48
-41.265
-41.505
-43.91
-44.075
-44.1
-43.765
-41.125
-30.655
-32.735
-35.485
-37.49
-33.905
-34.005
-38.885
-38.445
-37.62
-30.94
-26.8845
-26.0555
-31.955
-39.335
-37.64
-35.75
-28.81
-32.47
-26.24
-16.9925
-2.3935
15.255
62.765
134.35
138.9
203.45
231.7
298.75
305.75
349.7
387.35
414.65
445.05
469.35
490.8
495.9
501.55
479.25
409.65
359.7
458.8
350.8
437.55
369.9
432.25
423.05
390.15
439
417.3
357.3
322.05
276.75
151.705
155
173.85
131.95
93.15
38.895
8.116
-9.398
-36.25
-47.44
-55.525
-57.4
-54.365
-54.83
-56.41
-53.475
-53.99
-53.155
-48.33
-43.295
-46.1
-46.725
-42.535
-42.08
-37.295
-36.485
-42.18
-45.965
-48.58
-46.94
-44.895
-45.65
-49.69
-49.575
-47.93
-47.635
-46.415
-47.175
-46.35
-45.5
-43.855
-44.275
-42.575
-33.74
-31.365
-29.71
-28.444
-59.9
-54.235
-55.06
-49.205
-49.915
-53.5
-59.84
-56.75
-45.49
-42.395
-33.845
-32.0375
-43.9
-45.875
-34.775
-35.335
-11.97
5.525
26.975
55.6
109.25
105.35
92.645
123.955
149.25
156.58
176.935
190.005
217.575
214.485
232.155
245.78
243.56
240.545
238.77
228.43
209.6975
212.4545
209.217
214.325
207.765
210.41
210.99
230.17
238.99
269.45
274.05
268.65
228.6
187.4
169.8
139
98.705
84.955
47.595
19.615
-4.157
-28.185
-47.475
-53.875
-49.91
-49.84
-53.48
-50.48
-47.42
-48.13
-44.535
-43.825
-45.905
-51.12
-61.115
-63.24
-66.225
-65.52
-67.625
-63.52
-61.585
-60.185
-53.75
-49.615
-51.27
-59.88
-61.27
-50.085
-52.905
-54.285
-51.43
-50.47
-54.49
-55.905
-59.55
-59.36
-58.46
-57.81
-55.74
-52.525
-46.825
-28.985
-29.9795
-25.896
-23.3045
-25.616
-28.8555
-31.06
-30.685
-33.475
-40.08
-37.97
-24.565
-15.5855
-12.3665
-7.687
-12.131
-4.37
5.325
46.75
121.38
175.8
134.55
145.45
134.85
163.95
249.55
368.05
292.85
343.6
360.05
369.35
356.05
394.15
355.75
361.25
467.45
481.2
401.15
368.75
498.85
412.3
485
431.45
471.55
446.35
310.75
343.35
293.85
280.9
243.55
164.85
140.45
110.9
62.24
3.075
-14.4995
-44.235
-61.5
-71.58
-71.765
-66.83
-59.4
-65.165
-69.7
-68.92
-67.025
-62.9
-57.315
-61.81
-65.905
-65.585
-64.645
-60.885
-57.53
-50.385
-47.425
-48.335
-51.295
-50.78
-44.595
-42.915
-43.47
-41.725
-40.685
-39.285
-39.605
-40.3
-40.58
-36.79
-38.05
-38.24
-38.995
-37.155
-36.295
-34.33
-33.655
-33.345
-34.245
-33.955
-35.97
-37.885
-39.36
-40.595
-42.17
-44.785
-44.045
-42.375
-42.115
-41.325
-33.495
-15.205
4.9225
9.99
44.785
88.835
127.2
183.65
257.75
277.7
335.2
312
343.1
354.6
422.65
454.9
476.05
505.05
518.85
516.45
514.2
534.6
473.55
420
496.95
511.35
499.7
490.75
471.25
460.35
451.1
410.65
391.15
366.3
324.95
281.7
227.25
191.2
147.55
114.85
67.885
13.395
-21.245
-45.915
-59.305
-65.53
-65.8
-64.895
-63.605
-63.72
-63.735
-64.95
-66.33
-63.095
-63.32
-62.17
-63.855
-66.055
-65.775
-64.635
-60.79
-57.33
-56.865
-59.73
-57.15
-59.435
-57.005
-59.235
-58.535
-59.185
-58.855
-57.32
-56.15
-55.69
-56.41
-56.3
-58.185
-59.92
-60.07
-58.785
-57.065
-54.97
-56.53
-55.985
-55.405
-56.1
-55.64
-53.19
-53.59
-54.41
-54.125
-56.045
-55.71
-55.455
-55.29
-54.625
-49.595
-35.725
-11.065
15.995
34.845
84.835
123.95
166.45
210.9
251.05
294.55
326.85
366.95
402
435.2
459.15
484.6
501.4
518.5
513.6
508.05
513.2
512.05
516.15
506.55
497.15
487.3
479.5
462.1
458.1
441.7
416.2
380.85
351.1
312.95
266.4
226.5
181.1
136.2
84.21
42.76
1.355
-32.695
-58.615
-71.25
-79.2
-80.2
-80.65
-78.35
-75.3
-76.1
-76.25
-72.95
-73.95
-73.7
-73.76
-71.805
-70.685
-70.23
-69.745
-68.86
-67.805
-69.745
-67.155
-67.425
-66.225
-65.325
-66.1
-64.985
-64.035
-63.15
-64.175
-63.865
-63.19
-62.88
-63.65
-63.45
-62.07
-61.185
-61.375
-62.045
-60.74
-58.055
-56.075
-55.84
-57.135
-57.285
-58.75
-58.42
-58.76
-59.965
-56.85
-58.265
-57.665
-59.12
-56.095
-50.54
-37.975
-13.393
16.407
48.86
85.575
125.15
168.05
208.05
251.8
291.4
328.05
359.9
394.65
422.4
464.7
479.6
503.2
513.95
516.85
506.95
497.55
511.5
516.65
502.05
489
494.95
465.65
461.35
450.05
430.3
420.65
375.45
345.15
319.55
254.3
196.25
181.1
133.7
84.915
40.245
3.745
-27.515
-51.46
-63.295
-69.675
-71.305
-70.58
-68.865
-69.815
-68.67
-68.93
-65.54
-65.06
-64.465
-63.595
-63.57
-62.83
-62.97
-60.885
-61.915
-60.39
-60.525
-60.51
-59.44
-58.35
-59.44
-58.73
-58.22
-57.43
-54.845
-54.31
-53.395
-52.315
-53.645
-54.78
-55.585
-54.075
-55.535
-53.655
-53.755
-53.85
-54.645
-53.915
-52.16
-51.345
-49.15
-49.35
-48.035
-48.855
-48.31
-45.69
-44.38
-45.615
-46.66
-43.25
-39.725
-28.965
-7.385
21.695
55.37
89.755
122.6
172.65
215
231.1
295.9
317.05
358.45
396.05
415
454.6
489.5
508.25
512.15
520.1
515.6
505.05
512.1
510.2
502.65
490.5
469.45
487
462.15
454.65
452.15
429.65
393
357.85
319.9
268.2
229.4
181.5
139.8
88.61
47.92
9.143
-23.21
-42.98
-56.77
-64.29
-63.86
-67.14
-65.55
-65.135
-61.46
-61.575
-61.685
-61.48
-60.255
-59.745
-59.165
-59.69
-59.505
-64.615
-60.855
-59.895
-59.47
-59.07
-58.295
-58.885
-59.145
-58.145
-58.225
-59.315
-57.76
-58.89
-57.17
-54.71
-56.26
-55.87
-55.96
-54.985
-54.62
-55.55
-52.22
-50.15
-51.095
-51.235
-51.745
-50.755
-48.82
-49.68
-48.51
-47.825
-48.64
-47.675
-46.415
-45.475
-46.885
-45.315
-39.81
-23.074
-3.25
22.205
45.115
89.35
120.75
169.5
206.05
248.5
289.8
325
362.95
401.15
442.05
460.5
488.4
515.45
509.15
479.65
486.1
514.2
497.85
508.8
522.85
515.85
496.75
465.3
451
477.1
446.25
410.25
382.45
364
310.5
256.45
230.55
185.6
142.45
77.845
53.35
14.3715
-17.517
-34.56
-52.635
-61.765
-62.865
-60.77
-59.55
-58.67
-55.525
-50.645
-48.28
-47.61
-47.105
-44.11
-42.975
-43.685
-48.985
-52.8
-51.34
-52.045
-47.9
-43.825
-39.86
-34.655
-35.25
-36.86
-38.12
-40.425