-38.71
-36.41
-38.19
-37.16
-33.3
-44.67
-34.75
-32.72
-32.61
-26.51
-26.34
-17.23
-13.19
-15.49
-26.71
-26.83
-27.85
-30.72
-33.65
-32.6
-21.53
-10.16
-7.87
-8.61
-7.54
0.306
7.56
24.5
49.62
63.32
125.1
149.9
177.4
215.8
313.2
330.7
289.5
327.6
252.1
624.9
526.1
323.5
311.9
404.6
581.8
716
939
451.2
576.5
724
457.4
780
782
607.4
409.8
408.5
801
513.6
292.2
380.2
385.6
110.2
89.9
309.4
247.1
241
220.5
242
284.2
218.7
123.7
-3.618
-2.645
-16.72
-25.05
-37.28
-43.13
-45.74
-38.9
-32.17
-29.28
-27.19
-23.2
-23.76
-23.69
-22.3
-15.53
-11.75
-22.13
-33.42
-27.32
-21.83
-12.88
-14.59
-14.25
-11.95
-13.96
-15.96
-16.68
-14.6
-16.35
-14.03
-15.21
-14.56
-15.97
-20
-17.75
-15.39
-14.98
-14.53
-13
-12.46
-15.12
-14.77
-8.47
-9.78
-12.06
-7.51
-22.28
-30.88
-20.45
-0.399
19.91
35.67
56.19
67.22
80.8
135.4
199.6
394.7
277
280
265
394.2
690.5
536.1
380.9
605.2
784
758
725
822
929
511.8
213.6
497.8
799
688.4
332.1
188.2
-14.27
-12.71
0.071
5.163
0.092
-3.573
-10.76
-10.04
-8.6
-6.888
-7.52
-6.244
-3.763
-6.168
-1.594
1.401
-7.55
-14.98
-14.97
-11.22
-12.28
-5.954
-7.22
-8.83
-6.22
-7.07
-15.44
-9.68
-19.18
-14.71
-11.72
-9.71
-9.52
-9.22
-7.34
-9.74
-7.13
-12.12
-8.52
-6.463
-6.991
-8.1
-16.4
-12.57
-9.5
-10.04
-11.59
-13.35
-16.69
-14.72
-12.36
-11.48
-14.05
-11.73
-13.41
-13.13
-16.57
-7.96
-10.49
-9.63
-11.11
-11.12
-11.46
-11.78
-11
-9.48
-6.648
-3.286
1.465
12.19
25.38
48.88
60.65
43.01
75.2
87.6
83.5
58.88
72.5
121.3
196.7
151
190.4
340.8
482.6
265.2
363.9
431.6
361.2
377.7
349.1
673.9
416.4
221.3
241.2
241.8
157
169.8
45.11
12.69
49.61
48.42
63
41.86
17.63
5.935
-3.75
6.603
9.21
13.49
4.676
-1.013
-7.04
-8.31
-16.27
-17.34
-20.12
-19.18
-21.08
-22.03
-17.44
-19.77
-22.96
-22.44
-12.02
-18.62
-27.01
-27.88
-29.5
-30.25
-27.2
-27.22
-25.88
-21.54
-11.31
-9.38
-11.99
-13.75
-15.21
-19.33
-18.3
-23.16
-24.12
-18.82
-21.91
-19.39
-18.82
-17.89
-17.53
-19.36
-21.92
-21.66
-23.66
-23.26
-26.56
-23.61
-18.4
-26.55
-26.42
-26.36
-27.62
-27.14
-19.88
-12.77
-24.2
-13.34
-4.584
30.86
57.63
88.2
155.8
243.5
254.4
376.2
469.3
418
487.3
496.8
459.2
449.8
336.6
332.9
469.7
490.5
567.8
513.9
587.7
463.8
305.4
319.8
292.5
307.3
342
446.6
68.05
107.2
146.9
356.7
155.2
126.9
145.5
426.2
436.5
361.7
308.7
266.6
146.2
170.2
74.1
13.29
8.43
-16.16
-30.11
-35.63
-36.25
-35.94
-35.51
-33.64
-21.9
-31.56
-28.65
-20.65
-22.11
-21.01
-21.05
-17.48
-22.02
-29.19
-34.71
-35.49
-35.91
-35.2
-34.52
-33.66
-33.11
-33.72
-32.71
-32.53
-31.44
-29.98
-27.36
-27.81
-23.98
-20.27
-9.23
-10
-18.73
-27.26
-22.76
-18.66
-12.52
-13.75
-14.35
-13.12
-15.7
-24.75
-16.38
-16.73
-20.41
-8.57
10.95
26.08
33.32
51.92
104.1
150.2
132.9
105.9
106.3
129.6
129.5
246
297.4
409.8
474.6
372.2
286.4
164.5
177.1
191.9
262.6
365.6
478.3
335.5
150.4
235.9
396
360.6
93.6
141.9
92.9
33.45
34.24
97
100.2
83.1
22.73
4.675
25
31.02
51.46
75.5
41.32
17.8
13.58
-3.732
-23.66
-21.85
-22.98
-16.41
-16.48
-18.67
-12.61
-14.33
-13.8
-19.54
-20.37
-26.5
-23.57
-21.79
-21.29
-21.19
-23.11
-22.12
-23
-26.48
-26.3
-19.28
-17.42
-19.35
-21.5
-12.57
-13.29
-16.29
-23.81
-24.35
-17.98
-18.7
-25.46
-20.9
-19.57
-20.96
-21.03
-21.54
-18.71
-23.1
-24.99
-28.02
-30.49
-32.76
-31.14
-31.24
-32.4
-30.78
-25.2
-11.58
14.61
-17.96
19.8
16.31
93.7
115.9
96.4
158
204.8
218.9
233.8
227.1
219.6
202.3
269.8
390.6
370.5
443.2
436.6
401.8
521.6
629
660
680.9
544.9
668.7
373.1
10.08
105
246.3
230.9
237.4
261.6
338
530.9
520.2
446.9
424.5
398.7
317
270.3
268.6
220.7
142.3
88.5
45.22
18.86
-1.311
-25.06
-32.39
-34.8
-34.26
-33.91
-33.66
-33.27
-31.84
-32.4
-32.93
-33.75
-34.17
-34.3
-35.73
-35.74
-36.27
-36.45
-35.94
-35.96
-35.68
-35.57
-35.64
-35.95
-35.87
-35.88
-35.88
-36.33
-35.09
-34.05
-33.13
-33.43
-33.81
-23.06
-15.8
-15.17
-14.38
-13.31
-14.11
-16.02
-15.77
-18.96
-24.38
-10.01
-13.38
-18.42
-15.99
-9.84
-2.291
10.37
35.06
63.79
63.36
94.9
160.5
245
298.9
297.4
209.1
233.4
217.9
321.6
422.6
556.1
511.6
330.8
179
187.9
185.7
256
364.3
503.5
496
476.4
669
474.8
403.7
89.1
-17.07
3.574
0.854
-14.48
-36.53
-52.83
-67.9
-58.96
-29.14
-17.46
-21.13
-23.6
-20.39
-18.85
-7.82
-8
-11.63
-13.17
-23.44
-28.86
-28.16
-28.82
-31.45
-24.39
-27.83
-21.09
-21
-22.82
-20.4
-21.49
-21.96
-21.23
-22.83
-23.41
-30.1
-32.89
-31.03
-24.16
-16.26
-14.27
-14.18
-10.76
-8.87
-9.38
-8.08
-11.55
-15.72
-16.09
-14.48
-15.81
-16.65
-16.49
-13.01
-9.08
-11.3
-24.55
-28.16
-36.77
-37.86
-37.67
-29.93
-20.81
-23.13
-18.79
-11.42
-9.09
-4.102
5.773
19.07
30.28
52.08
94
212
134.5
114.3
168.2
207
450.6
510.8
469.7
455.1
546.3
657.3
729
751
777
794
799
801
817
813
801
620.3
684.2
686.8
712
499.6
696.9
697.5
679.4
657.6
620.1
562.6
516.4
481.3
379.4
382.3
329.4
282.5
184.6
122.2
46.22
62.48
27.37
-7.16
-30.41
-38.72
-41.18
-37.92
-37.38
-30.39
-24.57
-33.05
-25.04
-23.17
-28.3
-30.5
-28.76
-25.75
-18.5
-16.73
-17.6
-17.67
-24.05
-27.32
-21.35
-28.33
-20.93
-16.85
-41.9
-43.05
-41.99
-40.92
-40.72
-31.83
-24.97
-21.26
-16.33
-13.42
-10.34
-8.43
-11.68
-9.6
-11.08
-10.42
-23.02
-13.05
-16.12
-16.67
-22.1
-24.14
-9.03
6.606
16.36
39.7
50.11
58.48
50.38
84.9
77.8
28.98
46.91
45.76
62.9
52.27
52.31
31.53
52.45
28.52
16.88
17.53
49.68
87.6
104.8
143
167
359.7
569.6
692.9
721
533.3
742
603.1
599
128.3
79.1
134
196.2
315.4
244.2
154.2
124.3
200.5
161.6
104.8
-28.53
7.81
-4.883
-22.74
-22.35
-29.15
-25.26
-21.63
-22.47
-26.15
-28.44
-24.25
-22.91
-22.71
-24.72
-25.57
-28.82
-28.12
-26.88
-27.88
-29.14
-26.28
-26.98
-27.49
-27.4
-24.67
-25.15
-28.53
-29.15
-28.97
-27.98
-25.53
-25.5
-27.2
-21.07
-30.49
-22.65
-19.55
-23.82
-34.72
-32.24
-29.14
-31.03
-28.95
-29.87
-32.4
-31.35
-31.25
-27.77
-30.51
-31.92
-29.1
-17.77
-9.42
-12.54
-11.43
-0.187
15.13
44.34
61.77
115.9
246.6
262.4
384.8
469.8
398
529.5
533.7
708
655.1
625.5
666.3
704
833
700
622.2
808
558.8
709
579.2
815
494.9
518.2
792
746
783
369.1
-21.8
2.587
107.3
93.2
90.7
53.26
6.525
4.636
7.92
23.06
19.99
15.81
-1.509
-14.53
-22.52
-29.99
-31.45
-31.6
-21.86
-28.85
-30.4
-17.48
-17.34
-11.22
-16.82
-19.24
-20.51
-22.78
-18.63
-47.85
-34.75
-18.98
-16.32
-16.88
-16.01
-14.91
-25.71
-18.86
-15.42
-14.49
-12.21
-17.41
-15.58
-15.33
-15.63
-16.69
-16.85
-17.16
-17.27
-17.83
-17.3
-17.21
-17.98
-18.24
-18.36
-7.76
-2.426
-2.764
-4.16
-17.75
-21.88
-7.02
1.362
11.77
20.4
16.34
37.88
60.91
167.6
224.2
248.3
348.4
333.6
411.5
457.3
434.1
600.3
667.6
788
721
737
338.6
818
987
937
730
505.7
712
922
965
615.9
327.4
596.4
558.2
495.7
396.8
438.1
352.2
286.7
260.4
243.6
222.1
201.7
194.9
178.9
93.6
22.62
-53.12
-28.46
-28.23
-27
-15.24
-15.67
-20.15
-18.16
-20.56
-24.32
-18.59
-15.35
-16.53
-21.01
-22.65
-23.66
-21.26
-18.91
-21.14
-22.37
-22.86
-25.06
-21.69
-16.28
-15.52
-13.28
-20.32
-18.32
-23.76
-18.38
-13.08
-11.25
-12.99
-13.56
-24.19
-15.45
-26.55
-29.37
-16.11
-8.56
-6.421
-7.08
-9.62
-13.17
-28.34
-31.3
-34.9
-31.3
-29.04
-25.42
-18.31
-5.975
9.63
25.85
27.84
23.59
36.27
86.5
119.5
109.8
117.5
132.4
148.2
180.8
199.7
261.5
251.6
235.8
254.6
356.6
352.6
589.7
885
722
876
709
521.7
529.1
841
820
765
782
731
496.8
270.9
226.2
217.6
236.2
209.6
310.2
220.6
47.97
-69.57
-33.88
-42.58
-28.14
-19.42
-19.04
-20.39
-22.13
-19.78
-19.66
-15.41
-14.75
-15.46
-16.45
-18.19
-19.15
-18.44
-18.47
-16.07
-18.35
-15.11
-15.22
-15.33
-16.94
-18.01
-16.66
-13.09
-23.56
-17.26
-13.51
-17.37
-16.63
-19.82
-22.07
-19.86
-20.39
-20.78
-22.84
-24.78
-24.42
-23.28
-21.64
-21.08
-19.09
-22.19
-16.83
-15.85
-9.01
-8.95
-10.89
-13.51
-14.3
-12.65
-14.74
-13.3
-11.16
-9.46
-7.17
-0.443
1.673
1.742
15.48
33.62
40.03
38.07
55.08
63.3
79.1
110.4
162.6
238.2
123.2
102.6
209
322.2
416.8
427.2
438.8
442.4
302.4
330.6
393.8
452.7
389.9
311.5
234.3
225.6
189.4
144.8
186.4
221.7
204
203.4
264.6
195.3
131.2
116.2
87.1
58.79
28.53
-25.59
-23.71
-9.74
-14.58
-16.96
-16.75
-17.87
-16.12
-15.9
-15.05
-16.66
-14.96
-14.11
-14.91
-14.12
-12.72
-16.13
-18.57
-18.04
-19.92
-15.15
-14.09
-15.97
-14.09
-15.31
-13.01
-10.3
-14.27
-9.33
-11.05
-16.84
-17.62
-14.71
-14.72
-22
-26.74
-21.05
-19.78
-18.14
-24.46
-26.91
-28.73
-29.55
-29.48
-31.42
-34
-34.99
-33.02
-29.59
-22.08
-15.89
-0.412
7.23
-3.003
-16.16
8.53
12.69
26.71
13.43
65.48
85.2
82.3
101.8
262.5
326.1
320.5
494
626
688.9
639.7
582.7
723
796
770
818
772
808
870
788
794
600.1
582.8
809
789
650.5
717
440.4
437.7
572.4
496.4
287.2
312.6
264.1
181.8
71.9
56.1
27.58
12.56
-24.55
-26.73
-29.14
-41.76
-35.82
-36.33
-26.01
-23.06
-25.14
-23.65
-19.11
-21.96
-23.86
-25.95
-29.09
-31.24
-26.91
-28.68
-32.51
-32.61
-35.59
-36.37
-34.28
-32.77
-28.96
-36.83
-37.17
-38.37
-35.83
-35.7
-32.13
-34.61
-41.5
-40.54
-42.31
-42.01
-41.4
-42.87
-40.88
-38.95
-38.97
-40.63
-38.94
-40.46
-39.47
-40.08
-41.94
-35.5
-31.41
-13.49
24.33
42.32
76.1
56.67
53.24
24.84
113.5
79.8
148.3
247.7
519.6
511.4
528.5
545.3
619.1
677.2
568.3
783
656.4
709
781
894
518.1
375.8
528.2
383.9
578.4
769
561.7
730
622.5
767
313.7
598.7
182.7
198.9
154.3
196.5
174.8
256.7
168.7
177.9
140.9
60.35
29.41
4.694
-9.4
-20.7
-22.01
-39.94
-17.29
-22.49
-19.02
-16.26
-14.89
-15.83
-21.75
-18.24
-24.02
-22.5
-26.98
-27.42
-22.1
-22.67
-22.51
-17.79
-19.88
-20.29
-17.67
-19.23
-20.65
-21.38
-24.37
-23.09
-25.24
-29.33
-28.23
-30.28
-45.12
-38.61
-28.25
-33.68
-29.04
-33.4
-33.47
-36.75
-27.66
-16.53
-27.38
-35.98
-29.19
-29.68
-32.62
-31.24
-22.11
-18
-21.26
-23.26
-10.28
-9.07
7.5
13.18
38.27
71.4
159.7
372.9
382.8
566.6
414
543.5
420.7
542
625.4
761
467.3
460.7
751
791
783
748
786
746
793
735
790
662.9
679.1
711
688.8
616.2
556.6
366.3
472.1
463.9
406.8
397.9
342.8
128.5
127.7
12.23
-1.786
-10.93
-17.82
-19.71
-16.91
-60.63
-29.03
-19.34
-16.02
-20.83
-17.5
-17.59
-12.68
-22.02
-20.03
-11.93
-10.63
-17.07
-18.83
-35.68
-28.11
-34.41
-27.35
-21.21
-24.24
-25.32
-21.34
-16.6
-17
-19.79
-22.98
-33.3
-26.18
-24.44
-35.65
-37.88
-42.33
-38.92
-38.95
-36.48
-30.56
-34.64
-37.53
-42.47
-36.21
-37.74
-35.7
-37.04
-37.18
-36.63
-31.57
-19.91
-6.01
9.1
9.31
23.29
22.18
74.1
104
228.9
307.4
357.5
420
523.2
469.2
314.2
282.2
388.9
498.3
574.3
726
513.4
690.2
784
698.1
655.5
767
828
845
533.3
592.7
459.5
220.4
337.6
671.2
488.6
-15.36
-29.67
-13.31
-5.938
-4.57
-7.85
-11.78
-14.85
-19.84
-23.64
-20.82
-22.36
-33.8
-30.21
-34.86
-34.3
-30.54
-29.57
-31.14
-25.82
-30.78
-35.07
-31.66
-34.71
-31.59
-26.93
-27.69
-28.36
-27.98
-29.01
-35.98
-32.78
-34.65
-30.38
-28.96
-30.34
-35.5
-30.2
-23.26
-21.28
-23.92
-30.45
-25.99
-27.59
-30.78
-28.63
-26.73
-29.23
-32.04
-24.53
-24.13
-35.31
-28.37
-24.66
-34.04
-31.36
-32.86
-31.35
-33.57
-36.39
-36.8
-30.58
-22.46
-0.684
3.449
27.11
82
147.7
145.4
154.7
202.6
323.9
422.2
417.8
321.4
326.1
331.3
296
489.1
632.9
537.9
547.4
783
571
469.7
446
289.8
480.8
489
627.5
822
736
754
688.2
411.9
535.9
320
209.9
250.5
256.6
194
113.9
104.9
98.6
70.7
48.75
34.83
13.57
-4.965
-25.38
-35.67
-33.83
-29.96
-30.52
-32.84
-35.65
-35.44
-39.53
-41.81
-42.8
-41.43
-43.69
-43.64
-43.75
-42.97
-42.88
-42.56
-42.51
-42.66
-39.52
-28.13
-23.73
-26.93
-28.31
-25.19
-16.59
-10.37
-8.92
-9.93
-9.71
-11.45
-12.37
-12.8
-13.6
-14.7
-15.06
-12.3
-12.13
-12.85
-12.93
-11.22
-11.89
-14.1
-16.56
-13.74
-13.39
-10.34
-4.387
-2.426
13.47
33.24
59.03
88.8
106.5
82.2
126.1
229.6
218.4
300.2
376.8
423
91.4
614.2
646.5
237.9
673
492.9
771
804
190.1
677
446.1
402.3
670.9
673.2
519.3
699.9
533.4
456.2
529.6
780
640.3
575.2
394.2
410.8
449.2
367.3
307.4
352.4
210.4
68.06
62.06
29
15.75
-55.94
-57.41
-47.71
-42.64
-27.28
-27.11
-32.91
-25.87
-16.79
-15.99
-16.45
-16.53
-16.74
-17.1
-17.54
-17.71
-17.59
-17.54
-17.36
-17.38
-18.37
-18.42
-18.12
-18.39
-22.7
-30.84
-40.52
-47.72
-36.73
-38.98
-37.62
-34.97
-28.49
-19.47
-21.44
-26.69
-34.15
-36.42
-42.66
-43.15
-41.31
-38.55
-33.37
-24.53
-23.28
-22.35
-20.05
-19.35
-15.83
-8.3
11.71
44.15
73.7
79.3
127.9
167.6
354.5
219.1
371.1
387.5
178.7
197
159.5
289.1
369.6
554.9
158.4
262.4
428.8
682.1
349
120.4
126.9
166.2
178.8
201.1
212.4
238
249.1
263.5
299.4
339.7
332
277.9
309.1
402.3
526.5
335.3
215
197.9
272
271
175.5
139.3
80.7
19.48
5.432
-27.84
-45.59
-48.28
-49.46
-48.37
-47.53
-48.77
-49.14
-49.34
-50.41
-48.83
-47.76
-47.83
-47.92
-46.82
-46.16
-45.62
-45.88
-46.08
-45.62
-45.08
-44.78
-42.86
-43.98
-46.25
-43.44
-43.63
-41.75
-45.58
-42.92
-43.21
-42.36
-43.26
-44.12
-44.71
-46.64
-45.66
-47
-44.04
-47.45
-44.06
-44
-44.33
-42.88
-42
-38.89
-27.68
-18.58
-12.62
-16.59
28.24
46.67
67.01
85
114.3
175.3
230.3
240.6
281.6
346.4
405.6
635
521.1
533.7
554
423.6
546.1
651.5
350.3
415.6
369.5
587.4
487.1
477.4
599.4
872
797
755
595.1
155
384.6
630.8
606.6
589.2
541.4
492.6
411.9
401.5
355.1
299
270.5
228.6
202.8
159
99.7
40.71
3.622
-8.59
-14.58
-13.94
-30.06
-19.85
-41.16
-69.13
-35.36
-25.34
-23.36
-19.84
-16.93
-14.79
-13.69
-15.96
-43.16
-21.76
-21.77
-18.98
-14.95
-13.07
-13.41
-13.97
-13.09
-10.33
-16.17
-16.18
-17.19
-17.24
-17.77
-17.92
-17.54
-16.83
-15.38
-15.6
-17.16
-18.63
-19.31
-20.52
-20.67
-21.04
-22.94
-21.27
-20.1
-20.08
-18.82
-14.7
-8.29
-3.97
-0.692
5.981
17.46
27.02
25.86
42.88
78.8
108.5
112.8
153.6
200.8
271.6
284.9
510.8
517.3
557.6
659.2
672
791
827
483.3
478.7
711
364.9
346.8
343.2
266.9
269.6
291.2
467.8
388.6
620.7
588.6
289.3
196.2
161.1
136.5
116.2
100.8
75
53.59
34.79
17.63
-7.89
-16.15
-20.23
-23.35
-26.14
-26.52
-23.49
-22.79
-23.41
-23
-23.09
-25.99
-25.55
-24.26
-24.37
-25.41
-28.73
-28.19
-32.05
-32.77
-33.21
-33.26
-36.58
-28.76
-21.86
-21.4
-24.22
-22.33
-27.39
-32.41
-26.46
-20.32
-31.09
-40.05
-36.37
-36.32
-39.67
-44.08
-43.65
-41.12
-41.13
-39.85
-40.42
-43.21
-46.63
-44.45
-38.75
-38.65
-39.88
-34.4
-30.21
-19.66
-37.1
-5.865
31.7
78.9
149.6
202.3
220.2
242.9
309.2
344.6
402.4
419.6
421.7
592.8
634.6
678.8
709
729
748
760
768
763
783
784
795
797
786
759
668
466.9
645.2
533.4
494.9
439.5
308
184.7
155.5
140.4
150.5
113.2
65.16
38.55
32.68
32.54
28.03
13.92
-12.15
-30.69
-36.61
-36.61
-35.65
-36.15
-36.28
-35.29
-29.1
-21.89
-34.81
-34.92
-30.67
-34.54
-36.35
-35.87
-37.23
-37.08
-35.68
-43.52
-48.06
-48.21
-43.93
-41.83
-40.74
-41.15
-41.74
-41.67
-38.08
-40.28
-40.04
-39.67
-42.63
-54.45
-45.46
-39.88
-40.37
-40.56
-40.23
-38.18
-41.78
-42.38
-44.38
-46.14
-42.87
-44.9
-43.29
-42.12
-38.63
-19.77
11.3
7.38
93.8
141.7
191.5
234.3
289.6
344.1
393.2
441.2
482.1
513.4
555.5
598.6
628.6
665.1
706
727
739
774
771
773
773
775
778
789
771
755
746
724
688.5
673
634.1
599.6
558.9
532.4
485.5
424.3
374.4
323.9
274.6
226.9
164.7
124.5
66.82
23.37
-8.58
-32.28
-44.82
-47.13
-47.14
-47.25
-47.42
-45.49
-45.49
-44.55
-48.08
-47.83
-44.48
-42.21
-45.43
-46.2
-43.93
-43.69
-44.7
-45.63
-47.03
-47.01
-47.71
-48.19
-46.08
-45.77
-45.58
-44.76
-43.68
-42.67
-40.19
-42.25
-43.69
-40.33
-37.78
-37.7
-35.36
-33.39
-31.17
-29.14
-20.19
-17.48
-24.68
-29.09
-26.46
-34.88
-35.33
-37.1
-25.97
-9.35
16.06
15.28
56.45
141.3
203.4
273.8
348
408.3
455.3
486.2
538
557.3
583.6
630.5
670
709
724
749
776
675
844
525
730
803
882
850
844
836
833
641.8
722
716
671.7
640
618
573.8
503.5
513
490.8
417.8
409.4
340.4
251.7
183.6
113
49.92
-0.709
-23.44
-40.13
-42.22
-40.66
-40.26
-42.06
-42.68
-43.44
-46.03
-46.55
-46.64
-45.33
-45.39
-44.68
-45.97
-44.61
-42.79
-43.81
-43.22
-44.9
-44.08
-44.37
-44.7
-45.35
-46.86
-49.06
-45.51
-43.21
-44.48
-47.06
-48.48
-48.7
-45.51
-48.26
-45.18
-47.12
-47.73
-47.58
-46.61
-41.7
-41.59
-44.32
-43.86
-43.94
-46.65
-45.57
-43.83
-42.05
-18.09
-0.219
33.58
57.28
97.9
201.3
206.2
195.3
328.3
387.8
422
499.5
526.6
564.9
604.4
646.2
672.3
698.3
646.3
804
758
768
776
795
795
803
779
777
744
777
760
737
716
727
616.2
635.7
422.6
396.2
415.2
379.8
338.9
291.1
238.3
183.9
129.7
9.71
4.032
-10.36
-25.74
-37.26
-42.2
-41.12
-41.81
-41.39
-40.02
-39.88
-40.07
-40.05
-40.56
-41.14
-39.43
-38.11
-34.7
-39.18
-44.29
-38.83
-36.45
-37.67
-37.75
-37.44
-36.11
-38.65
-38.74
-38.93
-36.82
-40.43
-42.03
-42.1
-40.64
-40.36
-38.22
-42.62
-41.98
-45.65
-41.19
-39.62
-39.39
-40.02
-36.12
-37.05
-35.7
-37.52
-40.75
-45.51
-50.88
-55.88
-58.14
-3.465
35.26
72.7
118.6
169.7
207.1
260.4
302.3
363.3
413.8
459.7
505
540
579.7
610.2
647.1
692.5
690.7
737
742
728
691.4
577.3
752
781
738
714
798
661.2
218.1
64.27
38.44
26.09
9.59
-7.05
-49.41
-24.07
-55.58
3.032
18.58
18.11
22.76
9.36
10.65
-5.532
-20.41
-29.46
-40.63
-43.97
-43.88
-42.84
-40.82
-40.91
-41.54
-42.55
-43.9
-43.73
-43.29
-43.08
-41.84
-42.06
-42.27
-42.16
-42.59
-43.07
-44
-43.41
-43.38
-43.53
-44.83
-43.96
-43.52
-41.71
-37.75
-38.07
-39.16
-40.2
-40.14
-35.49
-26.67
-27.48
-31.85
-34.28
-36.28
-37.52
-35.57
-34.33
-38.66
-38.63
-21.52
-18.18
-28.82
-34.62
-38.04
-32.79
-12.2
3.613
45.93
44.91
68.71
216.8
279.3
233
174.7
84.3
149.8
176.2
235.5
156.9
154.1
239.7
482.4
431.1
361.3
273.7
304.4
325.4
360.7
374.6
418.5
375.7
428.4
507.7
842
732
697.6
694.7
623
640.2
578.7
580.6
413.7
464.3
411.7
371.3
331.1
271.7
214.5
162.4
95.2
47.98
-2.406
-34.59
-42.63
-47.95
-49.18
-46.31
-46.1
-45.68
-45.79
-46.49
-48.49
-45.6
-41.64
-41.2
-41.94
-42.57
-45.13
-44.55
-46.1
-44.96
-43.25
-40.53
-39.18
-40.54
-40.8
