-29.56
-27.66
-25.91
-29.98
-30.02
-31.19
-36.42
-33.36
-32.83
-29.63
-27.61
-25.51
-32.18
-32.74
-36.25
-36.64
-37.55
-38.74
-38.8
-39.09
-39.96
-39.92
-40.1
-38.62
-33.86
-33.5
-59.16
-52.47
-23.56
14.91
31.14
-34.06
58.11
173
230.4
267.2
322.5
374
414.7
488
557.2
446.7
389.3
438.7
365.4
678.6
654.4
534.2
728
548.2
606.1
802
806
828
823
841
819
824
791
788
745
709
675.9
637.1
616.1
556.9
504.8
451.2
385.9
327.3
260.9
186.8
114.5
29.63
-33.36
-45.53
-45.82
-44.12
-43.75
-42.55
-44
-43.94
-41.94
-40.83
-43.37
-42.6
-44.81
-46.15
-45.77
-44.83
-45.68
-45.26
-43.1
-44.19
-43.77
-41.25
-42.49
-42.23
-40.78
-43.48
-44.33
-43.86
-44.83
-43.94
-44.94
-46.02
-44.38
-44.09
-44.13
-42.56
-39.16
-27.89
-28.27
-26.07
-25.01
-29.19
-26.46
-27.67
-28.23
-32.28
-30.57
-23.75
-16.85
0.697
25.71
27.07
46.25
95.1
112.1
140
255.6
181.3
185
354.4
412.2
443.6
373.4
378.2
321.1
201.2
135.4
190.7
274.1
149.1
87.3
34.51
145.2
194.8
360
352.8
226
497.2
741
714
670.9
761
513.3
583.5
614.6
565.4
413
324.1
333.6
174.2
138.7
101.8
97.4
46.17
12.31
-14.3
-32.31
-39.04
-35.18
-34.65
-33.93
-33.66
-30.38
-33.05
-24.88
-28.71
-34.72
-33.64
-27.29
-29.03
-24.18
-29.32
-34.04
-34.24
-35.58
-35.97
-37.97
-36.33
-38.5
-37.95
-36.23
-38.48
-37.03
-37.76
-35.85
-36.28
-39.01
-39.11
-39.31
-37.05
-37.32
-38.77
-39.6
-39.2
-39.56
-38.9
-38.92
-39.24
-39.58
-39.56
-37.72
-38.51
-32.51
-18.55
-0.824
17.13
34.01
47.5
59.53
79.8
107.5
145.5
206.6
245.9
241.1
261.4
256.9
229.9
291.3
328.9
380.1
426.7
510.4
614.6
628.4
562.2
511.5
541.8
537.5
421.1
439.3
596
567.6
656.8
541.6
726
326.9
525.5
736
829
548.1
349.7
270.7
223.9
218
248.4
224.5
165.6
227.4
137.3
36.61
-18.35
-40.98
-47.56
-47.76
-50.13
-51.61
-47.45
-50.31
-53.51
-54.25
-50.64
-50.79
-49.88
-50.74
-51.44
-49.78
-47.86
-43.15
-37.71
-30.88
-37.24
-45.34
-43.75
-44.02
-44.2
-42.97
-43.06
-43.04
-42.6
-42.23
-41.63
-41.46
-40.48
-40.56
-40.35
-32.88
-26.28
-26.29
-33.54
-30.43
-21.83
-30.52
-22.17
-17.64
-17.4
-16.56
-15.32
-12.03
-5.918
1.127
13.64
30.68
36.96
54.5
65.7
82.5
122.1
155.8
198.3
223.2
281.7
319.4
362.6
405.2
347.3
405.7
505.7
558.2
584.2
577.7
515.7
624.9
732
694.5
783
782
750
739
489.2
265.1
431.7
198.8
99.9
-34.4
-5.611
77.9
200.3
353.3
341.1
351.6
429.5
360.5
279.8
223.7
234.5
67.58
15.56
-19.98
-42.68
-47.85
-47.79
-48.58
-47.41
-45.84
-46.41
-48.74
-50.93
-52.81
-50.14
-49.17
-48.97
-50.51
-52.71
-53.77
-52.45
-53.64
-50.71
-50.25
-50.21
-50.77
-49.3
-49.45
-48.35
-47.62
-47.2
-47.27
-47.36
-47.06
-47.55
-48.95
-47.57
-46.51
-48.4
-44.24
-38.45
-28.48
-40.88
-38.12
-36.47
-43.47
-45.57
-41.53
-30.87
-17.03
-19.28
-10.92
5.28
20.07
43.67
71.3
111.7
158.2
190
243.2
196.5
281.3
294.2
298.5
345.9
424.7
522.4
510.5
593.2
633.8
714
738
755
774
788
783
777
832
836
800
781
806
817
783
781
755
707
666.1
639.8
596.7
556.3
496.1
446
380.8
313.9
244.6
180.9
109.2
37.98
-24.96
-38.06
-36.37
-35.58
-38.92
-44.39
-49.13
-49.31
-42.71
-43.41
-45.14
-45.66
-46.01
-45.3
-42.84
-29.69
-18.84
-16.74
-25.63
-32.64
-38.12
-42.52
-38.73
-37.98
-38.58
-34.42
-42.2
-40.74
-40.75
-37.67
-35.75
-44.52
-42.75
-40.96
-33.73
-39.22
-41.59
-43.89
-45.66
-45.92
-45.56
-45.82
-46.09
-46.98
-47.04
-45.27
-67.92
-93
-95.9
-78.1
-54.61
-17.83
20.35
46.96
87.3
116
203.6
208.7
271.6
328.7
410.8
386
534.8
547.6
618.3
653.1
363.3
663.6
602.4
632.4
637.3
754
814
829
403.3
924
581.4
659.3
749
756
763
583.6
297
379.9
236.7
138.4
80.9
194
434.1
358.7
298.2
274.3
248.9
223
117.4
37.18
-24.75
-42.41
-42.25
-40.78
-39.77
-47.03
-46.06
-47.66
-47.57
-46.28
-47.15
-48.27
-47.16
-48.3
-47.87
-48.82
-46.47
-46.08
-45.4
-46.25
-45.87
-45.95
-44.58
-43.93
-43.02
-42.07
-42.11
-44.7
-44.71
-44.58
-45.74
-45.63
-45.68
-46.07
-46.32
-46.53
-46.17
-45.89
-46.74
-41.14
-37.75
-39.08
-41.97
-46.28
-46.88
-47.99
-73.1
-90.5
-91.1
-71.6
-46.48
-15.93
22.73
53.78
93.5
138.5
188.2
237.3
286.4
342.1
394.3
437.3
478.8
539.6
601.4
509.8
543.3
541.8
657.5
548.6
741
547.2
370.8
-16.07
23.13
4.049
26.51
77.7
190.7
497.1
831
670.7
522.2
599
579.5
369.3
330.5
65.84
34.11
60.1
22.95
7.2
53.03
55.74
9.53
-12.13
-59.29
-54.9
-44.67
-39.41
-32.34
-29.35
-45.19
-40.71
-31.91
-27.35
-27.86
-30.59
-35.44
-35.21
-39.14
-37.41
-35.85
-38.63
-41.28
-54.13
-47.03
-39.27
-29.47
-24.86
-24.35
-23.4
-21.78
-19.16
-18.39
-44.83
-48.47
-44.46
-52.53
-49.66
-39.26
-44.62
-48.4
-53.45
-52.05
-50.54
-51.07
-43.7
-41.96
-39.63
-38.48
-37.21
-31.5
-17.18
-10.65
2.965
32.39
42.74
23.37
77.9
146.8
123.4
246.9
295.7
275.8
305.5
305.9
283.2
311.7
589.4
420
398.4
508.9
568.8
423.4
336.1
362.3
506.8
422.5
541.2
913
675.5
607.4
815
832
848
849
761
527.7
726
603.7
524.1
129.5
351.7
505.4
348.1
349.5
335.8
277.1
210.3
131.6
50.06
-29.98
-45.4
-42.83
-47.9
-45.61
-44.38
-46.72
-47.4
-43.22
-40.8
-39.01
-39.57
-37.47
-39.23
-37.44
-41.25
-38.4
-41.69
-42.79
-44.14
-45.53
-46
-46.67
-47.24
-47.07
-48.35
-48.6
-48.47
-49.27
-49.56
-50.63
-51.06
-50.6
-51.62
-50.1
-48.46
-47.69
-46.19
-42.5
-40.32
-43.99
-46.68
-47.7
-46.76
-46.96
-44.84
-46.57
-55.55
-14.33
-55.85
-3.131
80.3
87.8
106.1
129.5
186.7
240.3
269.6
245.6
209.4
243.5
293.5
415.8
530.7
538.8
556.2
615.3
667.4
691.3
655.5
732
591.1
610.8
665.7
701
834
829
795
830
686.6
792
772
715
705
693.9
670.8
640.8
529
485.9
427.3
377.8
323
254
186.7
60.98
-22.77
-33.48
-39.25
-42.11
-42.26
-42.24
-41.74
-40.94
-28.05
-14.79
-20.24
-73.3
-37.96
-23.39
-26.17
-38.47
-43.61
-41.92
-22.41
-23.39
-27.98
-32.33
-40.37
-39.95
-47.76
-52.45
-52.14
-47.47
-42.77
-42.63
-37.79
-35.69
-29.96
-26.72
-26.19
-25.17
-26.54
-26.57
-29.74
-38.44
-40.61
-41.58
-41.57
-42.13
-42.03
-39.6
-36.24
-27.41
-15.37
-17.03
6.899
31.46
56.41
75.5
89.1
93.6
124.9
139
150.6
212.1
272
252.4
168.2
55.2
143.8
294.5
451.7
472.7
527
426.8
439
438.7
352.2
358.1
329.7
329.6
353.9
579.1
705
718
743
757
731
707
683.3
647.3
605.5
574.5
534.2
477.3
438.2
374.7
311.4
251
188.2
118.7
-23
-44.71
-44.38
-42.72
-42.82
-44.64
-40.57
-41.43
-42.07
-42.35
-42.29
-44.51
-40.21
-33.54
-26.46
-30.53
-29.22
-31.98
-27.96
-24.33
-24.02
-23.04
-23.98
-28.33
-36.84
-42.1
-41.97
-41.03
-32.27
-26.22
-26.02
-29.34
-24.46
-22.94
-21.63
-20.39
-19.52
-20.13
-20.14
-18.33
-19.18
-18.89
-15.7
-16.19
-14.54
-11.35
-11.89
-7.68
-44.3
-7.46
-3.167
1.277
-2.191
-9.74
-10.04
-18.03
-12.08
-2.36
-2.698
-9.73
-17.45
-6.729
-0.876
-1.51
2.341
0.853
4.855
6.441
8.05
12.61
23.4
38.17
42.95
62.43
104.8
126.6
126.8
164.9
195.2
213.9
284.9
344.9
346.9
402.9
427.6
444.9
480
482.5
424
168
353.6
288.3
99.5
55.51
25.11
7.87
-14.05
-13.06
-21.65
-21.71
-29.16
-15.42
-25.37
-27.95
-31.58
-32.14
-32.53
-31.3
-29.76
-28.67
-30.34
-32.74
-37.98
-35.15
-40.85
-39.54
-37.6
-35.26
-40.19
-36.01
-39.01
-38.7
-41.51
-39.65
-33.61
-33.43
-26.99
-25.12
-16.41
-10.8
-21.79
-19.23
-20.61
-27.3
-29.63
-32.65
-37.47
-43.57
-29.48
-13.79
-9.82
-10.02
-7.29
-3.949
2.487
11.5
6.779
35.22
-42.6
-12.7
1.103
57.32
48.61
124
192.2
184.7
195.6
510.2
615.8
551.1
335.7
714
765
518.4
282
352.9
471.8
471.5
508.6
378.2
366.3
432.6
438.3
543
510.8
716
734
628.1
514.5
441.5
566
589.6
549.7
490.4
515.7
459.3
415.6
240.2
224.1
207.5
187.7
113.4
33.83
-34.55
-41.47
-43.93
-45.28
-42.87
-43.65
-42.91
-42.53
-44.52
-43.4
-43.11
-42.44
-37.57
-38.44
-40.43
-41.72
-41.57
-39.77
-40.88
-39.41
-41.96
-40.95
-39.23
-42.58
-45.95
-47.9
-49.91
-42.58
-41.4
-44.4
-49.04
-45
-42.76
-44.05
-40.7
-37.17
-37.22
-36.98
-35.84
-38.05
-35.51
-33.07
-31.19
-29.98
-27.29
-22.91
-26.57
-20.45
-19.52
-15.52
-6.035
9.42
28.42
51.81
105.5
148.9
131.2
148.6
149
163.7
160.1
146.9
303.7
359.1
553.2
619.1
709
691.2
604.8
840
815
683
732
852
423.2
800
825
909
662.1
755
639.4
630.8
767
751
726
658.9
575.5
547.9
497.1
469.5
443.4
325.8
255.6
184.5
106.4
33.47
-31.25
-32.44
-35.59
-42.5
-40.32
-34.18
-28.13
-21.02
-15.75
-18.29
-25.42
-38.8
-38.43
-24.98
-27.95
-23.01
-16.91
-22.88
-29.53
-33.52
-31.05
-25.24
-28.26
-34.46
-32.57
-23.2
-15.68
-22.08
-24.2
-28.76
-34.23
-37.18
-37.09
-36.56
-40.82
-43.06
-40.89
-40.91
-40.88
-40.85
-40.61
-40.23
-40.32
-38.21
-36.26
-33.37
-53.53
-59.4
-49.66
-54.86
-0.705
23.02
10.47
48.89
88.4
123.5
176.3
207.1
268.8
326.4
368.6
420.4
458.3
501.2
560.4
585.5
638.1
652.6
682.5
707
719
730
762
760
758
783
774
763
747
747
730
705
694.8
660.4
600.2
612.1
605.2
539.9
433.4
208.1
13.21
1.082
6.247
-8.53
-18.2
-22.4
-25.18
-28.09
-26.78
-22.35
-26.82
-22.73
-18.57
-26.14
-85.6
-71.6
-39.42
-56.17
-22.61
-8.57
-4.894
-6.383
-5.937
-6.446
-12.19
-12.75
-9.57
-11.51
-17.64
-16.56
-21.88
-20.96
-22.2
-22.5
-24.13
-28.03
-26.65
-26.2
-29.55
-35.36
-38.01
-37.41
-44.89
-46.04
-43.97
-46.97
-42.62
-37.56
-33.35
-37.33
-38.11
-36.71
-39.47
-29.04
-9.77
17.64
30.43
35.14
60.5
75.3
109.7
147.6
125.6
229.7
341.9
395.1
389.1
410.3
474.9
465.2
641.9
406.9
635.3
685.9
652.5
685
667.9
646.1
600.9
786
814
787
771
793
771
787
776
732
721
704
655.4
618.6
584.4
542
509.5
475.9
395.9
361.2
311.9
183.1
116.4
32.27
-28.05
-42.84
-41.35
-42.56
-41.73
-42.59
-41.64
-39.64
-42.15
-40.07
-47.91
-43.09
-42.85
-41.33
-41.11
-38.31
-41.4
-42.05
-42.42
-39.17
-36.4
-40.08
-39.02
-39.58
-39.64
-41.32
-40.49
-41.89
-41.51
-41.96
-40.75
-40.87
-41.39
-41.68
-41.91
-41.15
-41.7
-41.94
-41.92
-42.29
-42.14
-41.87
-41.26
-41.79
-42.35
-41.63
-64.57
-70.23
-75.89
-81.54
-87.20
-57.38
-23.53
16.4
48.23
88
140.7
184
233.6
289.8
340.4
386.4
472
416.2
304.2
623.2
649.6
675.7
672.1
784
789
758
773
761
795
799
790
792
797
810
798
748
747
749
574
229.8
142.5
81.2
51.45
42.02
34.8
32.34
21.84
7.01
-10.35
-20.31
-29.58
-34.57
-38.71
-38.19
-38.84
-39.33
-38.71
-38.55
-35.39
-39.75
-41.4
-41.22
-39.4
-37.61
-33.76
-29.83
-33.73
-27.08
-22.34
-29.88
-33.78
-32.95
-28.93
-28.44
-29.14
-34
-37.37
-39.32
-37.73
-28.64
-23.07
-36.85
-41.41
-36.2
-31.23
-34.02
-36.42
-30.19
-29.21
-39.59
-39.21
-37.18
-30.99
-31.73
-29.08
-24.47
-24.96
-65.74
-63.66
-40.21
-1.726
45.48
77.3
101.3
129.2
200.3
193.8
223.2
184
186.7
225.7
338
340
553.9
569.1
606.8
608.2
650.1
683.3
644.1
732
731
762
765
784
783
776
777
761
777
627.4
659.2
629.6
655.1
675.3
563.1
494.9
527.6
487.9
415.8
337.2
280.2
219.8
161.9
47.14
-29.19
-42.82
-46.15
-48.53
-43.42
-45.37
-45.82
-46.37
-45.91
-44.09
-45.62
-43.31
-43.28
-43.25
-40.97
-41.33
-38.12
-38.25
-36.3
-35.84
-35.79
-37.87
-38.48
-39.37
-39.87
-38.89
-39.11
-37.04
-36.95
-37.51
-36.43
-29.26
-24.3
-24.67
-24.87
-28.88
-31.05
-32.05
-31.86
-36.46
-34.75
-29.07
-29.81
-37.08
-38.74
-31.78
-17.75
-18.54
-10.22
-20.83
-55.78
-25.19
53.79
57.06
82.7
120.6
145.8
165.3
175.9
223.5
292.2
461.5
364.2
333.6
469.3
466.2
535.8
592.4
624.7
660.3
678.1
702
739
763
754
763
776
784
772
787
809
744
754
701
676.6
639.1
619.6
577.6
523
506.7
463.9
417.6
342.5
258.3
79.5
-15.93
-27.83
-36.06
-12.4
-11.01
-45.83
-35.85
-34.41
-34.23
-29.65
-32.06
-30.72
-33.03
-29.94
-30.04
-31.64
-37.86
-45.37
-42.05
-46.89
-60.42
-73.6
-55.09
-54
-51.6
-50.13
-38.94
-29.56
-20.83
-21.38
-25.16
-21.45
-20.59
-18.31
-17.57
-20.63
-23.38
-20.14
-18.86
-18.54
-17.78
-17.36
-17.97
-18.35
-17.37
-16.19
-17.16
-17.92
-13.71
-26.51
-12.61
10.07
50.05
16.75
50.94
70.9
80.3
88.6
141.6
211.1
260.8
308.5
349.8
438
481.9
506.3
552.5
553.6
613.7
592.2
635.3
741
749
781
774
753
792
777
770
787
778
757
774
726
708
690.4
657.1
172.2
171.5
446.4
59.48
341.7
188.5
291
150.8
147.6
96.4
-48.87
-64.03
-53.97
-26.26
-33.62
-28.6
-39.67
-39.77
-35.01
-34.76
-32.74
-35.46
-32.62
-34.06
-34.31
-33.87
-39.3
-35.18
-36.9
-36.1
-36.28
-36.33
-34.76
-34.03
-34.29
-37.15
-36.7
-34.63
-39.06
-36.76
-35.06
-45.16
-39.18
-23.35
-35.66
-29.93
-40.19
-39.93
-39.99
-34.92
-30.64
-22.74
-25.79
-28.3
-38.79
-43.11
-47.92
-51.09
-48.38
-45.68
-42.97
-40.26
-13.40
14.1
52.82
75.2
122.7
165.8
296.8
296.9
241.2
414.8
515.9
620.3
627
300.2
382.7
607
636.8
666.6
724
793
767
767
727
593.4
419.6
571.9
606.4
264.4
207.2
296.3
183.2
107.2
74.7
38.66
5.424
42.28
35.17
22.38
21.47
24.49
15.42
0.348
-11.72
-21.29
-30.33
-34.77
-34.86
-34.18
-33.86
-31.12
-32.61
-34.27
-33.48
-33.48
-35.18
-36.5
-37.1
-38.03
-40.38
-42.83
-43.99
-44.45
-43.8
-44.13
-44.36
-43.85
-43.92
-43.43
-43.65
-43.51
-42.34
-43.01
-42.88
-43.25
-43.36
-43.23
-43.51
-43.37
-42.85
-42.44
-42.95
-43.14
-44.49
-44.24
-43.53
-44.3
-44.64
-43.45
-42.2
-37.16
-32.95
-28.97
-16.36
1.827
18.5
74.3
115
219.5
282.6
334
377.3
400.5
469.7
516.3
547.1
573.9
605.1
649.3
648.2
671.6
588
723
814
487.3
843
654.8
806
778
766
766
685.9
731
693.8
673.9
646
502.6
574.5
577.6
444.8
181.5
131.1
-0.433
184.6
177.3
190.4
149.4
110
39.09
3.544
-17.38
-29.94
-33.12
-33.7
-32.98
-28.89
-27.12
-27.01
-26.07
-28.63
-32.3
-34.52
-36.12
-37.3
-38.48
-36.81
-34
-35.36
-34.81
-35.7
-37.53
-34.63
-34.91
-34.18
-33.41
-32.79
-33.84
-43.94
-63.1
-58.16
-38.55
-34.76
-37.92
-39.56
-39.77
-27.95
-15.69
-28.53
-37.08
-36.48
-39.63
-40.77
-39.78
-39.18
-38.58
-37.45
-35.88
-34.76
-25.14
6.734
36.47
19.87
21.03
68.77
51.14
199.5
284.1
208.1
107.4
207.7
452.2
512.7
419
288.4
416.8
378.3
468.6
551.8
607.7
579.5
718
647.3
623.9
596.9
527.6
703
336.8
437.3
575.3
365.1
430.5
311.6
461.1
465.5
560.6
150
-30.89
-8.99
-10.13
-17.82
-18.12
-15.71
-18.81
-28.6
-21.72
-19.72
-20.28
-28.26
-29.77
-26.73
-24.8
-28.04
-27.4
-32.06
-36.13
-37.44
-34.16
-27.63
-27.25
-27.45
-29.17
-36.59
-40.32
-44.98
-46.03
-49.7
-43.18
-33.5
-27.59
-26.81
-28.43
-39.26
-41.88
-48.6
-49.7
-45.27
-42.84
-35.46
-26.39
-24.74
-26.02
-25.53
-24.44
-30.68
-41.75
-41.4
-39.19
-38.53
-42
-41.74
-37.67
-35.57
-27.55
-21.44
-15.87
-8.9
8.79
33.59
84.7
122.8
205.8
246.4
348.2
241.8
277.7
324.7
560.9
459.9
514.6
598.6
714
608.1
680.3
606.5
675.1
804
807
691.4
713
782
769
659.2
134.5
-39.15
62.25
90.4
133.2
130.6
148.9
160.8
190.6
182.2
159.6
131.6
82.3
38.34
24.05
15.09
5.441
-11.19
-20.44
-25.08
-35.18
-32.01
-22.51
-19.13
-23.78
-21.48
-21.26
-17.44
-20.37
-25.2
-25.24
-24.95
-26.7
-22.03
-24.29
-41.04
-22.02
-24.15
-24.59
-24.93
-23.46
-25.61
-28.33
-25.96
-26.05
-26.33
-29.37
-31.71
-26.42
-29.87
-56.12
-40.92
-41.96
-39.87
-32.25
-34.75
-27.51
-34.73
-38.23
-30.06
-34.31
-34.56
-21.86
-30.72
-29.38
-22.16
-16.55
-12.77
-9.26
1.602
10.56
16.74
14.23
8.55
2.154
1.296
-3.64
-3.184
-5.367
-3.83
-9
-5.285
-10.11
-14.06
-13.1
-10.14
-5.81
-2.706
0.161
5.509
14.39
32.02
62.35
72.9
82.4
87.3
94.6
123.4
165.7
242
347
340.6
366.2
317.9
293.5
295.5
254.6
252.8
213.2
161.8
115.8
113.2
81.3
65.02
28.62
-14.57
-22.56
-35.36
-42.2
-41.75
-43.87
-42.41
-36.41
-31.99
-35.95
-28.55
-30.86
-31.26
-31.23
-35.11
-30.49
-29.48
-27.22
-24.71
-25.04
-25.31
-33.17
-28.81
-25.29
-23.58
-22.12
-22.64
-22.31
-22.48
-23.62
-21.89
-19.91
-19.91
-20.51
-19.22
-19.73
-19.74
-19.3
-20.89
-20.29
-21.1
-22.05
-21.44
-24.02
-23.49
-26.5
-32.36
-28.31
-22.27
-16.02
3.856
9.36
32.57
79.4
176.9
228.3
167.1
275.8
410.4
583.8
670.3
372.9
365.1
488.8
496.3
41.67
23.41
190.6
158.6
208.7
203.4
199.2
226.6
245.2
330.3
416.7
440.2
394
416.6
445.1
405
331.6
267.7
169.5
144.1
180.9
160.3
180.1
164.6
156.7
131.4
102.9
65.59
43.71
-0.995
-16.83
-15.56
-23.9
-23.47
-22.97
-24.44
-22.91
-23.02
-22.74
-21.88
-16.12
-15.5
-11.71
-9.9
-17.08
-14.98
-14.88
-21.23
-19.36
-21.02
-31.3
-29.87
-29.15
-28.53
-23.68
-24.37
-25.25
-26.29
-26.12
-25.49
-25.54
-25.38
-23.69
-22.73
-21.14
-22.89
-24.73
-29.18
-29.87
-30.08
-28.01
-23.91
-22.42
-23.61
-28.1
-30.61
-31.02
-32.05
-32.79
-30.97
-24.08
-9.92
7.63
27.75
51.38
86.2
120.8
117.6
135.3
156
188
207.6
200.2
256.1
291.3
283
322.5
455.8
551.1
409.2
407.4
461.6
551.7
721
514.5
499.7
749
880
803
759
728
711
664.3
637.5
603.8
582.7
540.5
498.3
453.2
397.4
325.5
302
219.3
143.8
35.33
10.43
-24.43
-44.83
-17.54
-16.12
-13.56
-15.02
-15.63
-14.51
-14.95
-16.72
-17.39
-14.42
-12.62
-15.91
-17.06
-17.34
-20.03
-20.87
-18.68
-18.89
-17.35
-15.22
-17.86
-14.03
-13.83
-16.25
-15.77
-12.87
-14.15
-16.02
-18.57
-16.92
-15.89
-12.77
-17.6
-16.71
-14.12
-16.98
-14.38
-17.95
-16.81
-15.22
-10.21
-19.41
-24.76
-20.1
-19.52
-18.05
-18.39
-15.89
-12.58
-6.56
2.574
10.49
24.61
50.49
99.6
136.7
121.6
127.6
134.5
159.2
264.1
320.9
276.3
392.5
413.4
500.8
544.9
526.1
476.6
590.7
888
812
685.5
890
842
882
839
756
566.3
537.8
315.6
761
657.9
626.8
591.9
223.7
305.5
413.8
348.7
292.5
238.6
137.4
99.4
-13.12
-23.11
-28.9
-18.62
-19.3
-11.77
-21.97
-28.98
-38.98
-29.74
-23.34
-28.38
-27.85
-26.65
-26.72
-22.35
-19.83
-21.24
-24.07
-25.43
-29.71
-27.7
-26.02
-30.33
-30.18
-25.56
-21.57
-20.53
-23.7
-24.47
-23.91
-21.32
-34.52
-32.86
-22.33
-12.67
-28.02
-29.08
-25.65
-29.08
-33.13
-32.12
-28.65
-32.07
-28.99
-24.87
-23.16
-23.34
-21.71
-22.92
-22.51
-17.08
-11.69
-13.76
-1.41
17.07
38.18
60.78
120.9
116.7
112.3
99
139.3
164
174.5
237.2
613.3
570.1
639.2
695
592.6
507.3
755
893
844
806
804
817
822
781
771
525
573.5
517.7
502.7
413.8
441.2
361
493.2
421.8
425.5
379
110
7.71
-59.65
-2.232
-3.074
-3.641
2.488
-4.935
-19.07
-22.63
-28.62
-30.31
-33.71
-33.88
-33.35
-37.4
-38.32
-31.25
-35.31
-33.13
-29.42
-32.57
-22.64
-18.85
-24.70833333
-30.56666667
-36.425
-33.57
-38.24
-36.375
-35.81
-38.925
-37.515
-33.94
-32.36
-33.035
-33.3
-36.02
-38.225
-39.06
-35.03
-36.255
-37.565
-36.475
-36.895
-37.04
-38.435
-36.92
-36.92
-37.265
-39.14
-39.21
-38.57
-38.415
-38.56
-35.535
-27.74
-1.078
21.69
41.145
111.7
161.25
212
262.25
318.6
360.9
407.8
454.35
498.5
537.55
577.8
609.1
640.75
671.75
684.5
706.95
720.5
755
759
787.5
783.5
789.5
798
776.5
728.5
737
689.3
545.35
401.75
347.8
350.05
323.6
367.1
175.3
142.57
177.06
61.91
70.05
138.1
105.245
74.015
53.39
19.705
-10.3765
-34.51
-40.935
-42.035
-43.2
-43.54
-43.66
-44.41
-42.69
-36.775
-37.83
-37.73
-35.15
-32.895
-36.32
-39.57
-39.845
-38.775
-37.485
-37.77
-36.82
-37.14
-36.28
-37.48