-10.87
-6.663
-5.837
-6
-5.62
-10.35
-6.584
-6.122
-6.109
-7.98
-8.98
-9.1
-8.93
-9.51
-10.46
-10.81
-11.56
-12.36
-13.09
-13.51
-14.19
-15.42
-18.57
-12.19
-0.103
14.19
27.89
46.87
53.35
44.23
56.37
67
81.8
81.8
90.1
123.8
228.3
389.9
508.3
487.6
536.8
684.4
434.8
606.3
737
735
693.1
735
698.8
725
883
850
734
865
854
757
541.2
773
455.8
648.5
606.2
287.2
231.5
458.2
149.3
443.2
45.27
19.47
29.69
181.9
186.2
65.65
19.16
-12.39
-31.16
-37.51
-33.42
-30.31
-27
-31.02
-28.35
-27.64
-33.88
-35.14
-32.54
-33.82
-35.1
-38.1
-34.84
-34.34
-33.03
-33.8
-31.79
-32.23
-29.54
-30.4
-30.23
-30.91
-30.96
-29.64
-30.16
-29.92
-29.42
-23.78
-20.5
-23.01
-25.15
-20.69
-25.58
-25.57
-18.76
-15.81
-21.34
-27.52
-28.25
-11.61
-12.24
-58.29
-35.06
-32.37
-50.39
-49.08
-40.88
-22.01
14.97
49
82
123.2
170.5
203.2
257.9
299.9
349.8
406.7
447.7
487
537.1
561.9
606
647.1
670.4
681.6
718
744
768
798
764
808
812
789
819
638.7
660.6
778
586.6
572.7
395.8
451.6
497
677.4
470.4
214.9
315.9
222.3
-36.12
-63.71
-91.3
-96.8
-47.37
-50.44
-58.93
-40.44
-27.97
-37.98
-33.09
-35.59
-37.88
-38.96
-37.29
-36.65
-37.12
-35.92
-32.19
-30.77
-34.05
-35.2
-35.65
-32.97
-32.94
-35.97
-32.8
-32.84
-33.35
-24.25
-24.77
-22.15
-30.09
-33.54
-32.18
-36.48
-35.22
-32.27
-32.44
-32.01
-31.48
-30.98
-31.75
-30.49
-27.61
-29.83
-28.77
-20.14
-18.68
-21.63
-26.57
-24.36
-27.77
-20.64
-3.3
20.82
39.87
55.45
83.1
138.1
179.2
223
280.4
305.9
369.2
401.3
461.4
574.8
355.2
656.1
674.9
530.7
754
837
490.3
776
780
564
852
810
616.6
840
878
863
792
533.35
475.9
420.55
409.58
366.475
323.84
296.475
272.46
258.135
253.215
88.355
46.26
41.93
28.335
53.7135
14.165
-17.42
-20.64
-27.81
-29.35
-27.31
-33.27
-34.74
-37.54
-36.49
-35.28
-35.8
-35.81
-33.36
-33.71
-30.64
-31.31
-30.9
-41.05
-46.66
-32.67
-30.01
-31.35
-33
-33.56
-36.65
-34.76
-25.67
-22.92
-21.57
-24.71
-27.19
-24.86
-25.82
-29.98
-28.83
-23.16
-20.49
-17.56
-16.69
-16.17
-10.98
-8.38
-12.49
-16.61
-17.09
-17.14
-15.82
-10.13
10.51
27.67
53.2
63.3
83.3
148
129.3
103.9
175.1
226.7
282.8
279
373.4
437
490.5
519.2
575.8
529.4
629
667.4
701
687
750
756
792
723
729
656.8
682
855
522
401.4
286.7
169.8
86.1
54.16
38.05
21.48
15.75
10.72
9.17
10.03
14.61
22.63
22.83
11.81
3.427
-9.07
-18.01
-20.64
-21.3
-18.65
-18.46
-21.39
-24.96
-23.84
-16.31
-18.09
-28.84
-26.52
-27.14
-21.43
-23.8
-30.66
-30.6
-30.74
-31.74
-30.92
-31.44
-31.49
-32.66
-32.73
-32.3
-31.55
-31.56
-26.9
-27.17
-29.62
-16.13
-27.54
-28.2
-15.93
-9.13
-6.32
-19.29
-12.16
-9.08
-23.19
-22.22
-29.33
-28.18
-25.73
-24.83
-27.55
-28.13
-45.33
-27.42
-24.7
11.28
36.58
51.72
83.6
156.6
248.1
258
179.1
227.4
352.3
314.8
406.2
455.6
599.5
622.4
391.4
349.1
509.1
759
770
795
855
889
637
470.5
360.3
857
832
789
812
796
780
782
755
765
694.9
626.2
577.2
534.2
507.1
496.4
162.1
69.89
61.03
44.86
104
37.4
-16.83
-25.62
-26.01
-26.49
-25.3
-21.91
-21.34
-20.32
-18.63
-20.15
-20.3
-21.72
-21.8
-19.73
-19.49
-21.51
-22.39
-25.21
-29.89
-31.26
-32.11
-31.71
-29.25
-26.84
-26.11
-27.24
-31.56
-34.54
-35.15
-33.34
-32.73
-32.05
-28.82
-27.05
-24.67
-14.09
-5.464
-8.92
-11.13
-8.74
-12.45
-12.87
-9.39
-12.01
-10.2
-3.355
15.4
41.06
38.96
-9.66
-54.52
-8.64
68.76
110.9
163.2
210.7
244.8
306.9
354.7
414.3
437
504.5
532.2
568.2
618.1
652.1
595.2
505.2
747
831
818
824
726
729
815
663
834
587.9
746
636.4
778
718
637.6
695.1
644.7
471.7
581.3
370.7
127.9
231
336.3
185.3
52.38
15.25
-6.729
-26.78
-29.88
-35.09
-35.68
-33.1
-27.57
-27.82
-31.24
-32.19
-31.54
-29.12
-29.53
-27.89
-32.15
-34.78
-35.28
-33.82
-33.94
-38.16
-36.69
-39.64
-40.8
-38.1
-33.38
-34.1
-34.7
-35.85
-36.13
-33.42
-37.69
-38.07
-37.49
-37.68
-37.34
-37.44
-37.5
-36.53
-34.86
-30.59
-32.25
-23.42
-20.8
-25.28
-17.13
-16.37
-19.06
-22.3
-6.938
15.06
36.18
54.55
41.99
30.42
52.04
94.3
133.5
160.6
153.5
176
356.4
386.3
423.7
622.2
641.4
635.1
653.3
698.9
717
658.8
627.5
490.6
325.3
256.9
288.1
266.1
282.3
234.4
179.4
190.2
222.8
238.1
190.5
172.9
160.5
175.4
118.7
100.2
86.3
85.8
77
88.4
76.8
51.08
31.06
8.69
-8.67
-18.75
-26.12
-33.42
-39.63
-37.78
-37.34
-35.53
-33.07
-34.22
-34.6
-32.31
-28.15
-29.79
-31.81
-31.99
-32.5
-32.07
-30.63
-34.76
-42.05
-44.17
-30.81
-30.08
-27.37
-18.43
-19.27
-20.02
-17.81
-16.78
-19.93
-26.76
-31.51
-31.03
-31.56
-31.49
-29.89
-23.61
-23.29
-20.38
-17.67
-11.3
-13.63
-16.73
-23.57
-15.38
-3.795
-2.035
4.21
16.83
24.26
34
58.56
88.7
116.8
100.2
145.1
248.5
196.6
343
492.3
305.9
419.2
514.4
329.7
292.2
285.6
317.6
292
235.8
169.2
139.9
84.3
127.1
101.2
78.6
147.9
330.8
325.9
316.8
261.3
274.6
266.5
271.5
241.5
209.1
197
165.3
182.9
108.2
34.62
61.4
28.71
-35.01
-38.98
-33.16
-30.91
-33.64
-37.06
-39.96
-37.79
-44.6
-41.86
-35.21
-32.9
-32.57
-35.8
-36.17
-50.67
-42.73
-38.25
-44.84
-45.54
-44.54
-42.37
-39.3
-34.98
-28.79
-26.57
-32.21
-32.64
-30.76
-29
-29.05
-30.81
-31.18
-31.02
-30.77
-30.49
-28.6
-29.59
-31.27
-31.31
-28.94
-27.05
-24.68
-24.37
-27.05
-31.39
-29.85
-28.97
-28
-24.76
-16.29
-19.87
-48.57
-3.046
19.27
36.64
48.84
89.9
97.2
138.3
207.4
192.1
231.2
261.5
282.7
345.1
313.2
316.7
370.3
468.9
489.6
599.1
507.7
568.4
603.6
635.2
774
701
828
735
281.2
835
728
484.8
591.4
757
749
456.3
238.9
63.63
4.284
6.785
-14.05
-38.04
-27.48
-20.1
-12.97
-12.56
-11.34
-22
-23.67
-25.93
-26.2
-27.1
-27.09
-33.81
-32.44
-35.14
-34.97
-23.41
-27.11
-40.8
-36.83
-35.76
-32.42
-27.17
-41.53
-44.37
-30.01
-30.35
-21.18
-36.57
-51.45
-50.28
-41.1
-48.62
-34.83
-39.17
-37.97
-34.5
-31.6
-29.55
-27.71
-30.03
-25.83
-26.95
-30.52
-32.59
-31.07
-33.16
-34.28
-35.14
-35.06
-34.19
-27.51
-17.99
-27.46
-52.82
-32.21
-8.16
33.84
53
62.69
85.4
113.6
136.6
166.5
186.4
225.8
267.6
278.4
297
364.5
479.2
361.3
517.6
588.7
581.1
621.6
793
132.6
-19.22
51.41
2.165
5.7
121.3
124.5
80.6
236.6
538.4
605.2
619
828
755
632
670.9
665.2
614.5
438.4
344.8
400.7
339.8
401.6
326.5
235.1
29.85
-8.63
-25.46
-18.69
-27.92
-14.58
-39.1
-31.47
-21.28
-18.28
-18.72
-17.21
-17.17
-13.01
-15.37
-16.39
-14.88
-9.89
-9.56
-8.98
-22.84
-25.94
-28.45
-35.28
-38.85
-31.41
-22.46
-14.94
-19.28
-20.72
-23.21
-28.69
-25.19
-16.91
-13.9
-14.8
-18.72
-29.83
-29.94
-23.48
-22.84
-17.85
-17.16
-14.33
-15.31
-17.75
-18.86
-20.62
-19.15
-11.77
-10.33
-6.37
4.395
8.07
18.36
34.25
46.67
66.98
78.3
134.2
221.5
331.4
442.5
302.7
553.2
668.9
724
623.2
520.1
477.2
467.1
462
497.9
479.6
632.8
505.8
637
788
115.4
60.19
98.2
77.2
179
329.3
503.9
545.3
286.4
134.1
89.1
65.6
68.74
76.1
67.81
52.77
33.18
13.83
-6.829
-27.1
-27.94
-19.17
-30.93
-33.74
-37.5
-39.33
-35.66
-33.43
-23.64
-23.81
-31.82
-36.64
-33.55
-32.98
-33.53
-36.33
-30.55
-32.66
-33.7
-33.68
-33.72
-34.19
-33.19
-38.34
-35.99
-34.72
-35.35
-34.4
-29.88
-30.57
-28.71
-20.43
-12.71
-15
-19.14
-18.9
-18.94
-26.99
-30.24
-29.15
-32.18
-16.43
-13.29
-16.88
-16.2
-10.33
-14.25
-15.86
7.14
31.17
47.52
55.71
71.6
72.2
43.67
98.7
125.4
135.8
114.8
122.5
89.2
93.2
76.5
112.2
69.94
109.8
132.6
146
216.5
269.1
271
285.4
291.6
293.2
374.3
316.3
357
336.2
318.6
442.8
525.9
622.7
692.6
678.4
531.8
509.2
398.6
470.6
366.9
197
81.4
96.9
62.84
44.82
-8.16
-20.61
-7.83
-16.89
-20.49
-34.43
-38.93
-38.9
-36.62
-36.21
-36.65
-34.99
-35.13
-32.82
-31.51
-33.28
-32.92
-32.01
-27.2
-29.09
-27.22
-23.07
-27.96
-26.47
-28.84
-27.41
-31.2
-33.48
-34.66
-30.16
-32.79
-35.46
-33.59
-30.7
-19
-16.32
-16.24
-16.6
-18.85
-23.95
-25.82
-28.24
-25.55
-28.02
-27.25
-25.81
-21.94
-16
-10.23
0.362
13.37
31
45.42
62.17
54.48
73.5
136.6
192.4
187.2
152.5
212.8
234
310.4
321.2
369.6
358.5
596.4
671.7
575.9
633.1
536.7
724
726
803
835
855
770
867
812
519.3
83.1
-46.23
-31.76
37.56
80.4
98.7
98.5
61.23
46.26
48.97
49.5
64.47
80.4
73.5
42.8
8.64
29.27
-13.04
-26.94
-34.65
-30.04
-34.58
-32.96
-32.98
-31.3
-26.27
-25.05
-25.66
-28.59
-38.53
-38.18
-34.99
-35.22
-34.81
-25.67
-18.27
-20.67
-20.83
-17.87
-15.78
-16.11
-15.73
-15.23
-15.67
-15.64
-16.05
-17.02
-16.11
-14.16
-15.49
-15.6
-15.86
-18.2
-21.65
-24.01
-21.89
-21.34
-20.34
-16.5
-13.46
-10.6
-11.37
-11.57
-9.97
0.011
15.09
35.26
47.11
51.12
45.4
77.4
110.2
152.9
168.4
152.5
182.1
235.1
173.8
48.88
24.96
23.56
20.7
20.54
30.52
104.1
192.7
214.1
142.7
184.5
239.5
295.5
325
390.2
389.1
365.2
454.1
813
809
857
831
764
708
665.1
637.9
594.3
471.9
272.2
416.4
182.2
147.1
84.2
20.35
-6.715
-26.26
-38.91
-43.39
-42.72
-43.9
-41.33
-43.57
-43.32
-41.28
-38.09
-41.23
-41.15
-40.41
-40.61
-39.31
-41.43
-31.32
-23.27
-21.55
-18.82
-16.48
-16.7
-17.29
-15.45
-16.9
-17.89
-25.6
-40.34
-38.53
-30.99
-28.19
-23.8
-26.23
-24.47
-24.52
-28.08
-25.88
-24.84
-26.1
-41.26
-25.25
-14.61
-13.78
-14.65
-13.55
-12.87
-13.61
-12.86
-10.4
-6.05
5.926
5.599
11.58
-10.2
4.054
46.75
66.11
148.6
169.2
230.2
324.3
419.7
549
441.5
385.1
494
418
496.7
619.5
678.1
595.6
711
789
741
735
726
783
490.6
476.1
835
803
819
605.1
571.9
561
488.7
152.7
95
329.3
135.5
96.2
74.7
33.36
14.09
-2.002
-11.58
-18.2
-7.86
-20.4
-24.07
-16.79
-12.76
-14.63
-15.35
-80.1
-42.89
-53.78
-53.51
-32.77
-23.81
-19.29
-25.43
-24.54
-15.84
-14.54
-13.07
-15.75
-18.71
-23.74
-34.27
-37.33
-25.47
-18.52
-17.87
-18.08
-22.19
-21.63
-20.63
-15.94
-14.52
-9.89
-8.43
-7.55
-10.42
-8.51
-8.27
-4.398
-4.018
-4.477
-3.498
-4.715
-3.664
-1.75
-2.21
-1.507
0.787
5.322
26.65
38.19
32.01
45.3
53.6
67.29
116.3
150.1
192.8
187.6
202.5
251.6
246.7
302.3
315.6
279.4
313.7
314.6
376.8
267.6
266.6
407.7
477
573.8
755
355.7
500.4
427.5
591.7
463.2
283.1
324.4
443.1
439.9
466.6
118.7
186.3
184.8
347.4
391.4
369.5
301.9
181.4
125.3
59.49
-6.579
-26.82
-24.39
-17.13
-16.34
-18.76
-31.21
-30.27
-24.65
-36.96
-38.15
-37.97
-37.69
-35.89
-29.84
-21.58
-19.93
-26.54
-20.25
-17.22
-18.67
-26.35
-33.01
-37.39
-39.16
-28.19
-21.94
-16.34
-17.04
-19.24
-19.28
-26.48
-36.94
-40.83
-40.43
-40.55
-38.02
-27.24
-20.72
-20.8
-18.33
-17.4
-17.15
-16.34
-16.15
-16.49
-14.07
-3.627
8.96
20.28
38.25
69.52
107.6
133.9
89
166.1
165
218.1
316.8
337.5
400
369.6
314.2
218
190.7
248.8
295.9
502.3
367.8
409
422.6
388
501.6
355.9
440.3
692.5
516
704
492.1
557.3
792
815
433
417.2
697
370.7
460.3
322.8
-4.819
-13.48
15.58
187.3
109.1
11.06
-30.91
-14.81
-18.95
-16.69
-37.04
-51.09
-29.83
-26.36
-28.72
-33.79
-38.88
-37.75
-38.1
-36.39
-26.16
-15.21
-29.62
-28.44
-17.06
-13.29
-15.83
-13.96
-14.06
-18.65
-16.96
-28.27
-38.28
-38.69
-38.75
-38.66
-35.56
-37.13
-38.15
-37.87
-37.93
-38.77
-38.56
-38.33
-38.28
-37.01
-38.83
-38.38
-38.57
-38.56
-35.56
-23.32
-11.89
-12.38
-8.3
2.474
14.88
29.28
38.9
44
71.4
96.6
104.4
113.9
195.1
191.4
199.3
253.2
317.6
442.6
512.5
540.9
562.2
556.8
544.1
414.6
635.9
441.5
840
748
610.1
506.8
676.7
735
772
654.6
208.4
646.9
722
687.2
316.3
693
704
414
414.6
238.3
601.2
401.9
326.1
73.7
60.87
146.9
244.8
114.1
37.89
-31.9
-38.5
-38.69
-38.89
-35.23
-37.26
-39.27
-38.96
-39.12
-40.81
-40.2
-38.22
-37.79
-36.91
-36.97
-36.23
-37.41
-37.91
-36.13
-36.41
-38.28
-37.28
-31.42
-15.9
-12.14
-13.02
-13
-11.64
-11.5
-12.13
-17.05
-29.41
-31.36
-32.62
-33.59
-26.06
-22.83
-21.34
-27.54
-20.1
-13.43
-14.15
-16.8
-15.11
-15.46
-19.97
-12.93
11.2
31.78
53.73
69.25
85.2
94.7
118.2
119.6
159.6
193.4
187.9
237.7
308.1
319.9
352.7
462.9
526.2
585.6
507.1
528.2
651.7
329
477.8
788
784
239
316.8
808
663.6
880
729
788
661.1
210.4
86.4
107.6
58.58
-6.222
-7.78
5.233
2.272
-0.8
3.386
-1.969
-5.012
-9.64
-15.37
-16.29
-24.16
-28.35
-27.6
-26.03
-30.83
-34.96
-27.41
-24.77
-24.17
-18.96
-19.73
-19.39
-21.9
-33.93
-33.55
-36.62
-33.34
-29.05
-27.26
-27.78
-23.07
-20.55
-21.53
-24.05
-29.07
-30.08
-28.08
-27.74
-27.83
-25.01
-21.65
-22.44
-26.98
-22.17
-27.02
-28.3
-24.09
-24.72
-29.25
-31.78
-29.44
-26.86
-22.69
-16.67
-28.2
-29.02
-32.07
-61.92
-26.41
-9.36
4.564
12.21
45.77
69.26
98.2
134.8
160.6
179.7
260.6
286.2
332.8
337.1
178.4
286.1
360.5
180.4
91.2
205.2
383.6
516
632.6
390.4
166.7
206.4
151.2
106.2
343.6
203.8
204
164.3
345.3
686.6
747
147.7
90.6
350.6
514.7
593.4
606.3
218.7
144.8
104.7
76
39.04
7.69
-6.462
-26.06
-33.92
-33.67
-31.83
-25.42
-24.58
-26.97
-27.24
-23.81
-16.79
-21.51
-20.52
-12.92
-7.66
-7.51
-19.85
-22.84
-24.43
-23.2
-21.33
-20.45
-20.41
-20.69
-22.62
-23.82
-22.6
-21.98
-20.54
-20.38
-22.58
-24.78
-27.47
-25.22
-24.09
-20.85
-22.12
-22.44
-22.35
-23.16
-23.12
-22.22
-21.62
-22.3
-21.78
-20.74
-21.98
-21.19
-16.15
-11.67
0.634
5.192
22.31
33.84
61.18
70.3
87.9
102.7
125.3
157.4
190.8
203
297.1
282
300.4
296
97.5
134.4
150.2
478
548.5
574
620.8
368.1
632.8
850
586.1
553.5
510.9
664.8
864
564.4
772
769
644.2
585.4
552.6
352.3
684.5
351.5
336.9
505.7
285.4
192.7
219.2
229.6
54.1
52.55
2.799
-24.17
-24.35
-26.28
-23.48
-25.2
-25.01
-25.51
-34.05
-30.8
-15.63
-45.41
-17.34
-19.56
-11.47
-17.48
-22.3
-19.8
-21.35
-29.89
-31
-29.08
-19.95
-19.68
-19.19
-23.83
-25.54
-29.02
-28.73
-25.01
-19.38
-33.88
-23.71
-23.05
-26.23
-22.92
-18.01
-20.56
-18.92
-16.66
-16.83
-12.72
-22.77
-27.09
-26.53
-35.56
-33.09
-23.2
-13.6
-3.793
9.74
25.49
34.1
43.66
54.76
49.42
42.85
41.75
123.4
125.5
306.2
160.9
252.6
213.4
176.4
65.78
32.06
75.7
120.9
105.1
136.6
218.4
287.1
322.7
341.2
463.2
401
640.7
654.4
800
588.4
322.3
287.8
227.8
262.4
206.4
155.6
127.1
116
87
66.9
26.35
5.206
-4.193
-11.31
-16.04
-15.1
-26.58
-35.2
-22.44
-9.5
-9.84
-11.16
-12.34
-11.61
-14.42
-14.76
-16.76
-16.16
-18.47
-19.8
-22.96
-19.84
-17.59
-21.57
-25.93
-23.32
-18.43
-18.77
-20.97
-18.17
-17.86
-18.79
-21.13
-17.22
-10.74
-13.44
-15.13
-9.96
-9.52
-7.29
-7.76
-9.7
-13.88
-18.29
-20.74
-20.31
-24.59
-14.97
-12.36
-10.66
-9.08
-2.959
9.69
21.06
35.72
60.02
57.58
48.24
67.31
87.2
112.8
224.7
210.7
366.7
514
489.7
347.2
543.3
497.2
300.2
471.2
369.1
175.2
111.3
84.2
70.9
35.42
49.29
86.4
177.3
455.3
593.4
813
579.3
726
798
778
761
739
712
728
669.5
442.1
497.7
470.6
378.3
334.2
275.6
202.3
53.91
1.268
-34.04
-39.14
-37.69
-33.66
-36.43
-35.42
-36.18
-37.21
-35.46
-35.59
-34.38
-33.5
-32.52
-27.17
-22.37
-25.16
-31.63
-32.59
-28.42
-23.84
-14.99
-10
-10.44
-14.76
-11.96
-15.39
-11.88
-34.22
-27.93
-18.18
-19.64
-20.26
-19.84
-16.92
-15.5
-14.45
-16.69
-19.96
-14.89
-14.48
-17.79
-10.6
-6.89
-8.27
-13.32
-15.78
-11.57
-9.38
-7.8
-6.615
-4.504
-1.383
3.268
7.08
15.65
14.85
25.2
40.27
64.6
60.43
81.6
100.5
154.7
127.8
159.1
379.5
511.1
408.5
327.7
289.6
276.2
306.8
409.3
340.2
335.1
321.8
341.5
467.4
455.9
396
270.5
256.6
270.5
231.7
172.8
199.2
354.2
210.1
217.6
191.1
164.5
95.6
47.88
70.4
0.968
-18.45
-34.7
-41.25
-40.92
-44.44
-44.02
-42
-38.43
-36.52
-35.99
-38.43
-37.47
-39.63
-35.95
-34.42
-32.72
-33.76
-34.18
-33.73
-27.17
-24.1
-22.87
-20.57
-18.11
-16.98
-16.38
-16.97
-17.87
-18.55
-22.93
-25.44
-31.48
-31.88
-34.39
-32.3
-27.5
-30.48
-43.53
-37.64
-35.35
-25.45
-23.54
-15.2
-4.031
-5.958
-9.41
-14.66
-7.14
3.062
17.9
33.7
52.96
30.87
53.95
138.9
178.1
226
265
347.5
334.7
370.9
481.9
381.8
417.6
641.4
689.7
584.7
510.7
661.3
688
583.3
481.6
418
734
544.9
552.8
598.2
672.2
747
940
569
498.1
427.6
331.6
240.2
570.9
146.1
104.5
73.8
37.79
48.39
-43.51
-47.17
-26.67
-5.723
-3.816
-5.732
-7.96
-8.56
-9.37
-11.52
-14.24
-14.64
-14.61
-15.72
-16.69
-14.9
-14.75
-15.55
-16.17
-15.4
-14.19
-13.26
-12.95
-13.81
-14.67
-15.7
-18.75
-18.08
-17.52
-20.29
-19.75
-19.06
-19.8
-19.69
-20.06
-20.67
-21.19
-23.2
-20.18
-20.17
-22.68
-22.85
-23.48
-25.69
-28.07
-29.84
-29.66
-30.7
-31.06
-32.07
-32.41
-29.45
-19.09
3.489
22.6
37.17
51.63
47.67
34.43
21.87
40.29
68.93
98.5
143.1
191.2
270.7
315.5
312.4
404
378
337.1
345.8
526.3
701
668.1
764
742
548.8
726
544
293.5
44.65
90.6
51.24
13.54
15.4
31.77
34.6
42.66
87
87.9
74.2
103.5
88.4
-52.72
-19.19
-0.055
-3.312
-6.319
-10.95
-9.33
-8.21
-9.07
-6.658
-7.79
-10.57
-11.81
-12.94
-14.36
-17.16
-15.79
-12.7
-7.57
-5.586
-7.87
-10.79
-9.42
-7.07
-2.722
-4.057
-9.77
-14.36
-14.73
-14.3
-5.245
-3.88
-7.21
-12.95
-6.882
-12.68
-18.78
-19.28
-17.6
-15.77
-12.92
-15.8
-18.06
-18.55
-17.26
-17.21
-15.15
-19.51
-23.39
-26.57
-24.91
-24.12
-26.81
-21.66
-11.8
10.35
22.09
26.61
36.03
45.56
66.1
72.1
116.4
180
248.4
317.2
251.3
277.1
257.9
267.4
354.1
450.9
456.7
498.6
388.2
511.7
270
291.2
414.5
542.7
553.1
616.1
642.5
241.4
227
177
144.6
120.5
155.8
104.7
131.3
131.2
125.1
117.4
119.8
148.3
135.1
131.2
127.4
104.6
75.8
59.45
14.78
-2.233
-13.59
-15.52
-7.62
-22.71
-24.95
-27.97
-31.42
-30.72
-27.45
-17.63
-23.63
-20.5
-20.21
-19.36
-17.36
-16.49
-16.9
-16.02
-18.81
-20.17
-16.84
-21.08
-24.37
-29.46
-24.45
-22.94
-18.71
-13.9
-15.26
-19.18
-15.53
-18.15
-22.21
-26.9
-22.82
-14.94
-12.28
-12.6
-12.77
-9.18
-8.94
-15.79
-26.08
-37.14
-36.88
-25.95
-11.78
-6.528
-2.299
8.66
16.8
16.25
21.62
38.2
57.81
64.35
89.8
140.8
157.6
147.7
205.6
305.2
429.7
392.5
206.1
279.3
398.1
200.3
238.4
352.5
12.73
76.5
62.56
42.52
49.6
139.9
174.5
152.1
101.7
168.1
207.8
268.9
332.6
151.4
70.7
56.63
17.77
37.89
51.03
44.17
62.16
127.5
58.23
22.1
3.338
-6.74
-9.85
-23.4
-17.92
-17.47
-20.32
-21.92
-21.3
-24.36
-24.84
-19.53
-20.18
-16.19
-15.24
-22.67
-25.64
-24.96
-17.84
-12.11
-15.22
-19
-19.47
-19.72
-20.03
-19.28
-7.88
-21.47
-28.94
-26.31
-38.04
-22.02
-25.22
-21.99
-20.81
-16.54
-21.56
-26.33
-17.46
-18.64
-24.12
-19.56
-17.29
-18.3
-13.82
-13.4
-20.85
-23.71
-19.03
-8.87
7.5
22.13
42.79
54.05
39.79
100.5
124.5
128.2
189.3
195
134.6
189
196.9
215.4
323.7
397
427.6
297.4
385.6
434.1
391.3
365.4
361.9
424.9
669.2
388.9
356.6
192.1
308.3
384.4
294.9
314.2
625.2
378.2
531.5
443.9
376.2
274.2
206.7
139.2
101
71.9
47.68
25.25
21.43
7.23
-4.415
-15.39
-24.09
-29.3
-23.76
-27.21
-30.85
-31.74
-13.42
-8.62
-15.67
-21.26
-29.15
-34.74
-33.22
-34.41
-31.31
-25.83
-23.42
-17.37
-16.33
-21.05
-22.05
-22.84
-24.28
-26.16
-25.37
-22.8
-21.88
-22.44
-22
-22.91
-22.96
-21.19
-21.26
-22.67
-24.95
-25.93
-24.01
-24.85
-23.85
-22.8
-22.74
-22.31
-19.88
-14.52
-12.59
-13.45
-6.961
-0.75
12.36
27.39
36.25
56.73
92.5
107.4
130.2
157.8
136.6
116.6
100.2
65.93
29.7
97.9
114.7
148.5
92.3
163.7
174.7
231.9
244.8
380.8
429.9
377.6
270.3
266.8
338.2
339
396.4
113.7
252
553.7
518.8
476.4
418
116
102.8
148.9
295.2
205.7
123.8
160.5
115.4
145.7
131.8
36.08
-0.662
-11.8
-26.53
-32.42
-31.87
-34.68
-36.05
-33.97
-33.25
-34.1
-34.13
-27.87
-21.48
-10.77
-7.41
-12.48
-26.59
-31.39
-14.16
-15.52
-19.66
-30.69
-29.14
-25.29
-25.88
-25.02
-23.7
-24.06
-16.33
-23.89
-25.81
-24.27
-11.78
-14.61
-12.34
-13.75
-11.06
-11.77
-9.96
-9.33
-5.123
-7.6
-5.015
-5.498
-8.16
-6.153
-8.01
-6.583
0.792
7.98
18.27
19.66
7.87
1.167
49.36
133.5
180.8
213.6
239.9
132.6
113.2
104.8
123.8
169.7
184.8
204.5
217.6
200.2
353.8
484.6
114.3
669.1
154.3
-5.369
3.533
30.71
43.77
77.5
108.2
124.9
200.7
455.2
147.7
88
36.8
25.66
32.06
43.32
43.35
36.82
29.83
22.48
20.44
21.24
23.19
32.72
45.9
40.73
-6.163
-9.01
-27.75
-28.53
-23.97
-22.22
-17.27
-18.95
-26.85
-29.61
-27.88
-29.4
-29.86
-30.16
-30.86
-33.57
-26.89
-31.69
-28.28
-29.17
-29.04
-29.93