-36.605
-34.725
-34.99
-35
-33.74
-35.15
-34.555
-34.16
-34.97
-35.935
-35.735
-34.915
-33.995
-32.535
-33.685
-35.49
-35.38
-35.475
-32.935
-28.1
-28.635
-31.17
-33.565
-34.055
-26.905
-14.23
-4.1305
5.608
28.66
92.09
153.5
211
228.8
295.35
341.45
370.85
423.35
444.1
422.25
514.9
588.45
642.5
600.1
566.85
719.5
757.5
770.5
791
822.5
833.5
842.5
848
809
764.5
746.5
726.5
678.4
698.25
634.35
641.9
424.45
326.8
418.95
563.15
339.75
109.65
64.64
68.955
75.955
21.974
13.075
5.405
-19.7865
-33.03
-36.64
-37.075
-37.22
-35.245
-34.78
-34.065
-34.47
-33.11
-38.345
-40.905
-40.565
-38.455
-37.46
-34.855
-37.365
-36.92
-27.67
-34.47
-33.745
-29.845
-32.89
-43.085
-35.19
-29.4
-30.73
-31.265
-32.32
-30.61
-30.235
-28.115
-27.675
-29.785
-27.67
-27.245
-28.54
-28.9
-30.2
-29.115
-29.97
-29.36
-27.575
-26.82
-30.105
-32.22
-35.635
-35.99
-37.065
-25.565
2.034
23.335
51.36
80.75
116.25
156.05
219.55
265.85
250.5
383.1
439.35
407.25
541.3
448.95
480.55
562.3
328.7
368.35
499.55
678.35
629.1
662.25
718.5
631.3
555.1
602.65
641.05
448.05
508.5
683.25
583.2
477.9
676.05
631
591.35
480.8
442.75
346.05
195.11
93.641
52.853
38.855
39.765
26.735
4.365
-11.608
-19.125
-33.025
-37.175
-36.605
-36.405
-37.69
-39.81
-40.135
-41.595
-40.71
-40.275
-38.185
-37.885
-40.575
-41.735
-43.785
-43.1
-43.49
-43.495
-42.61
-42.4
-42.385
-41.795
-38.71
-38.745
-39.745
-40.725
-40.915
-40.15
-39.705
-38.185
-38.635
-38.21
-39.39
-37.565
-35.855
-37.255
-39.07
-40.3
-38.99
-38.65
-39.955
-36.37
-37.51
-38.545
-38.735
-42.04
-37.95
-34.38
-27.46
-4.3275
27.71
35.5
68.15
137.4
181.9
238.65
299.4
362.2
408.4
456.8
509.2
552.4
587.5
616.55
608.3
648.05
638.05
687.75
681.7
702.5
692.95
714.5
638.05
665.75
660.8
703
764.5
709.45
710.6
698.45
679.5
640.05
632.8
616.85
443.85
255.6
218.75
203.605
192.9
213.9
173.9
123.15
56.18
25.455
8.9565
-4.12
-27.78
-32.365
-30.295
-31.56
-35.475
-49.97
-35.9
-38.55
-42.985
-43.93
-44.565
-47.01
-44.47
-44.495
-45.125
-43.47
-39.025
-37.255
-42.97
-43.27
-42.895
-43.47
-41.495
-39.435
-38.345
-38.605
-39.77
-39.825
-40.7
-39.44
-40.735
-42.43
-41.09
-42.185
-40.51
-41.865
-40.775
-45.275
-45.625
-44.93
-42.79
-39.725
-40.82
-46.29
-43.805
-45.585
-40.93
-31.62
-17.72
5.3925
40.07
66.66
89.46
114.15
151.15
216.85
262.8
310.5
323.7
414.4
545.35
530.4
578.1
639.55
622.85
648.4
707.35
661.65
615.95
791.5
650.8
498.5
823.5
333.45
631
780.5
789
688.15
409.55
560.85
670.55
551.4
523.05
529.45
498.1
602.65
448.95
343.2
262.65
263.2
230.2
137.6
85.1465
89.385
38.22
-6.515
-36
-43.825
-45.71
-45.415
-44.895
-45.51
-45.19
-45.3
-43.385
-43.18
-44.14
-45.235
-44.7
-42.325
-39.99
-41.195
-39.325
-39.02
-38.305
-40.56
-39.57
-38.655
-38.85
-39.21
-40.28
-43.995
-43.405
-44.695
-44.245
-45.03
-44.44
-45.72
-44.095
-43.405
-41.205
-44.55
-42.63
-41.585
-40.3
-41.875
-40.16
-39.505
-43.515
-42.18
-41.16
-42.485
-44.12
-37.51
-29.92
-4.625
-2.855
68.82
97.35
130.8
143.44
243.85
312.1
366.85
418.45
463.25
513.7
552.7
593.55
630.4
658.55
682.45
720
756
759
737
589.05
774
801.5
743
812
800
795
751.5
647.8
680.8
691.15
659.1
631
469
569.05
504.1
442.2
402.9
365.7
305.4
228.2
169.95
104.45
63.365
41.89
16.425
-17.014
-38.005
-38.945
-38.09
-36.91
-38.155
-38.33
-38.69
-39.425
-37.685
-38.905
-39.625
-41.435
-40.08
-38.895
-39.2
-40.63
-41.81
-43.77
-45.46
-43.415
-42.255
-43.61
-45.84
-47.705
-47.695
-47.41
-47.59
-46.38
-46.185
-44.265
-41.34
-40.805
-42.605
-37.55
-34.63
-36.02
-35.27
-29.235
-30.68
-30.76
-24.7
-23.65
-25.15
-30.09
-30.265
-35.825
-32.68
-22.305
-11.95
14.077
56.605
70.15
104.19
133.655
164.145
191.815
214.485
243.5
319.95
436.9
439.55
450.3
474.1
513.45
527.05
584.25
630.65
624.25
631.1
721.55
746
675.5
705
670.25
658.35
715.9
759.5
725
655.5
695.55
693.2
597.05
450.8
419.8
322.95
410.15
376.3
325.95
285.4
210.75
144.6
44.275
24.41
-3.975
-22.745
-39.195
-45.47
-44.925
-45.295
-44.97
-45.575
-45.34
-40.515
-39.695
-35.325
-34.55
-35.315
-35.16
-36.19
-37.68
-42.04
-41.525
-36.225
-37.295
-37.365
-36.325
-41.02
-37.385
-38.94
-40.185
-38.905
-42.805
-43.29
-43.98
-40.295
-34
-31.615
-44.615
-40.99
-42.34
-41.8
-42.755
-39.97
-35.095
-39.665
-43.91
-42.64
-43.385
-41.685
-39.895
-39.305
-38.075
-34.865
-26.53
-17.9015
8.337
52.37
60.395
121
195.45
266.05
334.35
371.8
382.8
445.15
521.4
529.05
568.85
629.15
633.8
662.85
648.1
617.75
591.75
688.9
705.85
672.35
684
735.5
749.5
753
722
724
705
664.85
674.4
632.7
596.1
578.25
534.2
514.45
436.35
303.65
241.95
221.9
170
120.7
75.52
37.995
13.285
-20.69
-38.81
-42.48
-44.465
-40.545
-38.565
-41.795
-45.16
-46.22
-46
-43.525
-44.24
-43.925
-43.935
-45.555
-44.93
-43.935
-46.425
-47.495
-46.34
-45.975
-58.325
-49.31
-44.735
-43.67
-42.76
-40.995
-41.495
-42.215
-42.405
-40.175
-41.725
-42.21
-42.34
-39.845
-38.875
-36.63
-34.07
-26.795
-30.67
-33.335
-26.95
-25.265
-28.905
-28.98
-30.12
-32.065
-31.165
-27.71
-20.4
-10.041
2.3015
9.5245
51.29
94.37
103.13
116.188
133.725
180.357
194.584
238.56
251.061
271.5555
295.965
336.74
357.325
365.825
418.65
454.2
474.9
483.25
450.1
462.75
403
517.3
521.35
546.1
631.05
608.05
563.45
269.75
167.385
216.265
229.575
171.035
157.175
141.2915
101.43
91.605
63.405
43.475
52.649
47.945
40.86
28.665
2.5845
-18.16
-29.275
-33.32
-32.035
-32.33
-33.355
-33.86
-35.105
-36.685
-36.925
-37.525
-37.82
-38.42
-37.455
-42.435
-36.52
-34.165
-47.805
-41.025
-38.575
-38.705
-38.885
-38.18
-37.945
-35.735
-31.38
-31.8
-36.755
-35.67
-32.83
-29.265
-26.835
-27.58
-26.435
-26.245
-28.365
-28.75
-29.96
-30
-30.095
-28.63
-29.5
-30.055
-33.87
-34.745
-27.64
-26.15
-28.99
-26.875
-19.87
-3.8455
39.515
55.315
63.22
146.95
193.05
197.5
274
336.95
483.1
464.95
409.25
416.65
593.9
541.15
671.1
605.05
615.85
586.2
580.9
635.85
541.25
712.5
813.5
641.05
756
776
789
773
773.5
717.65
687.15
500.6
572.55
482.1
376.55
178.84
110.375
94.98
144.245
109.2
94.7
92.705
89.6
47.265
4.3485
-18.125
-28.585
-35.06
-37.95
-38.12
-35.515
-35.19
-29.83
-24.285
-27.985
-25.86
-31.99
-35.84
-36.285
-35.07
-35.315
-33.43
-32.035
-31.405
-24.725
-22.28
-24.57
-23.685
-25.26
-26.095
-25.29
-25.82
-28.405
-26.27
-25.275
-29.145
-29.75
-29.175
-26.9
-24.75
-24.41
-23.145
-22.165
-18.9765
-22.31
-23.03
-22.635
-22.745
-20.435
-33.55
-35.52
-37.375
-32.495
-26.525
-20.76
-14.725
-6.729
11.11
42.764
58.169
83.802
113.6995
166.02
182.21
236.985
275.205
283.85
342
307.95
377
406.15
376.93
385.27
245.06
394.5
391.35
496
536.25
589
603.35
658.75
605.5
723.15
625.15
588.05
474.85
556.75
643.8
630
301.2
309.6
288.45
233.7
285.45
317.2
210.65
189.75
87.25
7.65
-4.575
-12.5395
-23.54
-32.795
-33.635
-30.84
-30.845
-33.655
-37.48
-39.445
-36.31
-34.935
-33.31
-34.55
-35.835
-36.09
-37.315
-37.535
-35.955
-36.915
-34
-30.04
-26.67
-34.16
-34.315
-31.385
-27.53
-14.57
-13.635
-15.475
-19.405
-27.65
-18.74
-19.77
-18.165
-21.735
-18.66
-17.075
-16.63
-18.24
-16.54
-16.66
-16.73
-16.81
-17.425
-18.97
-20.99
-21.69
-20.165
-19.72
-15.615
-9.5595
4.375
19.48
21.5
14.795
15.54
15.5675
15.8425
27.973
60.9
107.28
117.27
166.035
267.65
389.25
322.05
278.1
368.9
651.5
694.4
709.95
495.15
645
742.1
692.1
501.2
279.8
325.485
335.97
378.15
400.33
333.153
214.0925
247.625
138.895
239.215
233.151
227.59
201.22
168.1725
148.553
124.4565
82.355
40.005
23.93
-1.545
-10.4
-21.905
-26.02
-28.075
-26.98
-28.525
-30.06
-29.835
-30.08
-30.42
-29.725
-30.52
-31.585
-31.885
-29.81
-28.78
-27.79
-27.985
-27.62
-26.03
-26.275
-27.05
-26.78
-25.09
-20.26
-19.51
-18.74
-19.665
-18.83
-18.755
-17.775
-18.31
-17.545
-19.84
-19.21
-24.45
-27.985
-25.26
-18.115
-16.585
-16.33
-19.36
-23.59
-20.68
-18.81
-16.775
-19.205
-21.75
-25.21
-11.944
-11.156
-2.02
7.49
18.47
27.98
48.05
78.1
91.41
137.9
116.65
149.3
322.7
552.95
469
446.45
580.4
584.7
591.55
464.85
511.15
490.2
639.8
549.05
552.7
674.5
593.25
608.8
697.45
671.25
666.75
702.6
673.4
594.9
482.45
455.3
376.45
367.4
496.6
425.35
287.05
221.7
255.4
153.5
93.545
43.265
22.8255
-5.33
-19.865
-31.21
-39.84
-36.455
-36.68
-35.565
-34.825
-36.07
-36.195
-35.625
-33.525
-33.8
-34.555
-33.895
-32.27
-31.905
-30.665
-30.335
-30.25
-29.99
-31.175
-31.07
-27.615
-32.32
-34.085
-34
-31.385
-32.995
-32.25
-32.075
-37.73
-36.27
-34.62
-34.1
-32.83
-32.04
-30.81
-30.62
-29.1
-32.52
-20.73
-15.11
-16.84
-17.59
-17.63
-17.23
-18.05
-19.89
-26.72
-16.25
-0.026
-0.546
-2.518
39.53
77.1
153
224.5
295
324.8
255.7
234.1
397
455.7
552.2
407.3
261.1
228
136.3
92.7
15.42
5.992
17.72
8.85
-16.44
-13.86
-7.86
0.282
9.65
18.61
35.87
51.22
59.69
77.6
61.6
72.9
61.38
48.49
63.24
83.2
95.1
84.9
71.8
8.74
5.738
-12.22
-22.46
-27.67
-35.55
-37.62
-34.3
-29.66
-36.72
-27.47
-17.29
-36.76
-42.58
-32.1
-31.72
-19.08
-14.68
-9.91
-11.55
-16.45
-15.21
-9.38
-8.11
-21.29
-18.27
-15.08
-12.14
-16.18
-8.41
-9.33
-17.24
-20.67
-20.23
-15.93
-13.18
-13.81
-8.12
-9.66
-17.35
-17.27
-11.18
-7.8
-9.71
-9.42
-14.85
-11.4
-18.9
-18.71
-21.74
-14.77
-16.48
-11.56
-5.348
-2.397
3.052
20.92
13.23
-8.25
-1.143
32.95
16.37
11.48
44.64
66.4
83.8
46.09
72.7
150
186.4
149.3
71.5
76.9
122.2
114.2
162.4
245.2
157.7
221.5
436.6
416.5
488
688.2
389.5
613.3
366.6
274.2
206.1
100
159.1
134.6
102.1
119.2
142.4
82.4
77.5
84.2
71
20.49
-2.769
-11.17
-18.7
-22.1
-25.48
-28.24
-29.89
-24.73
-29.36
-35.56
-41.48
-43.72
-44.47
-41.3
-47.42
-44.72
-49.03
-48.1
-48.23
-48.28
-48.92
-49.69
-48.53
-48.7
-47.03
-39.57
-22.85
-28.21
-57.4
-57.26
-49.25
-38
-16.75
-17.5
-18.66
-27.88
-36.42
-30.91
-18.49
-13.13
-15
-16.4
-17.65
-17.84
-18.05
-19.22
-17.97
-18.96
-19.46
-16.66
-7.69
7.5
24.27
50.76
79.8
124.2
178.5
243.4
351.2
389.9
397.1
367.4
456.1
306.6
514
585.7
608
654.9
623.2
553.7
837
525
600
725
200.7
744
506
368.6
490.6
169.5
672.7
822
549.2
541.6
171.7
633.1
133
94.95
56.9
84.1
79
2.717
121.2
132
95.3
84.1
28.03
-23.17
-41.42
-42.4
-47.03
-46.96
-47.87
-47.85
-45.97
-46.84
-46.1
-45.2
-46.25
-45.13
-44.74
-43.5
-43.59
-43.58
-42.7
-45.14
-48.71
-46.81
-43.24
-42.2
-42.58
-42.89
-53.09
-58.04
-47.4
-47.86
-46.39
-44.34
-43.56
-44.11
-44.41
-47.98
-44.06
-39.45
-44.02
-42.33
-40.38
-43.85
-45.38
-45.86
-44.99
-36.34
-41.33
-45.61
-43.45
-43.73
-41.43
-29.35
-2.421
22.64
-5.129
59.75
171
180.5
251.8
305.4
357.4
375.8
444.5
449.1
530.2
476.1
579.9
640.8
708
772
713
745
746
740
780
749
740
744
725
727
739
721
703
710
258.6
489.3
605.2
527.5
463.9
395.5
341
291.7
226.1
169.5
111.9
55.75
5.751
-37.93
-52.4
-52.15
-51.11
-51.09
-48.52
-50.25
-48.65
-47.04
-47.91
-47.37
-48.75
-49.09
-51.11
-51.04
-49.1
-49.01
-49.05
-48.35
-49.44
-49.68
-50.1
-49.89
-51.88
-51.56
-51.84
-53.74
-53.17
-50.35
-54.99
-49.46
-49.17
-50.61
-52.16
-52.58
-49.66
-47.75
-47.22
-48.88
-48.32
-52.31
-47.85
-49.07
-58.03
-57.66
-50.4
-47.27
-45.71
-44.8
-51.07
-38.74
-29.59
-54.07
49.59
96.9
143.2
185.6
236.5
284.6
345.2
386.2
405.4
467.7
530
564.1
584.3
627.5
651.1
700
716
707
696.7
672.2
640.4
713
748
741
743
703
725
701
676.5
644.9
604.5
578.2
551.1
513.9
415.2
247.6
66.35
6.81
-52.73
67.21
104.5
62.15
13
-4.533
-33.47
-44.04
-46.68
-47.95
-40.92
-33.14
-33.45
-24.41
-23.19
-29.15
-31.43
-26.08
-23.17
-22.48
-22.65
-24.53
-25.09
-22.6
-21.79
-22.26
-21.38
-22.11
-23.32
-22.7
-24.64
-23.25
-24.41
-26.17
-33.51
-37.99
-35.32
-30.32
-33.95
-35.87
-35.87
-40.85
-38.26
-36.49
-38.74
-30.39
-20.37
-20.55
-21.15
-17.8
-17.66
-18.04
-17.61
-16.82
-9.72
2.635
17.21
36.97
71.5
106.2
138
152
180.5
221.8
347.6
242.6
304.6
302.4
380.5
623.1
587
555.3
782
697.4
747
646.7
616.7
847
841
580.2
610.1
492.1
466.5
646.4
595.5
674.4
642.4
364.4
646.1
307.1
81.9
105.5
67.37
59.51
66.69
48.08
36.72
42.83
64.79
95.5
40.47
-14.49
-35.43
-41.36
-41.1
-43.47
-40.47
-40.41
-39.83
-33.59
-24.15
-29.98
-33.44
-28.63
-32.3
-34.41
-24.48
-23.4
-28.17
-32.54
-42.92
-48.92
-49.92
-50.71
-39.7
-21.23
-19.92
-20.95
-25.47
-30.26
-18.88
-24.6
-34.73
-30.83
-28.41
-22.88
-23.65
-13.46
-24.78
-40.3
-37.84
-32.63
-43.94
-43.74
-45.84
-46.04
-46.68
-45.67
-44.43
-42.32
-31.93
-8.87
4.593
15.93
56.2
105.6
127
199.1
201
254.4
325.6
383.4
423.3
463.1
509.3
545.7
592.2
617.9
624.8
664.1
689.1
701
744
749
790
781
645.6
648.6
387
341.3
298.1
320.7
633.9
634.7
590.9
563
527.9
480.2
429.9
97.6
54
47.93
183.3
179.1
113.8
50.45
36.33
-10.47
-25.52
-43.55
-44.1
-43.27
-41.88
-36.01
-36.25
-26.14
-34.39
-37.65
-35.71
-39.56
-37.24
-41.57
-41.19
-40.59
-32.8
-35.85
-36.07
-34.43
-37.43
-34.51
-38.5
-34.35
-28.95
-32.65
-39.22
-41.53
-41.48
-41.89
-45.07
-42.83
-42.03
-42.71
-42.27
-43.46
-42.52
-43.76
-44.36
-43.06
-44.51
-41.3
-42.29
-40.05
-42.32
-40.23
-35.29
-31.27
-53.04
-60.99
-21.22
-10.27
46.94
93
141.6
245.4
264
282
331
383
420.5
463.3
494.3
534.5
580.6
625.3
501.6
377.9
375.4
578.6
621.9
639.3
685.8
636.1
759
404
649.8
738
746
441.8
282
426.6
578.2
557.1
378.5
428.3
455.2
418.2
376.5
316.3
187.7
113.4
126.4
7.27
-22.74
-32.47
-25.48
-20.87
-19.09
-20.39
-20.63
-20.5
-21.42
-31.38
-34.51
-40.8
-33.89
-36.46
-28.61
-29.27
-33.85
-36.59
-34
-41.04
-42.8
-41.14
-41.19
-42.47
-41.83
-42.33
-43.45
-42.59
-42.29
-42.47
-41.95
-41.55
-46.46
-44.04
-42.5
-46.71
-37.71
-42.31
-41.99
-43.84
-46.43
-43.63
-43.99
-43.41
-39.22
-18.03
-11.65
-16.67
-20.79
-32.55
-29.05
-5.792
-7.57
18.06
61.27
72.3
94.3
180.3
287.9
297.5
332.4
352.1
419.6
463.8
505.2
533.6
589.7
591.3
676
625.6
687
490.9
717
738
737
729
710
668.6
634.2
428.2
301.7
574.3
444.4
480.5
559.1
611.4
547.3
508.7
366.2
323.5
30.61
-69.58
-70.4
-34.15
-35.15
-22.48
-23.75
-30.54
-37.57
-36.48
-33.07
-37.18
-36.83
-38.73
-38.41
-37.61
-37.51
-38.19
-38.21
-39.77
-40.49
-38.79
-39.04
-40.01
-39.47
-41.17
-40.63
-42.84
-40.19
-37.94
-47.99
-44.83
-43.3
-46.24
-46.48
-47.55
-44.72
-41.77
-44.8
-48.12
-44.83
-45.79
-43.68
-41.86
-40.87
-39.15
-39.88
-40.87
-40.16
-40.7
-45.04
-51.94
-63.1
-50.96
-40.36
-42.26
-89.5
-49.28
-17.57
13.63
46.41
83.3
126.7
185.1
227.6
272.7
325.5
377.9
429.1
481
501.1
531.9
571.9
599.6
643.9
657.3
679.5
705
726
735
731
726
682.8
612
201
217.3
191.5
430.9
132.2
99.1
71.6
70.4
55.44
58.53
77.5
84.8
177.4
236.9
241.5
200.7
46.66
11.1
-16.19
-34.84
-38.89
-39.16
-39.58
-40.01
-40.99
-42.58
-42.75
-42.2
-41.41
-40.05
-40.33
-39.13
-37.84
-36.16
-34.62
-34.61
-30.29
-18.55
-21.26
-24.84
-32.42
-30.35
-24.33
-22.39
-22.53
-21.92
-21.66
-24.72
-21.35
-23.01
-20.42
-23.63
-29.5
-34.52
-34.33
-43.58
-40.91
-34.52
-30.57
-29.68
-26.42
-34.94
-44.02
-38.88
-37.82
-38.62
-41.75
-40.34
-9.24
17.19
34.1
62.2
74.3
65.79
89.7
133.2
171.3
233.9
291.1
303.3
246.3
494.2
506.4
538
518.7
533.2
502
675.4
713
675.2
708
671.4
711
641
675.9
717
687
705
738
486.2
674.6
585.2
465.9
335.3
280.5
349.3
377.4
367.5
344.8
286
107.3
17.71
29.2
35.22
-21.07
-33.21
-39.03
-35.37
-34.97
-30.19
-35.09
-37.85
-37.85
-28.14
-36.93
-34.5
-36.49
-38.11
-38.74
-40.09
-37.04
-35.63
-35.43
-49.28
-39.42
-40.07
-39.28
-33.83
-36.62
-40.44
-38.62
-36.58
-38.65
-39.37
-37.21
-39.08
-35.64
-38.59
-38.16
-36.88
-37.84
-38.7
-39.95
-41.62
-40.65
-36.69
-36.74
-32.93
-35.32
-38.43
-37.14
-33.28
-32.17
-32.62
-27.75
-24.26
-2.17
21.15
-27.54
67.52
167.2
193
252.7
268.6
174.3
369
451.4
450.1
179.9
219.9
609.6
565.8
295.3
154.6
357.2
754
491.2
777
841
485
189.3
171.6
157.5
698.7
131.7
179
183.2
569.4
607.7
552.8
519.9
485.7
466
513
224.7
-72.3
-33.63
56.34
34.01
-30.79
-33.05
-26.21
-29.66
-31.37
-31.27
-28.88
-32
-33.77
-31.03
-34.45
-33.32
-26.82
-15.9
-30.02
-31.8
-25.18
-25.47
-33.6
-36.5
-37.16
-37.44
-37.61
-40.76
-38.88
-38.58
-38.1
-38.76
-38.62
-42.24
-37.98
-37.08
-38.69
-40.01
-37.71
-39.81
-35.52
-38.31
-36.41
-37.68
-37.28
-38.38
-37.39
-40.03
-44.74
-39.99
-39.66
-35.63
-36.84
-38.19
-31.77
-45.36
-36.5
-12.12
28.23
67.45
96.9
51.26
29.09
196.1
282.5
333.1
379.5
428.8
460.6
533.6
554.7
582.1
537.6
528.9
637.9
600.6
692.9
775
101.9
99.3
159.4
206.9
154.1
258.3
182.1
183.6
213.8
199.8
223.2
264.8
416
148.3
100.9
102.4
149.9
401.4
366.6
281.5
191.9
123.6
54.24
-0.913
-37.42
-46.4
-47.87
-39.36
-44.17
-43.24
-44.13
-42.92
-43.88
-41.58
-40.72
-41.16
-41.91
-46.74
-43.96
-44.16
-43.4
-42.52
-42.96
-41.67
-40.57
-39.55
-41.63
-41.3
-36.4
-36.65
-38.48
-37.85
-41.27
-35.55
-37.36
-40.19
-36.98
-38.19
-38.22
-37.61
-35.71
-35.19
-36.51
-36.81
-37.28
-39.5
-34.83
-28.8
-29.68
-24.96
-12.67
-15.31
-9.81
-6.931
-5.936
-6.401
-6.187
-16.75
-17.21
35
263.4
98
156.6
190.5
304.1
391.5
340.3
414.5
437.9
542.7
608.9
407.9
358
537.2
686.5
732
770
787
801
741
684.3
820
406.1
290.1
319.4
312.5
248.2
375.9
462.8
600.8
548.5
210.4
139.8
79.1
54.71
132.8
19.26
2.96
7.2
8.45
-32.19
-39.36
-40.49
-42.59
-41.19
-41.18
-41.42
-40.99
-40.12
-40.67
-41.79
-41.33
-41.08
-41.69
-41.62
-42.25
-39.79
-41.42
-38.23
-32.75
-33.2
-36.98
-34.46
-36.21
-36.39
-40.71
-40.76
-40.37
-29.13
-35.62
-30.29
-35.68
-29.7
-30.84
-22.54
-17.51
-19.68
-20.52
-20.05
-31.31
-38.88
-37.3
-37.93
-36.25
-36.34
-28.36
-37.16
-36.42
-31.65
-42.77
-36.58
-2.378
64.3
28.56
104
171.8
189.9
276.6
312.9
343.8
395.8
440.3
494.7
533
578
525.1
592.4
594.7
632.4
659.6
691.8
705
725
786
763
771
750
728
715
694.1
669.2
654
615.9
586
577.6
545.4
482.1
426.5
375
324.7
269.8
212.1
159.3
98.9
48.08
-11.15
-35.51
-36.5
-38.8
-39.64
-39.58
-40.24
-38.7
-38.94
-36.95
-37.28
-34.81
-37.5
-36.68
-36.46
-34.83
-37.34
-38.3
-38.32
-40.82
-42.33
-40.97
-40.92
-40.04
-40.34
-40.64
-39.26
-37.79
-37.02
-41.14
-38.51
-38.78
-39.65
-40.93
-40.54
-42.7
-40.05
-38.12
-36.89
-41.54
-40.11
-39.38
-34.49
-37.46
-36.83
-35.46
-34.43
-43.32
-41.31
-28.33
-15.9
-1.998
19.11
39.27
58.49
86.8
82.5
189.1
216.1
185.8
366.3
388.4
456.7
485.3
525.9
544.3
568.7
567.2
610.1
657.5
682.9
565
85.5
35.33
20.22
32.46
107.3
231
570
745
718
375.7
249.3
666.4
614.1
720
616.4
430.5
402.1
295.6
254
232.3
144
58.07
-2.411
-16.96
-27.15
-37.41
-37.4
-36.75
-37.4
-38.09
-39.38
-38.23
-39.56
-35.4
-36.54
-39.36
-39.29
-36.27
-30.07
-31.34
-30.67
-30.83
-27.55
-25.37
-22.81
-41.11
-36.78
-17.47
-20.31
-23.6
-20.62
-42.73
-28.13
-28.25
-43.6
-47.09
-45.98
-42.3
-36.88
-38.57
-36.59
-31.71
-31.68
-29.92
-29.48
-30.16
-34.63
-36.48
-34.28
-14.73
-29.6
-30.17
-26.52
-24.9
-22.24
-28.41
-6.217
7.8
27.52
44.4
131.3
139.5
180.1
259.8
352.4
395.3
380.9
229.2
424.8
431.4
543
442.9
445.1
528.8
634.5
756
690.5
597.5
783
742
789
611.6
708
725
719
622.1
384.8
438
471.6
355.2
461.6
536.2
461.8
40.12
66.72
252.8
192.8
146
87.7
32.4
-19.45
-42.04
-45.22
-46.13
-47.87
-46.6
-44.66
-44.27
-42.49
-41.02
-40.72
-42.41
-43.09
-42.35
-42.15
-42.24
-42.77
-41.62
-43.31
-41.54
-41.04
-41.14
-40.46
-40.71
-37.22
-32.01
-27.28
-28.85
-34.48
-36.7
-33.93
-32.29
-37.43
-39.5
-39.01
-41.78
-38.82
-38.5
-38.11
-38.97
-37.43
-37.6
-37.53
-8.73
-9.31
-33.42
-36.83
-36.41
-36.42
-34.78
-39.98
-26.99
-25.27
-34.41
-4.975
85.4
131.6
177.4
225.7
287
330
368
329.9
351.8
457.5
458.3
652.5
618.5
651.7
639.2
680.3
717
736
719
786
734
517.8
722
741
733
730
688.4
662.7
640.7
650.5
596.9
164.3
102.5
56.85
-88.4
5.01
51.7
53.59
5.811
41.84
-4.727
-22.19
-37.9
-36.81
-37.17
-37.07
-36.08
-40.8
-43.51
-41.54
-41.25
-37.74
-31.45
-32.61
-33.96
-46.77
-48.59
-42.17
-43.27
-42.92
-42.7
-40.68
-40.75
-43.6
-40.15
-41.3
-43.3
-43.87
-47.36
-45.41
-45.56
-40.7
-47.82
-50.35
-48.04
-43.2
-43.62
-48.35
-48.71
-42.64
-43.17
-45.96
-45.97
-48.2
-47.44
-52.38
-55.44
-50.13
-46.37
-49.08
-44.14
-58.47
-54.04
-30.69
16.44
37.55
81.2
80.9
93.7
172.7
259
334.2
366.1
395.5
430.1
435.9
497.3
528
560.6
586.3
628.7
639.8
672.7
666.1
659
650.2
643.3
675.7
631.6
634.5
629
514.1
417.5
230.1
179.7
180.9
164.1
153.2
139.8
95.1
49.63
29.28
30.74
28.79
27.76
-5.151
-21.87
-32.15
-34.17
-32.1
-33.1
-37.57
-41.1
-45.31
-43.62
-44.83
-42.54
-39.36
-39.97
-44.68
-42.85
-41.65
-41.09
-42.65
-38.1
-43.71
-38.83
-39.38
-42.65
-40.35
-41.39
-43.29