-28.43
-31.67
-33.85
-33.5
-33.32
-25.87
-22.27
-22.21
-21.26
-21.23
-22.69
-21.32
-20.54
-19.85
-19.32
-19.12
-18.03
-17.41
-19.54
-22.05
-21.61
-21.69
-20.48
-17.65
-10.38
0.81
18.38
52.54
75.5
85.4
111.8
156.1
238.4
256.1
236.8
279.1
243.5
215.7
262.1
280.8
268
290.7
477
490.9
718
375.3
373.8
633
819
499.9
693.7
694.2
714
609.6
637.2
555.6
692.9
458.9
567.9
530.7
502.2
460.4
428.2
383.6
325.3
273.9
272
239.2
147.8
90.4
69.71
21.45
-11.19
-29.29
-35.43
-35.63
-35.06
-34.61
-34.43
-34.64
-34.83
-33.71
-32.93
-33.63
-36.74
-38.07
-36.89
-34.17
-30.34
-24.46
-18.91
-20.22
-20.68
-21.86
-22.45
-22.47
-26.42
-26.12
-31.19
-33.44
-35.56
-35.34
-31.59
-23.96
-21.68
-21.47
-21.64
-21.63
-20.98
-26.37
-24.1
-23.36
-23.13
-20.02
-18.92
-18.78
-20.36
-22.16
-23.66
-23.76
-19.32
-1.106
26.63
47.85
180.9
340.3
383.3
351.1
484.5
412.1
507.4
540.6
563
606.1
655.4
475.6
667.4
716
746
733
743
758
767
769
750
763
752
732
717
725
689.2
676
604
632.6
567
525.3
479.9
460.5
470.2
333
124.9
111.4
122.9
72.7
9.53
-11.93
-18.69
-18.18
-18.61
-31.71
-43.02
-44.69
-41.21
-35.32
-39.43
-38.52
-40.97
-40.2
-40.1
-39.23
-36.55
-39
-39.27
-39.02
-40.13
-39.87
-38.99
-39.71
-39.41
-56.34
-39.4
-40.77
-41.89
-41.43
-42.24
-39
-39.94
-41.65
-37.65
-41.29
-39.64
-37.77
-38.72
-39.54
-39.3
-38.11
-55.49
-45.92
-42.11
-41.54
-42.44
-42.35
-42.58
-43.19
-42.91
-36.19
-20.05
5.434
53.74
102.6
154
211
261.9
309.4
360.6
406.6
448.9
485.2
519.9
563.7
589.8
633.6
663.7
673.7
694.6
723
732
737
740
743
743
728
721
690
642.6
579
586.1
558.3
563.1
576.1
531.1
487.2
462.9
429.5
377
325.8
287.4
248.5
204.4
153.9
116.4
80.7
39.92
5.359
-17.32
-32.06
-39.52
-40.53
-40.25
-40.34
-43.65
-45.21
-45.93
-43.39
-41.56
-40.68
-42.4
-42.64
-43.17
-44.63
-43.57
-42.51
-42.31
-41.72
-39.62
-39.71
-40.88
-41.25
-42.6
-43.88
-44.35
-44.4
-44.61
-45.79
-44.15
-44.52
-44.21
-44.68
-45.66
-46.73
-46.16
-45.62
-45.9
-45.55
-45.87
-46.73
-46.76
-46.13
-45.88
-45.63
-43.51
-35.04
-13.09
17.67
57.56
107.2
155.3
207.2
257.1
308.8
344.6
386.1
424.3
465.4
510.9
545.9
588.5
609
639.7
674.4
694.5
712
724
730
738
747
712
710
715
708
726
716
694.7
680.1
644.5
621.1
589.7
560.5
541.3
542.3
453.5
337.1
347.1
168.1
94.3
89.7
76.9
72
38.04
24.95
-10.16
-33.96
-42.56
-44.32
-44.34
-42.17
-40.63
-40.4
-41.26
-42.7
-42.17
-41.15
-38.66
-38.33
-39.77
-41.88
-43.51
-42.65
-41.12
-40.79
-40.55
-41.46
-41.55
-41.62
-41.1
-40.44
-39.96
-39.76
-39.37
-36.83
-39.66
-38.26
-39.71
-39.82
-39.7
-39.1
-42.41
-40.88
-38.76
-37.44
-38.69
-43.25
-75.1
-32.77
-40.28
-40.52
-40.05
-32.45
-20.05
7.66
41.31
89.7
149.1
99.3
63.22
178.6
336.7
388.9
431.8
493.9
512.7
559.2
586.6
614
601.1
652.3
685.9
698.6
714
742
758
761
762
758
765
768
744
730
711
685.4
671.7
654
613.1
598.6
586.2
507.7
391.6
363.6
348.3
319.3
262.6
218.7
135.7
45.1
27.99
11.39
-7.46
-21.24
-21.16
-29.43
-29.36
-37
-39.9
-40.84
-42.59
-42.1
-41.68
-41.72
-41.72
-41.46
-41.37
-39.99
-38.37
-38.15
-39.11
-39.24
-38.25
-39.35
-38.28
-37.13
-38.46
-39.09
-38.28
-37.79
-38.32
-39.72
-38.88
-36.89
-32.73
-31.62
-33.03
-31.63
-30.64
-25.42
-21.91
-21.67
-25.35
-27.13
-25.82
-18.95
-13.86
-14.76
-13.67
-11.97
-4.511
2.988
16.91
24.71
40.39
108.4
160.7
119.3
300.8
441.3
467.5
489.2
528.9
569.5
601.7
550.6
664.6
687.2
739
656.4
746
788
776
779
654.4
726
779
695.8
758
625.2
722
691.4
652
620.5
611.5
570.2
520.1
474
441.2
402.9
348.5
295.8
254.2
199
153
104.5
69.25
36.35
13.34
-6.347
-27.6
-31.89
-26.98
-41.64
-53.16
-29.02
-25.6
-34.14
-29.86
-19.46
-71.7
-68.41
-61.09
-48.75
-56.94
-49.6
-45.96
-46.71
-46.76
-45.1
-36.8
-41.37
-33.73
-39.32
-59.37
-55.06
-46.43
-42.75
-30.17
-26.45
-25.47
-25.03
-25.39
-23.64
-24
-24.93
-13.88
-14.2
-15.69
-17.55
-17.89
-15.66
-17.01
-21.34
-24.48
-15.96
-4.833
5.762
15.06
48.41
79.2
102.6
86.9
214.4
315.6
203.8
268.8
487.2
596.6
457
614.7
503.5
573.8
393.2
362.9
478.4
521.5
478.1
437.7
813
758
779
705
692.9
686.5
574.5
657.7
674
597.2
540
414.5
533.3
523.3
462.1
305.2
243.5
176.8
150.1
118.3
95.7
78.1
58.35
28.13
5.63
-14.19
-25.71
-35.77
-38.79
-35.74
-36.77
-36.41
-38.15
-38.64
-33.92
-34.38
-35.86
-35.21
-31.29
-32.17
-35.81
-37.2
-40.59
-41.26
-40.91
-40.71
-38
-34.44
-33.73
-34.1
-35.3
-38.09
-41.3
-41.4
-39.23
-38.39
-40
-40.12
-39.5
-39.12
-39.66
-41.23
-40.27
-40.74
-40.58
-39.21
-38.56
-39.26
-37.7
-32.97
-23.59
-21.61
-20.79
-17.82
-6.309
8.23
31.58
59.5
139
191.8
308.6
357.2
274.9
328.8
439.9
336.7
302.4
440.1
656.7
720
633.9
654.7
635.6
747
757
786
775
778
768
762
714
734
693.9
693.2
613
678.5
658
436.6
88.5
24.81
16.58
21.03
15.41
16.34
24.33
34.65
64.95
90.9
50.62
33.04
11.3
-2.974
-23.64
-34.66
-38
-38.45
-38.84
-38.88
-39.42
-38.93
-37.81
-35.78
-35.69
-34.73
-29.6
-22.52
-17.7
-19.59
-24.29
-25.41
-20.1
-25.16
-25.21
-22.59
-28.74
-30.71
-24.67
-25.42
-33.39
-31.92
-33.66
-36.25
-35.7
-36.77
-37.56
-37.05
-37.66
-38.05
-38.13
-37.1
-37.09
-35.59
-34.87
-36.79
-38.65
-39.86
-39.95
-39.19
-36.07
-20.36
18.92
53.92
90.4
118.4
171.3
226.3
285.9
356.3
283.4
273.8
318.4
296.2
389
449.4
463.7
389.4
387.7
412.2
296.8
224.2
229.7
289.4
439.2
497.3
400.8
414.5
389.8
449.6
407
109.7
330.5
397.9
122.1
154.5
84.4
32.87
-14.41
35.18
40.98
16.01
39.88
53.46
94.8
85.7
48.87
23.69
12.2
-2.418
-16.69
-24.83
-25.73
-25.31
-22.33
-22.37
-25.97
-31.61
-36.56
-29.48
-16.23
-12.2
-21.82
-30.19
-32.04
-23.88
-18.48
-21.45
-19.57
-20.9
-18.59
-17.96
-18.18
-17.07
-17.84
-24.83
-35.54
-26.11
-34.67
-36.39
-32.55
-26.21
-24.51
-22.87
-22.54
-22.33
-22.12
-21.74
-21.24
-40.85
-38.44
-36.7
-39.91
-38.93
-37.85
-39.78
-39.06
-38.22
-34.64
-30.05
-23.25
-18.52
7.61
0.433
45.88
81.4
119.9
117.5
77.9
25
47.85
7.67
4.4
27.27
59.45
53.64
46.69
55.77
36.3
45.79
66.36
82.4
87.9
136.8
176.9
128
139.2
107.4
224.7
301.2
245.8
395.2
477.3
392.3
315.2
160.5
141.7
0.206
-7.32
7.86
5.186
-20.32
-31.45
-9.32
-10.17
-8.51
-8.96
-12.61
-10.65
-17.09
-14.75
-15.67
-13.48
-12.5
-15.84
-20.32
-19.41
-20.61
-19.71
-22.39
-24.34
-23.83
-23.26
-24.5
-26.9
-26.99
-23.97
-25.32
-32.34
-26.6
-20.62
-24.47
-27
-28
-27.7
-14.71
-11.41
-14.84
-16.54
-17.95
-16.75
-19.65
-18.11
-11.26
-17.33
-12.1
-11.89
-7.44
-7.89
-12.95
-16.8
-12.76
-10.83
-9.45
-6.581
2.888
0.726
4.197
8.26
15.93
17.29
30.31
46.92
71.8
74.2
114.4
92.2
87.5
166.8
183.5
204.2
196.1
175.6
181.5
136.7
127
133.1
78.3
39.41
75.5
75.1
118.6
79.4
76.1
31.84
39.97
25.83
17.66
20.04
16.31
11.72
3.26
5.443
5.058
0.055
2.006
-0.879
-6.803
-8.28
-3.168
-20.07
-32.11
-34.47
-32.34
-34.56
-32.73
-31.18
-36.73
-37.75
-32.63
-34.45
-29.12
-24.18
-28.55
-26.59
-27.38
-32.8
-29.83
-26.61
-28.77
-29.82
-28.89
-24.89
-23.68
-25.14
-23.7
-15.86
-16.05
-12.65
-10.6
-9.71
-10.16
-10.07
-10.2
-11.68
-12.35
-13.24
-14.18
-17.98
-17.38
-15.5
-15.59
-13.65
-12.06
-10.68
-10.01
-13.15
-22
-22.56
-17.19
-0.797
11.93
22.19
51.16
63.23
51.35
84.4
49.45
136.3
290.8
473.9
372.8
415.8
322.2
234.5
250.4
219.3
257.1
400.6
430.5
752
639.7
448.3
580.3
646.6
617.8
561.3
462.6
608.9
706
715
657.5
595.6
578.6
549.5
380.4
479.4
429.2
386.7
318.6
270.6
195.7
125.1
114.3
87.9
33.51
-4.139
-18.63
-32.94
-38.2
-41.66
-41.74
-41.52
-38.22
-35.35
-33.54
-35.45
-35.88
-35.62
-33.98
-36.26
-24.03
-13.01
-14.09
-17.26
-21.11
-24.15
-24.69
-30.45
-22.77
-19.88
-12.71
-11.77
-13.59
-13.31
-15.64
-13.63
-13.17
-24.76
-41.16
-16.65
-10.27
-7.77
-7.05
-18.9
-14.28
-8.69
-14.86
-25.27
-18.35
-16.6
-15.88
-12.56
-17.9
-10.59
-4.984
-4.395
-8.67
-6.203
-7.16
-9.46
1.051
1.856
17.08
3.495
10.73
18.64
39.27
54.04
57.79
80.4
89.3
81.4
74.4
84.3
84.6
95.5
105.1
88.3
78.2
82.3
94.2
94.3
85.2
122
131.8
154.6
175.6
190.5
208.2
210.8
225
268
317.4
306
336
312.2
270.9
208.2
80.3
47.77
25.52
14.02
0.132
-11.31
-17.05
-20.35
-21.08
-16.63
-14.66
-14.9
-15.2
-14.65
-15.4
-19.16
-18.96
-17.69
-14.39
-12.56
-13.85
-16.26
-16.07
-8.79
-37.31
-26.72
-11.58
-9.74
-8.27
-12.62
-15.84
-24.4
-19.23
-17.1
-13.75
-15.28
-13.62
-9.38
-13.16
-14.13
-13.96
-15.14
-14.19
-13.52
-12.74
-13.48
-13.53
-12.59
-12.25
-13.21
-12.6
-11.33
-9.99
-6.565
-4.181
3.967
21.51
39.7
37.52
30.6
44.69
75.3
106
123.4
180.1
162.7
210.1
251
294.5
324.8
447.6
670.1
535.2
410.3
384
460.1
439.6
496.8
568.5
447.4
634.2
544.4
534.7
820
512.8
632.4
517.7
629
390.2
386
427.1
237
307.6
134.3
34.02
8.71
1.232
-4.735
-7.59
-5.483
-6.99
-23.36
-31.24
-23.02
-23.86
-22.88
-21.29
-11.13
-23.94
-15.24
-6.588
-8.47
-9.17
-9.11
-9.94
-8.66
-9.34
-11.01
-12.07
-12.28
-11.36
-12.19
-14.59
-14.87
-16.32
-16.3
-15.96
-14.91
-11.54
-7.76
-6.721
-3.197
-5.762
-13.5
-12.68
-13.8
-12.1
-11.43
-11.52
-15.78
-17.24
-20.43
-19.66
-22.35
-20.36
-23.9
-25.58
-27.28
-28.73
-19.58
-6.52
4.976
11.31
34.58
76.1
99.7
112.3
148.1
165.5
151.2
146.5
193.8
363.4
333.5
363.9
607.1
549.4
658
773
754
763
776
788
680.7
526.9
754
616.9
601.5
680.9
667.4
641.8
595
580.3
552.6
503.3
466.9
445.4
367.4
326.9
276.2
228.1
170.8
133.3
85.2
38.78
2.211
-22.75
-37.71
-42.42
-43.19
-42.64
-42.37
-42.86
-41.5
-41.99
-41.85
-41.16
-39.22
-16.31
-32.35
-35.65
-34.12
-24.89
-21.39
-16.89
-18.7
-18.84
-15.34
-15.99
-16.66
-16
-15.68
-15.19
-15.32
-18.37
-19.82
-16.86
-15.42
-16.98
-16.04
-15.47
-16.65
-16.73
-16.04
-16.12
-16.91
-17.75
-20.79
-19.15
-16.79
-16.74
-18.52
-18.47
-17.21
-13.74
-3.933
5.414
15.01
17.02
30.36
51.73
74.8
109.2
158.5
199.1
248.6
290
314.9
337.7
362.5
340.4
307.6
329.1
414.1
582
410.9
247.4
29.16
-9.96
27.27
54.81
138.3
152
199.8
332
537.2
268.6
797
708
612.1
559.2
560.5
462.7
428.4
370.9
325.5
259.2
191.9
129.3
91.7
76.6
33.45
-3.635
-23.05
-33.34
-36.51
-37.62
-37.4
-38.01
-37
-36.15
-38.32
-37.91
-36.37
-32.04
-31.42
-30.16
-23.31
-17.3
-17.5
-20.08
-22.33
-23.84
-25.57
-23.27
-19.57
-19.18
-18.4
-18.65
-20.09
-22.48
-25.53
-27.41
-22.25
-22.88
-28.05
-29.18
-25.69
-22.5
-22.69
-21.6
-20.31
-21.52
-24.84
-23.63
-21.03
-21.42
-21.03
-21.26
-21.1
-19.77
-5.356
24.82
50.08
103
88.5
108.4
158.2
244.6
259.2
230.2
246
343.8
393.3
780
445.9
395.4
430
533.5
411.1
367
413.6
769
777
839
825
687.9
796
507.7
851
519.9
543.2
744
663.3
780
721
742
581.3
422.3
299.1
9.18
6.028
-9.37
142.9
129.6
130
76.1
9.81
-17
-29.43
-36.39
-38.91
-39.12
-39.8
-37.23
-38.8
-42.82
-37.91
-37.35
-38.96
-37.45
-38.2
-38.55
-38.2
-38.56
-40
-40.51
-41.02
-40.01
-40.1
-40.36
-41.71
-41.29
-39.82
-40.01
-38.15
-38
-39.44
-40.2
-39.65
-43.84
-41.26
-40.22
-38.99
-40.47
-40.02
-42.86
-40.16
-38.93
-39.37
-37.33
-34.64
-32.04
-28.52
-20.95
-17.65
-5.216
29.66
91.9
74.2
59.11
91.1
125.7
317
305.6
282.3
436.8
545.6
547.8
580.4
596.3
575.9
671.1
627
709
743
636.7
750
622.8
775
760
813
383.4
249.5
411.6
362.5
348
493.2
238.9
464
310
594.1
617.4
544.8
477.4
397.4
346.2
285.8
235.5
183.1
138.6
89.4
50.01
18.6
-7.85
-25.56
-35.88
-38.93
-37.38
-37.97
-37.48
-35.87
-35.57
-37.39
-35.12
-36.13
-33.91
-29.55
-33.1
-33.68
-29.47
-18.54
-23.43
-38.11
-33.28
-26.27
-20.12
-17.14
-17.66
-21.77
-22.54
-21.53
-21.22
-21.28
-25.62
-31.73
-30.45
-21.5
-18.3
-17.35
-14.57
-23.7
-30.44
-29.43
-26.89
-32.72
-33.2
-30.87
-29.58
-27.18
-24.35
-22.03
-16.91
-19.16
-28.18
53.24
82.6
164.4
225.4
279.2
325.4
366.6
419.2
469.1
485.1
526.3
557.5
583.9
624.2
662.3
677.2
707
721
728
744
757
749
742
748
735
742
717
695.7
678.9
664
619.6
582.7
548.1
509.1
482.1
428.5
376.7
339.5
279
234.3
176.5
129.5
82.4
41.71
7.78
-22.71
-37.33
-41.64
-42.63
-41.56
-40.74
-39.87
-39.43
-39.29
-39.04
-39.78
-39.51
-39.4
-38.52
-38.29
-39.09
-36.54
-37.24
-35.63
-37.45
-38.97
-40.24
-39.62
-39
-37.91
-26.05
-27.74
-33.51
-22.97
-17.86
-18.81
-15.82
-16.31
-29.13
-36.6
-33.07
-29.8
-38.99
-38.1
-38.32
-38.66
-37.52
-23.31
-26.02
-31.46
-30.48
-28.56
-29
-10.04
-4.83
-1.238
28.42
57.56
57.82
42.32
33.26
-9.47
36.97
61.61
109.7
150.2
181
201.2
237.3
268.1
272.5
326.3
443.1
368.6
346.1
367.3
346.8
449.1
537.7
451.2
362.8
400
561
478.5
632.5
654.4
504.4
530.5
538.6
518
487.8
444.5
376.3
329.6
270.6
228.6
171.8
124.2
81.6
30.5
3.005
-24.17
-27.33
-30.57
-35.39
-35.11
-33.2
-26.91
-19.96
-26.6
-31.87
-31.55
-22.28
-17.95
-14.77
-9.12
-10.2
-15.03
-31.9
-37.25
-34.3
-31.36
-25.5
-30.37
-35.76
-36.2
-37.19
-34.41
-38.07
-36.44
-22.87
-44.51
-43.55
-40
-39.59
-31.24
-32.77
-28.51
-21.09
-23.74
-18.88
-18.39
-25.93
-33.44
-30.28
-19.82
-17.16
-13.72
-12.26
-8.76
-6.351
-2.772
3.405
10.7
25.19
17.17
21.63
51.03
79.1
175.4
429
516.4
597.9
505.5
448.9
626.5
662.3
635.5
615.6
637.1
484.8
638
498
686.3
516
733
412.2
534.3
552.3
522
458.4
633.7
627.2
552.7
511.4
469.7
402.2
434.6
382
299.8
231.9
243
154.6
95.1
75.2
55.09
12.97
-15.16
-27.12
-38.1
-36.95
-37.16
-35.26
-34.4
-36.21
-37.74
-38.65
-41.04
-41.71
-38.22
-37.22
-42.76
-44.67
-44.49
-42.99
-41.97
-41.81
-45.89
-42.32
-39.39
-38.22
-40.43
-38.24
-39.5
-39
-42.78
-39.15
-40.22
-40.89
-21.31
-22.65
-12.07
-8.94
-8.27
-11.6
-27.46
-35.82
-38.41
-39.82
-30.5
-38.2
-31
-24.02
-24.84
-22.36
-16.37
-3.838
16.5
42.54
87.7
112.1
143.7
236.4
239.9
305.4
341.2
432.1
490.1
505.2
544.5
587.9
616.4
620.7
638.1
699.4
698.8
730
743
741
703
750
734
712
706
710
706
703
679.5
660
541.9
435.6
520.7
450.1
434.9
370.3
333.9
262.8
229.9
187.4
125
76.4
23.82
-5.466
-23.17
-35.21
-39.97
-40.73
-41.25
-39.88
-37.55
-33.74
-35.22
-37.21
-37.3
-39.93
-40.44
-38.24
-36.77
-36.99
-38
-39.46
-34.5
-39.38
-40.7
-40
-38.11
-38.46
-38.69
-36.25
-37.62
-39.76
-39.46
-38.63
-38.54
-40.1
-40.84
-40.33
-40.25
-40.45
-41
-40.93
-41.15
-41.22
-40.97
-41.1
-41.47
-41.91
-42.7
-43.14
-42.79
-41.74
-35.27
-12.27
20.06
61.4
100
147.3
194.2
246.3
313.9
370.1
407.7
453
486.6
529
576.6
602.1
639.3
662.4
678.5
707
734
736
738
749
763
751
751
743
717
725
677.6
682.2
609.6
661.3
588.6
530.8
497.1
450.4
322.1
380
320.4
277.7
218.6
177.4
132.5
92.1
56.89
28.1
6.054
-26.8
-37.97
-40.52
-42.07
-43.34
-45.77
-46.51
-44.87
-43.12
-42.07
-41.33
-42.65
-42.88
-42.93
-43.7
-44.7
-43.11
-43.55
-44.43
-43.95
-43.85
-43.42
-41.18
-39.75
-40.75
-39.55
-38.49
-39.93
-38.44
-40.95
-40.86
-37.61
-37.64
-38.24
-36.72
-18.4
-13.44
-21.1
-35.34
-38.22
-43.07
-25.57
-34.22
-41.16
-40.71
-38.79
-37.44
-33.27
-21.69
29.48
55.73
47.82
160.1
222
265.9
320.5
385.4
411.9
474.6
513
544.8
583.3
619.1
651.3
665.7
713
713
731
754
756
769
742
771
756
777
734
707
710
675.2
649.8
577
595.9
538.6
541
510
449.2
314.1
268
295.6
248.2
240.2
161.6
17.74
-5.435
-12.58
-25.53
-36.31
-40.44
-39.7
-40.02
-39.07
-37.16
-38.15
-38.59
-37.21
-37.5
-37.33
-38.1
-36.67
-36.79
-35.11
-37.76
-37.58
-35.17
-34.18
-31.37
-32.94
-34.56
-32.9
-35.52
-33.87
-32.01
-32.44
-32.96
-36.09
-34.28
-32.45
-34.13
-31.92
-23.11
-20.48
-30.69
-36.16
-36
-35.29
-37.78
-33.56
-28.42
-20.44
-26.88
-27.99
-31.85
-26.81
-23.15
-6.398
9.44
22.13
-2.938
95
125.7
119.5
162.2
205.3
341.6
465.8
485.9
488.4
587.1
621.9
316.1
356.4
520.7
662.4
700
736
737
764
759
775
838
828
837
806
756
726
706
679.1
380.3
174.6
246.8
216.2
406.6
365.9
304.4
222.9
165.1
162.3
109.7
42.25
20.6
0.425
-17.17
-24.63
-25.63
-24.88
-25.05
-25.28
-24.21
-24.07
-26.43
-31.68
-30.58
-30.34
-24.96
-27.53
-30.47
-32.14
-31.97
-32.16
-32.5
-32.14
-30.63
-24.96
-21.5
-24.57
-28
-27.57
-23.09
-17.12
-16.05
-14.14
-13.99
-13.22
-12.73
-6.456
-12.12
-34.15
-17.75
-30.34
-21.96
-18.9
-17.92
-17.68
-15.13
-17.12
-13.71
-12.6
-13.24
-17.98
-13.51
-12.7
-16.45
-6.9
1.74
7.45
21.67
28.95
25.81
27.61
73.1
94.3
151.1
100
79.2
83.3
100
98.3
92.3
88.3
100.9
107.4
124.4
140.9
162.1
177.8
203.5
229.4
290.1
313.7
333.9
362.8
381
387.6
369.6
498.3
528.4
489.7
444.7
355.9
285.1
265
212.7
166.8
114.2
66.92
33.56
8.87
-15.13
-28.58
-33.13
-35.49
-35.63
-35.94
-33.74
-32.71
-32.82
-33.87
-33.42
-32.55
-33.26
-32.02
-34.68
-34.91
-33.67
-35.06
-34.36
-36.28
-35.63
-35.02
-34.67
-33.77
-34.9
-24.6
-21.13
-23.97
-26.53
-31.06
-32.07
-27.59
-22.07
-27.59
-29.89
-24.72
-27.43
-29.32
-29.34
-28.72
-29.01
-29.52
-33.04
-29.71
-28.72
-27.92
-26.7
-27.58
-11.5
1.217
19.09
19.04
11.03
69.99
85.4
97.5
126.7
171.3
253.9
198.8
225.1
30.14
12.29
26.62
19.07
26.01
26.38
38.25
23.47
38.7
62.47
42.64
62.22
84.8
134.4
185
206.5
176.2
170.3
174.9
166.2
169.7
168.9
140
146.3
145.4
99.1
138.7
130.5
109
87.9
66.83
46.56
30.87
15.71
1.621
-15.49
-31.77
-37.26
-35.87
-35.27
-34.45
-34.3
-32.51
-32.73
-33.55
-36.85
-35.77
-35.91
-34.21
-33.79
-33.68
-34.08
-34.59
-35.49
-36.21
-37.43
-32.75
-29.29
-33.56
-34.3
-21.75
-32.43
-32.92
-32.19
-34.18
-31.61
-30.78
-30.73
-30.48
-35.08
-33.21
-35.38
-31.19
-32.34
-31.23
-26.51
-31.93
-31.78
-30.59
-32.41
-31.5
-29.13
-28.18
-23.41
-11.26
9.84
30.21
52.41
58.03
56.77
56.56
104.5
70.3
135.6
207.7
325.5
351.4
329.2
323.6
265.5
243.3
240.5
297.5
372.3
352.5
277.6
265.5
263.1
366.4
434.2
684.4
683.2
448.6
510.9
619.7
494.8
580.6
138.9
67.93
127
238.7
216.5
25.71
1.04
9.72
10.75
5.986
3.233
-0.744
-4.332
-5.562
-9.51
-10.55
-13.7
-16.35
-16.33
-15.12
-10.56
-14.12
-14.38
-17.73
-20.99
-28.51
-26.81
-28.59
-29.07
-28.45
-28.17
-30.49
-25.5
-22.23
-22.46
-12.1
-13.43
-14.05