-35.64
-37.7
-37.15
-37.34
-33.69
-29.43
-29.98
-30.27
-28.96
-26.97
-23
-24.65
-27.04
-26.52
-31.5
-29.28
-18.89
-22.55
-32.28
-30.68
-33.58
-36.18
-30.43
-19.37
-8.57
8.66
26.59
55.94
55.44
79.7
117.7
145.2
207.2
289.6
334.2
448.8
450.9
590.2
516.6
374.2
357.4
202.9
229.1
230.8
515.2
378.9
544.3
310.2
407.3
594.9
637.1
761
803
691.8
471.1
493.8
641.2
343.3
235.4
192.2
171.2
222.4
408.6
424.1
382.2
224
249.3
102
16.79
15.58
25.71
33.21
9.58
-14.5
-15.57
-22.14
-20.54
-22.46
-20.16
-21.71
-18.74
-15.89
-19.58
-21.46
-20.5
-21.63
-16.41
-16.96
-14.08
-14.96
-18.04
-16.58
-21.03
-16.52
-13.12
-18.49
-23.44
-19.34
-20.94
-16.6
-19.19
-20.64
-19.96
-15.68
-19.03
-20.67
-22.68
-24.96
-23.56
-30.35
-25.37
-26.66
-21.87
-16.05
-14.01
-15
-15.17
-16.33
-11.82
-7.71
-7.43
-6.193
-7.75
-3.453
3.537
3.519
1.103
-3.463
-0.834
3.777
1.848
11.57
5.749
27.3
12.77
30.05
33.27
13.83
7.47
8.73
10.36
12.5
11.83
13.1
17.56
18.91
27.99
31.37
40.45
36
55.89
71.3
103.7
150.3
227.2
188.9
77.2
172.1
116.1
92.4
148.7
200.7
194.5
111.7
79.5
25.78
12.22
9.03
4.714
-4.55
-13.14
-19.26
-16.54
-13.29
-17.62
-18.57
-16.06
-15.99
-13.52
-13.88
-16.03
-15.95
-17.6
-21.89
-18.38
-18.29
-18.54
-19.53
-17.64
-23.41
-18.52
-24.58
-22.47
-19.36
-21.72
-16.97
-20.01
-23.53
-29.31
-26.5
-30.39
-33.15
-30.05
-17.95
-21.11
-32.03
-28.08
-26
-26.66
-28.69
-31.5
-30.55
-29.67
-27.86
-30.29
-20.1
-0.145
29.55
75.8
141.1
214.5
237.5
178.9
165.3
143.8
119.1
167.8
284.3
275.5
322.1
320.9
642.1
721
622.9
619.1
415.3
680.5
741
757
803
767
648
632.9
717
676.8
692.7
696.2
612.1
614.3
628.9
521.4
644.7
563.8
550.1
352.7
293.7
64.86
28.86
41.26
50.46
66.05
77
59.87
12.14
14.48
-11.31
-32.66
-38.53
-40.66
-42.95
-43.44
-39.83
-40.18
-40.03
-34.66
-36.54
-35.18
-38.82
-40.04
-40.29
-41.04
-41.75
-42.75
-43.41
-42.87
-41.92
-39.19
-37.43
-37.79
-38.42
-38.85
-39.8
-40.37
-41.03
-41.68
-41.38
-43.19
-42.43
-42.78
-43.19
-42.87
-44.04
-45.44
-45.51
-45.01
-45.83
-45.25
-43.66
-42.49
-41.15
-30.76
-15.13
-45.88
14.25
99.7
156.5
214.5
257.1
313.8
372.5
420.7
466.2
511.7
557.6
600.6
629.1
675
696
722
744
772
777
718
781
648.1
784
869
830
826
807
825
494.1
666
669.8
713
670.8
644
527.3
599.4
101.8
59.24
69.4
132.3
64.92
55.44
65.89
120.3
84.3
47.49
16.13
-14.47
-26.18
-37.14
-43.52
-43.83
-43.89
-43.27
-40.64
-39.97
-39.76
-42.02
-40.65
-40.11
-39.83
-37.14
-35.96
-37.45
-38.94
-38.17
-36.97
-37.02
-40.09
-37.53
-35.24
-31.45
-22.15
-29.31
-38.54
-41.27
-39.94
-36.78
-40
-41.31
-40.39
-39.58
-39.43
-39.36
-37.59
-35.75
-36.12
-34.14
-35.34
-34.62
-35.95
-33.43
-33.37
-29.12
-9.28
13.83
75
122.5
171
193.5
101.2
127.8
314.8
435.3
485.9
480.8
555.8
594.5
636.8
663.6
719
721
702
685
812
659.8
696.8
652
754
872
767
869
860
829
799
765
733
703
685.3
639.8
582.8
481.4
543.3
511.2
463.9
406.3
312.7
268.4
203
130.3
90.5
52.6
17.35
-13.4
-38.84
-50.27
-53.19
-53.46
-51.88
-51.18
-50.49
-51.19
-49.39
-49.69
-49.21
-48.76
-50.96
-49.67
-51.62
-49.78
-50.85
-49.65
-50.19
-50
-49.24
-49.94
-48.3
-47.57
-47.16
-46.72
-47.97
-47.1
-46.38
-45.34
-44.94
-44.91
-45.57
-45.45
-44.85
-44.78
-44.75
-45.25
-44.71
-45.01
-42.78
-41.51
-32.34
-44.26
-43.15
-36.86
-17.22
22.47
65.21
105.7
128.9
159.5
231.8
307.8
364.5
418.6
418.2
447.3
531.8
525
617.1
602
626.2
529.5
741
768
796
792
788
794
698.2
604.5
634.4
720
718
679.8
764
639.8
439.1
500.3
294.8
447.1
561.8
150.4
349.6
423.8
341.2
323.2
236.6
165.6
190.7
146.9
106.9
54.08
23.12
-2.329
-27.53
-38.09
-42.09
-43.36
-41.85
-41.69
-42.03
-41.21
-40.21
-39.93
-38.5
-34.38
-39.87
-39.22
-40.13
-39.91
-38.54
-38.88
-39.45
-40.24
-38.87
-38.16
-39.76
-39.42
-37.76
-35.38
-35.52
-32.84
-38.94
-38.06
-35.9
-32.08
-27.24
-31.93
-42.54
-40.04
-38.55
-41.04
-40.62
-34.53
-36.25
-40.45
-40.66
-40.79
-40.47
-34.14
-10.52
25.75
51.88
102.9
163.2
222.8
200.7
232.8
263.7
211.3
323.8
493.1
614.8
662.2
630.5
497.7
414.1
573
703
839
646.3
562.7
890
749
813
887
797
796
577.1
483.9
611.1
769
495.2
560.1
599.6
626.5
488.3
375.6
305.7
478.4
380.7
361.3
305
244.6
200.4
156.5
90.9
29.99
17.66
-10.89
-28.93
-38.95
-39.52
-36.4
-39.43
-42.46
-43.47
-42.82
-42.18
-41.5
-41.89
-42.83
-43.18
-44.89
-44.35
-44.57
-43.97
-42.86
-41.68
-38.13
-37.48
-38.32
-38.88
-39.24
-39.22
-36.82
-37.46
-37.71
-50.87
-35.31
-34.35
-40.28
-38.8
-39.25
-40.15
-39.82
-39.12
-37.79
-36.08
-36.85
-36.64
-32.87
-30.41
-29.56
-29.35
-23.65
-10.92
2.558
10.9
6.432
49.57
132.8
106.3
119.9
156.2
223.9
177.5
166
134.3
199.9
302.5
276.8
165.7
240.5
391.5
325.2
227.5
176.8
262.2
514.6
870
890
831
828
828
795
778
768
775
726
690.3
665.8
647.2
614.6
503.7
327.9
116.1
65.46
-26.46
4.762
-1.551
-6.032
-8.85
-13.61
-14.97
-17.58
-18.8
-22.29
-21.66
-20.04
-20.29
-17.35
-12.6
-21.21
-28.67
-30.57
-31.41
-34.63
-32.67
-33.56
-31.15
-27.38
-32.39
-34.95
-34.1
-33.26
-33.92
-31.68
-21.28
-25.42
-19.2
-16.71
-16.55
-19.09
-22.92
-23.81
-16.98
-9.46
-7.14
-6.774
-4.06
-7.38
-5.501
-2.729
-2.832
-1.713
-3.054
-9.81
-4.981
-6.277
-11.02
-18.31
-13.88
-8.33
-1.494
9.72
20.46
36.64
55.44
71.8
87.8
99.8
120.8
160
177.9
149
262.8
410.5
582.6
648.9
715
563
573.9
632.7
568.2
689.4
509.2
487.7
788
507.1
484.8
543.3
544.7
330.3
644.9
623.5
467.7
416.4
537.8
541.7
558.7
323.8
228.9
254.5
162.8
208.4
119.9
160.7
101.8
52.05
16.17
-19.72
-31.38
-38.88
-39.32
-36.77
-34.98
-33.84
-32.28
-29.68
-30.7
-29.79
-26.57
-29.09
-28.34
-27.67
-26.24
-24.98
-24.09
-19.66
-17.76
-22.31
-26.09
-24.62
-23.23
-19.78
-25.59
-15.32
-14.53
-14.8
-14.84
-14.26
-13.65
-14.11
-14.07
-14.81
-18.95
-20.37
-20.89
-21.04
-20.49
-19.43
-21.41
-32.07
-33.14
-20.95
-16.28
-23.99
-9.93
-3.777
8.31
22.44
42.79
51.57
72.9
88.4
222.8
372.4
300.2
441.5
406.7
337.5
413.1
481.3
487.9
430.6
660.8
746
622.3
688.4
639.3
686.5
640.1
836
541.6
801
487.1
438.3
328.3
221.9
391.9
442.2
86.2
199.8
164.2
162.8
34.22
64.1
46.31
30.63
21.24
-4.152
-3.519
-20.6
-21.91
-16.53
-15.72
-15.32
-13.39
-11.08
-13.47
-23.68
-21.64
-21.94
-20.9
-18.78
-15.4
-11.13
-11.04
-9.67
-9.72
-8.87
-12.22
-16.83
-17.88
-15.66
-15.31
-15.71
-11.37
-14.66
-14.37
-12.02
-11.26
-8.1
-12.88
-8.35
-9.52
-16.3
-17.19
-18.74
-17.67
-18.48
-13.78
-23.94
-28.07
-22.48
-20.06
-23.69
-23.43
-23.69
-22.94
-19.52
-21.98
-26.38
-14.3
7.59
37.38
33.33
31.33
35.61
33.95
41.44
45.13
47.5
37.39
32.42
31.76
42.38
40.99
45.85
52.41
71.3
84
109.7
151.4
123.7
126.2
113.2
101.7
122.3
104
160.8
156.9
164.5
69.3
124.4
36.11
15.34
49.3
43.71
29.48
24.02
25.54
19.29
24.43
27.92
29.81
30.14
31.96
29.74
21.5
12.04
-0.692
-6.045
-13.5
-18.82
-24.52
-20.67
-19.2
-16.23
-18.57
-20.53
-19.69
-18.79
-23.37
-24.3
-24.02
-23.61
-29.89
-31.24
-31.98
-25.52
-30.46
-26.61
-26.46
-28.69
-31.48
-36.91
-36.88
-26.14
-31.12
-27.64
-25.87
-27.83
-28.88
-29.27
-25.49
-25.07
-22.79
-21.01
-24.3
-29.57
-27.92
-23.53
-28.98
-29.4
-25.25
-27.21
-29.77
-25.04
-21.37
-18.78
-11.08
2.014
6.401
16.92
29.2
32.44
31.72
21.84
25.81
46.54
47.28
45.11
59.39
60.2
90.5
124.4
146.9
183.5
315.3
358.2
410
401.1
334.8
319.3
240.5
353.3
384.3
404.1
492
387.4
511.8
356.7
785
579.3
305
-9.45
-1.641
5.129
5.573
16.35
8.77
4.799
14.29
13.93
4.224
-2.096
-5.525
-9.27
-11.61
-15.09
-14.06
-14.12
-15.58
-14.51
-14.28
-14.71
-14.72
-17.74
-18.67
-16.98
-18.61
-19.72
-19.83
-18.7
-30.07
-31.34
-32.71
-31.6
-32.77
-30.86
-33.92
-28.56
-22.6
-23.13
-26.21
-26.11
-25.94
-26.4
-18.97
-13.1
-10.66
-12.77
-14.81
-20.01
-23.26
-29.51
-30.22
-22.67
-17.9
-21
-19.28
-17.37
-16.18
-16.4
-11.97
-8.8
-9.11
-11.89
-6.937
-1.885
-0.042
12.77
21.32
31.78
35.4
66.11
76.3
83.4
72
64.57
73.1
96.3
99.6
164.8
292.4
389.7
254.4
315.4
358.1
426.1
570.9
465.9
801
707
831
617.3
681.3
660.2
508.2
339.7
441.8
492.5
481
372.8
214.2
170.7
158.6
227.7
164.5
147.1
69.64
-19.36
-51.14
-14.01
-9.39
-8.7
-8.21
-12.06
-12.86
-12.42
-13.4
-13.53
-16.51
-19.17
-17.55
-19.78
-15.78
-12.44
-13.45
-16.86
-15.62
-9.39
-6.338
-7.39
-9.07
-10.88
-10.63
-5.227
-6.166
-12.25
-8.42
-8.31
-11.15
-7.74
-10.79
-11.69
-11.25
-16.37
-12.51
-10.99
-9.74
-8.85
-11.44
-14.54
-12.09
-8.15
-7.31
-8.9
-9.72
-8.42
-5.337
-0.911
12.41
21.75
14.68
18.26
30.77
16.98
6.665
8.44
9.22
23.77
48.71
58.74
87.6
174.3
101.1
79.4
137.6
129.4
160.9
173
289.3
297.3
440.8
450
310.4
463.2
491.9
392.4
268.3
288.2
260
163.8
166.2
119.5
154
231.6
159.4
267.5
236.1
336.5
191.7
129
102
91.4
38.71
32.27
22.61
12.31
-10.6
-32.3
-40.37
-41.15
-24.19
-14.82
-14.82
-32.87
-40.64
-42.55
-31.28
-14.11
-7.99
-12.24
-8.82
-8.33
-9.89
-10.87
-10.12
-10.1
-10.04
-10.62
-10.97
-10.49
-10.66
-11.26
-10.77
-10.78
-10.82
-11.14
-10.95
-10.99
-10.75
-10.65
-10.76
-9.87
-9.9
-10.18
-10
-9.47
-9.66
-10.37
-9.29
-9.63
-9.3
-11.99
-2.04
19.24
57.1
122.6
179.7
192.5
161.6
158
224.1
226.9
351.4
302.1
494.3
499.1
535.3
692.1
417.2
303.2
628.9
521.7
348.1
484
560.3
775
867
808
741
581.4
529.2
338
274.3
349
268.3
217.3
284.4
208.8
148.9
187.1
156.4
250.1
252.2
210.5
167.8
145.1
133.9
102.1
82
53.3
33.23
7.37
-18.47
-28.12
-20.55
-18.25
-14.51
-14.57
-15.37
-26.04
-22
-22.23
-34.43
-38.26
-39.79
-39.06
-39.84
-38.61
-35.64
-35.21
-35.9
-35.78
-35.55
-35.4
-35.31
-35.08
-35.3
-35.55
-35.77
-31.82
-19.39
-14.88
-18.2
-15.97
-10.71
-8.92
-12.1
-20.46
-19.61
-17.12
-18.98
-15.12
-15.97
-17.31
-15.65
-15.22
-14.02
-11.13
-10.13
-2.188
12.05
31.32
40.19
36.33
40.93
63.69
171.4
135
17.16
69.16
109.6
139.3
179.1
225.7
225.6
272.4
321.3
573.9
800
777
874
846
573.6
755
574
636.6
645.2
691.9
776
635.1
474.3
391.1
29.66
39.07
104.5
120.4
111.1
60.55
92.3
133.1
152
273.9
346.3
237.6
129.7
77.2
36.66
6.998
-16.53
-29.01
-36.46
-37.13
-33.92
-37.4
-36.04
-36.04
-35.62
-34.45
-32.23
-33.27
-36.13
-43.32
-43.51
-44.25
-58.58
-42.79
-38.56
-37.82
-36.02
-40.05
-42.21
-36.86
-41.3
-43.47
-38.37
-37.96
-35.85
-34.22
-31.58
-28.83
-22.23
-20.08
-20.7
-18.68
-20.59
-39.99
-22.54
-19.53
-18.28
-18.42
-19.86
-21.36
-21.36
-20.12
-14.9
-5.2
4.387
16.57
33.45
53.28
75.4
95.7
119.5
143
261.6
359.6
420.9
440
496.6
285.2
243.3
272.1
377.1
474.5
629.8
698.2
610.5
750
787
803
788
690.5
853
560.5
618
742
706
681.8
651.7
523.6
587.6
580
542.3
510.8
464.2
368.3
305.2
256.9
189.2
165.2
18.92
3.043
25.67
12.3
-13.88
-31.86
-34.38
-25.09
-23.36
-27.53
-36.14
-26.35
-22.84
-34.55
-34.11
-24.85
-31.54
-15.89
-28.47
-35.87
-36.49
-37.1
-38.07
-35.87
-33
-33.37
-28.93
-21.25
-28.69
-32.75
-29.78
-48.61
-29.96
-26.37
-33.56
-38.42
-38.36
-37.6
-36.48
-34.39
-31.39
-25.32
-24.13
-29.34
-29.16
-22.63
-22.04
-24.07
-20.82
-19.23
-15.65
-4.041
11.61
32.63
48.75
69.78
109
131.6
149.2
182.8
220.3
304.6
334.7
450.5
344.8
374.4
639.7
629.1
498.6
424.8
628
938
825
829
811
812
811
780
782
771
759
750
749
667.4
662
631.3
577.6
537.3
499.5
460.7
423.2
360.7
211.4
130.3
109.7
201.7
176
110.4
58.3
26.86
-88.5
-38.48
-38.47
-38.95
-39.2
-39.29
-39.78
-40.52
-41.08
-41.15
-41.96
-41.47
-42.68
-42.39
-41.79
-41.17
-41.23
-40.52
-40.43
-39.62
-39.15
-36.93
-37.19
-36.97
-35.48
-48.51
-49.01
-40.49
-39.46
-40.19
-40.79
-39.41
-40.77
-39.79
-40.08
-41.61
-41.06
-40.33
-39.76
-38.32
-33.05
-37.71
-32.81
-26.95
-28.46
-37.55
-32.84
-24.41
-16.83
-7.47
20.59
136.1
219.3
221.3
329.6
376.8
432.5
403.5
494.1
538.6
583.6
617.2
669.2
671.7
746
731
745
755
762
769
726
793
780
782
774
782
643.1
353.7
95.8
144.8
81.6
435.8
631.1
577.4
496.4
379.7
311.6
193.1
117.4
165.1
163.6
111.6
44.35
23.61
-64.26
-7.8
-6.261
-10.53
-14.91
-16.12
-15.53
-13.83
-14.82
-15.01
-13.76
-15.4
-18.58
-18.88
-18.35
-18.34
-18.49
-21.12
-24.86
-28.27
-28.21
-24.12
-26.91
-26.75
-27.96
-32.53
-38.65
-32
-33.97
-33.11
-30.29
-31.36
-31.84
-31.97
-27.8
-28.37
-24.41
-23.27
-23.32
-26.89
-28.88
-31.65
-31.11
-30.01
-27.92
-29.14
-32.66
-34.98
-29.08
-1.101
40.54
60.2
86.4
140.1
235.7
269.2
418.1
411.4
489.8
407.9
224.8
233.1
293.3
394.6
385.1
497.6
599.6
513.5
369.8
339.1
394.9
485
436
481.8
443.9
421.4
779
916
672.4
495.6
656.4
657.9
585.8
430.7
512.7
366.4
59.9
46.38
64.7
86.9
98.9
105.1
98.6
140.9
49.38
2.393
-14.45
-24.4
-19.32
-25.13
-27.89
-33.98
-34.5
-31.43
-26.72
-30.04
-28.08
-27.53
-44.15
-50.36
-36.7
-30.5
-27.44
-23.97
-24.69
-23.26
-26.58
-25.41
-26.21
-30.94
-35.64
-30.5
-32.61
-28.34
-22.59
-29.39
-30.55
-28.99
-33.06
-32.05
-23.46
-20
-26.1
-32.15
-23.67
-18.43
-21.03
-26.68
-26.74
-27.95
-28.36
-34.32
-26.53
-29.19
-31.86
-21.58
-17.09
20.43
53.22
66.35
127.2
240
347.1
412.7
496.3
376.9
403.2
444.6
386.1
354.4
296.9
289.7
276.9
297.9
333.5
332
450.9
463.8
433.2
545.5
318.9
334.2
387.8
447.8
505.1
426.5
703
737
668.4
543.3
556.3
505.4
466.8
441.9
409.4
342.6
288.9
168.2
173.2
112.2
139
77.6
68.67
21.92
-15.64
-29.62
-30.19
-20.88
-16.86
-17.34
-17.42
-20.01
-28.76
-37.6
-39.89
-32.01
-39.9
-39.83
-32.38
-29.99
-35.68
-31.5
-36.73
-35.86
-40.59
-41.2
-41.21
-41.02
-41.22
-40.45
-41.69
-37.42
-38.06
-39.76
-41.17
-41.03
-37.52
-38.92
-24.8
-10.24
-16.38
-15.75
-21.83
-39.27
-36.47
-21.21
-12.35
-12.94
-12.95
-7.68
-5.741
-11.8
-16.32
1.6
12.46
29.32
71.3
129.2
190.2
375.8
435.7
464.9
500.1
555.6
602.1
609.9
625.9
736
669.4
754
706
822
607.6
740
619.5
539.3
775
692.4
718
807
734
565.2
561.1
385.8
556.1
545.8
161.1
173.9
267.8
300
439.5
400.9
335.4
281.6
175.9
121
81.6
1.929
-22.33
-29.38
-37.33
-45.38
-43.42
-43.56
-42.2
-45.36
-48.29
-48.19
-47.25
-46.56
-44.38
-47.71
-48.62
-48.48
-48.14
-48.38
-48.07
-47.38
-48.02
-47.56
-47.33
-47.82
-47.38
-46.57
-46.88
-46.98
-46.41
-47.1
-46.94
-46.23
-46.25
-45.61
-46.22
-45.46
-45.83
-46.94
-44.77
-46.21
-46.89
-47.56
-48.22
-46.99
-47.41
-46.17
-45.24
-40.19
-23.66
10.29
45.98
86.3
118.8
173.7
245.8
264.2
340.3
392
436.3
483.7
522.5
553.8
612.1
622.2
672.5
690.5
694.5
742
746
772
772
725
800
846
804
772
783
755
744
749
728
684.9
646.2
617
582.1
535
407.5
438.4
383.4
352.9
301.2
234.4
172.3
116.4
67.65
35.98
8.67
-22.66
-36.9
-40.93
-42.37
-40.32
-39.4
-40.1
-41.99
-39.98
-40.14
-39.53
-41.05
-41.29
-41.38
-39.66
-41.95
-42.82
-42.09
-40.51
-40.19
-41.52
-42.15
-42.27
-41.99
-41.67
-41.98
-41.11
-41.69
-42.17
-42.49
-41.89
-41.67
-41.92
-41.83
-41.35
-39.76
-39.29
-38.43
-36.97
-38.03
-37.1
-37.65
-38.51
-39.37
-40.66
-39.51
-35.05
-14.19
14.3
13.48
32.71
58.41
119.8
125.5
333.1
367
371.6
326.2
239
208.5
490.2
406.3
352.5
495.9
594.2
502.8
649.9
763
781
801
708
725
540.5
843
629.8
846
880
395.2
187.2
551.8
480.4
589.2
576.3
260.9
86.2
51.46
24.25
5.375
-0.137
1.172
2.23
8.5
19.71
11.78
2.674
43.69
-6.284
-30.83
-25.97
-30.45
-32.33
-30.78
-32.02
-34.07
-35.17
-35.07
-34.19
-18.88
-18.69
-33.44
-45.39
-35.32
-36.53
-34.42
-34.7
-38.78
-35.87
-36.67
-36.29
-38.08
-39.61
-36.82
-35.84
-36.01
-34.02
-30.28
-26.8
-27.99
-20.56
-29.33
-28.98
-32.51
-30.62
-30.1
-30.35
-36.05
-38.73
-39.08
-38.06
-35.26
-38.85
-38.42
-34.86
-21.12
6.077
53.49
12.55
5.757
-10.42
126
235.5
337.3
389
432.8
486
529.8
556.2
626
613.2
473.9
586.6
693
808
785
897
655.2
489
683
809
795
731
824
680
730
669.4
588
790
461.6
405.7
518.9
482.8
306.3
444.8
391.2
328.7
86.8
20.2
118.8
128.5
79.3
38.53
4.284
-29.31
-40.4
-42.77
-43.62
-44.05
-44.14
-44.51
-44.3
-42.57
-39.83
-39.48
-39.52
-38.41
-38.16
-41.3
-43.58
-40.45
-38.42
-37.74
-38.82
-38.37
-39.64
-38.4
-40.27
-38.78
-43.55
-37.66
-36.7
-35.3
-41.03
-46.29
-42.81
-48.28
-48.71
-50.51
-59.92
-61.9
-47.81
-46.04
-44.07
-40.77
-41.13
-44.92
-42.54
-39.73
-41.36
-39.81
-26
-4.464
-3.165
75.6
116.5
153.1
242.5
291.3
333.9
386.3
439.6
437.9
517
560.5
579.7
682.2
531.9
607.5
461.2
878
609.7
462.6
509.3
661.5
228.5
556.3
714
798
720
831
820
719
681
587.8
451
567.5
612.9
463.9
316.8
385.3
380.4
351.8
164.6
106.9
58.86
43.87
36.99
49.42
48.69
4.094
-25.59
-29.21
-25.64
-38.87
-41.17
-41.71
-41.76
-42.85
-43.61
-41.79
-42.08
-41.21
-41.97
-41.39
-40.98
-43.63
-39.27
-38.82
-41.12
-54.52
-44.64
-43.92
-42.82
-42.14
-42.12
-42.1
-42.21
-39.22
-29.85
-42.58
-42.7
-40.46
-41.64
-43.71
-44.29
-44.2
-44.38
-44.85
-44.66
-45.48
-44.7
-44.52
-44.88
-44.57
-44.06
-42.79
-31.15
-5.06
39.68
87.1
118.1
112.8
111.8
209.7
227.5
218.3
318.8
305.5
291.9
317.5
352.4
520.1
412.6
347.2
469.9
560.7
589.5
471.2
452.3
649.5
573.4
625.5
523.2
452
778
721
597.1
542.2
388.9
407.2
405.5
503
598.1
537
201.1
77.5
67.13
50.7
35.68
54.2
49.87
34.71
18.38
7.9
-0.23
-9.51
-17.96
-23.87
-27.14
-27.48
-28.13
-31.53
-30.62
-29.2
-28.54
-25.14
-23.19
-19.14
-16.12
-19.05
-20.48
-23.7
-24.35
-24.15
-24.3
-19.59
-24.76
-27.33
-22.54
-17.87
-17.04
-20.3
-24.37
-25.43
-26.7
-27.66
-25.87
-30.74
-33.51
-29.83
-29.64
-35.02
-32.4
-34.78
-35.39
-33.33
-34.72
-34.85
-31.33
-31.79
-28.19
-27.91
-24.79
-18.61
-6.658
1.88
15.15
24.04
54.85
112.9
53.82
342.4
189.9
433.5
342.6
540.9
468.1
388.9
435
579.1
741
387.5
721
553
682.8
651.7
474.2
287.3
614.8
225.2
89.8
-24.66
-30.58
-6.471
29.7
17.47
-3.581
28.51
77.5
120.2
301.4
328.7
97.2
69.85
69.84
78.3
63.48
45.59
54.53
72.6
35.65
-5.595
-28.17
-35.88
-37.01
-35.19
-32.08
-32.53
-37.64
-31.75
-31.27
-29.75
-31.69
-31.7
-23.7
-29.77
-32.57
-31.71
-31.54
-32.07
-32.41
-32.41
-33.16
-33.38
-35.84
-37.28
-33.76
-34.25
-43.32
-48.15
-30.55
-24.79
-22.53
-20.01
-18.69
-22.09
-20.27
-14.76
-14.3
-17.85
-22.19
-36.55
-18.91
-26.01
-21.76
-30.81
-28.66
-30.41
-34.06
-22.69
-9.15
8.29
22.28
39.81
71.4
171.9
269.6
317.1
364.9
356.1
223.9
457.6
543.3
504.6
435.6
341.7
269.9
314.7
484.1
573
547.1
585.7
555.2
609.4
536.2
461
354.9
536
478.8
300.6
272.6
225.9
156.1
111.5
101.3
131.3
157.4
227.3
272.2
211.1
149.1
103.5
89.8
73.5
49.34
24.57
0.858
-18.02
-29.04
-33.24
-32.55
-32.73
-31.3
-36.38
-34.87
-31.61
-30.4
-32.98
-35.66
-35.35
-34.7
-31.66
-31.89
-34.44
-36.13
-35.8
-36.5
-35.05
-31.01
-32.69
-32.7
-33.67
-30.74
-29.12
-29.21
-28.95
-30.57
-31.12
-30.67
-31.29
-28.71
-23.33
-14.79
-15.47
-18.81
-15.9
-17.46
-23.18
-28.8
-30.91
-37.72
-54.59
-57.36
-53.33
-47.28
-43.8
-14.48
24.4
50.01
74.4
115
134.5
167.2
172
281.2
340.8
417.8
535.2
614.8
501
616
531.5
516.1
485.6
542.9
529.5
598.7
730
603.4
418.2
417.6
371
383.5
305.8
266.6
329.3
321.9
277.1
353.7
464.7
255.2
197.2
170.8
167.4
153
140.1
125.4
107.6
86
60.77
42.1
21.99
0.528
-13.14
-26.56
-33.78
-26.21
-22.69
-33.23
-35.91
-36.14
-38.43
-34.29
-28.48
-28.26
-32.68
-32.88
-32.65
-33.7
-19.08
-25.46
-30.01
-34.07
-19.83
-20.42
-21
-22.96
-23.64
-25.34
-22.45
-19.05
-21.64
-12.22
-9.63
-10.06
-30.91
-18.14
-12.55
-12.45
-12.16
-15.68
-14.7
-17.47
-21.46
-23.49
-21.8
-15.91
-17.07
-15.91
-15.52
-15.75
-14.08
-4.435
20.08
41.12
56.92
72.2
71.3
82.3
89.9
94.2
119.2
154.7
189.5
262.6
334
342.3
330.9
376.1
440.1
341.9
393.7
430.4
422.9
388.3
522.7
498.2
670.9
646.6
746
547
439.8
406.5
497.5
526.4
421.8
461.4
440.3
354
303.9
364.7
296.3
278.7
231.4
204.1
168.4
114.4
34.49
2.673
-19.39
-34.84
-41.96
-42.67
-41.8
-42.54
-43.66
-44.55
-44.36
-43.19
-42.51
-43.08
-42.95
-43.15
-43.02
-44.46
-44.36
-44.24
-43.18
-36.1
-33.71
-31.8
-28.72
-28.71