-24.31
-23.025
-22.605
-24.195
-22.46
-20.65
-23.535
-19.195
-20.385
-25.42
-12.7485
-10.3875
-19.31
-30.615
-34.495
-32.255
-33.33
-37.475
-37.38
-41.035
-47.35
-50.425
-51.195
-49.4
-46.7
-35.655
-37.89
-29.8615
-16.155
-2.105
5.792
38.3
82.495
94.75
120.95
200.8
161.55
229.5
306.1
275.15
294.75
343.55
300.35
316.75
340.2
413
414.2
432.8
436.85
431.85
380.65
443.65
450.75
435.1
420.4
365.75
343.35
305.1
310.65
308.3
239.95
204.65
149.75
134.6
103.15
115
42.135
24.69
-6.845
-35.73
-40.99
-37.1
-38.875
-39.49
-40.675
-38.58
-38.105
-34.09
-33.85
-36.94
-41.115
-38.31
-33.975
-36.095
-43.73
-49.465
-46.835
-50.41
-52.945
-47.375
-52.735
-53.575
-53.99
-53.21
-51.635
-52.34
-51.81
-52.475
-51.975
-52.6
-51.81
-50.43
-49.955
-44.425
-45.83
-41.655
-42.32
-44.46
-40.85
-35.537
-34.274
-33.164
-32.2165
-33.2285
-33.4615
-32.9035
-31.7895
-31.8595
-31.839
-32.1255
-32.2685
-31.6515
-31.9465
-29.0475
-19
-1.065
10.5385
26.565
64.4
90.15
121.15
126.385
139.875
197.9
217.85
245.7
265.3
277.55
354.9
348.7
336.65
320.9
332.55
356.45
388.325
386.65
395.15
414.15
405.75
364.95
366.55
438.8
405.8
411.8
329.1
302.6
268.9
264.9
247.45
166.8
117.75
79.08
42.855
23.66
-1.379
-26.52
-43.78
-47.88
-50.235
-55.525
-42.51
-51.885
-48.67
-17.785
5.645
6.86
4.18
2.135
0.175
-3.845
-3.12
-21.895
-59.425
-55.69
-48.75
-45.375
-49.235
-47.93
-47.895
-44.63
-46.01
-51.69
-54.375
-54.96
-59.38
-57.145
-52.855
-54.39
-55.61
-54.745
-52.395
-53.195
-54.325
-55.61
-53.6
-53.61
-55.82
-57.41
-53.99
-57.28
-57.715
-57.19
-56.89
-54.74
-52.41
-54.735
-52.94
-52.925
-51.305
-52.64
-40.655
-26.545
20.567
55.25
90.42
130.25
170.1
207.6
252.15
291.3
321.6
351.95
374.5
385.3
389.65
400.9
398.2
404.05
405.35
416.25
416.25
431.5
426.75
437.25
454.8
471.4
468.4
448.7
420.4
399.45
365.15
332.4
298.45
262.5
225.25
182.85
142.4
102.2
59.5
23.145
-8.5715
-34.575
-51.045
-58.5
-60.85
-60.11
-60.685
-59.7
-60.065
-58.525
-56.805
-55.255
-53.525
-54.105
-53.285
-53.17
-52.72
-51.51
-51.025
-49.53
-49.63
-48.83
-49.645
-49.38
-49.315
-48.13
-48.19
-47.945
-47.825
-45.415
-45.91
-47.445
-47.89
-47.955
-47.155
-46.35
-47.445
-46.965
-46.625
-45.815
-46.19
-46.8
-44.55
-43.46
-43.53
-42.925
-44.165
-44.445
-44.18
-44.55
-44.785
-45.655
-43.785
-42.23
-39.09
-38.755
-17.8335
7.55
37.445
71.665
101.15
116.7
169.55
203.8
251.1
276.65
320.4
354.9
378.1
375.3
392.75
391.9
394.45
405.35
407.45
411.65
421.8
428.25
428.95
434.5
453.75
480.95
466.8
453.2
429
406.55
370.45
338.2
307.75
277.85
235.9
196
151.2
105.2
63.7
26.44
-4.625
-31.805
-49.78
-57.1
-57.15
-58.535
-59.05
-57.475
-56.655
-55.945
-54.94
-55.795
-54.69
-54.485
-54.34
-52.5
-53.035
-52.325
-52.19
-50.945
-51.445
-52.87
-52.005
-51.02
-50.515
-49.935
-48.85
-48.315
-47.42
-45.815
-45.59
-44.38
-42.715
-43.87
-42.485
-41.06
-41.295
-42.02
-40.565
-40.635
-41.01
-42.19
-41.5
-40.115
-42.175
-43.86
-42.355
-39.845
-33.51
-42.98
-44.355
-43.86
-43.22
-44.15
-41.53
-33.795
-18.798
4.205
31.72
62.29
82.9
127.4
173.45
210.95
249.85
288.35
323.5
346.55
368.65
383
386.05
399.45
399.95
407.25
415.25
418.85
417.35
425.7
438.35
448.2
455.1
471.1
465.8
448.8
428.85
400.9
375.15
336.1
303.25
269.95
230.65
190.5
143.9
102.65
63.375
24.9035
-6.395
-33.645
-51.915
-57.54
-59.645
-60.795
-57.96
-57.08
-56.3
-56.23
-58.17
-58.205
-56.33
-58.375
-57.16
-57.67
-57.06
-56.965
-57.745
-58.29
-55.95
-56.145
-55.85
-54.775
-58.265
-57.785
-58.29
-58.52
-58.955
-58.895
-59
-57.805
-57.135
-54.605
-54.215
-53.515
-52.7
-53.295
-52.31
-50.765
-50.175
-50.26
-49.68
-51.625
-50.295
-49.05
-47.425
-46.665
-47.91
-47.76
-47.24
-46.25
-44.955
-40.58
-36.415
-33.28
-20.525
0.605
16.225
44.82
96.4
133.25
173.5
223.4
253.15
292.9
326.35
355.2
370.4
386.5
391.5
396.55
401.3
410.4
415.2
419.45
428.7
410.25
430.35
436.4
445.1
478.3
437.95
451.9
420.4
378.65
375
351.9
289.3
231.3
181.3
176.15
151.4
91.5
52.46
26.665
-7.116
-37.6
-51.785
-57.695
-57.34
-56.87
-57.83
-59.79
-60.79
-58.785
-60.015
-59.11
-56.355
-56.11
-58.285
-58.74
-58.675
-58.085
-59.135
-59.31
-59.465
-59.42
-61.055
-61.28
-61.24
-61.175
-58.265
-58.18
-57.78
-54.21
-53.115
-52.42
-53.9
-54.92
-53.53
-53.425
-54.435
-52.88
-50.21
-49.205
-50.195
-50.43
-51.275
-52.155
-52.11
-51.545
-50.59
-52.41
-52.555
-51.925
-49.985
-40.25
-44.04
-43.18
-40.19
-35.91
-20.11
5.1755
33.36
71.115
110.2
147.3
175.1
198.4
195.2
271.15
314.9
350.35
371.75
374.2
376.55
383.65
390.15
400.1
404.6
413.7
422.3
414.55
427
432.55
451.85
460
453.2
444.65
417.35
388.8
361.95
335.3
295.8
257.1
172.85
106.565
102.75
101.55
50.09
16.502
-14.29
-44.63
-54.435
-58.875
-58.38
-58.235
-58.005
-59.27
-59.03
-59.83
-59.205
-61.64
31.675
-39.14
-62.43
-62.595
-61.205
-62.755
-61.515
-61.29
-59.705
-60.18
-60.535
-60.025
-58.805
-55.735
-54.96
-51.59
-51.93
-49.415
-48.74
-48.875
-49.79
-50.535
-51.11
-51.445
-51.675
-51.675
-53.145
-56.775
-49.42
-48.66
-49.18
-48.855
-48.35
-47.86
-47.88
-45.945
-47.825
-47.125
-46.835
-47.195
-47.14
-48.815
-46.965
-44.37
-29.1
-6.02
21.6945
51.695
85.895
125.4
168.95
200.6
235.4
277.6
311.35
339.15
355.75
368.6
366.85
374.65
393.6
391.85
408.65
399.75
406.55
419.1
418
426.1
452.2
452.3
445.25
431
403.85
384.65
355
320.25
293.8
255.95
216
174.5
136.9
96.195
38.655
11.5165
1.915
-36.335
-54.585
-60.61
-56.06
-54.405
-36.92
-56.445
-58.2
-57.155
-56.385
-53.405
-52.025
-51.94
-51.075
-50.88
-50.045
-49.835
-48.885
-47.16
-47.805
-48.1
-48.665
-48.59
-50.52
-48.475
-48.035
-47.225
-46.94
-46.71
-47.565
-47.615
-48.905
-49.95
-49.68
-48.98
-49.73
-48.795
-50.27
-52.315
-51.92
-50.5
-50.845
-49.625
-50.525
-50.58
-50.4
-48.87
-49.07
-48.875
-50.135
-50.685
-50.35
-48.66
-44.525
-38.565
-45.39
3.8475
34.615
56.2
77.675
114.45
181.75
206.95
239.75
288.3
314.25
336.15
359.6
364.65
372.25
386.4
395.2
403.85
375.1
387.05
325.5
390.1
411.2
369.55
377.75
426.6
394
382.15
382.15
321.1
314.55
318.8
277.75
242.2
179.35
140.2
117.95
43.39
70.845
9.625
-21.565
-40.765
-56.04
-61.535
-63.39
-62.22
-60.41
-58.425
-54.865
-53.92
-53.865
-51.28
-52.31
-54.8
-53.1
-53.43
-53.115
-53.12
-52.365
-51.835
-51.275
-52.32
-50.805
-50.035
-49.865
-49.18
-49.805
-49.6
-49.46
-49.555
-49.015
-48.755
-46.53
-47.52
-45.23
-41.73
-43.84
-48.22
-47.23
-46.045
-45.61
-40.51
-37.665
-37.98
-37.795
-40.325
-40.825
-41.92
-42.125
-40.89
-44.245
-42.785
-41.115
-40.28
-37.115
-28.835
-10.6215
8.819
31.135
57.595
81.48
105.4
132.15
167.3
191.4
225.25
268.15
310.9
298.85
284.9
300.4
330.45
306.1
297
305.8
328.9
289.45
360.35
439.4
393.55
339.1
358.55
314.75
314.3
295.7
311.85
235.4
210
171.15
155
130.45
111.75
79.18
57.73
36.05
6.021
-10.619
-24.9005
-33.125
-37.095
-38.82
-38.565
-39.54
-36.675
-32.26
-36.73
-38.93
-44.33
-44.315
-41.525
-43.875
-47.04
-45.435
-42.875
-39
-37.4
-37.67
-39.02
-37.775
-43.735
-35.865
-33.585
-35.1
-32.175
-30.682
-29.593
-28.973
-28.629
-28.501
-28.24
-27.988
-28.9425
-28.9555
-28.782
-28.9545
-29.4985
-29.0315
-28.543
-27.893
-27.345
-26.8845
-27.443
-27.594
-27.698
-27.9425
-28.1175
-28.34
-28.4845
-29.209
-29.7285
-27.8085
-19.1535
-6.44
17.4385
40.36
62.705
90.05
141.8
174.9
198.2
217.9
211.45
236.35
247.75
260.5
249.5
279.45
296.05
278.2
283.2
275.75
300.2
299.55
299.3
280.5
280.85
275.5
274.75
273.15
278.35
267.3
226.15
211.1
185.755
167.535
155.3
127.05
137.3
102.35
55.645
27.45
7.614
-9.771
-22.3135
-28.517
-31.4335
-31.968
-32.2525
-32.3035
-31.773
-32.56
-31.71
-30.948
-30.2395
-29.206
-29.6355
-30.6885
-31.6475
-30.1325
-29.7615
-29.9705
-29.1605
-29.9445
-28.8045
-28.4885
-28.63
-27.922
-29.0645
-30.35
-30.614
-30.7025
-30.2395
-29.8195
-30.095
-29.485
-30.5265
-29.7705
-28.966
-28.8375
-28.3
-27.855
-28.3105
-28.51
-29.004
-28.2565
-27.9565
-29.0935
-29.269
-30.398
-31.917
-31.868
-31.967
-31.3075
-30.6315
-41.9295
-36.375
-30.9865
-26.29
-13.9425
1.222
23.535
41.245
62.355
84.56
106.75
128.4
146.145
168.46
186.755
217.4
252.6
259.8
249.8
261.65
271.5
305.1
256.05
261.45
275.9
264.45
273.65
280.1
287.05
284.3
258.9
260.75
289.05
269.85
237.2
210.9
192.35
164
138.2
113.45
87.25
64.995
40.91
12.965
-10.275
-27.7005
-44.495
-58.74
-64.095
-64.16
-61.975
-62.16
-60.235
-60.54
-58.59
-57.075
-54.14
-54.28
-52.25
-53.6
-52.845
-50.295
-50.54
-50.14
-52.385
-51.18
-52.39
-51.1
-51.805
-52.47
-51.82
-51.605
-51.52
-52.14
-50.46
-50.105
-49.04
-48.35
-46.39
-47.44
-52.07
-50.28
-50.29
-49.11
-46.07
-42.74
-42.32
-42.17
-43.53
-44.79
-44.98
-46.71
-46.68
-33.57
-1.339
-0.819
-0.874
0.409
0.866
9.09
19.68
41.6
60.23
50.09
46.7
114.5
102.8
145.4
178.8
167.2
232.3
363.8
203.4
442.3
345.1
431.1
234.9
333.5
299.1
308.8
366.5
413.3
332.1
311.8
317.6
312
274.7
301.6
308.2
256.5
185.9
231.1
251.1
110.7
223.6
175.5
82.3
136.7
42.77
13.22
-20.86
-42.47
-55.12
-58.05
-57.85
-57.33
-55.12
-52.26
-49.76
-50.45
-50.68
-49.51
-48.86
-48.06
-47.8
-46.12
-44.54
-43.29
-43.02
-43.96
-45.33
-44.16
-43.07
-43.53
-43.57
-42.74
-43.47
-42.45
-42.23
-41.01
-41.9
-41.05
-41.65
-41.09
-40.05
-39.02
-37.86
-37.87
-34.49
-36.35
-38.08
-35.16
-29
-31.79
-31.91
-28.73
-20.01
-21.71
-32.19
-33.62
-33.62
-23.58
-10.14
-8.16
-3.155
6.372
19.39
32.37
51.66
73.6
90.9
101.7
115.1
135
138.1
155.2
138.8
208.6
101.7
195.2
268.2
302.1
247.9
252.9
352.6
375
415
410.6
445.5
398.1
412.7
419.4
397.2
391.8
383.9
369.1
365.7
323
295
255.4
171.6
162.2
131.9
93
56.61
21.07
-12.08
-40.29
-52.17
-52.7
-53.42
-54.66
-49.47
-50.08
-49.1
-49.87
-53.12
-54.62
-56.8
-57.91
-58.05
-54.93
-57.43
-55.38
-58.93
-56.12
-54.36
-47.98
-49.5
-52.25
-52.18
-52.66
-50.97
-51.31
-50.3
-51.01
-49.63
-49.34
-49.67
-48.82
-47.2
-46.3
-45.3
-44.27
-44.77
-43.81
-44.97
-44.59
-43.84
-42.93
-41.75
-41.67
-42.05
-41
-43.85
-45.4
-42.71
-40.42
-39.98
-37.98
-32.57
-24.76
-6.158
23.38
49.79
55.31
75.6
130.7
170
202
261.1
296
333.4
358.4
390.1
404.9
434.7
435
435.5
424.6
440.8
422.9
427.2
427.3
426.8
415.6
413.7
409.5
396.7
393.5
406.9
390.5
276
277.2
307.2
261
211.8
175.5
125.5
0.322
-2.353
-15.49
-19.87
-39.5
-47.2
-38.93
-36.18
-46.63
-47.09
-31.91
-27.83
-36.95
-34.55
-30.2
-21.72
-26.83
-27.09
-31.8
-34.46
-39.77
-37.47
-21
-8.35
-8.71
-8.12
-7.85
-12.61
-11.55
-8.38
-10.7
-8.8
-9.27
-8.64
-9.89
-9.38
-8.84
-8.1
-8.46
-8.37
-8.39
-8.32
-8.09
-8.25
-8.02
-8.57
-8.47
-8.48
-8.51
-8.49
-8.31
-8.27
-8.8
-9.26
-9.45
-8.89
-8.12
-5.135
-1.442
7.08
21.2
45.99
62.46
74.8
106.6
100.1
160.5
218.9
191.2
258.4
289.6
295.3
294.8
313.6
344.5
384.5
378.5
426.2
430.9
461.1
400.5
426.6
416.5
425
405.1
397.7
375.1
363.1
348.3
330.6
312.5
296.6
260.3
221.4
181.7
137.4
98.7
56.62
20.38
-9.07
-36.35
-52.59
-55.05
-55.83
-56.07
-55.16
-53.3
-54.26
-54.49
-52.49
-53.06
-53.3
-52.17
-52.02
-52.17
-51.82
-51.67
-50.66
-50.26
-50.19
-51.81
-49.61
-50.38
-49.18
-49.17
-48.32
-48.5
-48.38
-47.71
-47.98
-48.1
-48.14
-48.32
-48.17
-48.55
-48.51
-48.18
-48.72
-48.04
-48.43
-49.15
-47.25
-46.59
-45.8
-44.19
-45.11
-45.52
-45.12
-44.14
-44.31
-44.01
-49.85
-45.53
-43.02
-48.55
-22.9
3.361
27.63
57.12
92.9
134.8
173.9
214.5
251.5
287.2
321.2
363.4
377.8
426.7
455.3
464.4
507.7
482.8
480.1
463.2
438
407.9
380.7
399.3
391.1
386.1
383.5
374.3
361.4
332.8
315.3
303.6
260.5
258
215.4
160
126.8
86.6
49.17
14.16
-14.35
-40.21
-56.11
-59.21
-59.71
-59.48
-58.56
-55.44
-57.99
-55.93
-56.68
-56.42
-57.04
-57.96
-61.04
-57.66
-56.17
-56.32
-55.28
-55.42
-55.01
-55.04
-53.91
-55.59
-53.46
-53.12
-53.94
-53.69
-52.21
-53.04
-51.38
-49.97
-50
-49.58
-48.69
-48.4
-47.49
-45.32
-42.3
-41.94
-42.14
-43.21
-45.48
-44.97
-45.52
-44.61
-39.89
-41.91
-41.07
-41.79
-41.22
-40.71
-40.1
-38.93
-36.71
-31.72
-28.99
-13.24
27.75
55.22
92.7
138.6
174.1
200.7
249
291.2
322.4
355.1
379.6
410
429.7
447.6
470.8
477.9
482.6
466.7
438.1
422.5
411.6
406.5
401.2
387.9
382.8
367.3
350.3
327.1
309.1
295.4
273.7
246
211
174.5
128.4
89.1
47.57
10.21
-18.53
-46.06
-59.54
-58.79
-59.6
-61.86
-51.2
-43.16
-57.34
-51.95
-50.94
-50.76
-49.51
-49.69
-49.24
-49.08
-49.24
-49.43
-49.64
-49.49
-52.09
-53.41
-50.91
-50.54
-49.28
-48.48
-47.05
-49.26
-51.77
-52.01
-54.35
-52.2
-49.28
-48.26
-49.06
-48.48
-47.1
-48.2
-47.4
-47.22
-46.88
-46
-45.67
-47.06
-48.08
-47.06
-44.18
-42.41
-42.32
-42.58
-41.98
-42.3
-42.86
-40.03
-36.7
-33.4
-54.75
14.46
37.57
61.55
106.5
129.9
159.3
177.6
252.3
262.2
267.7
335.4
361.9
384.2
434.9
435.3
450.9
466.9
470
436
434
418.7
414.2
376.4
377.9
377.1
356.9
311.7
329.7
336
296.6
262.8
185.6
257.3
218.7
169
113.9
43.89
17.63
16.81
-14.48
-39.28
-55.63
-59.31
-58.42
-61.26
-62.34
-51.49
-42.24
-56.98
-54.23
-55.07
-55.4
-53.48
-55.79
-55.76
-55.13
-54.91
-54.99
-54.07
-55.62
-54.66
-54.83
-54.58
-55.14
-53.84
-53.15
-53.64
-51.93
-51.48
-51.28
-50.63
-49.94
-49.31
-49.14
-48.19
-48.68
-47.88
-47.26
-47.6
-46.51
-43.79
-40.78
-24.17
-22.51
-23.01
-27.39
-35.08
-34.44
-35.97
-31.7
-37.34
-34.1
-28.55
-30.45
-31.4
-7.17
12.19
24.77
32
87.9
133.9
174.4
214.2
246
279.4
313
334.5
374
399.2
423
464.7
464.8
484.1
450.9
433.6
430.2
426.3
427.9
427.5
267.5
384.1
397.5
380.4
278.5
291.4
322.9
326.6
299.1
256.5
228.7
187.7
146.1
96.3
36.84
5.643
-9.29
-21.22
-43.89
-51.29
-53.11
-53.54
-54.1
-54.6
-50.67
-51.29
-50.17
-49.44
-49.5
-48.8
-48.3
-48.11
-48.35
-48.01
-48.53
-50.55
-49.31
-48.71
-47.3
-47.23
-47.22
-46.68
-45.52
-46.09
-45.65
-44.48
-45.55
-46.42
-44.85
-41.8
-42.1
-34.73
-21.58
-15.97
-15.39
-37.51
-43.46
-52.34
-45.87
-35.46
-10.08
-5.564
-5.234
-5.286
-5.371
-5.883
-6.076
-5.783
-6.129
-5.836
-3.459
5.271
13.98
17.9
23.21
20.73
24.35
99.5
185.1
239.9
129.6
111.4
182.8
141.7
89.8
70
148.9
135.1
136.6
152.9
137.5
135.4
118.1
88.5
98.8
100.3
110.8
119.7
103.2
90.2
140.2
134.1
102.4
94.4
66.64
63.89
61.77
62.54
8.93
21.81
45.01
12.29
3.008
-1.518
-8.67
-12.61
-13.74
-11.75
-7.87
-7.39
-9.42
-17.82
-20.54
-28.22
-41.9
-39.41
-44.53
-22.77
-9.19
-8.01
-8.49
-8.76
-7.25
-7.54
-6.799
-7.29
-6.429
-6.41
-6.601
-6.838
-7.33
-7.03
-7.25
-7.79
-7.54
-7.01
-5.993
-5.74
-5.47
-4.984
-4.58
-5.222
-5.948
-6.836
-8.56
-9.74
-8.49
-9.36
-9.03
-7.8
-7.93
-7.46
-6.63
-6.012
-7.64
-10.77
-14.57
-15.4
-7.36
0.853
16.99
59.11
57.96
67.89
85.5
109.2
132.1
128.5
153.3
154.9
195.3
199
187.3
175.5
176.7
205.8
244.2
244.3
198.6
180.7
198.4
239.8
241.7
264
126.6
98
135.2
156.4
104.9
104.1
76.7
77.6
69.48
54.16
35.82
25.87
16.54
7.04
1.275
-2.664
-5.888
-7.05
-7.25
-7.53
-7.55
-7.11
-7.28
-7.52
-7.77
-7.73
-7.86
-8.09
-8.33
-8.99
-10.19
-8.58
-8.28
-8.47
-8.77
-8.48
-7.75
-7.65
-7.44
-7.33
-7.42
-7.8
-7.83
-7.66
-7.02
-6.989
-6.971
-6.881
-6.397
-6.308
-7.3
-9.31
-11.67
-10.13
-8.78
-9.9
-12.34
-13.48
-11.55
-11.98
-8.9
-12.61
-16.22
-14.54
-12.35
-13.46
-14.36
-12.43
-9.86
-7.46
-5.449
-2.525
2.559
7.65
20.67
64.51
94.6
114.1
143.5
190.5
221.5
234.9
259.4
264
270.2
279.1
286.8
305.5
311.2
290.8
252.3
176.4
272.7
308.3
337.5
264.5
244.9
255.4
211.4
235.6
213
296.6
202.7
269.1
198
59.27
133.9
100.9
25.62
10.09
-7.37
-33.8
-49.2
-53.08
-53.41
-53.11
-53.04
-52.97
-52.94
-51.91
-53.22
-52.52
-52.56
-50.16
-52.3
-54.76
-53.87
-52.61
-51.98
-52.08
-54.2
-59.42
-65.19
-57.42
-54.14
-51.35
-50.77
-55.11
-56.05
-52.39
-50.72
-49.02
-48.41
-43.38
-21.06
-19.83
-5.952
-2.956
-2.599
-2.103
-2.103
-1.989
-2.1
-2.039
-2.224
-2.259
-2.404
-2.364
-3.907
-5.014
-8.89
-7.18
-3.719
-3.632
-1.801
5.922
17.71
28.25
35.38
63.66
108
129.7
172.4
226.3
264.8
290.8
340.5
339.9
381.2
403.7
431.1
448.7
463.1
482.8
471.9
447
449.8
433.6
415.5
417.5
414.1
385.6
381.2
370.3
363.3
338.6
329.3
308
286.6
256.9
225.5
182.1
140.9
96.8
58.74
20.49
-9.69
-36.05
-53.28
-57.21
-57.95
-57.69
-56.01
-56.47
-56.82
-56.01
-56
-54.79
-54.88
-55.19
-52.64
-51.63
-54.21
-53.86
-53.51
-53.06
-53.6
-51.85
-50.63
-50.88
-53.8
-58.08
-56.06
-51.84
-52.7
-50.86
-50.63
-49.66
-49.79
-50.83
-48.53
-46.17
-46.33
-47.29
-47.87
-48.37
-49.17
-47.94
-46.05
-45.05
-44.55
-44.74
-44.59
-44.49
-44.46
-44.18
-44.04
-43.88
-43.07
-42.47
-37.55
-33.39
-16.93
7.97
31.72
32.51
62.91
132.3
176.6
209.8
241.6
280.3
312.9
347.1
369.8
382.1
398.9
451.2
482.2
472.3
465.3
452.5
436
428.4
426
406.3
396.5
387.6
373.3
376.2
357.2
352.7
313.5
305
285.7
246.6
213.6
178.9
134.5
95.3
53.24
18.28
-11.82
-37.79
-53.03
-56.18
-56.32
-54.78
-52.87
-53.21
-53.06
-53.34
-48.96
-51.16
-53.38
-51.83
-52.17
-52.1
-48.7
-48.96
-49.01
-49.79
-51.67
-52.87
-51.46
-52.02
-51.49
-49.93
-45.99
-45.21
-44.69
-47.88
-51.6
-54.23
-56.06
-49.77
-47.97
-44.94
-42.44
-41.8
-43.78
-39.32
-37.76
-39.42
-40.82
-39.14
-40.12
-40.08
-40.81
-42.37
-39.72
-40.87
-40.6
-40.21
-39.43
-38.45
-34.84
-25.15
-8.93
11.22
34.26
58.8
85.8
100.8
140.8
205.6
239.8
277.9
318.5
351.2
375.9
405.3
432.6
454.2
467.4
487.6
477.3
465.1
452.8
430.1
418.2
405.3
398.8
378
384.6
362.8
341.8
332
318.4
313.4
293.1
242.7
217.6
176.1
130
89.5
49.09
14.74
-14.36
-39.14
-55.31
-59.05
-60.19
-58.15
-59.92
-58.61
-53.85
-51.42
-52.72
-54.75
-57.93
-53.46
-56.52
-57.43
-57.8
-56.43
-55.85
-56.69
-56.6
-57.98
-55.18
-52.47
-54.73
-54.82
-55.44
-56.29
-55.27
-52.34
-48.24
-45.73
-47.99
-50.56
-41.25
-33.54
-40.91
-36.81
-41.11
-44.96
-41.88
-38.72
-34.25
-35.25
-36.46
-34.24
-30.16
-24.09
-21.24
-25.42
-23.74
-23
-20.36
-20.1
-16.47
-9.2
5.315
27.02
50.93
59.53
84.3
85.6
148.8
208.7
177.7
224.8
204.9
290.9
218.9
288.6
239.6
488.2
411.7
461.1
443.1
483.3
435.8
455.2
361.8
365.4
404.4
272.5
342.5
378.8
391.7
310.8
326.7
303.3
294.8
254.8
219.3
181.6
137.1
16.42
-2.008
-32.73
-23.63
-29.77
-40.59
-54.83
-54.5
-50.1
-50.96
-51.65
-52.32
-52.61
-53.35
-53.26
-53.42
-53.77
-51.68
-47.35
-44.32
-52.44
-53.45
-49.68
-46.16
-48.27
-52.73
-52.37
-53.77
-53.73
-54.01
-53.47
-54
-52.01
-52.95
-52.56
-53.2
-51.77
-47.3
-45.48
-47.14
-47.42
-46.77
-44.58
-43.77
-40.66
-44.4
-36.95
-37.77
-44.23
-46.02
-46.09
-46.98
-47.75
-48.43
-47.8
-47.34
-46.85
-43.56
-39.29
-24.85
3.394
31.01
31.22
74.6
127.2
168.6
209.3
245.4
285.8
323.5
356.9
392.5
420.3
437
456.1
477.8
489.8
499.4
470.2
450.9
434.9
428.9
429.1
423.1
404.1
397
380.8
372.8
352.8
333.3
311.7
279.8
161.6
150.5
145.2
122.5
118.2
85
18.72
-2.299
-26.16
-49.21
-59.05
-57.96
-56.89
-57.13
-55.72
-54.14
-54.41
-58.09
-58.07
-57.12
-55.54
-56.6
-57.33
-57.92
-57.42
-56.84
-54.27
-52.74
-55.13
-64.16
-55.47
-52.7
-53.52
-54.33
-51.68
-50.11
-49.06
-48.92
-48.72
-49.72
-48.61
-48.68
-49.25
-48.02
-47.63
-47.15
-47.64
-48.54
-47.85
-48.26
-47.92
-48.4
-45.43
-45.95
-39.26
-30.62
-38.46
-40.07
-38.99
-41.27
-40.35
-36.55
-26.42
-11.51
12.84
14.15
43.48
40.6
124
157.8
231.2
263.4
285.4
327.2
360.8
323
368.2
483.3
404.8
435.3
514.5
495.7
445.4
431.7
362.8
294.5
331.1
350.1
435.6
405.1
373.6
383.9
306.6
306.7
316.8
288.3
261.2
223.7
175.6
141.2
100.2
56.98
20.22
-10.68
-37.28
-56.05
-64.41
-64.94
-66.27
-65.07
-63.41
-62.41
-62.86
-60.22
-60.06
-61.43
-60.79
-60.25
-61.16
-61.44
-59.41
-59.5
-58.24
-57.38
-60.22
-59.89
-59.18
-58.29
-57.82
-57.94
-58.05
-56.51
-55.02
-53.84
-50.36
-50.1
-50.72
-51.1
-48.9
-49.14
-50.47
-50.84
-47.82
-47.45
-46.78
-47.02
-44.06
-39.51
-42.41
-38.91
-42.34
-37.95
-37.55
-37.64
-42.59
-44.12
-42.85
-32.52
-15.86
-1.87
41.35
36.17
68.77
95.5
97.9
126.3
209.1
243.6
278.6
336.2
337.4
379.1
419.4
437.5
462.7
474.3
482
491.5
471.3
458.5
432.9
412.9
408
394.5
399.8
388.2
373.1
360.4
347.9
326
300.5
279.6
251.5
222.2
181.6
133.8
89.9
47.18
-15.71
-52.94
-55.95
-63.07
-67.45
-63.63
-65.1
-62.85
-63.56
-63.99
-61.34
-61.64
-61.8
-59.49
-59.51
-60.39
-57.49
-57.69
-54.89
-53.71
-57.64
-56.33
-54.62
-53.54
-54.48
-53.32
-52.41
-52.95
-54.65