-15.84
-19.56
-22.56
-19.57
-25.27
-24.48
-18.9
-12.77
-13.78
-14.19
-8.41
-7.24
-7.68
-7.56
-8.11
-7.63
-7.49
-7.23
-7.18
-6.97
-6.761
-7.39
-8.19
-16.23
-11.83
-14.44
-7.37
10.1
34.38
60.25
60.33
58.71
65.57
56.76
63.1
72.5
62.29
90.7
161
147.7
171
190.7
352.2
354.5
422.5
555.6
290.5
409.4
357
243.1
165.2
142.3
143.9
107.2
100.6
93.9
156.6
222
132.9
90.1
123.8
169.5
130.5
48.65
37.15
43.89
37.63
18.21
2.305
-2.363
-5.59
-7.36
-7.46
-7.81
-8.45
-8.06
-8.12
-10.4
-9.17
-8.67
-8.71
-8.64
-9.42
-9.52
-8.91
-8.3
-11.63
-50.11
-30.27
-11.34
-11.22
-11.33
-11.25
-11.04
-11.6
-11.87
-11.53
-11.84
-11.5
-11.71
-12.12
-13.29
-26.73
-52.52
-45.17
-40.82
-53.51
-53.49
-32.16
-18.64
-12.29
-12
-11.63
-11.39
-10.85
-11.09
-11.11
-11.28
-11.28
-10.91
-9.5
-6.482
-2.042
5.388
12.07
17.64
28
44.51
65.31
88.8
103.7
107.1
117.5
166
144.6
162.4
160
150.9
123.4
139.1
164.9
225.5
251.5
307.9
350.6
353.9
445.9
464.9
424.9
312.3
259.7
164.1
156.7
175.2
171.7
171.9
163.8
151
125.4
105.3
85.7
61.87
37.72
16.71
-1.6
-12.17
-18.53
-20.65
-19.05
-17.72
-18.97
-18.75
-17.21
-17.55
-21.58
-30
-26
-21.19
-20.66
-21.1
-22.47
-24.01
-34.11
-47.4
-56.22
-57.85
-60.36
-56.68
-54.74
-51.68
-53.91
-55.62
-55.8
-53.37
-56.51
-55.78
-24.51
-18.29
-31.01
-22.24
-20.4
-51.53
-45.85
-26.19
-29.79
-54.57
-59.07
-60.99
-60.08
-52.92
-40.9
-51.38
-59.67
-59.25
-60.13
-60.7
-58.61
-55.22
-39.91
-11.26
17.12
51.27
86.7
129.6
174.1
215.9
261.6
299.6
339.4
373.9
407.3
426.8
375.7
535
614.2
437.9
403.2
443.8
458.8
496.6
530.5
399.2
437.8
448.2
273.4
533.6
492.1
579.7
340.2
482.6
477.1
465.7
323.8
362.1
273.5
221.5
164
115.2
71
29.79
-6.404
-35.18
-57.43
-65.06
-64.69
-64.45
-64.3
-63.53
-61.95
-62.49
-63.64
-62.61
-63.61
-64.37
-64.16
-61.25
-62.2
-62.27
-63.9
-61.73
-63.15
-63.71
-62.86
-63.61
-65.82
-64.27
-63.91
-62.92
-63.09
-61.77
-61.39
-63.81
-60.12
-59.04
-59.63
-59.98
-59.27
-59.48
-64.67
-62.5
-60.39
-58.22
-58
-59.52
-58.72
-60.29
-59.76
-56.32
-56
-56.83
-56.79
-55.66
-55.47
-51.03
-39.75
-12.51
-15.31
-12.89
84.4
132.9
174.3
226
258.3
301.4
342.5
393.5
420.9
487.2
378.4
554.3
337.9
585.1
453
315.3
613.5
411.6
546.7
517.8
560.2
452.6
474.7
535.9
459.9
511.3
405.4
397
346.5
331.3
319.6
300.7
277
227.9
185.3
43.47
-4.129
12.85
7.18
-6.238
-14.01
-17.03
-18.37
-35.28
-52.59
-51.92
-51.49
-49.92
-24.46
-15.32
-15.16
-15.34
-18.46
-16.8
-17.1
-19.85
-31.72
-44.79
-44.41
-47.34
-54.21
-53.94
-52.76
-49.15
-36.23
-25.78
-15.97
-12.96
-11.94
-12.03
-12.22
-13.01
-13.01
-12.41
-13.18
-20.59
-29.94
-22.65
-14.64
-13.61
-12.38
-12.77
-12.5
-12.46
-12.38
-12.61
-12.93
-13.24
-13.41
-13.4
-12.94
-10.03
-1.271
9.84
26.9
51.56
85.2
83.8
127.5
126.6
154.3
158.7
199
286
273.7
364.8
406.5
362.8
311.6
433.3
476.2
505.9
498
443.2
453.9
432.8
439.3
464.3
516.3
512.1
421.9
399.5
361.4
367.2
350
257.6
195.2
179.5
167.1
154.3
106.1
80.8
55.83
28.95
8.95
-9.06
-23.73
-34.61
-37.91
-29.55
-25.41
-27.5
-32.03
-31.54
-27.55
-24.33
-31.37
-33.93
-45.4
-27.96
-34.3
-48.77
-52.36
-53.05
-52.96
-51.87
-52.11
-50.75
-50.67
-50.72
-51.3
-45.37
-37.6
-30
-22.55
-20.1
-21.96
-20.81
-25.47
-27.94
-34.58
-29.79
-27.7
-41.86
-50.07
-48.95
-49.54
-47.55
-47.07
-46.64
-46.2
-46.73
-48.28
-47.45
-47.45
-46.75
-47.25
-47.56
-37.24
-10
1.445
22.8
91.4
137.4
172
217
262.2
301.4
344
380.3
414.3
449.2
477.8
511.2
538
543.3
524.2
508.3
504.9
505
498.3
495.2
494
493.7
500.2
491.9
500.3
497.3
470
441.3
422.5
385.4
334.1
288.3
264
214.2
161.2
117.4
71.9
33.51
0.599
-26.87
-45.31
-49.29
-49.44
-49.71
-49.19
-49.59
-49.01
-49.3
-49.71
-47.95
-49.9
-49.96
-48.88
-48.15
-49.77
-48.12
-47.8
-47.24
-45.55
-44
-44.76
-46.12
-46.16
-46.55
-48.54
-47.45
-46.82
-45.86
-44.64
-44.38
-43.54
-42.46
-41.75
-42.89
-42.78
-42.53
-42.55
-41.52
-41.11
-41.62
-41.46
-41.51
-39.22
-40.82
-40.97
-39.71
-40.26
-40.6
-40.07
-40.93
-40.57
-42.34
-30.62
-8.66
18.75
49.86
89.3
131.1
173.3
222.5
258.2
303
338
383.8
419.8
438.8
477.1
492.5
535.7
531.6
522.8
498.9
498.4
510.3
518.4
507.3
496.8
490.4
492.6
498.9
519.9
497.8
472.1
437.5
413.5
375.4
339.9
310.5
253.7
210
161.1
116.1
72
32.83
0.28
-27.29
-43.89
-49.49
-50.12
-49.32
-48.35
-48.27
-50.05
-50.91
-51.35
-49.76
-49.39
-47.36
-48.32
-46.74
-47.82
-46.34
-48.05
-48.31
-46.99
-46.04
-44.83
-45.47
-44.12
-44.45
-44.03
-42.98
-42.38
-39.85
-38.08
-36.92
-35.93
-37.38
-38.03
-38.89
-38.45
-37.63
-37.39
-34.9
-34
-33.64
-35.2
-34.7
-33.89
-36.71
-36.77
-53.93
-37.19
-35.68
-34.45
-37.3
-38.11
-35.92
-28.51
-7.27
22.88
68.18
95.5
126.2
179.7
193.1
229.3
301.1
353.6
404.7
421.7
418
515.9
560.5
449.9
416.1
367
452.5
322.3
253.9
189.8
194.8
224.7
324.7
278.8
205.6
201.3
138
97.8
76.7
99.7
161.9
156.4
116.6
146.9
92.3
48.2
27.18
5.671
-7.55
-17.72
-25.64
-26.95
-30
-30.73
-30.43
-29.91
-30.1
-29.9
-29.9
-29.41
-29.16
-28.62
-27.41
-26.37
-25.85
-25.78
-27.72
-29.11
-29.69
-30.62
-31.95
-34.17
-28.21
-21.66
-18.95
-19.98
-22.45
-19.11
-11.15
-17.91
-16.29
-15.48
-13.93
-12.72
-12.45
-12.71
-13.62
-18.92
-18.71
-20.58
-19.43
-10.14
-12.06
-16.18
-10.1
-10
-11.76
-10.82
-13.81
-18.75
-28.65
-20.12
-1.272
7.42
12.53
19.52
42.87
39.94
61.01
57.71
46.42
205.9
269.5
449
366.9
326.8
245
204.1
220.2
372.6
243.5
263.8
358.9
369.9
414
458.1
502.2
506.6
516.4
544.8
538.75
525.5
501.55
476.75
451.45
419.65
386.85
360.8
315.1
259.8
174.8
131.05
76.47
45.81
18.095
-1.592
-21.975
-33.085
-35.13
-42.01
-44.765
-44.64
-44.11
-44.27
-44.43
-43.49
-44.05
-43.445
-43.75
-43.275
-43.98
-43.015
-41.645
-41.985
-42.995
-40.13
-39.105
-40.165
-41.07
-38.63
-38.87
-40.005
-41.125
-42.575
-42.74
-41.68
-42.79
-43.665
-43.61
-42.265
-39.87
-39.15
-39.915
-39.135
-40.865
-41.505
-40.855
-39.605
-40.72
-42.675
-42.49
-42.49
-42.705
-42.45
-41.785
-42.43
-40.675
-42.51
-37.615
-31.885
-21.33
-13.415
40.095
81.7
107.75
141.35
191
235.4
270.55
303.95
349.1
382.85
415.7
448.3
453.35
457.8
456.85
426.75
478.8
482.35
488.6
501.5
501.25
503.25
531.75
537.45
552.95
539.45
514.05
484.7
479.3
390.2
380
351.05
331.3
284.4
162.95
135
91.2
77.085
30.24
-4.782
-25.015
-36.93
-44.995
-46.92
-46.3
-46.045
-46.065
-44.345
-44.645
-44.57
-45.475
-44.69
-44.575
-42.035
-42.905
-41.035
-37.81
-37.4
-37.235
-37.95
-40.18
-40.87
-40.48
-40.875
-40.485
-41.005
-41.285
-41.25
-39.08
-41.445
-42.88
-41.645
-40.65
-40.4
-41.3
-41.155
-41.925
-41.965
-42.695
-41.87
-41.72
-40.73
-40.005
-38.63
-38.78
-38.745
-37.565
-37.17
-37.405
-37.53
-38.045
-36.73
-33.425
-31.125
-18.788
5.15
38.06
70.985
64.2305
139.45
184.15
229.45
263.65
309.35
347.3
390.05
417.6
439.4
455.3
452.25
456.8
460.6
450.75
452.05
492
504
492.25
503.9
504.85
506.2
520.05
466.95
476.45
395.2
436
398
370.4
221.95
173.205
144.285
109.165
79.4715
53.252
31.5245
11.415
0.545
-14.2375
-34.275
-40.505
-42.71
-42.265
-42.195
-40.705
-42.825
-42.265
-40.69
-40.97
-40.37
-39.985
-38.68
-40.015
-38.075
-37.35
-34.725
-34.775
-33.56
-33.255
-32.705
-32.86
-31.12
-30.7
-32.96
-32.375
-33.795
-33.735
-34.335
-34.06
-34.01
-32.435
-32
-31.98
-32.84
-33.795
-40.31
-36.37
-31.905
-31.645
-31.325
-32.085
-31.275
-30.17
-32.29
-31.295
-30.895
-31.32
-31.86
-31.13
-30.485
-28.565
-21.575
-5.1335
14.674
36.25
52.71
97.25
124.8
158.75
190.6
217.05
249.15
285.9
285.6
340.9
419.1
396
417.65
370.7
372.55
365.45
367.55
356.5
340.8
355.2
389.6
444.1
421.7
487.9
364.15
281.8
287.4
392.2
447.75
422.65
358.8
306.35
256.45
228.05
167
53.662
34.835
12.059
-5.533
-19.515
-47.11
-35.37
-31.47
-31.925
-30.945
-30.915
-32.505
-32.87
-35.345
-37.97
-42.79
-43.265
-42.54
-40.105
-39.46
-39.22
-38.93
-38.79
-37.61
-38.91
-39.085
-36.16
-36.815
-37.29
-36.105
-35.665
-37.025
-46.175
-40.91
-36.47
-34.695
-33.36
-33.32
-33.055
-32.805
-30.97
-30.235
-27.79
-27.77
-28.235
-29.415
-32.19
-34.01
-33.555
-32.635
-29.645
-31.415
-31.955
-32.335
-32.5
-34.635
-38.09
-23.64
-7.0655
10.411
24.937
38.445
105.35
97.275
111.27
153.535
195.8
243.5
293.15
381.4
381
358.5
314.65
338.25
334.7
401.45
405.85
402.55
390.05
384.8
443
534.55
543.2
407.2
265.13
220.395
261.9915
253.57
400.6
142.2
295.8
357.3
175
236.5
201.8
132
104.6
104.9
32.66
-9.93
-11.99
-42.4
-43.59
-44.93
-47.33
-48.03
-46.42
-45.62
-47.34
-45.83
-34.21
-10.86
-14.24
-15.51
-28.9
-44.14
-48.52
-46.41
-27.34
-37.39
-44.11
-36.69
-46.91
-48.9
-48.15
-48.16
-47.34
-46.49
-44.28
-45.23
-43.59
-38.05
-39.7
-43.84
-43.31
-43.21
-46.45
-49.19
-46.43
-44.67
-44.14
-43.85
-43.4
-44.81
-43.96
-44.4
-44.23
-44.03
-44.17
-43.98
-43.06
-42.36
-31.2
-13.39
15.59
29.21
42.67
141.2
97.3
43.29
175.6
224.5
273.1
289.8
296.3
341.9
374.8
418
416.2
448.2
473.8
471.7
466.7
447.8
463.1
470.7
456.6
465
454
455.8
453.7
448.8
465.6
500.6
431.6
377.5
324.3
292.6
276.2
265
208.4
152.7
118.6
68.41
22.36
-0.34
-16.9
-38.32
-45.38
-46.32
-48.06
-47.3
-47.51
-48.06
-48.2
-47.44
-46.41
-47.32
-44.58
-43.66
-41.46
-40.8
-44.3
-44.22
-44.31
-43.68
-44.54
-45.05
-46.04
-45.21
-45.86
-45.67
-46.26
-46.74
-46.18
-45.54
-45.48
-46.47
-45.79
-43.69
-45.6
-44.12
-45.15
-44.93
-45.44
-43.59
-41.23
-43.11
-46.59
-43.8
-41.24
-41.4
-40.66
-39.38
-40.79
-40.77
-40.09
-40.58
-37.7
-30.03
-11.8
-10.21
33.96
76.3
111.2
157.2
190.5
231.5
270.8
312.2
354.3
382.2
417.5
451.4
480.4
494.8
503
491.6
471.9
474.6
477.2
481.3
474.5
461.5
462.8
466.1
478.45
490.8
472.3
437.3
400.6
379.2
345.1
315.1
271.7
239.1
186.7
145.8
85.1
-0.222
10.98
-10.76
-31.94
-46.14
-48.89
-47.71
-47.27
-46.81
-44.33
-43.43
-44.96
-42.63
-43.52
-41.62
-39.83
-41.2
-43.01
-40.96
-41.29
-40.42
-40.89
-41.53
-34.41
-27.95
-30.6
-25.87
-17.97
-18.17
-18.11
-29.23
-35.55
-29.8
-34.72
-21.12
-16.05
-20.28
-21.47
-22.15
-25.51
-20.41
-21.43
-23.77
-22.17
-19.85
-17.87
-20.97
-23.14
-30.74
-28.4
-31.89
-33.68
-23.75
-26.87
-33.87
-35.26
-33.25
-23.2
8.68
68.71
98.4
116.7
98.6
135.9
229.2
269.8
305
341.3
372.5
405.5
439.6
466.6
468.3
461.6
459
448.3
457.2
480
538.6
471.2
345.5
207.5
111.1
51.15
10.34
-37.55
6.442
38.94
52.08
72.8
141.4
98.1
80.2
59.02
42.45
32.31
19.8
17.96
11.71
-24.48
-43.6
-48.31
-47.67
-48.69
-48.97
-51.02
-51.47
-50.03
-50.72
-49.38
-48.25
-49.78
-51.29
-51.41
-49.5
-46.81
-36.02
-46.96
-48.28
-43.99
-46.7
-43.99
-53.29
-49.62
-38.38
-29.37
-38.22
-36.98
-28.46
-43.54
-43.51
-37.47
-44.44
-49.17
-48.65
-48.99
-49
-49.63
-50
-52.03
-50.96
-49.25
-50.83
-43.22
-39.85
-32.92
-32.24
-21.99
-26.79
-34.77
-39.62
-41.11
-35.81
-14.55
16.45
44.11
78
106.1
124.8
128.9
231.9
275.3
314.9
341.1
359
382
400.6
417.4
415
433.5
439.8
450.1
453.8
473.7
473.1
508.6
548.3
541.9
541.5
507.6
493.8
475.9
447.8
425.5
384.1
350.6
320.7
276.9
235.9
185.2
157.7
109.4
64.27
27.77
-4.165
-31.29
-50.23
-56.8
-54.69
-52.19
-49.68
-50.63
-48.48
-47.72
-48.29
-46.83
-46.09
-45.81
-45.66
-43.06
-44.82
-46.05
-43.89
-42.64
-42.57
-41.93
-42.07
-40.29
-40.33
-39.99
-40.44
-40.16
-40.29
-41.67
-41.61
-41.03
-40.82
-42.63
-42.05
-41.42
-41.43
-42.71
-43.67
-44.81
-44.03
-43.09
-43.42
-44.63
-46.16
-44.89
-43.25
-44.05
-43.56
-43.68
-45.9
-42.58
-45.4
-41.9
-37.71
-18.48
11.61
41.33
35.38
106
146.5
189.2
225.2
266.8
306.7
335.7
351.8
364.9
380.7
398.9
410.1
423.5
434.6
441.9
448.6
461.5
480.7
487
511.6
540.6
528.2
540.2
450.6
489.5
477.7
445.5
375.7
373.5
354.5
299.5
238.6
195.9
148.1
106.5
61.29
24.11
-6.471
-28.44
-41.56
-45.85
-46.69
-47.71
-47.77
-47.76
-45.71
-39.98
-42.5
-45.73
-43.44
-43.69
-42.23
-42.47
-44.05
-43.45
-45.02
-42.09
-43.18
-43.79
-42.52
-42.98
-42.37
-43.78
-44.56
-45.58
-45.11
-43.52
-43.34
-42.84
-44.58
-45.52
-44.81
-44.89
-44.67
-44.3
-44.22
-43.38
-44.89
-44.83
-45.34
-45.33
-44.15
-43.46
-43
-43.48
-42.93
-43.34
-43.21
-39.85
-40.14
-39.73
-35.15
-18.07
-8.79
35.05
66.95
105.6
150.4
182.3
224.8
266.5
302.1
331.2
357.3
374.2
383.4
389.1
399.9
423.9
425.6
433.6
458.5
467.7
469.3
489
525.2
539.8
499.3
394.6
434.6
485.1
193.5
447.4
392.6
359.3
310.9
271.9
229.2
190.3
148.2
105.2
62.58
23.77
-7.01
-30.82
-45.41
-48.57
-49.33
-47.86
-50.64
-50.11
-51.77
-51.68
-52.64
-54.15
-55.63
-54.55
-52.78
-52.56
-51.5
-50.35
-48.82
-49.65
-48.98
-50.14
-47.03
-44.77
-46.54
-46.22
-45.45
-45.29
-45.6
-44.99
-44.09
-43.2
-42.02
-43.57
-45.75
-46.94
-43.96
-42.66
-44.63
-46
-47.79
-47.21
-46.6
-46.83
-47.56
-47.68
-49.74
-51.81
-48.35
-48.06
-52.47
-53.12
-47.42
-43.67
-39.53
-26.81
-74.6
21.06
61.87
98.6
143.1
186.1
226.7
265.8
299.1
325.5
347
366.9
385.8
403.3
406.4
409
421.4
432.2
446.6
455.2
465.3
492.9
525.9
522.6
522.2
505.1
495.5
480.4
450.7
434.9
381.5
360.4
313.2
278.1
234.5
200.9
149.1
102.1
56.09
23.18
-7.32
-35.2
-49.73
-53.13
-55.07
-54.12
-54.58
-56.77
-56.02
-55.17
-41.98
-45.64
-45.02
-43.34
-42.71
-44.4
-47.08
-46.98
-45.62
-46.62
-46.29
-44.12
-46.23
-44.64
-44.49
-42.49
-44.87
-42.39
-42.22
-44.07
-43.84
-43.76
-45.52
-46.35
-47.14
-47.19
-46.8
-48.7
-49.6
-49.62
-46.53
-55.5
-51.39
-50.09
-51.89
-59.18
-56.1
-53.98
-53.91
-54.26
-53.65
-53.21
-52.63
-49.78
-46.02
-30.95
-3.474
25.84
57.86
94.9
135.2
177.8
220.9
258.2
294.3
324.8
340.4
355.1
373.5
388.3
392.2
407.8
412.8
425.7
436.2
450.1
460.1
484.2
510.7
521.2
521.2
510
484.2
451.9
433.4
405.6
366.4
338.3
302.4
269.5
228.4
183
137.4
92.8
52.02
15.61
-12.51
-34.59
-48.2
-50.44
-52.94
-51.94
-50.05
-53.13
-50.81
-52.01
-50.25
-50.66
-49.43
-52.07
-51.4
-53.29
-52.33
-52.76
-53.39
-54.53
-52.99
-52.86
-52.49
-52.84
-54.29
-56.48
-56.32
-56.61
-56.81
-56.68
-55.15
-54.16
-55.19
-55.53
-56.28
-56.79
-55.6
-54.42
-52.17
-51.83
-53.2
-54.29
-55.41
-57.27
-57.62
-56.09
-87.7
-82.4
-58.77
-58.91
-58.99
-58.43
-58.91
-55.34
-53.96
-37.79
-8.43
19.95
52.14
92.3
130.2
170.6
211.3
250.7
273.9
333.7
350.2
372.8
391.2
207.3
429.8
281.7
440
448.7
455
451.3
464.9
480.6
506.8
532.2
521.3
505.7
496.1
462.4
438.4
411.2
378.1
339.6
305.6
260.1
217.6
177.2
132.8
91
47.94
11.16
-18.18
-40.46
-55.01
-56.2
-54.06
-52.21
-51.26
-51.03
-53.63
-55.38
-53.11
-51.57
-53.76
-55.43
-54.58
-53.12
-54.37
-55.2
-55.97
-58.86
-59.12
-56.35
-56.84
-57.7
-60.41
-59.74
-60.63
-62.05
-61.61
-59.76
-57.87
-56.94
-56.25
-57.12
-55.43
-53.26
-55.6
-62.61
-62.78
-63.55
-65.51
-61.53
-65.46
-66.31
-65.2
-63.31
-63.64
-64.07
-64.91
-65.54
-64.13
-64.64
-65.7
-63.61
-63.1
-41.81
-8.82
21.15
53.1
10.09
121.1
171.5
213.8
252.4
286.8
317.3
345.4
355.4
364.9
380.1
394.3
413.1
410.5
437.7
439.5
441.4
455.9
469.5
511.8
520.4
516.1
498.8
477.1
463.2
429.7
395.3
372
338.2
305.9
258.9
215.3
174.1
129.4
84.5
40.87
4.722
-24.47
-48.92
-63.3
-66.06
-67.3
-66.72
-64.43
-61.58
-60.46
-61.02
-53.03
-53.57
-59.04
-62.02
-66.21
-58.5
-55.77
-56.8
-61.81
-60.42
-59.83
-59.86
-59.96
-59.57
-59.88
-60.97
-59.24
-57.99
-57.71
-61.45
-60.85
-61.36
-58.75
-56.79
-59.49
-59.28
-59.62
-57.61
-50.49
-54.15
-57.31
-54.21
-54.74
-58.26
-59.94
-62.02
-59.44
-62.26
-59.5
-59.66
-59.19
-52.2
-51.38
-50.64
-48.91
-37.18
-41.73
-53.9
38.07
88.2
138.2
174.9
230
237.2
308.7
329.8
350.5
361.1
371.4
412.8
353.8
408
438.2
396.8
236.2
219.9
395.2
493.4
520.2
528.8
521.7
502.9
493.3
457.4
431.5
414.7
378.4
349.1
310.1
277.9
243.7
243.7
189.8
136.4
32.65
-5.271
-18.2
-35.14
-56.08
-59.34
-63.65
-62.93
-61.87
-58.46
-57.48
-60.14
-57.31
-60.14
-57.14
-57.02
-59.16
-59.03
-65.94
-57.72
-44.41
-47.97
-47.94
-47.71
-45.82
-58.48
-57.9
-56.1
-56.88
-56.19
-59.57
-59.13
-58.15
-57.68
-58.36
-59.12
-57.64
-58.48
-58.87
-57.77
-57.21
-55.97
-57.51
-56.76
-57.95
-57.03
-55.91
-52.71
-55.29
-58.06
-58.8
-57.57
-57.99
-69.85
-70.6
-63.18
-52.45
-42.36
-34.21
14.51
47.33
87.3
131.9
168.2
231.3
247.1
287.2
318.5
349.1
370.4
383.2
379.5
392.2
411.6
415.5
436.1
438.4
454.7
471.2
346.3
352.3
560
546.7
534.6
498.5
465.2
453.8
421.3
391.2
349.1
309.6
269.6
223.5
177.2
130
87.8
43.43
6.785
-23.09
-48.61
-67.11
-70.9
-73.3
-70.2
-68.29
-67.1
-66.66
-65.88
-63.98
-64.81
-66.05
-67.17
-68.35
-64.63
-64.45
-63.82
-63.53
-61.07
-60.74
-62.29
-63.67
-59.21
-55.35
-58.57
-57.01
-57.75
-55.36
-52.93
-53.67
-52.32
-53.25
-54.45
-53.47
-53.71
-54.49
-56.02
-56.67
-54.43
-53.41
-53.39
-36.87
-24.28
-24.88
-16.07
-19.3
-29.02
-27.46
-27.49
-40.93
-41.45
-39.56
-29.3
-20.2
-11.14
9.31
20.49
56.51
93.3
49.59
84.3
176.8
196.6
303
331.9
356.2
360.4
316.3
341.9
370.8
369.8
351.6
444.7
431.6
445.1
455.2
464.3
477.7
502.5
505.6
489.7
467.4
451.2
421
389.5
383.6
330.1
249.2
174.1
37.26
147.1
107.2
12.34
57.44
-14.52
-28.64
-19.1
-38.94
-47.38
-49.26
-52.61
-53.82
-52.03
-52.68
-51.11
-53.12
-53.36
-54.81
-57.03
-58.94
-57.2
-54.08
-50.23
-55.71
-55.45
-53.92
-52.9
-53.4
-52.6
-51.82
-53.59
-55.37
-54.96
-55.47
-59.12
-60.61
-60.43
-61.71
-60.49
-58.9
-56.63
-53.7
-50.08
-49.06
-52.51
-53.15
-55.52
-52.32
-51.25
-50.48
-51.47
-52.42
-52.57
-49.97
-49.17
-47.92
-47.91
-49.41
-65.73
-82.5
-55.87
-6.57
20.68
50.79
87.3
125.4
165.4
207.9
252.8
268.9
318.4
333.3
352.2
370.5
381.6
394.3
404.2
401.2
411.9
425.5
438.9
450.7
453.9
471.4
421.3833333
371.3666667
321.35
295.35
315.9
296.9
298.65
246.55
244.6
173.85
106.635
128.295
104.045
89.14
42.302
14.4815
-11.46
-20.645
-26.81
-30.715
-33.06
-36.925
-35.165
-32.355
-37.83
-38.59
-41.935
-41.655
-41.72
-38.54
-38.905
-36.435
-37.505
-38.6
-40.93
-37.695
-39.035
-38.245
-35.37
-29.73
-18.63
-13.41
-22.105
-21.41
-17.79
-19.415
-18.425
-17.585
-14.96
-12.655
-11.96
-10.795
-15.175
-17.8
-18.545
-20.815
-20.28
-18.765
-17.25
-16.53
-14.6
-14.105
-18.885
-15.12
-12.265
-11.93
-9.2125
-8.4705
-8.8795
-8.672
-8.7575
-6.457
-4.4255
-0.507
4.5275
8.8315
19.135
27.975
34.885
50.07
57.87
76.35
85.75
103.635
123.985
152.95
139
174.935
185.175
212.93
212.85
237.45
237
276.4
252.6
314.5
200.8
379.1
354.2
338.5
311.6
309.9
282.85
269.7
206.3
205.4
185.65
146.05
124.795
70.885
39.155
26.61
0.345
-13.955
-22.6505
-29.808
-33.615
-33.92
-33.185
-34.335
-33.235
-33.835
-32.29
-32.5
-32.121
-32.645
-31.627
-31.1295
-31.5435
-32.815
-33.025
-31.8225
-32.81
-31.79
-32.585
-32.27
-31.295
-30.454
-29.8875
-29.99
-29.3395
-28.718
-29.516
-28.564
-28.6625
-29.0085
-29.5805
-28.769
-28.2865
-28.067
-28.5575
-28.188
-28.3945
-28.8265
-28.2815
-28.59
-28.598
-28.327
-29.0585
-30.182
-30.62
-30.97
-28.9525
-29.427
-29.7935
-28.883
-28.8665
-26.5385
-26.3795
-7.485
20.575
41.385
62.92
85.87
108.635
120.97
150.655
169.77
198.95
223.9
218.275
230.1
255.8
209.92
225.105
214.065
245.6
300.2
295.8
320.9
300.95
307.65
327.3
324.95
331.4
315.85
307.25
297.5
253.9
224.3
195.75
165.925
146.34
118.725
99.705
87.23
59.29
43.64
11.085
-10.7545
-20.3935
-28.7575
-36.52
-35.035
-33.62
-33.61
-35.025
-31.9395
-33.07
-34.66
-34.28
-34.965
-35.315
-35.755
-37.215
-36.65
-36.165
-35.025
-37.53
-35.43
-34.035
-32.895
-31.006
-30.8695
-30.4325
-30.414
-30.0105
-30.1455
-30.686
-29.5815
-29.8225
-28.887
-29.447
-29.515
-30.249
-31.7
-31.34
-29.9535
-29.343
-30.87
-31.255
-30.92
-29.099
-27.808
-28.825
-28.458
-27.475
-28.5475
-26.9405
-26.4255
-26.7655
-27.586
-26.107
-23.9245
-20.4375
-0.365
20.795
40.445
79.65
124.1
129.25
144.9
179.75
182.25
200.65
236.45
296.15
284.8
300.65
301.6
289.6
287.95
326.45
386.7
375.95
317.1
330.5
340.25
336.1
340.15
297.8
298.7
291.35
251.25
219.09
207.35
217.35
192.2
143.465
119.13
77.98
56.262
40.239
23.8465
12.995
-4.065
-20.034
-27.715
-30.161
-29.8895
-28.787
-27.8855
-26.863
-28.0245
-25.973
-25.47
-24.5445
-24.5445
-24.2595
-25.297
-24.4855
-25.628
-26.451
-26.039
-24.786
-25.138
-23.726
-25.41
-25.326
-24.512
-24.2475
-23.895
-24.1305
-23.381
-23.336
-23.5465
-23.073
-23.0545
-23.4115
-23.0895
-23.501
-23.2235
-22.493
-22.128
-22.4455
-22.0175
-22.2875
-22.3765
-22.3985
-22.8975
-22.2805
-22.595
-22.337
-24.56
-26.58
-25.98
-26.245
-26.57
-23.185
-21.85
-28.72
-2.5915
10.1
31.393
56.095
93.425
132.05
142.55
166
194.65
234.75
245.7
283.35
322.5
343.35
309.45
318.25
338.35
420.15
354.3
359.75
413.05
436.3
424.65
439
413.3
415.85
406.65
452.65
371.15
354.75
329.75
313.45
277.6
203.15
186.8
196.35
160.4
112.4
72.835
43.055
-6.41
-25.175
-26.112
-30.13
-32.34
-32.33
-32.03
-32.7
-32.63
-32.1
-30.635
-31.1
-32.23
-33.155
-31.875
-34.27
-29.975
-28.62
-28.27
-27.39
-26.39
-25.66
-25.29
-26.015
-25.01
-24.56
-25.795
-24.805