-47.14
-46.76
-45.39
-44.57
-44.35
-43.63
-43.87
-43.33
-43.2
-41.67
-42.31
-42.1
-43.08
-42.82
-42.43
-41.64
-41.2
-40.48
-39.88
-39.58
-34.9
-28.72
-36.88
-37.11
-34.09
-19.8
5.234
38.22
77.7
122.4
175.2
222.7
258.2
301.8
338.2
388.1
411.9
446.1
481.5
507.6
522.3
511.6
519
530.3
544.1
551.2
564.4
580.5
578
575.3
588.2
573.3
578.8
564.3
541.6
499.1
471.4
435.7
404.1
325
295.1
274.3
220.3
177
141.4
87
64.66
34.94
8.6
-22.04
-40.26
-47.64
-50.05
-50.31
-42.48
-41.75
-45.35
-44.81
-45.97
-48.48
-46.71
-47.57
-48.7
-48.05
-48.04
-47.53
-48.23
-47.48
-44.83
-45.17
-44.81
-44.32
-44.23
-44.3
-44.44
-44.66
-43.26
-42.44
-41.96
-41.64
-40.56
-39.82
-40.93
-40.55
-40.19
-40.17
-39.81
-39.25
-38.82
-39.6
-39.82
-40.27
-39.32
-39.27
-38.66
-40.36
-38.32
-37.06
-36.56
-35.58
-31.38
-17.46
7.28
40.42
78.8
125.4
167.4
209.8
257
301.3
336.2
377.3
408.7
442.1
480.1
499.1
531.1
546
524.4
539.5
564.2
544.3
564.5
575.9
587.7
589.4
564.9
570.1
568.8
555.6
529.4
510.5
470.2
447.9
212.1
114
247.5
175.5
233.3
195.3
159
95.8
2.392
20.23
-16.29
-23.14
-20.95
-37.3
-46.82
-41.81
-30.53
-29.94
-36.41
-43.96
-45.39
-43.21
-41.66
-40.92
-37.02
-36.41
-40.86
-41.32
-41.39
-42.21
-41.05
-41.58
-38.53
-39.46
-39.54
-41.71
-43.32
-41.03
-40.79
-40.72
-40.91
-40.14
-39.91
-41.2
-39.99
-39.33
-37.23
-35.36
-33.75
-38.08
-38.57
-39.3
-38.42
-37.45
-37.79
-38.17
-37.73
-37.46
-37.74
-38.69
-38.83
-38.94
-34.17
-19.93
4.092
37.4
76.3
118.2
162.9
207.9
255.9
303.2
334.6
374.9
421.9
474.8
482.6
503.9
532.1
559.4
542.8
539.7
549
558.5
568.1
562.3
565.3
473.4
582.3
600.2
570.4
554
524.8
350.8
434.9
458
423.1
351.3
301.9
298.7
229.4
180.2
141.2
101.7
54.68
16.53
-8.71
-27.67
-38.59
-43.3
-48.38
-52.29
-51.27
-49.92
-49.56
-46.71
-54.43
-48.1
-43.83
-49.02
-47.05
-47.9
-47.04
-46.33
-45.81
-44.3
-44.85
-43.64
-43.02
-46
-44.11
-43.8
-41.95
-42.24
-42.2
-43.46
-38.65
-35.06
-30.47
-31.15
-20.18
-24.05
-27.94
-29.03
-29.51
-28.36
-29.62
-28.47
-30.6
-31.48
-31.59
-34.08
-34.79
-34.64
-34.6
-34.6
-26.57
-31.47
-32.71
-17.76
16.27
18.5
8.6
10.98
143.1
230
251.8
290
328.2
364.8
309.9
513.7
560.5
512.8
532.1
557.5
571.9
553.8
560.6
500.6
385.4
469.6
420.8
499.9
433.4
601.4
569.9
554.4
546.1
468.7
421.4
407.4
413.2
344.5
325.7
202.2
56.04
53.84
91.6
94.3
105
73.7
7.46
-27.64
-42.51
-44.15
-45.36
-45.19
-47.59
-48.25
-50.91
-52.66
-51.12
-48.89
-47.46
-48.44
-44.94
-43.74
-45.64
-45.41
-44.65
-42.59
-41.86
-42.06
-41.5
-41.77
-43.03
-42.91
-41.6
-28.83
-33.36
-37.14
-35.93
-30.66
-26.33
-28.95
-29.94
-32.27
-36.7
-38.21
-36.98
-38.92
-40.6
-40.24
-40.18
-38.29
-30.39
-36.5
-38.49
-36.17
-19.64
-25.67
-17.32
-22.73
-26.7
-18.53
0.76
60.64
105.7
131.7
169.1
178.9
252.6
284.7
307.6
367.6
420.6
452.2
480.7
494.8
516.2
513.8
530.7
547.8
556.7
563.8
562.4
591.1
586.5
584.9
591.7
572.1
558.5
538.3
494.9
475.4
455.1
423.6
354.9
112
23.15
-5.788
-12.6
-14.1
-0.575
-32.57
-96.3
-64.35
-22.96
-12.61
-15.63
-17.88
-20.81
-25.96
-24.28
-27.46
-45.03
-45.57
-48.02
-47.57
-47.3
-45.47
-44.56
-40.16
-39.51
-35.1
-31.8
-31.12
-31.67
-31.89
-30.95
-33.22
-31.97
-34.32
-34.77
-34.78
-35.55
-36.38
-31.06
-22.43
-28.01
-35.49
-35.33
-33.56
-34.84
-36.39
-35.96
-35.27
-35.69
-35.67
-35.55
-35.24
-35.13
-34.49
-33.26
-34.05
-34.42
-34.01
-32.95
-32.98
-28.62
-11.84
15.65
46.72
84.8
126.1
171.8
215.5
262.8
300.2
340
371.4
407.8
443.5
476.3
504.7
523.8
520.2
543.5
455
452.6
391.9
576.8
582.7
599.4
614.2
629
328
-5.984
-74.1
290.2
499.1
479.1
428.4
400.9
361.3
324.9
275.8
230.2
182.5
135.5
94.3
51.63
17.02
-10.16
-33.73
-45.08
-47.66
-49.92
-50.51
-50.42
-48.88
-47.45
-46.67
-46.11
-45.28
-44.47
-39.95
-37.75
-35.23
-29.07
-33.8
-42.04
-42.87
-40.66
-40.48
-41.47
-41.83
-41.27
-40.05
-38.44
-37.93
-38.53
-38.08
-39.26
-40.01
-39.81
-39.11
-36.78
-33.41
-38.61
-37.5
-36.68
-35.75
-34.91
-36.79
-38.63
-39.32
-38.38
-37.32
-36.04
-36.04
-36.82
-38.47
-40.16
-38.29
-33.19
-16.53
9.14
43.78
81.5
122
166.5
209.8
252
293.6
329.3
370.3
402.4
440.3
465.7
494.7
523.3
535.2
531.8
532.9
542.8
550.4
553.6
563.5
575.8
582.9
444.8
412.2
472
485.3
380.4
360.2
167.9
369.4
417.5
377.7
319.6
278.3
248.7
199.5
136.5
91
10.93
6.545
-1.553
-28.25
-44.62
-49.25
-52.15
-51.04
-50.22
-48.42
-47.91
-47.69
-48.21
-47.76
-48.69
-47.65
-47.24
-47.05
-46.69
-46.74
-45.75
-45.15
-44.42
-44.26
-44.63
-44.27
-43.54
-43.27
-42.58
-41.65
-33.23
-30.35
-32.59
-25.48
-31.47
-35.83
-28.05
-27.48
-27.12
-28.61
-34.1
-35.56
-24.66
-26.69
-29.26
-34.16
-37.34
-37.97
-38.19
-36.77
-35.65
-35.57
-34.69
-33.13
-28.01
-10.65
12.06
44.78
39.07
92.7
151
183.6
228.6
281
326.4
370.7
408.5
430.3
465.4
485.2
431.7
519.7
550.3
548.6
523.3
496.4
301.1
87.7
217
257.7
171.8
300.2
548.4
451.4
336.6
365.7
350.8
408.3
278.7
270.7
295.3
160.8
163.7
117.7
171
74.2
44.18
29.38
-4.85
-30.67
-43.83
-48.86
-50.53
-51.01
-52.76
-50.88
-46.2
-46.46
-48.56
-47.14
-44.92
-44.77
-45.64
-45.31
-44.91
-44.75
-43.88
-42.01
-41.22
-40.55
-38.72
-18.22
-14.8
-16.59
-16.74
-27.96
-36.38
-34.03
-30.73
-17.32
-24.85
-35.53
-35.53
-29.92
-32.43
-27.69
-25.12
-17.31
-17.48
-27.54
-27.06
-19.05
-13.7
-47.76
-51.82
-54.15
-43.34
-38.99
-38.91
-49.08
-34.42
-33.58
-24.21
11.5
35.04
56.44
141.2
159.9
127
89.4
68.38
49.44
118.6
136.1
112.8
162.9
312.7
682.5
541.7
425.7
240
295.6
242.9
252.5
278.6
340.4
470.2
320.2
381.6
260.9
488.2
472.2
318.9
236.3
399.9
401.2
365.1
240.2
307.1
201
152.3
88.9
-4.082
10
2.459
-25.19
-32.51
-38.25
-44.84
-43.36
-42.58
-44.61
-44.38
-44.93
-43.24
-39.75
-40.03
-42.92
-43.76
-43.74
-45.68
-43.93
-43.8
-43.45
-43.79
-43.28
-42.65
-40.98
-40.13
-29.77
-19.26
-25.37
-33.72
-42.09
-21.2
-6.184
-5.854
-6.076
-7.65
-6.886
-8.64
-6.166
-6.688
-6.633
-5.825
-6.002
-6.1
-5.356
-5.221
-5.055
-4.593
-4.809
-4.833
-4.965
-5.295
-4.901
-1.872
1.592
6.689
13.95
22.05
26.92
26.61
40.99
40.5
33.3
40.99
116
74.9
88.6
150.5
299
409.4
371.2
382.1
335.4
364.1
568.5
375.4
351
288
289.8
322.2
438
357.8
233
256.1
478.2
384.5
217
226.1
341
319.1
274.7
228.8
64.78
58.56
70
47.77
21.95
12.18
0.76
-2.836
-5.622
-7.6
-8.27
-8.19
-7.23
-6.508
-6.17
-5.37
-5.206
-5.238
-4.968
-5
-4.683
-4.284
-3.188
-7.89
-32.42
-40.08
-37.72
-31.13
-19.56
-30.84
-38.14
-37.5
-35.42
-35.43
-19.08
-7.97
-1.825
-0.243
-0.798
-1.067
-2.407
-2.639
-1.524
-1.313
-1.949
-2.538
-2.998
-2.66
-2.71
-2.266
-2.105
-2.168
-1.645
-1.233
-1.682
-2.161
-2.071
-1.064
2.575
8.6
13.15
17.88
23.49
34.22
46.47
56.44
60.97
81.2
106.7
102.5
93.3
102.6
133.2
149.6
233.2
276.7
260
263.2
266.6
345.5
336.9
328.3
313.3
263.1
285.4
265.3
287.9
339.4
326.7
326.9
361.9166667
376.8
284.05
227.8
188.3666667
112.6566667
90.40666667
139.29
103.1566667
57.49666667
36.491
17.82866667
-5.256666667
-25.19333333
-43.115
-46.82666667
-48.795
-42.98666667
-38.30333333
-39.94666667
-46.87833333
-50.26333333
-50.25166667
-53.12
-54.61333333
-53.15333333
-50.995
-50.65
-48.795
-50.79333333
-51.73833333
-52.43
-52.68833333
-51.62
-48.67
-45.04666667
-45.385
-46.37333333
-47.29166667
-48.15333333
-48.68333333
-48.89333333
-46.11666667
-46.55666667
-45.20166667
-42.8
-43.6
-43.70333333
-45.075
-44.93666667
-43.96666667
-43.44333333
-44.47
-46.21666667
-45.805
-44.49
-44.465
-44.65333333
-44.14166667
-43.59666667
-42.85666667
-42.02
-41.79
-38.45666667
-26.985
-9.535666667
14.8
35.28333333
63.12833333
71.69
128.4833333
179.7
217.25
258.7666667
301.4166667
340.5666667
374.1333333
405.3
430.1333333
455.9666667
485.55
515.7666667
537.15
554.3666667
568.8333333
577.7333333
586.7333333
580.8
574.8833333
571.3333333
567.35
545.5666667
532.8333333
519.7333333
501.0666667
485.0333333
447.7833333
418.7
384.8333333
360.7333333
313.7
213.2666667
148.8706667
112.5733333
75.08266667
50.57
54.171
28.39466667
-5.861
-38.75666667
-56.52166667
-64.62333333
-66.60666667
-65.52
-65.76666667
-65.66666667
-67.34333333
-65.53666667
-65.33333333
-64.30333333
-62.49
-63.03666667
-62.87333333
-64.77333333
-61.89333333
-61.52666667
-59.89833333
-58.13
-57.9
-59.67333333
-60.955
-60.03333333
-59.8
-59.95
-57.43166667
-56.82333333
-54.68833333
-53.93
-53.31333333
-52.26333333
-50.86
-50.13
-48.845
-47.84666667
-46.67166667
-44.28333333
-42.76333333
-42.14666667
-43.115
-45.05333333
-45.68166667
-46.59
-49.06833333
-49.57
-49.35833333
-48.69333333
-47.21
-46.21666667
-44.135
-40.77666667
-29.155
-13.85666667
7.428
29.55333333
63.29666667
84.03666667
126.2333333
159.0666667
216.25
220.8666667
265.8333333
289.0333333
299.85
380.8
382.7666667
454.9333333
487.25
504.0666667
530.7
557.2
564.4
574.8333333
573.9833333
567.2666667
547.35
529.1333333
528.55
535.6333333
508.9833333
493.3
475.3666667
454.7333333
425.1333333
393.8333333
365.6833333
337.7
220.7833333
162.43
130.2433333
102.8833333
68.96266667
39.42
14.74666667
-8.853333333
-26.535
-42.65333333
-50.31166667
-56.11333333
-55.685
-56.70333333
-56.96166667
-55.55333333
-57.46
-57.25333333
-54.99
-54.54333333
-53.54
-53.95666667
-54.835
-50.22333333
-49.8
-51.95
-49.61
-46.72666667
-43.21333333
-41.99333333
-41.81
-43.68
-42.335
-41.63
-40.50333333
-40.72666667
-43.80333333
-41.56
-41.66666667
-40.74333333
-40.67333333
-41.37
-39.53166667
-40.48333333
-40.68333333
-40.74
-40.465
-40.67
-40.065
-53.52666667
-52.12833333
-46.88666667
-44.96666667
-42.62333333
-42.935
-44.23666667
-37.64333333
-30.10433333
-27.62533333
-24.95233333
-15.616
-5.886
6.545333333
15.67966667
21.04866667
30.69333333
50.43
71.72333333
117.6766667
137.41
169.4166667
192.2
226.1666667
255.2
274.6833333
578.4
578.2
585.9
600.5
597.2
619.6
566
625.6
631.2
569.1
604.5
597.3
610.3
555.3
537.7
505.6
461.4
430.6
398.6
378.3
332.3
283.7
240.4
197.7
147.1
96.9
56.4
20.02
-12.07
-35.27
-45.61
-55.46
-57.73
-58.33
-55.15
-51.02
-49.49
-44.99
-41.54
-42.83
-45.78
-45.73
-45.49
-46.27
-45.01
-44.54
-43.66
-47.64
-45.24
-45.68
-46.89
-48.96
-49.42
-47.02
-45.99
-44.79
-44.27
-47.13
-46.42
-45.54
-44.5
-43.32
-42.42
-41.21
-44.21
-39.47
-38
-34.82
-36.34
-36.8
-36.92
-36.62
-37.88
-36.62
-38.78
-38.95
-38.17
-34.68
-33.52
-34.97
-25.29
-4.506
26.76
64.15
106.3
156.6
201.9
247.4
291.7
329.9
371.5
407.6
449.3
473
502.4
538.9
565.2
572.3
578.4
600.1
587.6
596
608.1
607.4
622.6
624
616.8
620.7
579.6
553.1
526.6
479.9
431.2
441.5
395.1
356.3
312.4
263.9
221.5
172.7
127.6
84.7
43.69
8.5
-18.34
-42.22
-54.05
-60.45
-59.68
-51.09
-56.01
-58.5
-52.82
-53.55
-53.93
-56.48
-53.53
-50.13
-52.5
-52.42
-52.15
-49.58
-48.23
-46.28
-46.71
-47.01
-44.84
-41.76
-40.11
-40.14
-39.8
-40.33
-38.46
-37.74
-37.19
-38.4
-37.88
-36.38
-36.87
-36.7
-38.24
-37.49
-37.22
-35.55
-33.58
-37.95
-35.69
-34.84
-37.49
-35.27
-35.42
-34.57
-35.63
-30.88
-30.7
-27.22
-11.85
13.54
35.23
68.9
112.5
162.4
203.2
247.2
296.2
328
375.8
413.8
450.7
505.1
516.7
531
555.3
560.6
567.8
592.4
595.6
599.1
619.9
616.5
619.9
630.9
595.7
592
576.2
575.1
565.4
539.8
492.2
436.3
401.2
346.7
303.4
289
259.7
180.6
142.7
91.5
47.07
12.06
-15.66
-34.89
-52.13
-60.04
-60.73
-59.1
-56.52
-57.77
-53.37
-53.03
-53.43
-53.19
-53
-51.55
-51.24
-50.84
-53.07
-54.54
-54.51
-52.84
-48.51
-45.49
-45.11
-41.98
-42.37
-41.62
-40.08
-39.16
-41.28
-42.31
-43.16
-41.43
-39.94
-38.95
-38.81
-38.13
-38.24
-39.36
-38.89
-33.66
-33.16
-36.33
-37.34
-36.3
-36.1
-35.45
-34.12
-35.56
-37.33
-37.2
-35.51
-26.27
-14.85
0.842
12.02
63.28
114.3
82.2
86.5
210.5
140.5
158.6
273.2
409.9
395.1
230.5
209.6
199.3
123.1
131.3
167
143.1
306.2
163.2
152.7
176.1
225.3
648.3
602.1
536.4
419.2
428.8
533.2
491.6
460.5
435.3
394.2
354
307.6
272
225.1
202.6
166.1
99.7
60.11
-0.219
-21.08
-30.35
-37.94
-48.45
-49.58
-47.37
-50.47
-49.21
-48.26
-46.49
-45.68
-46.35
-47.49
-47.16
-45.56
-46.95
-45.09
-44.85
-46.26
-45.84
-46.83
-45.65
-42.99
-45.65
-44.92
-43.26
-44.63
-45.09
-44.88
-44.17
-43.64
-43.97
-44.13
-43.59
-42.46
-42.3
-41.9
-41.82
-41.93
-41.69
-41.78
-41.73
-40.38
-40.21
-41.67
-40.99
-39.6
-39.14
-38.95
-38.89
-38.07
-36.6
-24.95
-3.909
24.64
59.29
97.9
140.9
183.3
228.6
272.3
342.9
357.9
394.8
437.2
433
509.1
516.2
546.6
576.9
594.9
531.6
508.6
332.2
422.7
626
550.8
528.6
486.6
194
322.2
307.5
416.2
412.2
479.7
391.1
404.3
367.6
325.1
283
231.3
180.2
36.36
26.74
19.26
-1.097
2.537
-6.225
-20.55
-34.67
-35.07
-37.91
-36.75
-37.97
-32.77
-24.7
-12.37
-24.74
-27.82
-29.61
-29.86
-27.5
-30.17
-31.26
-30.63
-30.16
-27.19
-23.04
-22.73
-23.52
-26.68
-27.5
-27.57
-26.51
-25.89
-23.58
-22.12
-12.29
-15.39
-24.32
-30.77
-32.28
-30.98
-21.47
-27.98
-30.58
-24.67
-14.96
-22.09
-29.4
-26.1
-22.2
-18.45
-17.11
-21.72
-25.29
-27.67
-13.61
-13.92
-6.921
9.9
31.62
80.3
147
163.5
66.48
134.5
293.7
370.1
418.9
259.5
369.9
434.6
535.2
554.3
574.7
563.4
585.1
593.2
603.7
603.7
599.5
619.7
624.8
596.5
585.8
558.5
518.1
527
486
440.6
428.3
387.3
363.9
323.7
257.2
155.4
80.5
30.89
71.4
78
73.8
24.85
-25.25
-34.01
-31.32
-39.65
-27.16
-20.93
-18.24
-21.79
-19.44
-19.55
-16.48
-11.02
-10.18
-19.43
-35.29
-12.93
-29.7
-32.04
-32.74
-30.73
-32.66
-31.13
-25.46
-39.76
-28.16
-28.73
-28.02
-19.41
-19.48
-18.86
-20.48
-21.5
-29.7
-32.39
-32.18
-33.87
-34.11
-33.48
-37.59
-36.45
-28.02
-27.22
-23.82
-29.67
-18.17
-8.36
-3.224
-2.049
-2.012
-2.506
-2.099
2.128
15.58
23.51
32.49
42.37
71.6
70.8
60.75
102.2
140.8
148.1
161.1
168.3
244.3
290
439.3
533.5
613.4
531.1
431.6
471.4
575.8
555.1
555.8
632.1
411.2
538
657.3
268.8
626.5
511.8
331.4
344.3
461.1
436.8
383.1
341.9
294.1
248.7
207.3
161.2
117.2
75.7
36.23
6.328
-18.58
-34.98
-42.03
-41.93
-35.12
-23.51
-28.41
-24.23
-22.22
-29.77
-36.75
-29.77
-31.2
-36.39
-36.38
-39.24
-38.82
-34.21
-33.47
-30.32
-30.85
-30.88
-32.85
-31.98
-30.87
-31.12
-33.08
-34.8
-34.02
-32.69
-29.61
-26.07
-26.64
-26.73
-31.05
-15.77
-11.89
-11.39
-13.08
-10.57
-15.01
-21.97
-19.28
-17.51
-20.35
-7.43
-11.99
-14.18
-13.39
-15.57
-11.6
-42.2
-4.237
-6.573
-9.19
-8.79
-8.02
-8.88
-8.29
-6.96
-3.33
-0.84
2.54
15.05
27.32
26.71
36.87
45.86
64.84
44.85
41.79
111.5
165.3
249.9
370.5
444.8
428.4
175.6
169
241.9
150.9
134.5
131.6
131
143.3
218.7
283.4
417.6
178.3
130.3
184.9
194.8
125
74.3
31.03
-5.845
-23.91
-33.1
-38.26
-42.97
-42.96
-41.96
-41.18
-39.57
-37.77
-37.22
-33.71
-31.66
-31.15
-27.88
-24.17
-16.58
-14.14
-14.91
-16.93
-20.58
-18.7
-18.13
-18.5
-18.02
-26.11
-27.36
-25.72
-23.16
-23.17
-23.39
-22.48
-20.18
-17.4
-17.12
-18.35
-19.61
-18.72
-18.35
-18.5
-18.53
-20.58
-27.01
-31.74
-26.39
-22.02
-22.74
-20.95
-20.35
-18.12
-13.33
-31.95
-40.24
-37.63
-29.34
-23.41
-15.33
-4.028
14.3
39.34
57.57
70.1
69.9
69.82
83.6
126.5
199.4
289.3
320.4
241.4
223
272.7
290.9
267.5
212.3
192.1
211.6
188.2
178.2
182.5
159.2
140.2
163.2
204.3
228
287.3
274.5
208
315.3
333
262.7
157.1
140.8
82.1
46.06
27.77
13.29
-6.282
-19.01
-28.84
-37.58
-37.18
-36.98
-38.6
-41.66
-41.24
-38.62
-35.28
-31.71
-32.9
-29.91
-29.42
-26.82
-24.63
-26.31
-21.88
-20.19
-18.63
-18.23
-17.39
-16.76
-17.68
-18.63
-19.67
-18.97
-18.29
-18.26
-19.02
-16.3
-15.78
-15.48
-12.44
-13.94
-15.93
-13.24
-14.54
-13.66
-13.27
-14.68
-15.45
-13.84
-12.14
-11.69
-10.91
-11.82
-17.81
-26.34
-35.1
-29.3
-20.03
-16.25
-14.06
-18.92
-1.74
29.94
18.04
19.46
132.8
72.6
32.91
80.4
72.3
32.3
63.4
47.35
119.8
141.7
197.9
176.6
273.7
301.8
156.6
152.5
77
20.78
60.25
152.7
170.8
98
106.1
34.3
23.38
34.71
58.21
73.6
95.9
120.5
76.2
55.44
43.42
48.96
57.07
29.58
17.74
0.7
-4.429
-5.477
-6.17
-6.487
-6.255
-6.326
-6.785
-6.603
-6.865
-7.1
-8.94
-17.47
-12.87
-11.46
-8.8
-7.32
-6.685
-6.894
-5.969
-6.138
-6.542
-6.413
-6.503
-7.06
-8.45
-11.11
-9.98
-8.04
-5.71
-6.075
-8.45
-10.8
-9.28
-8.35
-7.59
-8.11
-7.56
-6.796
-7.31
-12.06
-10.2
-11.22
-10.52
-15.83
-17.4
-13.5
-9.94
-9.66
-9.18
-4.382
-0.827
-0.777
5.121
33.81
66.62
63.75
54.87
51.51
74.1
75.8
72.8
88.3
101.7
104.4
139.3
128.1
111.1
76.5
95.5
169.6
193.7
128
133.3
231.9
184.8
179.7
229.4
252.3
181.1
200.2
199.3
129.3
273
260.3
240.2
244.1
222.8
131.4
105.1
116.8
94.5
71
47.05
31.36
5.428
-20.8
-33.23
-44.9
-44.37
-44.25
-44.06
-43.67
-44.72
-44.15
-43.9
-42.24
-41.57
-42.15
-42
-40.19
-38.59
-38.11
-38.19
-39.51
-38.59
-39.8
-38.43
-38.29
-37.58
-38.57
-38.28
-38.08
-37.07
-36.83
-36.6
-36.58
-34.83
-36.48
-35.2
-34.23
-33.98
-34.72
-34.93
-33.06
-32.51
-33.76
-32.27
-32.13
-33.65
-34.01
-34.51
-34.8
-33.37
-32.86
-26.38
-6.442
26.22
65.35
107.9
152.2
173.1
179.3
285.4
339.2
389.8
421.8
458.6
496.2
544.4
559.5
590.3
611.7
621.1
629.2
633.1
644.6
660.4
647.7
666.3
662.1
643.5
617.6
614.3
599.6
581.9
558
530.7
488.6
452.7
419.9
371.1
338.1
286.3
240.9
190
139.7
99.9
56.3
24.38
-11.23
-34.43
-50.03
-54.34
-56.41
-58.1
-55.48
-54.56
-53.43
-52.98
-52.08
-51.34
-51.86
-50.24
-49.34
-51.35
-51.08
-50.78
-48.22
-47.12
-45.64
-45.55
-43.2
-43.01
-41.07
-41.07
-41.17
-41.44
-41.35
-40.18
-39.27
-39.23
-40.94
-40.94
-39.09
-38.7
-37.76
-39.02
-38.26
-36.45
-35.34
-36.54
-36.09
-35.29
-35.04
-36.43
-36.09
-37.71
-37.55
-36.74
-36.09
-29.01
-10.19
19.15
58.05
104.3
150.8
200
252.6
299.2
349.5
400.3
434.6
466.9
492.5
525.8
566.5
572.1
603
616.3
619.4
625.6
629.9
642.2
650.1
665.4
640.4
623.5
616.6
613.1
593.4
485.6
518
455
308.4
426.4
403.1
365.3
325.9
281.5
243.1
187.5
149
104.6
59.93
24.28
10.65
1.498
-16.87
-47.87
-54.58
-53.94
-53.1
-51.39
-49.77
-49.2
-47.18
-45.48
-44.64
-43.44
-43.33
-41.53
-41.44
-41.01
-40.32
-39.86
-39.11
-38.09
-36.47
-36.23
-35.32
-34.91
-37.81
-38.05
-38.51
-37.87
-37.93
-38.31
-35.5
-34.12
-26.39
-33.56
-24.88
-22.8
-36.13
-36.92
-35.67
-35.9
-32.66
-29.91
-29.92
-37.51
-37.81
-37.74
-37.04
-35.52
-35.58
-29.1
-10.66
19.76
58.01
102.3
150.8
168.3
267.3
300.9
331.8
370.9
411.7
439.7
481.1
513.1
537.7
607.6
492.9
611.4
614.7
600
657.8
626.4
639.1
632.1
660.4
526.5
373.4
564.9
478.3
549.3
563.6
512.6
414.7
351.1
429.5
351.3
306.9
261.4
199.1
192.5
156.2
109.3
60.97
29.65
0.802
-22.83
-39.44
-46.53
-49.4
-48.83
-47.48
-48.92
-49.56
-48.62
-48.45
-48.28
-47.08
-47.5
-46.84
-47.28
-46.7
-48.02
-48.29
-47.78
-45.66
-44.59
-45.01
-45.72
-40.8
-38.17
-38.43
-37.78
-36.14
-36.92
-36.45
-34.58
-35.96
-35.27
-34.18
-32.68
-36.05
-38.29
-37.09
-35.1
-36.51
-36.88
-38.34
-37.93
-39.15
-38.95
-38.35
-38.52
-38.68
-37.94
-36.85
-30.67
-11.14
16.82
55.91
97.2
143.1
188.9
235.8
281.9
327
372.1
413
444.8
491.1
394.2
544.9
570.2
639.2
334.2
65.79
111.9
143
-58.66
10.53
21.82
24.83
35.27
137.3
369.2
247
256.6
143.8
15.44
104.1
228.3
207.8
260.9
168.3
307.3
165.2
225.9
191.4
182.2
139.3
95.3
39.2
-12.86
-34.31
-45.94
-50.54
-49.51
-50.66
-49.02
-49.58
-49.33
-48.57
-47.93
-46.66
-45.41
-44.64
-45.08
-44.53
-44.34
-44.42
-44.17
-43.5
-43.01
-19.37
-27.55
-31.84
-29.33
-6.667
-6.057
-6.274
-5.888
-5.796
-5.828
-5.292
-5.196
-5.281
-7.95
-13.93
-17.63
-17.94
-20.16
-22.78
-21.25
-14.75
-13.68
-11.99
-22.57
-30.21
-22.58
-20.47
-19.39
-12.15
-7.89
-0.795
8.8
22.84
43.73
66.97
74.2
104.5
132.8
126.7
147.8
117.8
142.9
160
220.9
210
213.4
310.1
318.5
292.7
245.2
258.3
354.4
374.6
473.6
368.9
337.7
426.8
348.4
458.5
492.3
554.2
569.5
493.9
431.1
384.6
313.3
279.2
258.6
266.9
233
89.1
82.7
108.6
75.6
20.09
-8.51
-24.67
-35.05
-40.72
-41.67
-41
-41.4
-40.96
-41.51
-41.28
-40.79
-38.4
-34.95
-31.79
-33.92
-27.76
-18.97
-16.23
-21.92
-22.5
-17.96
-13.58
-16.42
-21.91
-26.01
-18.88
-23.13
-30.16
-23.92
-29.78
-38.62
-38.45
-38.5
-38.51
-38.11
-38.96
-37.17
-22.98
-6.604
-5.27
-14.15
-31.27
-39.26
-39.18
-36.31
-15.17
-5.434
-2.156
-0.874
-1.413
0.293
4.486
18.27
48.72
62.46
134.3
188.6
243.6
292.2
347
385.7
435.7
469.5
503.4
537.1
564.5
594.3
621.8
634.7
644.9
665.6
651.2
682.6
672.9
669.9
648.7
651.3
627.5
612.1
591.4
575.3
551.4
532.7
491.4
449.9
409.2
370.7
338
292.9
237.4
197.2
155.2
105.6
64.68
26.85
-5.032
-29.8
-48.04
-53.3
-56.55
-56.16
-55.17
-54.96
-53.92
-52.1
-52.31
-53.4
-53.08
-54.33
-54.1
-53.01
-53.4
-52.08
-51.98
-51.77
-49.94
-48.83
-49.26
-49.14
-50.17
-48.48
-46.46
-46.88