-46.22
-45.57
-46.92
-45.21
-44.93
-43.19
-43.65
-44.24
-44.11
-43.91
-43.68
-43.47
-41.27
-41.52
-42.46
-40.16
-40.21
-41.39
-40.18
-38.58
-36.77
-37.24
-35.52
-31.13
-9.03
17.14
53.96
95.9
141.6
192.3
242.1
288.6
329.6
374.4
427.3
473.9
502.5
523.6
551.5
563.2
600.6
609.3
633.4
651.6
640.6
642.8
707
660.5
652.9
659.7
636.1
614.9
609
585
548.6
514.9
479.7
430.4
413.2
361.5
324.1
286.7
241.7
195.1
143.6
99.7
58.68
20.33
-9.56
-30.72
-48.63
-57.07
-58.73
-58.59
-58.52
-57.78
-57.11
-55.87
-56
-53.17
-53.8
-53.26
-52.19
-50.35
-49.84
-51.13
-50.4
-50.36
-50.03
-48.43
-49.8
-49.54
-50.81
-51.05
-52.72
-50.26
-50.77
-49.21
-47.87
-48.54
-48.41
-47.96
-48.39
-48.85
-48.27
-47.72
-46.04
-44.57
-41.21
-41.99
-40.86
-39.37
-37.19
-35.88
-36.48
-36.24
-35.83
-21.58
-5.677
-16.59
-22.39
-3.781
46.21
98.3
134.8
176.3
224.5
289.9
329.4
362.4
415.1
269.1
377.2
451.2
509.3
446.5
466.2
514.3
615.4
497.3
589.3
471.4
529.6
292.7
369.8
360.4
404.3
299.8
419.1
295.4
320.6
161.9
225.2
493.8
463
400.2
335.1
195.9
143.3
93.6
68.12
83.2
94.6
33.34
-4.764
-27.89
-42.81
-53.15
-51.26
-47.44
-49.22
-47.59
-50.58
-51.24
-51.32
-49.67
-47.09
-46.23
-47.36
-48.16
-47.94
-47.89
-48.22
-46.35
-43.08
-29.17
-19.31
-20.11
-20.34
-21.3
-22.27
-22.08
-16.67
-16.06
-17.05
-17.77
-19.06
-20.39
-28.27
-31.47
-33.03
-35.18
-31.94
-30.82
-38.23
-23.1
-21.27
-28.45
-26.72
-35.15
-41.02
-41.44
-41.61
-39.88
-36.14
-25.72
-9.29
9.77
32.4
69.07
107.2
166.1
208.8
254.5
307
362.8
401.4
447.6
494.4
517.4
558
601.3
572.3
430.8
381.4
489.1
498
378.9
622.1
637
616.4
556.6
555.4
520.3
534.4
508.6
431.8
380.1
369.6
379.4
324.3
279.7
309.4
287.4
233.1
173.4
81.1
52.33
46.73
24.05
1.933
-19
-32.78
-39.39
-41.89
-43.13
-44.85
-48.07
-44.62
-40.5
-38.74
-42.65
-44.39
-44.98
-42.12
-40.25
-36.76
-27.86
-25.13
-30.18
-34.56
-33.7
-36.29
-33.69
-31.93
-36.47
-33.97
-35.71
-36.34
-30.58
-30.17
-30.29
-29.8
-28.89
-34.08
-35.31
-32.09
-23.01
-28.8
-29.78
-31.69
-33.06
-32.2
-28.9
-29.11
-31.62
-30.54
-27.2
-25.8
-24.21
-22.88
-17.08
-2.682
10.52
35.04
79.5
142.1
116.3
140.6
123
119.2
184.9
288
254.2
377.3
315.1
350.7
359.6
572.9
568.3
467.1
544.8
320.7
292.9
333.1
398.6
324
351
291.4
191.7
187.2
187.1
172.4
146.5
127.7
123.4
127.7
160.8
194.3
282.9
367.5
265.3
167.2
138.6
51.92
18.14
1.453
-10.3
-20.98
-26.8
-28.34
-27.94
-26.71
-29.34
-30.35
-31.4
-31.07
-27.9
-28.14
-31.01
-40.22
-46.1
-41.07
-39.65
-39.86
-38.24
-35.5
-32.19
-29.34
-23.75
-22.91
-26.2
-31.17
-34.31
-32.29
-26.16
-26.12
-22.9
-22.5
-22.28
-25
-24.26
-25.39
-28.21
-29.87
-30
-30.13
-31.1
-30.33
-31.1
-21.95
-19.33
-15.65
-14.4
-14.37
-14.46
-18.5
-16.73
-8.61
7.81
34
22.11
41.81
36.38
10.82
-2.03
5.847
21.37
53.47
43.03
60.26
47.93
45.85
79.7
164.1
167.1
194.6
120.8
53.55
13.36
-15.07
15.78
1.713
-5.275
24.76
76.5
108.9
115.6
135.4
193.2
186.4
181.7
227.8
156.6
102.4
10.01
-22.99
47.66
85.9
62.27
51.33
37.62
18.86
-6.872
-14.55
-18.16
-26.44
-28.69
-26.55
-27.29
-28.89
-34.04
-37.09
-41.38
-44.18
-43.99
-43.39
-42.73
-42.88
-43.7
-44.09
-44.63
-44.33
-43.67
-43.91
-43.82
-43.18
-42.94
-43.23
-42.57
-41.76
-41.21
-41.71
-41.49
-41.08
-40.09
-39.38
-37.49
-37.13
-36.94
-35.35
-35.06
-31.69
-32.67
-33.53
-29.3
-23.6
-20.76
-16.96
-17.1
-17.02
-16.8
-16.33
-10.89
-6.019
7.14
25.68
33.46
55.72
64.18
66.49
96.8
125.3
166.5
166.2
190.2
265.6
469.2
633.1
643.7
541.7
590.2
676.2
654.1
501.7
678.8
623.8
526.4
616.4
659.7
662.3
645.9
526
577.9
543.5
525.2
524
269
62.37
42.34
41.54
47.42
57.23
77.3
32.7
17.48
49.22
52.23
9.66
-8.06
-22.99
-35.67
-38.92
-39.16
-36.13
-38.02
-36.45
-33.49
-33.11
-39.16
-42.16
-39.78
-35.11
-32.33
-31.42
-34.14
-34.21
-33.56
-34.37
-33.48
-33.4
-35.1
-32.45
-35.15
-25.84
-17.81
-17.06
-16.47
-14.72
-14.44
-18.2
-21.57
-22.64
-24.03
-17.6
-16.6
-15.86
-14.26
-14.19
-13.76
-13.85
-12.31
-12.97
-12.84
-14.07
-18.01
-14.71
-16.01
-13
-11.53
-5.023
7.53
36.39
86.1
-15.18
-25.73
-16.56
-3.535
-4.754
-5.844
-6.216
-3.936
1.402
11.24
19.76
47.2
39.96
55.72
53.61
84.2
81.1
99.2
137.3
165.1
139.5
129.9
135.3
139.6
90.1
78.3
87.3
109.3
145.8
197.3
196.5
240.7
199.8
156.4
111.7
173.2
132.8
100.6
90.9
107.8
9.17
-13.14
-17.96
-30.86
-46.17
-49.87
-48.43
-47.77
-48.92
-47.1
-46.73
-45.88
-46.85
-47.53
-43.33
-41.95
-39.69
-40.45
-41.2
-40.78
-41.35
-40.94
-39.42
-36.5
-34.18
-34.43
-33.96
-30.9
-32.05
-29.78
-30.33
-32.3
-29.89
-25.69
-29.31
-32.21
-30.82
-30.45
-32.15
-34.61
-35.26
-36.43
-37.23
-38.32
-38.64
-38.28
-38.32
-38.21
-38.08
-38.89
-37.2
-20.8
9.37
46.41
85.1
133
157
149.5
254.3
297.9
349.8
276.4
426.6
487.5
538
603.2
617.1
438.4
460.9
411.1
609.6
239.7
434
252.4
327.9
400
461.1
643.1
563.1
593.5
475.9
449.1
414.1
441.5
444.5
350.4
273.9
254.3
230.8
276.7
257.2
223.9
188.8
139.9
89
45.84
10.05
-15.97
-38.45
-47.33
-49.83
-50.89
-50.9
-49.97
-50.98
-48.88
-47.5
-47.3
-46.25
-45.55
-47.59
-47.67
-46.9
-46.21
-46.34
-45.75
-44.09
-43.11
-44.19
-43.07
-43.88
-43.64
-42.66
-42.05
-41.9
-41.52
-41.33
-40.98
-41.73
-40.39
-39.98
-40.67
-40.45
-39.99
-40.01
-35.42
-39.03
-39.53
-38.4
-36.94
-26.95
-17.24
-19.25
-27.58
-39.32
-40.22
-37.44
-23.39
3.132
36.93
79.1
128.2
180.6
235.1
293.5
339.3
389.5
433.7
471.5
518.5
562.3
581
616.4
635.7
648.1
663.7
699.2
722
576.1
737
602.7
463.7
734
340.9
741
422.4
527
719
336
582
495
530.6
471.2
410.3
453.9
435
155.2
132
61.35
41.62
129.4
89.8
22.58
-23.4
-43.66
-51.82
-55.75
-55.96
-56.16
-56.73
-55.53
-53.97
-54.77
-54.11
-52.02
-52.73
-53.06
-53.15
-52.49
-51.73
-49.48
-48.37
-47.1
-47.92
-49.41
-50.44
-49.67
-49.94
-49.82
-49.1
-48.36
-49.57
-49.53
-48.83
-48.91
-49.37
-52.43
-51.83
-49.13
-50.45
-52.58
-51.59
-53.2
-51.65
-50.98
-50.03
-51.09
-50.87
-49.77
-51.56
-48.06
-46.09
-42.58
-25.7
4.802
42.29
86.2
132.8
184.7
233.5
282.9
328.7
379.8
419.5
461.3
499.3
530.8
564.9
593
620
636.8
646.5
671
680.6
677
678.6
698.3
672.4
518.7
635.4
692
653.4
653
483.1
615.3
522.2
567.3
590.6
383.4
411.5
338.7
318.2
270.5
217.1
162.5
118.1
72.2
34.04
2.592
-22.42
-41.59
-51.04
-54.07
-49.25
-40.3
-48.78
-52.38
-52.48
-50.24
-42.83
-33.82
-41.76
-46.66
-45.13
-46.1
-44.25
-43.54
-43.86
-44.13
-43.28
-43.37
-42.85
-38.74
-43.09
-42.06
-40.95
-40.2
-39.51
-38.84
-39.49
-39.35
-39.67
-39.44
-38.56
-38.35
-38.32
-38.85
-39.23
-38.52
-38.34
-38.17
-37.89
-37.19
-37.89
-37.96
-38.19
-38.62
-38.55
-35.49
-21.54
-1.502
39.17
81.1
120.4
174
224.9
273.4
324.8
371.9
397.9
436.7
472.8
494.4
534.9
559.8
580.1
608.1
625.9
646.4
657.8
664.9
667.5
687.1
463.6
578
581.9
468.7
614.8
631.6
509.9
586.3
462.7
559.2
501.4
432.4
395.9
295.5
279.5
248.4
223.6
110.3
90.7
74.2
47.87
6.696
-23.72
-42.49
-52.08
-55.49
-54.72
-53.77
-53.49
-52.37
-50.19
-49.35
-47.97
-46.66
-44.61
-36.68
-35.58
-33.95
-40.67
-37.18
-37.13
-26.26
-24.82
-27.64
-26.84
-32.51
-34.79
-31.62
-31.42
-35.15
-32.08
-36.81
-33.06
-24.97
-24.24
-24.07
-27.94
-29.37
-37.41
-39.02
-36.59
-36.15
-36.32
-33.74
-34.53
-33.1
-25.05
-14.98
-21.18
-26.95
-32.22
-28.5
-20.55
6.928
33.86
127.6
165.5
64.39
172.5
177.1
265.6
360.7
387.7
438.6
449.1
494.2
528.7
551.8
577.6
602.8
605.9
636.9
646.2
650.3
665.9
667.6
648.2
675.2
465.7
167.1
48.67
-1.15
-86
-36.86
-24.88
-11.55
5.296
0.132
-9.57
-22.22
-29.37
-13.45
-23.58
-21.6
-11.16
-6.879
-8.02
-7.27
-8.81
-6.911
-19.93
-23.39
-24.56
-23.48
-22.95
-21.83
-21.46
-22.12
-25.56
-20.4
-22.53
-13.9
-14.5
-10.69
-14.55
-21.06
-21.18
-21.21
-21.14
-20.84
-21.14
-21.04
-21.92
-11.52
-14.99
-24.53
-19.28
-18.93
-21.68
-26.7
-20.37
-13.73
-1.813
-1.093
-4.474
-3.352
-2.407
-2.714
-3.202
-3.384
-15.37
-2.738
-8.7
-17.66
-24.78
-18.81
-12.41
-7.6
-1.384
13.37
39.3
94.4
150.3
137.3
217.2
295.7
332.4
354.9
428.3
263.9
294
464.6
390.8
429.9
421.2
365.7
487.9
544.8
535.2
641.3
406.4
666.6
699.1
471.1
608.3
500.2
417.1
398.9
514.5
528.5
494.2
510.7
495.3
452.9
409.4
339.6
145.7
299.1
235.2
184.5
134.1
91.7
44.64
8.06
-24.45
-39.84
-44.84
-49.23
-51.27
-49.54
-47.32
-45.29
-45.36
-43.23
-41.44
-37.94
-39.38
-40.81
-43.55
-43.07
-42.6
-42.03
-41.53
-42.84
-43.76
-45.19
-44.61
-44.68
-42.89
-40.9
-41.32
-44.85
-43.16
-45.53
-46.75
-46.45
-48.78
-47.94
-48.1
-47.46
-46.91
-45.82
-44.93
-44.02
-43.61
-43.1
-41.77
-40.96
-40.74
-40.36
-40.11
-40.21
-39.43
-35.11
-20.93
-1.388
10.51
88
138.7
152.2
207
278.1
347.3
386.1
426.7
472.6
503.4
499.3
509.8
562
573.2
611.6
589.2
619
665.9
684.2
640.4
687.1
571.9
618.1
646.9
535.3
651.6
626.8
534.8
470.9
561.7
543.8
508.3
345.5
330.5
322.9
289
261.4
237.5
151.3
115.4
56.69
24.24
1.042
-13.1
-27.37
-37.56
-44.6
-47.91
-45.11
-39.92
-40.08
-42.04
-44.33
-44.84
-47.08
-47.24
-47.46
-46.86
-45.2
-44.39
-44.24
-44.11
-43.07
-42.32
-36.45
-38.68
-42.49
-41.77
-36.85
-43.18
-45.2
-45.68
-46.18
-46.44
-45.52
-43.73
-43.36
-43.4
-43.68
-44.24
-44.05
-43.4
-42.01
-41.69
-41.82
-41.56
-39.81
-35.29
-40.03
-39.79
-38.92
-37.88
-31.52
-11.9
9.91
50.45
94.2
149.8
152.4
247.3
299.8
343.5
387.6
429.3
463.6
509.6
515.3
568.1
594.2
629.6
646.1
585.7
422.3
437.5
427.6
669.8
654
167.7
437.9
435.4
649.9
688.9
666.6
653
557.7
204.1
75.4
-19.54
-5.486
35.44
34.78
54.96
156.3
181.3
184.3
145.4
131.8
62.25
25.52
-3.404
-20.53
-29.63
-36.05
-33.2
-36.48
-39.2
-39.44
-39.09
-37.22
-38.78
-37.64
-36.9
-37.02
-38.54
-37.52
-35.33
-34.17
-32.32
-29.6
-23.74
-19.69
-19.21
-23.74
-26.26
-25.02
-29.9
-29.96
-29.94
-27.68
-25.02
-20.41
-19.09
-22.56
-15.28
-16.12
-25.81
-27.04
-18.14
-12.64
-13.71
-13.51
-13.86
-17.42
-24.83
-27.35
-31.94
-34.64
-26.4
-21.11
-12.41
-3.675
6.42
41.08
150.1
189.9
247.2
295.3
339.6
372.8
406.5
454.6
493.9
518.5
552.8
583.6
628.6
642.1
568.2
662.2
691.7
717
695.7
707
554.5
689.2
607.1
205.2
125.9
225.6
175
227.3
198.9
142
103.9
109.1
187
265.2
263
201.2
121.7
188.2
175
29.19
-50.98
-40.92
-35.32
-32.87
-31.9
-34.49
-29.19
-30.74
-31.18
-32.16
-32.34
-32.72
-32.7
-29.99
-30
-29.12
-28.85
-27.39
-27.09
-29.78
-29.79
-24.24
-26.53
-24.99
-25.82
-26.13
-23.67
-20.04
-15.21
-14.56
-14.92
-13.51
-12.49
-15.55
-17.04
-25.73
-26.98
-20.1
-18.12
-13.14
-12.62
-14.81
-25.97
-32.41
-34.58
-34.03
-34.33
-32.92
-31.23
-30.97
-25.82
-23.17
-13.04
13.19
61.61
88.2
139
146.3
220.7
223.1
294.9
397
389.6
495.8
520.2
552.7
572.4
619.9
598.6
646.7
658.8
525.6
383.2
296.8
226.9
349.8
290.6
634.4
352.1
652.1
578.2
585.6
587.9
488.1
454.2
539.1
497
391.2
253.1
160.4
154.3
234
162.5
101.8
73
74.8
47.28
60.18
50.21
13.94
-13.69
-28.31
-31.55
-36.11
-36.25
-36.89
-37.07
-37.24
-34.19
-32.99
-33.49
-34.28
-34.85
-34.99
-31.29
-15.09
-25.39
-26.89
-32.96
-33.02
-31.73
-30.06
-29.94
-34.49
-34.64
-35.43
-34.75
-34.63
-36.52
-36.32
-36.12
-35.89
-35.21
-34.45
-32.84
-29.79
-32.41
-27.57
-15.47
-15.48
-19.47
-29.47
-34.01
-33.8
-32.07
-27.52
-26.17
-25.22
-4.738
24.92
58.48
92.9
140.3
195.2
233.2
284.6
326.3
381.3
418
464.3
486.6
532.9
560.5
592.3
614.6
630.5
547.1
528.1
712
699.4
712
716
652
529.4
757
718
716
696.9
573.2
611.4
590.3
546.2
521.1
431
444
374.6
325.7
281.3
236.9
172
114.7
95.5
64.01
28.1
-5.604
-30.87
-39.72
-45.61
-44.74
-43.48
-40.01
-43.12
-44.37
-41.93
-36.48
-44.64
-42.45
-40.8
-41.55
-40.78
-41.4
-40.91
-40.39
-40.3
-38.12
-38.49
-36.26
-35.41
-35.51
-35.89
-37.6
-38.16
-38.25
-38.24
-37.5
-36.38
-34.98
-35.46
-35.83
-35.89
-23.43
-25.13
-14.35
-33.21
-29.97
-36.06
-37.31
-36.35
-35.92
-35.88
-35.21
-35.91
-35.14
-29.15
-12.66
21.03
50.59
64.82
96.2
144.2
200.1
246.4
282.2
335.2
400
430.3
461.3
516.4
542
566.3
593.4
609.7
605.2
521.5
491.9
376.8
704
699.2
658.3
728
526.1
338.7
498.6
557.9
436.2
615
597.9
514
274.1
318.7
309.1
233.7
186
158.8
109.6
208.3
179.4
133.4
63.98
38.47
11.21
-12.25
-27.83
-38.3
-42.04
-40.8
-42.69
-41.35
-39.27
-40.18
-38.78
-38.18
-36.22
-34.08
-36.24
-35.52
-35.24
-35.48
-34.36
-34.4
-34.81
-33.84
-33.71
-34.33
-36.04
-35.68
-29.48
-31.15
-33.44
-32.37
-28.26
-17.62
-13.35
-108.2
-61.83
-26.55
-26.45
-15.53
-19.28
-30.31
-27.41
-25.5
-17.85
-16.61
-18.01
-12.24
-11.44
-12.66
-14.73
-14.41
-14.6
-19.37
-19.84
-16.53
-14.25
-5.034
5.586
24.91
36.25
44.09
73.8
78.5
94.3
141.2
201.2
240.6
306.7
367.4
435.2
480.2
413.2
299.5
275.1
248.5
218.4
202.5
225.4
233.8
265.5
326
317.5
308.3
297.9
239.3
206.7
185.6
158.6
137
150.6
144
126.3
114.6
95.3
63.31
38.91
14.65
-3.847
-19.62
-30.62
-33.83
-34.73
-33.08
-30.89
-31.54
-32.21
-32.06
-32.78
-30.57
-30.75
-29.53
-29.43
-29.64
-29.09
-29.18
-25.77
-19.87
-20.74
-23.25
-21.85
-19.86
-20.45
-24.57
-29.46
-32.08
-29.01
-21.35
-20.66
-28.5
-33.5
-35.05
-35.88
-35.9
-34.21
-33.02
-33.97
-37.65
-32.7
-35.02
-36.85
-36.15
-31.25
-21.26
-17.89
-18.28
-17.26
-13.88
-12.28
-5.06
25.8
41.59
44.33
77.2
162.9
261.7
257.8
305.7
373.5
455.9
419.2
581.1
532.8
556.1
636.6
605.3
559.3
707
625.6
769
732
623.3
626.6
660.7
741
585.7
629.4
690.5
640.7
606.2
559.9
546.4
503.9
476.6
442.2
348.9
309.3
286
202.9
109.7
78.1
88.1
57.71
35.26
13.53
-13.76
-30.61
-41.1
-43.84
-44.29
-45.69
-45.93
-45.07
-44.47
-43.71
-42.39
-40.95
-39.59
-38.01
-37.41
-36.95
-37.25
-37.36
-36.71
-36.16
-35.85
-26.91
-17.78
-18.66
-24.86
-34.48
-35.66
-35.18
-31.1
-25.32
-26.71
-26.69
-19.62
-16.96
-17.11
-17.13
-18.52
-19.12
-19.21
-19.26
-17.99
-17
-17.61
-25.67
-32.7
-30.51
-27.73
-15.85
-12.12
-7.2
-0.166
6.621
19.78
45.72
98.7
111.7
90.7
82.1
62.21
60.72
72.9
90.1
107.8
97.8
105.8
88.5
177.3
179.3
176.9
413.2
344.4
332.2
344.2
445
434.8
469.4
594.8
450.1
598.8
229.3
155.2
125.6
91.2
54.18
37.3
23.19
14.87
9.37
6.785
7.29
10.4
11.48
3.198
-1.467
-4.982
-9.5
-14.11
-24.33
-29.71
-30.68
-27.85
-26.6
-28.34
-30.82
-31.98
-32.55
-28.29
-20.21
-20.67
-22.04
-20.93
-20.68
-20.19
-18.21
-18.44
-20.5
-21.16
-19.74
-17.27
-15.12
-11.03
-13.08
-20.38
-20.01
-15.14
-22.99
-28.32
-28.48
-24.87
-22.93
-24.44
-24.05
-23.84
-24.59
-25.57
-24.62
-25.04
-26.03
-26.8
-25.81
-23.41
-22.54
-27.78
-28.54
-24.9
-16.52
-6.723
9.25
36.1
55.38
97.1
145
196.5
239.9
297.4
297.4
284.7
366.4
430
384.6
488.4
514.1
428.2
365.9
427.8
724
689.2
511.5
458.7
593.7
529.3
495
652.3
591.9
506.7
450.9
483.2
474
419.2
446.6
426.2
407.5
347.2
301.4
257.3
231.6
129.4
84.7
60.14
46.95
11.77
1.401
-19.68
-32.69
-40.35
-43.16
-37.2
-33.7
-35.38
-31.44
-31.44
-36.36
-33.03
-31.62
-30.36
-31.28
-33.41
-33.53
-34.18
-33.87
-33.86
-33.52
-33.46
-33.88
-33
-31.96
-31.32
-30.45
-29.19
-28.41
-28.15
-27.42
-27.24
-27.73
-28.06
-27.91
-28.07
-28.48
-29.14
-30.12
-31.08
-31.07
-31.7
-31.52
-30.88
-31.67
-31.94
-32.31
-31.59
-30.47
-24.91
-17.74
-4.831
13.82
84.4
169
226.8
235.5
261.1
370.7
422.8
416.1
398.6
448.5
534.6
589.6
567.6
592.4
629.8
630.9
629.9
639.3
664.3
658
679.2
649.6
512.7
581.4
590.8
628.5
448.6
273.4
252.9
310.7
266.1
199.9
279.9
334.2
379.9
351.4
283.2
233.5
207.3
155.3
96.4
58.07
20.85
-9.31
-26.24
-39.83
-46.54
-46.45
-45.61
-45.27
-43.64
-43.32
-42.24
-41.92
-41.56
-39.75
-35.96
-40.75
-39.56
-37.84
-36.62
-27.86
-39.66
-39.44
-40.37
-39.75
-40.28
-41.84
-41.51
-40.58
-40.56
-42.02
-42.34
-42.8
-42.61
-42.23
-41.46
-40.08
-38.94
-39.49
-37.03
-37.7
-36.59
-28.3
-16.76
-28.7
-36.44
-40.96
-36.75
-33.86
-32.83
-31.86
-27.09
-15.53
2.492
24.78
51.11
73.5
92.2
123
158.2
199.8
253.8
332.6
415.6
355.2
239.5
270.1
297
352.9
404.1
465.2
588.2
571.9
556.7
536.8
592.6
501.3
408.2
620.3
517.2
579.4
562.5
542.7
554.2
504.8
514
361.1
235.5
174.4
89.4
64.92
40.48
12.25
-39.49
-14.66
-16.3
-13.84
-12.44
-18.75
-17.71
-19.28
-21.12
-23.48
-23.98
-25.37
-32.21
-28.2
-25.45
-23.69
-27.42
-32.22
-31.4
-26.92
-31.96
-26.06
-27.99
-34.81
-32.32
-31.17
-33.95
-36.26
-35.64
-32.87
-27.22
-19.44
-25.28
-25.34
-30.03
-29.05
-23.63
-27.64
-30.01
-23.66
-21.6
-24.92
-24.9
-26.63
-26.62
-26.89
-26.9
-21.5
-14.37
-7.9
-6.961
-6.755
-10.57
-18.26
-4.348
-2.426
3.059
9.33
27.23
22.65
36.5
50.35
73.2
78.9
87.7
187.4
392
437.5
434.5
402.7
652.2
624.1
439.9
596.1
754
707
757
724
749
756
672.6
514.1
315.5
555.6
666.4
405.6
549.6
115.7
22.76
-40.04
-9.88
-27.56
12.69
36.83
40.9
47.27
73.2
87.4
64.19
52.14
33.77
19.62
-5.196
-17.8
-26.58
-26.61
-24.67
-27.01
-25.96
-27.71
-23.29
-24.1
-22.01
-12.17
-22.6
-23.48
-21.48
-20.43
-17.06
-19.72
-22.78
-23.23
-21.67
-22.3
-21.47
-18.52
-17.16
-17.62
-17.92
-16.13
-15.81
-15.44
-16.9
-19.08
-22.29
-21.38
-18.84
-18.68
-16.15
-15.13
-14.85
-13.86
-13.67
-12.77
-12.85
-12.95
-13.17
-13.21
-13.54
-12.63
-8.59
-0.108
6.705
9.35
9.61
13
22.21
25.1
30.16
19.33
30.04
78.5
104.1
122.4
104.3
173.8
375.3
375.3
670.2
557.7
465.3
539.6
705
499.9
641.9
603.9
536.8
483.8
475.6
455.3
485.7
396
424.1
391.7
400.2
396.5
407.3
479.7
447.4
314.7
307.7
256.7
214
160.8
116.6
61.63
34.59
1.852
-18.81
-30.16
-38.04
-38.67
-37.88
-37.85
-38.62
-38.44
-38.78
-37.46
-36.14
-34.49
-33.1
-30.08
-23.47
-22.7
-23.38
-28.99
-28.9
-29.75
-29.35
-28.98
-29.65
-29.86
-30.96
-30.71
-30.14
-28.62
-27.01
-26.97
-25.49
-20.69
-15.07
-11.61
-16.82
-23.27
-22.27
-21
-18.82
-20.35
-17.3
-15.75
-16.03
-5.134
-6.396
-7.52
-22.74
-16.01
-10.05
-5.213
-13.24
-39.54
-19.72
-3.387
8.62
27.5
42.01
57.29
81.4
128.9
173.2
165.8
207
260.4
310
264.4
308.2
320.3
262.4
223.5
189.1
296.9
349.6
485.9
874
398.2
451.9
801
393.4
342.3
426.5
609.5
575.7
529.8
482.5
445.8
409
362.4
310.7
260.7
212.6
164.5
124
73
32.92
-0.694
-25.47
-32.08
-39.71
-40.43
-40.09
-38.34
-36.81
-37.2
-36.29
-36.99
-37.37
-37.51
-36.86
-36.35
-35.74
-36.27
-33.81
-26.16
-26.07
-31.81
-24.66
-28.16
-33.84
-34.81
-35.04
-32.76
-33.19
-33.8
-31.79
-20.95
-23.12
-24.9
-23.49
-19.67
-20.74
-10.71
-9.74
-13.48
-23.46
-24.24
-21.92
-19.48
-20.67
-17.07
-9.76
-8.94
-9.9
-14.08
-12.6
-7.11
-1.093
4.96
14.85
23.58
43.05
80.4
102.5
111.1
91.7
86.5
111.1
117.7
130.5
159.3
208.2
347.5
425.2
480.8
538.8
439.1
390.1
386
279.3
442.6
582.6
224.2
428.7
412.2
404.1
634.6
419.4
502.6
538.6
356.6
319.1
228.2
374.7
341
252.7
248.7
195.7
153
103.2
57.39
23.46
-4.751
-29.74
-39.97
-42.52
-42.5
-42.73
-42.64
-40.94
-42.15
-42.08
-40.31
-40.5
-38.99
-38.63
-38.33
-36.78
-36.86
-38.07
-38.58
-38.41
-37.13
-35.42
-36.6
-36.26
-35.35
-33.23
-33.21
-31.47
-30.28
-33.57
-33.14
-30.92
-31.63
-29.34
-22.3
-18.85
-29.81
-32.82
-32
-32.17
-41.56
-49.59
-39.6
-36.28
-38.65
-36.82
-37.45
-38.08
-34.06
-17.72
12.05
31.12
91.1
139.6
188.8
247.7
295.6
352.5
396
437
476.8
508.1
551.5
590.7
625.8
649.2
575
629.4
615.5
709
828
738
726
484.1
380
276.1
751
718
718
591.1
665.5
577.6
100.6
458.6
559
475.1
482.2
469.3
375.5
226.2
94.9
105
19.26
58.35
47.68
36.08
22.55
-6.177
-38.38
-50.22
-54.33
-57.36
-58.31
-60.24
-59.28
-62.19
-61.28
-62.09
-63.58
-65.94
-66.68
-67.39
-60.84
-60.52
-62.99
-62.39
-58.79
-60.51
-60.32
-57.92
-56.1
-54.28
-54.07
-50.72
-51.13
-51.52
-52.45
-53.49
-49.86
-49.07
-51.25
-51.16
-50.24
-52.1
-49.84
-47.76
-47.66
-47.29
-45.14
-42.91
-39.74
-40.81
-42.05
-40.57
-34.62
-20.17
8.33
45.81
92.6
141.4
194.9
242.4
292.5
339.6
383.6
432.5
478.4
515.5
543.8
580.4
617.9
649.9
683.5
695.4
699.8
711
722
727
735
726
726
719
712
710
697.5
681.2
631.5
606.6
558.3
543
517.7
472.9
425.8
401.9
174.3
301.3
292
162.4
159.1
92.9
44.51
9.21
-16.41
-39.16
-52.55
-52.64
-54.58
-56.62
-53.11
-51.01
-48.75
-48.48
-50.13
-50.01
-47.18
-47.18
-45.79
-44.54
-43.78
-43.34
-45.21
-44.73
-44.39
-44.93
-43.54
-40.51
-38.78
-37.72
-36.65