-24.64
-29.71
-31.71
-32.35
-27.99
-24.53
-26.48
-29.21
-33.69
-36.57
-36.25
-31.32
-34.37
-29.03
-27.36
-25.38
-19.4
-20.52
-25.51
-31.39
-30.14
-26.35
-26.21
-14.14
5.022
39.32
77.8
135.3
100.2
129.2
169.1
114.4
119.4
138.6
184.1
191.5
279.1
536.1
320.7
373.9
564.4
659.9
672.4
690.1
692.7
706
711
719
661.4
744
521.3
514.4
629.2
589.3
564.3
488
507.6
558.2
411.4
320.7
485.7
467.1
348.5
68
169.8
201.9
162
104.9
75.6
33.64
-0.496
-39.38
-53.62
-54.46
-51.85
-48.92
-47.4
-46.02
-45.7
-49.35
-48.93
-46.84
-45.32
-44.07
-42.52
-45.94
-41.78
-41.24
-38.27
-38.42
-38.1
-34.13
-24.07
-28.92
-14.96
-16.02
-20.08
-47.95
-52.07
-61.09
-73.1
-53.42
-71.7
-95.4
-81.1
-82.4
-63.78
-61.31
-56.39
-54.44
-53.86
-51.84
-52.55
-48.86
-46.6
-42.16
-34.37
-28.59
-29.48
-19.13
4.075
31.17
46.97
67.24
98.5
135.3
153.2
219.5
266.8
274.2
293.2
298.7
390.2
458.1
511.7
565.4
600.5
653.8
644.2
642.4
499.3
535.1
511.6
443.2
480.7
551.8
551.3
743
590.1
388.4
115.2
202.6
534.7
589.3
430.7
623.9
248.4
188.9
270.2
82.8
37.93
-7.87
-15.22
-18.31
-79.8
-39.61
-34.57
-31.41
-36.39
-40.52
-38.91
-54.39
-58.89
-60.51
-58.12
-46.34
-33.28
-26.82
-19.31
-16.01
-19.96
-27.33
-30.47
-29.28
-23.86
-17.43
-15.32
-18.61
-28.08
-33.06
-21.33
-21.26
-12.43
-12.38
-21.6
-16.36
-12.8
-13.63
-12.63
-8.98
-7.25
-8.15
-7.9
-12.53
-12.72
-8.58
-5.396
-3.904
-8.03
-9.86
-11.39
-9.64
-10.31
-13.99
-9.3
4.989
12.39
21.73
31.8
33.82
41.77
50.83
71.1
88.4
77.5
75.4
69.95
77.9
85.4
135.3
225.4
259.9
177.1
414.6
348.2
299
410.8
384.9
538.6
395.9
548.9
622.7
531.1
583.4
635
325.2
114.3
64.54
76
91.2
201.5
379.2
402.8
463.6
429.6
273.8
9.69
23.99
28.01
16.69
16.54
-4.007
-18.96
-40.26
-61.56
-34.54
-32.1
-37.16
-27.78
-52.85
-35.66
-19.26
-15.25
-10.56
-7.87
-7.64
-9.34
-10.41
-10.37
-13.76
-15.25
-12.72
-16.27
-30.77
-34.93
-26.8
-22.5
-24.96
-22.11
-20.51
-17.8
-19.83
-18.32
-17.77
-16.73
-16.43
-16.5
-14.68
-14.16
-13.92
-15.35
-15.14
-14.55
-15.68
-16.47
-14.24
-11.11
-10.14
-12.23
-14.44
-11.41
-3.26
8.03
21.41
34.39
34.71
36.4
49.8
91.4
70.8
75.3
103.6
81.7
103.1
128.7
139.7
157.4
171.8
221.2
348.8
394.2
543.3
410
376.2
522.2
559.2
441.5
454.9
646.4
556.3
640.4
705
513
260.6
266.5
226.3
228.4
373.8
260.8
296.2
241.9
178.2
125.7
88
57.87
15.4
6.666
0.079
-13.17
-20.33
-22.13
-23.95
-25.7
-23.76
-21.73
-20.74
-20.24
-20.75
-19.95
-19.27
-19.18
-18.88
-18.45
-19.09
-19.54
-23.07
-40.64
-46.71
-44.79
-45.15
-35.5
-23.28
-19.51
-18.5
-18.44
-18.91
-18.93
-17.62
-17.85
-17.15
-18.19
-21.38
-23.87
-16.76
-12.22
-9.5
-6.306
-9.4
-6.836
-7.02
-4.379
-14.48
-14.74
-9.38
-7.52
-11.8
-13.33
-14.08
-13.09
-12.26
-10.85
-10.71
-8.75
-4.818
-1.264
4.023
-2.648
13.16
45.57
74.7
91.2
118.8
118.3
141.9
153.3
212.7
232
196.8
211
220.1
271.7
381.1
532.3
500.9
709
716
445.1
664
618
614.6
661.6
718
776
267.5
196.7
337.8
311.9
189.3
187.2
101.4
109.2
154.7
106.7
65.03
12.44
-8.44
-32.06
-38.42
-31.44
-23.31
-22.62
-24.56
-19.63
-20.68
-30.46
-39.04
-40.79
-38.57
-37.98
-36.9
-36.83
-36.2
-36.63
-36.66
-36.79
-35.86
-35.41
-33.72
-30.57
-26.54
-20.93
-20.38
-27.45
-33.93
-33.78
-34.42
-34.94
-34.62
-33
-31.07
-30.28
-27.58
-31.48
-32.71
-33
-35.23
-34.28
-32.86
-33.42
-34.39
-33.55
-23.31
-9.41
-0.079
51.57
91.7
91
109.8
89.4
79.9
74.7
91.8
99.8
132.8
225.3
225.3
184.1
191.3
301.4
413.8
398.9
425.2
763
460
744
815
879
699.1
598.8
367.9
544.7
591.8
306.7
258.1
412.3
553.3
576.8
749
638.2
322.8
347.4
306.9
174.8
80.3
69.05
68.48
67.4
76.7
73.6
47.52
16.14
-13.69
-25.24
-30.67
-30.92
-29.91
-26.5
-27.69
-26.77
-29.03
-30.51
-33.07
-31.99
-30.1
-19.93
-16.36
-16.22
-16.03
-15.33
-15
-17.45
-25.27
-22.67
-18.17
-21.88
-21.18
-17.43
-16.17
-15.73
-15.58
-15.36
-14.64
-15.99
-14.97
-18.41
-27.92
-27.42
-29.14
-28.71
-28.17
-26.83
-5.22
-5.041
-13.13
-45.96
-21.28
-17.51
-16.53
-10.64
-13.54
-14.44
-11.75
-9.34
-4.501
8.97
25.33
59.15
69.09
61.2
54.26
39.47
50.72
54.92
45.4
50.96
56.86
69.36
66.93
75.2
98
84.5
65.99
73.3
93.2
129.4
125.1
222.1
296.3
289.7
388.7
290.9
577.3
434.1
727
767
566.4
563.6
531.6
396.9
406.1
337.1
281.5
220.1
163.8
33.45
8.27
-14.36
-22.34
-35.63
-40.08
-40.33
-40.29
-40.07
-40.13
-39.68
-38.59
-39.73
-38.8
-38.24
-36
-35.56
-34.18
-34.33
-32.57
-34.33
-34.51
-32.39
-31.77
-32.48
-32.43
-32.13
-24.92
-27.28
-34.73
-33.68
-32.41
-32.62
-33.08
-33.61
-23.33
-21.5
-21.17
-19.62
-20
-16
-15.83
-16.76
-21.24
-23.49
-25.09
-23.26
-19.12
-20.13
-23.02
-9.84
1.138
26.71
56.17
71.4
85.9
119.6
136
148.7
151.6
173.5
270.5
507.7
388.6
606.6
704
497.7
560.9
341.6
242.3
356.9
558.7
735
704
498.3
772
843
783
578.4
121.3
52.33
5.161
7.62
14.73
40.05
230.3
213.9
164.2
149.1
169.6
72.2
69.24
46.94
29.67
1.971
-10.74
-16.1
-20.53
-35.14
-42.24
-31.96
-25.52
-20.46
-17.71
-15.65
-17.16
-22.43
-24.14
-23.22
-27.86
-33.02
-26.83
-26.98
-33.15
-41.05
-42.8
-36.7
-33.47
-28.93
-24.33
-24.35
-24.82
-26.78
-30.56
-26.42
-20.64
-17.77
-19.11
-18.11
-19.25
-23.83
-24.34
-21.54
-20.58
-20.89
-22.76
-23.6
-19.44
-19.96
-20.18
-19.35
-19.74
-23.91
-29.56
-29.37
-25.21
-12.7
-3.691
-12.97
2.202
4.77
7.41
11.28
49.89
103.9
142.1
154.6
166.8
148.2
159.7
204.8
263.2
219.8
292.4
343.9
334.8
410.5
649.1
654.1
470
365.1
337.3
459.1
661.9
495
537.7
524.1
606.5
589
696.5
642.3
644.5
583
518.2
491.2
444
417.4
359.6
262.5
75.3
112.2
51.41
5.072
-8.37
-15.98
-19.25
-29.06
-32
-36.74
-31.5
-28.79
-26.53
-28.44
-32.77
-32
-32
-32.75
-31.79
-29.36
-28.09
-27.45
-26.82
-27.07
-27.73
-30.75
-30.72
-32.1
-31.93
-32.61
-34.27
-38.08
-37.79
-38.5
-39.07
-38.06
-30.08
-32.87
-37.31
-37.25
-35.53
-36.89
-37.24
-37.75
-37.79
-37.9
-37.96
-37.29
-37.44
-37.49
-37.31
-36.98
-33.17
-22.97
-10.1
7.92
18.65
45.9
113.6
122.8
105.6
63.3
72.9
112.5
122.5
167.3
203
189.7
178.8
238.4
323.8
311.7
352.9
465.4
456.2
567.5
477.9
344.4
427.9
558.4
606.8
623.3
554.2
609.8
560.7
520.7
511.8
417.8
478.4
498.2
447
367
459.6
324.8
335.3
312.9
281.2
189.3
82
82.1
56.42
24.03
-13.71
-35.86
-41.17
-38.65
-32.96
-21.97
-47.43
-34.63
-34.84
-37.83
-40.12
-38.87
-36.7
-36.41
-36.53
-36.14
-32.91
-32.09
-31.41
-32.16
-31.25
-28.67
-25.39
-23.38
-27.39
-28.42
-27.72
-26.61
-16.28
-14
-14.49
-18
-18.34
-22.91
-25.92
-23.65
-18.45
-23.76
-32.08
-35.52
-35.25
-29.51
-15.21
-20.47
-24.32
-14.28
-12.36
-7.13
1.621
11.4
36.24
56.34
83.4
89.7
98.7
168.9
170.2
290.1
202.5
414.2
403.9
307.8
477.5
580.7
654.7
496
396.6
618.3
663.1
650.4
393.5
355.5
462.7
713
400
548.6
634.6
397.9
276.3
393.1
693.6
610.1
75.3
-91.8
3.679
24.5
5.007
-14.43
9.94
4.645
5.233
7.44
29.81
37.53
19.74
-3.687
-20.39
-29.85
-25.25
-21.64
-16.93
-12.52
-11.82
-28.81
-29.52
-27.13
-26.76
-13.14
-9.85
-6.979
-9.58
-7.47
-7.19
-7.32
-7.96
-10.07
-17.23
-22.85
-22.16
-21.64
-21.02
-20.33
-12.12
-6.956
-3.72
-3.545
-3.028
-3.506
-4.036
-3.54
-4.501
-6.877
-6.296
-5.037
-4.448
-4.546
-5.346
-4.688
-5.768
-6.813
-7.05
-5.348
-3.078
-2.246
-1.312
3.947
14.96
19.39
20.29
31.96
39.85
51.81
66.75
47.76
35.01
32.06
36
78.4
95.9
80.9
76.2
71.3
156.9
147.3
137.2
365.7
379.9
507.6
366.5
398.6
364.3
188.2
337.6
415.1
346.7
397.4
314.6
270.1
267.3
309
229.7
250.9
326.7
393.7
283.9
131.4
127.8
159.7
193.5
115.7
60.69
29.29
-19.09
-41.12
-45.61
-45.7
-46.6
-46.7
-46.14
-45.01
-41.3
-42.53
-42.47
-42.71
-41.79
-36.8
-32.46
-38.24
-36.72
-36.73
-36.38
-36.67
-37.98
-37.68
-38.27
-38.06
-36.94
-38.18
-38.46
-37.13
-36.75
-36.62
-36.95
-36.94
-33.76
-32.42
-32.32
-20.93
-15.79
-18.68
-20.29
-23.58
-30.68
-27.46
-20.09
-11.74
-20.57
-25.44
-22.16
-8.89
0.927
15.88
36.86
47.78
63.24
91.6
196.3
218.1
322.7
383
323.8
402.3
512.3
539
490.2
553.5
585.1
606.6
469.8
596
826
547
685.6
589.7
448.9
830
570.1
676.1
596.7
416.7
517.9
570.6
355
528.2
713
419.6
371.5
527.5
353.3
404
372.6
138.1
147.7
73.2
27.88
26.16
48.28
10.04
-25.83
-38.53
-41.26
-37.47
-36.52
-35.44
-35.39
-39.73
-38.2
-28.59
-25.23
-24.65
-26.65
-27.57
-26.15
-26.03
-25.84
-24.82
-27.07
-29.08
-30.34
-35.63
-33.28
-30.27
-26.81
-30.27
-19.92
-25.39
-25.13
-20.12
-19.34
-19.77
-21.12
-22.36
-22.73
-19.65
-18.66
-19.4
-20.81
-21.27
-20.47
-18.36
-18.12
-16.78
-17.18
-16.78
-15.48
-11.73
-3.825
10.03
27.48
45.03
57.43
52.63
113.2
98.9
344.7
304.3
321.1
414.5
425.3
435.5
582.4
610.6
642.1
661.1
543
698.1
618
699.2
421.3
448.1
729
836
733
117.3
112.5
14.59
98
27.3
5.169
5.315
16.07
62.28
78.4
171.7
94.2
5.779
69.69
108.7
142.3
157.2
161.7
53.45
9.79
9.45
2.132
-15.07
-18.83
-18.15
-18.19
-20.67
-15.72
-17.01
-19.6
-24.13
-19.46
-15.97
-16.69
-15.48
-14.39
-13.89
-13.98
-14.07
-12.85
-12.33
-12.29
-12.79
-13.61
-13.26
-11.97
-19
-21.29
-26.42
-25.11
-14.24
-11.15
-18.69
-26.11
-20.18
-18.73
-21.45
-19.19
-17.98
-22.13
-17.95
-9.97
-19.59
-8.68
-6.848
-6.893
-7.53
-10.58
-9.65
-2.112
6.927
23.44
45.41
47.88
125
147.1
163.6
158.7
150.9
158.1
139.7
158.8
61.26
91.5
108
90
33.77
64.1
76.7
174.5
176.5
201.9
229.1
222.8
217.4
107.6
92.4
206.9
364.4
432.2
225.3
241.9
505.2
384.9
317.1
302.2
265.3
232.7
189.7
171.4
79.6
87.8
94.5
49.92
38.84
13.39
4.759
1.127
-5.622
-7.1
-8
-13.1
-21.02
-21.47
-10.13
-18.55
-39.4
-33.49
-16.8
-20.3
-25.3
-9.66
-15.9
-30.21
-40.02
-31.77
-8.42
-5.074
-8.47
-6.586
-9.52
-17.12
-22.26
-12.96
-17.11
-32.89
-39.8
-38.13
-36.42
-35.82
-34.9
-34.03
-34.19
-34.68
-34.22
-33.63
-33.73
-33.49
-32.48
-32.93
-32.93
-34.03
-32.44
-29.4
-23.14
-10.73
12.87
44.71
77.4
74.4
157.1
255.9
258.4
289.8
311.1
352.8
361.1
563.3
523.6
651.2
584.8
419.4
304
344
837
726
670
696
644.7
830
821
627.3
542.6
406.5
327.8
615.9
693.1
647.3
646.8
608.1
583.4
568.3
466.6
504.8
422.7
403.1
357.8
293
288.7
237.3
81.8
46.42
32.86
14.59
7.45
-15.23
-26.8
-23.35
-20.67
-23.26
-23.34
-28.39
-26.75
-16.29
-18.72
-34.81
-40.98
-41.86
-41.52
-41.08
-40.02
-38.74
-35.58
-22.45
-15.77
-15.6
-14.75
-14.96
-17.81
-18.26
-14.47
-15.17
-14.89
-16.21
-16.53
-14.07
-17.05
-22.92
-24.02
-19.44
-21.04
-23.19
-23.37
-23.91
-27.32
-28.17
-22.09
-18.04
-17.11
-15.92
-10.42
-7.42
-6.423
15.12
44.89
49.68
127.5
217.8
264.1
322.7
358.2
408.1
451.7
475.6
525
562.4
602.3
630.3
683.6
675.5
692.3
713
728
742
748
747
673.8
664.7
767
751
557.1
693.7
696.9
672.9
648
616.3
573.1
558.6
500.8
475.8
416.7
360.4
322.7
262.6
211.5
167.8
113.9
33.55
5.874
-10.48
-37.38
-48.89
-52.58
-49.11
-44.2
-46.11
-45.37
-45.26
-43.39
-39.26
-39.18
-43.94
-46.57
-44.72
-43.51
-39.05
-34.46
-28.83
-25
-26.51
-37.06
-36.53
-31.14
-29.19
-18.02
-27.17
-33.69
-32.88
-26.46
-26.79
-30.71
-26.22
-31.17
-33.71
-31.27
-29.22
-30.26
-28.25
-26.38
-28.27
-28.44
-26.8
-28.01
-31.12
-29.52
-26.41
-22.47
-9.6
12.4
39.53
69.33
102.7
147.8
190.6
229.5
287.7
333.3
379.6
416.9
456.1
516.4
566.2
585.2
646.9
638.4
659.2
678.2
704
732
744
757
746
755
784
746
749
735
739
733
596.7
494.3
363.5
483.9
425
299.6
386.6
341.1
198.3
146.2
132
92.8
57.66
32.12
14.42
-1.698
-18.8
-31.5
-39.41
-41.7
-39.24
-36.3
-34.2
-34.01
-35.39
-37.2
-35.69
-34.75
-33.39
-33.18
-31.63
-31.17
-34.24
-32.4
-33.53
-34.76
-34.96
-35.57
-36.44
-35.31
-35.92
-34.27
-32.18
-33.22
-25.99
-20.15
-24.47
-18.48
-21.43
-17.31
-22.73
-24.61
-25.63
-28.69
-28.53
-27.84
-30.92
-36.87
-39.44
-39.52
-39.15
-38.42
-34.29
-26.04
-14.9
7.09
38.13
71.3
107.8
155.3
201.5
253.8
279.5
298.3
406.8
454.4
454.7
546.4
577.8
540.8
579.3
652.6
690
671.3
644.3
709
734
759
779
750
859
612.8
154.9
126.5
57.03
33.96
17.01
27.72
35.19
138.9
233.8
98
44.06
47.08
44.7
39.61
18.92
18.88
21.23
13.22
0.048
-5.735
-12.18
-20.31
-25.76
-24.34
-22.84
-22.77
-24.89
-31.55
-29.85
-28.24
-29.99
-33.85
-32.42
-28.51
-21.13
-16.62
-15.81
-15.02
-14.17
-13.92
-14.82
-14.76
-15.6
-16.8
-17.6
-17.68
-13.53
-13.1
-15.09
-19.6
-20.22
-19.91
-18.2
-12.12
-11.45
-15.08
-15.94
-16.08
-14.11
-14.2
-6.507
-13.39
-15.17
-17.08
-18.01
-21.85
-20.47
-9.42
-2.389
1.811
10.55
35.55
46.07
63.58
58.26
46.41
60.79
59.63
44.35
42.33
40.15
48.64
51.1
50.17
37.87
10.07
26.24
41.97
99.5
93.1
88.6
98.4
125.1
137.2
259.3
389.3
461.6
644.6
652.4
581.9
508.2
402.2
448.1
363.5
356.1
346.2
335.2
345.9
376.7
300.3
339
271.1
125.4
142.5
107.1
47.79
-0.084
-32.28
-40.61
-40.79
-40.94
-38.11
-33.31
-35.09
-28.2
-22.08
-23.55
-21.59
-17.1
-17.92
-17.35
-16.87
-17.57
-15.58
-15.46
-17.69
-17.41
-16.35
-15.29
-15.03
-15.77
-15.18
-16.52
-16.65
-17.9
-19.84
-18.49
-16.29
-16.11
-13.78
-14.93
-16.38
-20.54
-15.7
-10.42
-6.874
-5.528
-10.52
-10.23
-14.37
-13.42
-12.12
-17.1
-12.04
4.583
3.07
20.29
31.58
49.27
72.9
155.7
213.5
228.9
179.9
229.7
311.2
320.1
361.8
320.1
537.1
713
720
685.3
687.1
692.2
488.7
468.4
390.8
798
786
795
785
768
755
739
909
586.7
665.1
472.1
583.2
559.8
255.3
372.7
448.1
344.2
420
251.1
266.3
143
150.7
60.53
2.36
-17.16
-21.34
-26.5
-37.47
-39.05
-36.88
-36.52
-36.88
-35.55
-38.09
-40.44
-40.7
-43.64
-43.02
-43.71
-40.88
-37.31
-36.72
-39.69
-39.39
-37.41
-38.08
-36.38
-37.04
-36.86
-37.11
-29.42
-27.9
-28.8
-28.91
-26.1
-22.61
-16.17
-17.15
-18.64
-16.43
-17.11
-20.67
-18.84
-25.88
-29.08
-22.99
-18.88
-33.97
-33.48
-27.73
-22.61
-5.855
-4.234
7.74
22.72
66.24
97.9
137.2
148.8
251.6
304
340.8
405.7
444
420.3
529.5
477.2
652.9
644.7
595
511.6
601.7
559.7
756
826
825
820
805
770
171.9
221.1
840
578.7
287
404.9
222.6
81.5
28.42
23.85
14.22
-4.379
-11.33
-11.32
-8.85
-1.813
11.84
59.74
55.74
43.36
9.52
-11.74
-26.84
-31.18
-33.2
-36.12
-37.16
-35.84
-33.45
-30.92
-34.57
-30.47
-32.95
-34.98
-36.43
-35.25
-35.46
-32.78
-31.09
-32.34
-33.46
-30.69
-33.59
-33.18
-33.45
-33.76
-32.13
-31.36
-30.65
-32.29
-32.99
-33.26
-31.64
-30.63
-29.29
-29.49
-26.7
-27.44
-28.91
-31.49
-31.74
-31.31
-30.14
-29.27
-28.41
-25.57
-23.76
-23.89
-27.44
-26.16
-16.01
-23.41
-54.58
52.96
94.8
146.3
181.3
227.9
268.2
303.6
325.3
416.8
449.2
503.1
523.3
563.3
610.5
646.2
675.2
723
651.1
704
349.4
541.7
559.5
356.5
-97.4
-100.6
-49.48
25.69
101.4
101.9
96.6
121.4
198.9
202
164.3
120.9
89.5
64.41
40.9
33.5
14.87
-4.586
-19.83
-30.41
-27.21
-30.53
-25.3
-25.42
-22.95
-21.04
-21.17
-19.64
-18.71
-21.74
-22.57
-19.03
-22.23
-27.46
-26.18
-21.61
-19.27
-16.13
-16.61
-16.91
-15.45
-12.98
-12.53
-14.66
-13.6
-11.82
-11.96
-12.14
-18.79
-14.81
-13.1
-17.5
-26.57
-31.87
-29.73
-25.58
-14.59
-14.28
-13.02
-8.44
-8.08
-13.65
-9.79
-6.483
-7.95
-10.09
-5.647
-3.609
-4.374
-4.588
-5.512
-4.108
1.008
8.78
4.501
-9.99
-12.67
-1.55
7.36
9.5
16.5
15.07
94.1
49.74
18.72
40.82
28.05
38.11
12.19
12.77
3.764
4.263
8.46
6.515
5.293
10.38
13.88
7.61
10.44
16.43
13.67
28.1
16.01
8.9
2.157
11.46
21.91
22.95
24.11
17.93
20.74
15.42
8.61
4.424
2.075
4.372
-0.99
-9.01
-14.67
-24.44
-23.17
-21.91
-19.08
-24.34
-33.79
-28.13
-25.06
-25.47
-27.19
-28.59
-26.33
-22.45
-20.78
-21.06
-24.5
-27.6
-27.45
-28.55
-20.01
-14.66
-16
-17.55
-19.12
-21.56
-21.96
-19.64
-17.45
-16.88
-25.94
-26.31
-15.62
-13.81
-15.44
-15.27
-15.37
-13.68
-12.58
-11.1
-12.06
-11.97
-12.36
-10.11
-9.72
-8.95
-6.227
-2.257
1.521
14.84
30.25
37.01
61.48
80.9
61.67
71.9
81.5
94.7
109.4
114.6
210.8
251.9
238.8
274.4
282
402
366
408.6
384.6
307.6
341.8
364.1
457.1
664.1
342.8
478.9
441.6
708
767
815
676.3
672.2
673.6
622.1
414.2
516.3
330.4
265.9
279.9
150.8
58.82
43.58
23.79
11.94
-0.253
-2.459
-29.71
-71.7
-49.19
-33.07
-25.65
-22.74
-21.97
-20.56
-22.85
-22.18
-20.4
-17.48
-16.88
-16.65
-16.75
-15.11
-17.5
-21.49
-22.85
-23.78
-21.42
-20.99
-18.13
-14.59
-14.75
-10.39
-9.5
-9.76
-10.03
-7.37
-6.138
-6.795
-6.922
-8.21
-7.34
-7.57
-7.39
-6.217
-6.241
-6.325
-8.71
-8.48
-8.33
-9.79
-8.95
-6.671
-4.878
-3.49
2.378
8.86
21.51
50.25
26.26
8.96
-1.294
0.164
2.033
5.346
5.644
9.32
17.61
29.54
38.69
44.13
44.58
38.16
39.07
52.22
53.55
75.9
106.4
111.1
118.1
158.1
198.6
253.8
276.4
465.2
344.9
464.9
415.3
289.1
284.9
301
240.8
365.4
216.7
237.5
190.4
169.2
84.4
57.73
37.56
21.95
7.05
-8.21
-10.62
-33.54
-35.6
-34.67
-31.75
-31.72
-30.86
-29.93
-30.26
-26.4
-25.64
-28.65
-29.5
-31.36
-31.79
-34.52
-33.89
-37.1
-37.8
-33.96
-34.56
-37.14
-36.65
-36.14
-36.25
-35.64
-32.97
-32.2
-29.25
-33.55
-31.88
-33.38
-33.18
-31.05
-30.03
-29.7
-30.01
-33.46
-29.34
-28.64
-30.2
-28.68
-30.53
-30.32
-26.86
-25.61
-20.64
-35.62
-33.01
8.94
45.52
66.98
100.5
96.2
124.6
241.4
262.3
264.6
403.7
395
394.7
528.4
358.9
408.5
416.6
642.8
699.8
646.8
203
748
762
931
880
799
799
907
828
835
695.1
694
320.5
161.7
336.4
112.8
209.4
302.7
645.9
547.9
500.1
433.4
372.8
315.7
184
197.5
126.1
19.46
-30.01
-33.74
-37.46
-36.56
-33.5
-26.32
-24.57
-19
-24.58
-23.05
-14.85
-31.04
-36.02
-36.12
-36.28
-36.5
-36.21
-35.01
-35.6
-35.23
-34.94
-36.51
-36.92
-37.04
-35.51
-34.49
-33.99
-35.57
-32.93
-34.89
-33.17
-31.6
-29.89
-36.33
-31.85
-30.14
-31.37
-28.18
-28.02
-31.23
-31.37
-30.66
-32.23
-31.2
-30.89
-31.58
-42.37
-29.23
-14.34
-5.258
-17.2
46.93
73.4
153.3
161.5
214
288
333.3
405
453.6
479.8
491.6
288.2
127.3
390.9
162.5
172
697.5
786
810
789
774
887
602.7
896
753
247.9
318.2
692.7
795
692
176.2
-20.78
-3.597
-55.93
-16.51
-14.5
-23.21
-48.02
-35.26
-21.65
75
182.2
224.4
211.2
106
-8.45
-28.36
-35.68
-34.85
-33.92
-33.3
-39.57
-29.04
-22.45
-35.18
-34.33
-27.86
-16.88
-18.16
-20.45
-31.49
-34.83
-37.38
-34.63
-36.15
-35.44
-34.51
-31.92
-33.68
-32.88
-33.82
-35.84
-33.91
-32.02
-31.34
-28.12
-31.06
-31.98
-32.21
-33.82
-34.68
-37.69
-37.64
-37.71
-35.89
-32.73
-31.63
-30.95
-28.24
-24.6
-24.5
-21.9
-13.92
1.998
20.47
5.367
25.64
112.5
118.7
132.8
155.7
182.3
216.4
247.7
237.5
253.4
259
265.1
285.5
305.5
353.4
460.7
492.7
386.1
415.9
437.2
480.4
550.9
592.5
565.5
543.5
645.3
568.5
482.1
835
603.1
483.5
692.1
648.6
568.1
556.3
627.3
585.5
408.6
221.9
168.3
136.9
173.1
64.87
62.96
25.22
-22.31
-45.21
-47.42
-48.99
-49.57
-48.96
-46.99
-47.05
-47.19
-46.23
-43.69
-42.23
-40.44
-42
-41.98
-41.06
-40.25
-41.01
-41.22
-40.92
-39.26
-40.4
-38.83
-37.76
-37.46
-35.77
-34.61
-30.97
-28.85
-25.87
-25.67
-26.3
-27.42
-23.89
-22.92
-24.43
-26.45
-27.84
-27.59
-27.7
-29.54
-27.19
-24.54
-22.97
-19.95
-24.87
-12.46
-25.85
12.82
34
60.15
80.9
82.5
162.7
176.7
197.8
238.7
292.3
367
401
475.4
560.8
578
419.3
615.6
502.8
707
787
804
819
731
798
851
826
827
807
841
832
774
817
657.2
401.8
487.6
175.2
157.8
291
379.2
245.2
196.4
297.4
362.8
287.4
138.4
83.9
83.7
52.67
-8.51
-22.42
-33.28
-69.54
-62.95
-37.86
-31.7
-31.91
-31.36
-31.7
-30.97
-29.72
-29.95
-29.37
-30.22
-30.56
-31.86
-30.36
-30.04
-30.11
-27.7
-28.43
-29.75
-31.07