-37.33
-37.16
-37.15
-35.51
-34.37
-37.01
-38.01
-31.61
-27.44
-26.54
-24.64
-26.39
-33.08
-35.79
-38.17
-38.35
-38.71
-39.64
-38.76
-37.51
-36.85
-33.4
-17.23
14.8
53.59
98.7
147
198.3
248.6
294.6
338.1
379.1
420.9
463.1
503.1
534.5
560.2
592.6
622.8
638.7
663.8
675.4
694.7
603.5
478
666
486.6
568.3
493
466.3
300.1
428.6
612
567.9
442.6
198.5
344.6
509.8
468.5
435.4
391.9
311.9
304.1
263.7
231
184.8
169.3
143.4
75.3
-23.48
-15.08
-30.5
-38.11
-45.84
-44.53
-43
-42.22
-42.27
-42.65
-43.41
-43.39
-42.68
-41.31
-40.94
-41.13
-41.31
-42.37
-41.93
-41.49
-40.34
-40.37
-39.19
-38.49
-39.15
-40.88
-40.25
-39.12
-37.07
-35.46
-35.63
-35.75
-35.77
-35.46
-35.86
-36.64
-35.33
-36.39
-37.47
-37.72
-38.82
-38.43
-38.61
-39.23
-39.92
-40.16
-40.28
-39.39
-35.04
-14.39
7.23
55.88
111.7
167.1
211.9
271.8
312.3
352.9
397.1
437.2
466.5
506.8
543.1
578.4
614.3
595.3
584.2
657.5
668.6
676.3
708
289.7
531.3
528.9
237.6
384.7
337.2
564.5
238.9
271.8
324.9
277.6
241.9
265.1
311.7
225.6
225.8
225.3
266.5
181.5
161.4
141.8
183.2
173.4
100.4
43.84
-7.3
-18.06
-29.11
-35.98
-43.48
-44.84
-45.71
-44.53
-41.93
-39.21
-38.43
-38.82
-40.71
-40.79
-40.44
-40.85
-40.82
-40.74
-39.99
-39.69
-37.59
-35.12
-32.13
-30.1
-33.95
-36.59
-37.51
-38.45
-39.17
-39
-37.87
-36.75
-34.14
-32.72
-31.97
-30.45
-32.23
-32.94
-32.22
-31.39
-32.11
-32.55
-33.47
-36.3
-37.28
-37.22
-36.35
-35.76
-29.37
-7.59
21.58
57.58
101.8
151.4
201.9
248.9
299.4
342.1
384.6
426.3
481.5
519.6
541.1
570.1
588.4
634.3
599.7
556.7
676.6
506.6
753
571
283.4
557
362.5
327.2
311.7
481.7
498.8
226.7
189.9
329.8
384.3
255
362.5
188.2
86.7
43.63
72.1
69.6
82
20.87
32.46
-7.63
0.451
-3.401
-5.51
-7.78
-11.57
-13.36
-18.09
-15.21
-26.23
-24.57
-20.98
-25.85
-28.85
-25.1
-23.84
-24.47
-24.88
-27.15
-24.03
-19.17
-17.52
-15.59
-15.12
-15.78
-15.55
-13.37
-10.07
-8.2
-8.36
-10.82
-9.33
-10.31
-12.24
-12.72
-12.84
-15.67
-11.65
-12.99
-15.71
-13.04
-16.28
-13.66
-10.81
-10.86
-12.59
-10.1
-9.48
-12.67
-13.61
-16.97
-16.44
-13.59
-10.01
-8.52
-8.29
-6.277
1.396
17.29
41.2
49.47
59.59
89.8
88.4
71.3
83.4
165
246.1
536.3
304.2
405.8
493.3
604.5
536.9
522.7
412.5
309.6
379.9
361.8
510.8
577.8
602
615.2
550.5
442.7
395.9
514.8
470.3
428.3
394.4
325.6
367
283.2
234.5
249.5
197.4
152.5
103.2
73.7
30.52
-7.72
-22.1
-27.98
-33.41
-29.6
-34.68
-34.73
-38.85
-39.26
-38.78
-38.61
-38.36
-38.71
-38.61
-37.83
-37.23
-35.66
-35.26
-35.09
-34.26
-33.99
-29.66
-20.81
-20.41
-21.28
-20.82
-18.96
-24.86
-30.09
-31.49
-25.22
-18.51
-18.94
-19.58
-24.12
-19.75
-9.51
-12.86
-5.966
-5.712
-7.42
-9.18
-8.81
-8.36
-7.69
-8.47
-8.54
-8.79
-5.963
-0.618
5.282
14.1
27.91
55.64
83.9
127.1
161
212.9
227.2
320.9
211.7
241.6
336.1
340.5
264.4
534
545.4
301.5
111.1
109.4
185.9
496.9
771
558.2
689.3
323
-3.904
-19.96
-14.05
2.501
2.818
2.494
4.352
1.835
2.698
4.894
15.5
29.44
32.35
20.86
18.33
20.37
23.09
21.71
13.36
6.074
-0.293
-3.469
-8.27
-17.57
-27.05
-27.65
-27.19
-27.56
-28.02
-27.64
-27.68
-28.09
-29.33
-29.74
-29.16
-25.57
-24.85
-26.19
-20.56
-19.65
-27.92
-30.82
-30.25
-29.52
-28.56
-28.33
-27.45
-18.38
-22.56
-28.47
-24.67
-15
-16.72
-17.95
-16.88
-19.77
-18.26
-8.99
-19.08
-21.73
-16.33
-11.06
-11.74
-14.25
-12.87
-10.46
-12.24
-10.43
-2.605
2.79
13.07
16.83
14.6
60.11
93.6
73.1
202.1
336.5
237.4
40.56
24.3
10.67
2.729
2.65
2.745
7.62
20.54
43.35
86.4
139.1
186.9
350.3
234.6
149.6
90.8
40.1
48.07
89.7
122.9
115.3
115.2
180.9
246.4
312
319.2
393.2
161.9
142.3
250.3
270.6
200.1
193.5
123.4
43.39
23.86
8.18
-4.27
-10.26
-18.51
-18.42
-17.33
-16.47
-15.7
-16
-16.54
-16.55
-17.15
-16.44
-15.71
-15.99
-14.17
-11.04
-12.87
-13.53
-12.51
-12.36
-13.95
-12.57
-11.9
-11.66
-12.14
-15.04
-16.63
-17.63
-20.49
-21.51
-25.36
-32.23
-31.3
-30.05
-25.21
-21.9
-23.32
-26.89
-26.62
-23.55
-23.66
-28.36
-26.36
-22.19
-22.74
-22.4
-26.96
-26.19
-23.44
-14.49
-0.744
12.84
10.19
14.56
10.78
15.79
49.44
62.39
105.1
181.6
267.7
279.9
309
316.2
303.3
295.9
198.9
176.9
218.3
248.4
184.8
141.8
113.3
125.6
86.2
25.35
51.78
245.5
515.3
319.6
275.6
209.5
140.9
169.8
198
151.5
167.9
160.1
80.2
74.5
158.1
304.5
117.5
83.2
47.07
19.99
-1.04
-14.36
-22.22
-20.75
-19.05
-18.35
-18.2
-17.71
-17.12
-17.42
-17.4
-18.57
-17.76
-16.16
-17.09
-17.62
-18.09
-17.43
-17.74
-16.5
-16.32
-16.83
-16.25
-15.82
-16.8
-16.4
-15.93
-22.19
-18.05
-15.11
-14.72
-17.47
-15.98
-16.98
-18.99
-17.72
-16.18
-15.22
-18.42
-14.93
-14.57
-15.08
-15.53
-16.73
-15.23
-12.96
-12.53
-11.66
-10.31
-6.203
-1.542
16.63
32.32
35.25
38.63
43.26
36.87
54.87
65.08
111.8
118.9
132.2
212
305.7
368.2
447.8
585.5
648.1
702
468
178.7
154.7
224.1
358.4
688.1
658.1
688.7
632.6
428
374.4
348.8
493
528.4
478.3
343.9
292.2
231.7
315.4
153.1
57.35
70.5
84.3
65.99
15.65
-6.619
-9.46
-13.89
-10.17
-11.03
-35.97
-33.36
-15.92
-18.94
-29.95
-26.05
-17.71
-17.79
-18.94
-19.11
-17.32
-17.08
-17.94
-16.61
-16.42
-18.44
-18.17
-17.82
-18.11
-18.69
-18.79
-17.46
-16.61
-17.35
-15.51
-14.86
-14.23
-14.37
-14.63
-15.46
-15.62
-13.9
-14.77
-15.88
-13.47
-13.49
-14.81
-14.75
-19.49
-24.77
-25.7
-25.63
-19.49
-13.69
-8.87
-3.867
1.349
7.81
17.66
29.69
36.54
40.52
40.77
57.92
76
175.4
193.5
253.6
272.7
249.8
309.8
425.1
410.9
476.4
537.8
514.8
511.7
739
739
435.1
671.8
465.5
615.3
335
225.8
438
345.3
118.4
546.9
356.8
294.2
296.8
255.5
386.8
361.3
315.7
265
216.8
165.3
117
75.5
39.34
8.81
-15.44
-31.14
-38.68
-42.59
-40.76
-38.66
-37.73
-36.76
-37.1
-34.88
-32.39
-34.17
-35.13
-34.39
-33.63
-31.3
-29.55
-25.86
-20.73
-21.81
-24.78
-26.47
-31.38
-32.65
-32.31
-26.85
-23.74
-17.55
-15.27
-15.92
-16.53
-16.89
-17.22
-17.96
-19.91
-20.29
-18.66
-20.43
-26.63
-26.56
-26.5
-31.33
-32.51
-33.36
-34.38
-34.7
-34.84
-30.2
-10.39
17.8
55.13
98.1
140
192.7
241.6
291
342.7
379
433.4
460.7
429.5
437
482.8
560.7
620.1
654.3
675.5
686.2
691.8
719
712
724
696.5
761
602.4
588.5
708
602.8
562.1
600.1
434.3
492.4
364.3
480.7
502.9
439.6
288.9
330.9
347.3
211.7
115.2
86.9
70.7
54.44
32.23
9.68
-5.229
-18.88
-28.62
-33.44
-36.3
-38.56
-37.53
-38.58
-37.23
-35.92
-35.24
-34.72
-34.5
-34.41
-32.26
-23.21
-19.59
-19.33
-18.49
-21.97
-26.82
-23.35
-22.14
-10.72
-10.73
-15.38
-21.99
-24.79
-28.86
-32.38
-29.19
-20.38
-21.76
-21.63
-24.35
-18.45
-15.82
-19.36
-13.06
-8.39
-9.2
-22.55
-25.07
-15.43
-14.38
-14.98
-14.24
-13.31
-8.06
0.721
10.26
26.42
53.41
74.7
57.51
77.2
83.2
102.2
162.9
219.5
286.5
303.4
270.7
254.7
258.5
274.5
260.8
293.1
432.5
438
473.2
463.9
545.3
728
739
713
735
753
605.4
279.6
251.1
242.9
265.6
346.6
347.7
366.3
412.1
396.5
333
283.1
161.2
133.6
121.8
85.9
49.8
19.31
-3.078
-22.87
-31.49
-35.58
-33.88
-36.89
-37.73
-37.3
-37.64
-37.73
-35.54
-29.55
-27.65
-32.92
-37.54
-38.94
-39.25
-39.39
-39.34
-40
-40.1
-40.53
-40.25
-39.5
-39.89
-39.55
-38.31
-38.32
-38.43
-38.57
-37.76
-38.71
-38.51
-37.94
-36.64
-33.12
-32.64
-31.74
-31.69
-32.8
-31.41
-30.52
-30.3
-33.56
-33.33
-34.16
-35.14
-28.69
-4.688
34.06
66.82
70.4
154.2
200.9
257.5
308.2
363.5
396.1
439
483.9
517
543.2
585.5
619.3
652.3
671.9
685.4
706
725
560.2
664.1
696.5
785
766
749
731
739
770
731
673.6
679
667.7
581.6
631.8
603.2
528.5
178.8
285.7
98.1
47.02
98.6
219.7
151
51.3
4.881
1.213
-10.74
-28.01
-34.56
-40.21
-37.38
-31.68
-25.94
-22.65
-27.92
-20.66
-21.49
-18.81
-15.37
-18.19
-29.53
-31.27
-31.93
-33.39
-28.51
-28.55
-32.85
-33.26
-31.88
-33.22
-31.65
-32.12
-33.79
-34.6
-35.35
-34.43
-36.3
-36.92
-36.8
-35.77
-37.13
-35.28
-34.48
-34.61
-23.16
-11.92
-9.98
-9.55
-9.64
-9.06
-9.73
-10.21
-9.87
-8.79
-5.229
4.806
25.05
41.82
43.61
159
273.7
333.6
396.8
385.1
444.2
442.7
523.6
541.8
588.2
619.3
650.4
651.5
712
748
790
469.7
205.6
225.5
207.8
250.2
290.7
379.7
595
851
595.2
688.2
656.1
622.8
569.1
566.1
537.1
194.4
339.3
134.3
22.14
26.36
76.4
195.5
144.5
35.99
-11.89
-14.75
-11.15
-26.88
-33.36
-35.26
-35.2
-33.94
-34.06
-33.09
-31.76
-32.29
-32.83
-32.05
-30.54
-28.26
-31.38
-30.99
-30.35
-30.47
-31.24
-31.12
-29.95
-30.05
-30.22
-30.38
-29.4
-19.59
-14.78
-17.52
-25.17
-20.37
-11.5
-14.2
-26.61
-21.24
-57.58
-42.1
-25.13
-16.77
-17.37
-14.83
-18.01
-18.15
-18.51
-22.96
-25.66
-19.24
-22.13
-26.92
-15.55
-2.173
12.4
29.21
81.1
166.3
211
227.5
295.5
332.4
368.4
407.7
438.3
440.2
460.2
454.3
500.1
360.2
366
483.3
581.4
714
674.4
618.7
732
823
766
619.8
785
809
625.8
400
358.5
334.5
284.3
287.5
262.8
268
290.6
334.7
373.5
257
189.9
127.2
134.9
74.2
33.68
14.14
0.05
-19.92
-34.94
-41.86
-42.93
-42.69
-43.99
-43.97
-45.5
-45.04
-44.96
-44.91
-44.66
-43.58
-41.93
-40.24
-39.13
-38.79
-38.55
-37.13
-38.12
-37.72
-35.61
-36.33
-36.66
-37.31
-35.97
-34.31
-33.95
-35.08
-36.13
-35.27
-34.04
-33.53
-33.69
-35.04
-34.46
-33.32
-33.38
-34.61
-34.74
-34.36
-34.45
-35.29
-34.84
-33.82
-32.79
-29.93
-19.69
-3.257
11.91
35.93
66.83
105.1
145
170.2
194
236.4
246.7
253.9
277.2
299.4
364.3
331.8
348.4
423.4
377.2
306.7
441.9
358.9
479.3
448.2
404.5
404.3
410.4
411.6
503.2
490.4
537.2
583.1
287
369.7
492.3
536.2
424
488.5
463.7
429.1
398.8
349.2
289.8
224.8
156.5
90.1
56.5
15.2
-8.64
-24.56
-36.93
-41.51
-40.08
-39.62
-40.26
-40.12
-39.13
-39.45
-38.28
-36.58
-37.42
-37.87
-38.16
-38.12
-36.88
-38.57
-36.46
-36.6
-40.21
-38.79
-35.37
-31.35
-31.69
-31.57
-33.22
-23.14
-18.2
-23.7
-19.3
-12.16
-9.88
-10.66
-11.87
-13.86
-17.5
-19.56
-15.12
-16.1
-25.25
-25.33
-26.26
-14.62
-12.05
-9.07
-9.8
-14.03
-22.76
-14.17
-0.351
20.28
31.16
39.09
6.757
19.45
24.74
45.43
69.63
66.57
82.4
98.9
106.5
149.5
145.4
80.3
69.3
66.02
37.99
47.2
94.6
160.8
237.9
360.2
340.6
313.6
341.1
435.7
435.8
371.1
280.6
179.1
178.2
231.3
227.1
351.9
475.1
391.5
199.7
171.2
152.5
117.8
110.3
84.4
51.49
-0.71
-9.19
-23.27
-31.77
-35.47
-34.2
-31.41
-30.25
-28.75
-30.68
-32.92
-30.78
-30.96
-31.87
-36.05
-37.93
-37.99
-34.68
-32.87
-32.53
-32.02
-33.15
-46.62
-37.15
-35.22
-33.23
-33.32
-33.99
-34.07
-31.84
-32.69
-34.67
-33.99
-35.73
-34.91
-33.78
-36.01
-34.97
-35.96
-35.28
-35.59
-36.48
-35.09
-34.26
-34.21
-33.55
-35.07
-35.43
-28.82
-11.17
16.75
55.27
98.7
126.5
143.1
247.6
302.6
357.6
397.1
424.1
489.7
534.4
573.3
587.8
625.9
642.4
680.2
705
721
747
712
651.4
761
685.6
749
746
680.3
728
714
726
655.6
630.3
437.5
568.5
254.1
469.6
468.5
394.6
331.6
308.4
265
225.7
177.8
136.2
98.8
61.73
25.17
-9.8
-32.14
-42.42
-50.24
-52.33
-52.9
-50.17
-48.29
-47.49
-46.86
-46.35
-46.7
-45.83
-44.61
-43.09
-42.04
-42.51
-42.38
-40.48
-41.01
-39.68
-38.81
-37.45
-36.51
-35.29
-33.6
-35.8
-36.26
-35.77
-32.3
-32.25
-29.84
-29.5
-30.07
-31.05
-30.79
-24.49
-29.29
-28.97
-28.48
-32.1
-27.16
-22.45
-18.78
-18.11
-11.34
-21.59
-9.48
3.13
17.51
40.61
51.4
66.95
95.9
276.8
115
154.5
109
141
297.2
280.2
300.1
580.9
699.1
519.2
377
506.7
754
690.4
755
811
796
751
656.6
735
726
715
510
618.1
393.2
416.9
458.2
386
352.1
349.9
335.1
371.4
376
213.3
123.1
105.7
108.2
100.2
75.1
38.08
19.21
4.464
-8.48
-23.62
-30.78
-33.72
-35.44
-35.92
-32.82
-31.88
-35.8
-38.43
-40.45
-41.24
-39.84
-39.47
-38.59
-37.59
-35.98
-36.15
-36.17
-36.19
-34.54
-34.37
-32.18
-32.09
-34.21
-35.18
-34.36
-33.58
-32.99
-32.19
-32.3
-33.91
-34.13
-33.78
-33.54
-33.98
-33.52
-33.03
-33.52
-32.92
-32.96
-33.5
-33.35
-33.02
-32.83
-31.64
-27.85
-14.34
7.63
31.37
50.13
72.7
98.8
141.9
194.5
278
367.8
428.1
468.8
495.3
528.6
536.5
610.1
526.1
478.6
548.4
723
701
599.1
554.1
562.3
741
740
706
631.4
631.9
693.3
690.2
690
621.1
600.6
608.5
439
301.7
264.9
206.4
206.5
176.7
164
144.4
107.1
87.4
69.6
46.27
19.41
-1.817
-16.83
-28.21
-34.24
-36.95
-39.02
-39.92
-36.55
-27.72
-25.83
-28.64
-29.18
-22.49
-20.09
-18.99
-21.06
-26.14
-20.95
-18.39
-20.29
-26.26
-32.16
-34.23
-33.62
-29.13
-26.58
-24.52
-17.23
-15.65
-15.01
-14.38
-13.64
-13.33
-23.65
-34.51
-30.33
-19.01
-14.82
-15.79
-12.67
-9.57
-25.62
-55.96
-60.41
-31.8
-4.822
-8.68
-0.164
12.48
25.11
54.11
89.1
129
69.29
110.7
146
166.9
240.1
302.2
224.8
496.8
540.5
452.9
376.9
420
592.4
806
671.5
585.7
406.1
442.6
616.3
389.7
56.72
50.46
72.2
62.07
137.3
132.7
147.9
155.4
141.2
128.6
105.3
99
92.6
83.9
75.9
77.6
73.9
57.03
38.44
23.75
14.51
7.5
-1.288
-9.38
-16.98
-23.77
-28.06
-27.07
-26.02
-25.92
-25.09
-28.31
-32.95
-32.81
-34.78
-34.09
-32.17
-33.6
-33.77
-33.69
-32.36
-31.79
-31.4
-31.25
-31.3
-32.75
-33.13
-30.64
-30.8
-31.09
-29.9
-30.63
-31.41
-30.96
-31.82
-32.02
-32.49
-32.78
-32.01
-29.77
-29.57
-31.95
-29.37
-26.64
-27.53
-29.97
-28.9
-27.43
-24.51
-18.97
-21.55
-12.82
3.841
16.32
33.9
115.1
163.5
165.6
262
324.6
364.5
361.8
451.7
452.4
388.8
396.3
552.9
571.4
593
496.8
348.1
581.3
690.9
488.8
552.8
602.4
622.2
719
470.6
618.3
666.6
611
362.2
568.8
255.1
193.9
66.03
97.6
-10.89
-38.71
8.75
26.7
43.3
43.1
38.86
38.44
29.43
13.77
15.18
-1.755
-26.15
-61.64
-71.1
-60.65
-52.79
-47.51
-42.52
-38.44
-36.55
-34.97
-34.74
-31.49
-32.05
-31.35
-31.24
-31.21
-30.73
-30.21
-30.35
-30.76
-31.34
-30.75
-30.7
-29.79
-28.18
-26.27
-25.2
-25.3
-24.3
-19.2
-17.54
-16.39
-20.13
-21.68
-17.47
-19.13
-25.94
-27.02
-26.03
-24.78
-23.44
-20.1
-17.37
-16.72
-19.38
-21.5
-19.58
-8.74
3.97
7.34
14.49
76.1
187.3
254.5
287.3
357.1
449.6
405.8
275.4
242.7
313.8
256.9
212
173.7
145.7
129.9
152.2
190.5
235
239.3
209.1
259.5
298.3
375.6
541.9
796
531.5
711
616.2
448.4
482.1
543
228.2
339
495.6
434.6
181
290.7
4.377
-65.86
-32.52
13.87
39.91
-18.48
-1.298
-4.307
-3.365
-6.058
-8.08
-9.3
-8.79
-8.84
-11.1
-11.88
-13.64
-18.72
-24.37
-20.94
-20.8
-18.8
-17.84
-18.57
-19.86
-22.52
-22.17
-23.89
-25.01
-22.99
-21.78
-19.56
-18.82
-18.04
-20.03
-21.26
-18.28
-17.11
-17.27
-18.94
-20.34
-21.06
-20.69
-21.67
-22.05
-20.83
-20.77
-21.66
-24.87
-24.75
-24.12
-21.34
-14.09
-12.7
-10.69
-3.16
6.813
28.87
31.95
35.98
53.49
75.6
109.2
153.5
242
352.5
424.6
521.9
549.2
594.1
616.1
650.2
664.8
693.4
716
699.2
732
761
755
503.9
490.6
448.6
276.4
441.1
94.5
531.2
331.8
708
676.1
477.4
543.6
553.1
489.7
417.1
372.8
323.8
286.4
262.1
215.6
162.3
111.2
88.3
69.36
31.62
-37.5
-42.35
-53.75
-61.54
-55.43
-57.16
-51.49
-48.87
-50.02
-45.38
-35.92
-31.31
-37.76
-36.29
-34.42
-32.29
-29.56
-27.66
-26.44
-26.7
-28.98
-30.49
-30.56
-29.92
-28.88
-24.6
-24.96
-22.68
-17.18
-13.24
-12.24
-12.24
-12.32
-11.91
-12.82
-13.12
-13.4
-11.04
-15.26
-19.43
-20.61
-21.59
-27.03
-28.24
-26.24
-22.48
-23.25
-15.86
0.639
21.62
40.49
59.78
90
108.7
77.3
66.9
39.14
17.24
-4.252
8.84
12.48
13.42
10.48
9.54
13.31
29.94
80.9
247.8
358.4
375.3
364.2
573
555.5
411.2
274.2
167.1
120.6
148.2
172.7
443.9
376.9
569.7
553.5
557.6
489.1
301.6
384.6
353.2
268.3
209.6
134.4
143.7
105.4
61.71
5.497
-9.85
-19.29
-29.97
-31.38
-23.64
-31.02
-32.32
-32.22
-33.28
-31.36
-32.96
-31.48
-31.5
-31.68
-30.38
-30.18
-31.3
-27.28
-25.74
-24.32
-24.52
-25.23
-20.84
-18.28
-23.56
-30.85
-23.53
-20.23
-23.45
-32.83
-33.58
-32.22
-32.8
-34.42
-32.43
-23.04
-13.8
-15.75
-14.67
-14.93
-14.54
-14.29
-14.65
-16.51
-16.13
-17.88
-23.64
-21.02
-18.1
-7.38
17.4
25.19
51.06
69.37
100.3
138.2
156.5
238.9
206.2
289.1
348.9
410.2
628.8
634.7
652.2
585.7
608.5
742
703
369.5
450.7
553.6
577
670.2
711
489.1
479.4
534.1
734
707
542.5
694.2
571.1
607
375
202.1
142.8
125.3
79.2
69.81
80.6
92.8
81
57.92
44.47
25.26
5.684
-10.09
-22.21
-24.9
-27.22
-24.49
-23.78
-26
-30.6
-33.76
-34.04
-33.31
-33.32
-34.26
-35.11
-33.64
-29.25
-30.02
-33.37
-34.32
-34.07
-29.43
-22.47
-21.46
-22.03
-21.28
-20.68
-24.08
-26.27
-27.41
-26.08
-26.15
-20.08
-16.44
-16.69
-17.48
-18.56
-26.31
-24.7
-22.03
-22.75
-17.48
-17.6
-15.57
-13.61
-12.3
-12.71
-14.06
-3.595
9.71
24.01
25.45
22.1
26.95
39.81
51.59
67.68
94.5
146
198.7
174.8
217.2
298.2
307.7
412.1
413.4
346.7
491.6
779
680
632.2
763
720
704
737
641.3
725
616.9
666.5
526.1
680.1
421.5
560.6
579.1
426.6
354.5
302.7
422
358.5
338.8
259.5
216.8
128.2
115.2
81.2
65.47
43.51
0.277
-24.36
-36.07
-40.24
-38.56
-36.83
-36.9
-37.77
-38.63
-37.52
-35.44
-29.75
-30.31
-30.06
-30.49
-33.24
-32.68
-30.52
-31.06
-31.99
-32.94
-32.2
-28.56
-29.03
-28.75
-28.3
-28.07
-28
-32.12
-33.85
-34.28
-32.59
-31.64
-28.56
-29.27
-30.07
-28.31
-21.68
-21.79
-22.85
-25.61
-25.24
-28.12
-31.68
-32.4
-31.92
-27.08
-15.14
6.747
39.28
93
75.9
84.9
134.2
165.8
380.2
440.3
287.1
279.5
381.9
544.6
574.8
350.6
472.9
588.5
534.1
748
695.4
686.9
639.7
682.3
547
602.6
455.1
628.7
578.5
213.8
-27.09
12.01
0.116
31.86
77.6
128.2
149.2
288.3
377
330.6
260.8
261.6
151.2
99.7
71.6
46.13
23.52
4.459
-8.54
-18.02
-22.92
-25.62
-27.15
-27.97
-31.63
-33.87
-34.07
-32.81
-32.93
-32.91
-32.91
-32.51
-32.67
-31.24
-30.05
-28.35
-28.93
-29.76
-30.21
-29.76
-30.6
-31.25
-31.33
-31.52
-31.56
-30.44
-28.5
-28.39
-27.93
-28.02
-28.46
-27.54
-25.6
-24.18
-25.45
-27.9
-28.07
-36.05
-41.69
-47.11
-33.67
-29.82
-30.76
-30.05
-29.78
-24.39
-9.91
8.59
37.8
71.7
129.8
158.4
189.9
241.6
270.7
324.9
396.3
331.8
501.8
524.5
548.9
589.5
620.9
626.6
657
680.5
685.3
628.9
651.6
690.5
776
754
716
724
724
497.7
659.7
650.6
619.2
606.4
567.4
542.6
528.5
443.9
476.4
372.7
354.1
241
211.7
201.2
154.1
70.2
38.6
11.48
-4.943
-21.88
-33.95
-42.53
-43.53
-42.32
-42.23
-40.09
-39.34
-37.65
-37.41
-36.3
-35.97
-35.77
-36.94
-34.59
-37.11
-34.41
-31.39
-30.79
-31.07
-31
-32.09
-32.55
-30.93
-24.45
-25.12
-17.92
-18.78
-23.05
-17.79
-15.33
-14.6
-12.5
-11.33
-17.67
-26.77
-28.48
-28.65
-29.95
-31.04
-32.4
-32.92
-32.47
-34.31
-35.03
-33.01
-27.68
-8.45
36.53
89.1
140
206.5
219.8
202.4
285
323.1
181.2
206.7
407.9
461.3
548.4
599.4
602
607
379.3
363.4
611.9
680.7
612.9
765
815
616.4
616.8
447.7
19.12
13.37
103.5
218.5
642.8
707
241
334.6
173.3
117.3
111.8
126.3
167.1
130.7
152.8
124.7
135.4
109.8
68.52
42.05
12.94
8.44
-9.37
-26.01
-33.29
-32.24
-22.28
-26.08
-32.13
-36.41
-35.56
-26.05
-21.48
-34.94
-34.98
-33.27
-34.8
-34.96
-34.77
-33.53
-33.69
-33.46
-32.62
-33.14
-32.67
-32.88
-33.13
-32.91
-31.75
-30.86
-30.21
-30.09
-31.28
-31.81
-32.25
-32.82
-32.69
-31
-30.11
-30.46
-31.23
-31.76
-32.31
-32.02
-31.72
-33.52
-33.31
-32.8
-31.65
-24.64
-16.46
-3.107
20.46
8.77
30.96
67.72
89.6
133.2
205.8
270.4
331.5
399.6
381.5
367.6
348.5
286.5
339.1
399.6
380.4
312.4
364.6
508.6
506.5
583.4
536.1
636.5
772
690.7
380.5
509.2
503.8
606.9
632.5
584.7
506.5
507.5
445.2
401.5
375.8
321.7
177.2
217.1
183.9
140
99.4
57.44
31.76
1.126
-19.41
-34.13
-43.03
-40.02
-36.33
-25.68
-23.4
-24.83
-25.05
-26.88
-23.58
-22.21
-21.2
-23.64
-22.32
-21.93
-20.97
-19.7
-20.88
-21.02
-19.88
-21.83
-20.04
-20.34
-19.93