-16.21
-15.98
-16.38
-17.48
-17.13
-17.06
-15.68
-14.13
-13.91
-14.82
-17.43
-18.52
-39.06
-47.27
-45.85
-50.57
-38.81
-24.11
-19.6
-22.92
-22.93
-17.05
-7.5
6.805
36.54
65.6
97
168.7
216
255.5
198.3
205.4
309.6
386.9
465
541.7
519.4
425.9
616.7
544.5
586.8
386.1
370.9
406.9
499.3
505.4
431
549.3
572.1
549.3
560.6
597.6
526.8
647.3
627.2
535.2
498.9
499.3
464.3
152
420.9
312.1
24.92
-75.6
-26.22
0.39
18.62
35.29
-19.49
-22.61
-8.79
-16.58
-27.5
-37.19
-44.26
-41.09
-34.3
-31.05
-27.25
-20.05
-20.99
-16.63
-15.56
-13.73
-13.9
-13.23
-13.1
-13.64
-13.84
-13.7
-14.28
-14.79
-14.7
-16.03
-15.48
-14.71
-18.92
-15.27
-10.76
-9.93
-10.66
-13.01
-9.92
-12.92
-22.19
-27.9
-27.71
-28.43
-27.48
-27.5
-25.92
-16.9
-12.01
-11.68
-11.64
-12.59
-14.94
-18.41
-15.67
-4.831
11.16
28.3
51.05
62.92
80.2
121.2
130.2
86.9
95.8
145.9
228.5
343
317.9
239.9
349
366.8
544.4
658.5
760
749
780
756
757
747
771
600.6
641.8
704
715
645.6
630.5
557.3
631.7
565.4
515.2
461.2
419.9
185.6
121.8
20.21
-56.24
-9.13
-69.8
-47.53
-37.89
-24.17
-29.41
-30.06
-22.95
-33.1
-19.22
-18.07
-19.61
-20.57
-16.58
-15.22
-13.56
-17.77
-20.23
-20.4
-24.01
-25.9
-24
-25.61
-24.17
-21.65
-20.91
-19.17
-17.7
-18.4
-16.69
-16.8
-16.54
-14.78
-16.78
-19.32
-16.64
-15.57
-14.31
-13.5
-13.03
-13.7
-10.21
-10.84
-12.71
-16.2
-20.92
-25.01
-14.15
-6.657
-7.83
-7.17
-6.391
-4.202
-2.035
-1.14
-0.773
-2.745
-7.37
-5.419
-3.081
-2.373
-2.268
1.655
3.252
6.971
8.9
18.59
29.77
48.85
49.71
50.88
79
93.1
121.8
148.3
189.8
217.8
225.2
295.5
372.5
358.8
380.1
392.3
446.7
577.7
623
607.9
610.2
576.5
559.3
444.8
325.9
164.9
182.3
311.2
270.1
166.2
160.1
117.7
72.3
31.72
0.013
-18.98
-28.15
-33.94
-34.37
-35.73
-31.75
-23.27
-15.72
-13.67
-14.1
-15.25
-20.3
-26.98
-23.95
-29.96
-22.2
-22.58
-24.03
-13.44
-6.492
-5.666
-25.44
-12.34
-9.9
-9.25
-6.615
-6.29
-6.787
-5.923
-5.937
-6.306
-6.726
-7.82
-9.3
-9.55
-8.48
-5.723
-5.042
-3.59
-3.117
-3.624
-5.242
-6.692
-7.52
-7.65
-8.65
-6.842
-9.15
-3.859
-2.347
-5.018
0.612
8.4
13.05
12.37
12.48
11.15
11.54
14.86
15.21
19.25
20.99
18.42
15.91
15.33
21.91
32.59
34.87
35.89
43.39
46.18
32.76
33.48
31.26
37.93
50.34
68.03
65.31
52.98
42.94
47.66
41.22
37.7
31.5
21.76
25.96
27.48
28.04
25.3
22.34
17.48
7.13
1.906
-3.949
-8.53
-2.355
-3.22
-6.615
-5.773
-7.1
-11.51
-18.7
-22.2
-23.86
-23.23
-13.54
-8.05
-7.47
-6.89
-5.696
-10.64
-13.85
-10.32
-8.4
-7
-5.953
-6.222
-7.24
-6.544
-6.356
-7.8
-7.21
-7.79
-11.16
-15.86
-15.43
-9.84
-11.12
-21.71
-10.06
-10.34
-13.44
-7.23
-5.818
-6.174
-6.071
-7.75
-8.31
-9.39
-8.52
-10.37
-7.44
-4.517
0.913
3.944
10.39
32.4
32.25
45.67
61.53
63.56
71.3
70.3
70.3
96.5
127.4
198.8
241.7
298.1
341.1
298.3
403.2
471.2
310.8
768
524.4
871
478.6
206.3
405.8
371.6
336
228.8
521.3
601.5
402.7
715
542.3
643.3
591.7
483.8
311.8
316.7
320.3
289.1
239.2
190.4
161.8
98.9
86
35.61
6.816
-16.55
-20.56
-31.34
-25.44
-16.93
-29.7
-39.67
-38.65
-35.96
-36.44
-38.06
-38.24
-38.18
-38.35
-36.97
-29.14
-16.41
-16.79
-22.61
-26.05
-31.43
-23.86
-12.52
-10.76
-10.88
-15.63
-18.68
-13.93
-10.61
-16.24
-15.42
-22.85
-11.95
-18.05
-35.67
-34.3
-21.63
-13.72
-15.43
-16.66
-33.05
-26.98
-28.76
-15.82
-22.01
-18.85
-9
-2.294
7.72
19.7
47.6
61.85
84.8
107.4
150.5
136.2
60.54
60.64
108.9
265.1
316.4
381.4
507.1
252.6
500.3
500
638.8
103.6
427.4
699.1
791
743
544.6
813
636.9
621
614.2
324.1
639.1
219.6
213.9
288.3
385.3
208
309.3
205
53.95
131.9
52.32
136.2
135.9
13.59
124.3
66.06
113.4
109.4
64.69
15.44
-11.4
-18.53
-30.44
-22.15
-24.66
-21.97
-17.13
-15.26
-23
-26.69
-27.14
-18.72
-26.35
-10.54
-9.09
-8.9
-7.81
-7.6
-6.39
-13.65
-22.08
-18.14
-15.55
-13.62
-16.46
-18.43
-16.92
-15.45
-17.6
-17.95
-22.39
-17.94
-18.53
-17.65
-20.72
-18.46
-11.51
-11.47
-10.74
-9.08
-8.38
-10.44
-10.17
-10.52
-9.43
-7.54
-4.018
0.24
11.44
14.56
20.71
40.32
47.01
57.85
127.1
131
145.4
148.8
145
96
49.2
42.44
48.7
41.95
23.12
23.39
33.47
16.05
19.21
32.66
44.67
36.42
40.44
25.34
57.72
48.73
33.06
32.42
33.64
52.88
72.6
68.72
15.47
26.19
32.19
15.56
21
13.69
21.6
13.49
5.229
4.353
-0.824
-8.4
-13.08
-14.49
-12.47
-10.98
-8.44
-12.09
-14.88
-16.06
-17.77
-16.87
-17.72
-17.91
-15.03
-11.77
-11.46
-20.67
-26.07
-14.53
-13.09
-21.94
-22.5
-16.86
-13.26
-11.91
-11.99
-11.31
-11.92
-11.27
-12.19
-14.53
-15.65
-19.74
-26.17
-29.07
-29.57
-32.6
-32.42
-31.57
-31.72
-31.23
-29.62
-30.69
-26.54
-18.95
-8.67
-6.602
-7.48
-3.653
3.717
15.86
35.1
63.38
69.24
78.4
103.2
118.5
128.8
134.2
171.3
385.7
458.9
446.6
692.6
267.4
566.8
233.1
304
329.7
807
215.4
880
861
700
851
784
743
486.3
817
671.7
429.3
528.3
463.9
362.5
473.4
598.1
210.1
323.5
265.4
163.7
157.2
108.2
96.4
126.2
189.8
136.9
91.7
51.99
12.24
-14.4
-14.06
-13.78
-13.82
-24.63
-18.92
-15.22
-10.36
-11.89
-8.63
-7.74
-5.992
-5.079
-9.16
-10.32
-8.05
-12.03
-13.93
-13.16
-14.92
-15.8
-15.55
-16.54
-18.54
-20.6
-21.21
-20.84
-15.3
-14.52
-19.34
-20.28
-24.11
-27.36
-30.4
-32.4
-31.84
-32.52
-31.83
-30.76
-30.26
-27.12
-26.29
-29.6
-29.74
-23.83
-11.46
1.629
17.17
34.03
64.86
204.2
217.6
208.7
253.4
328.1
442.5
524.5
519.8
328.6
498.2
622.8
643.7
784
656.6
506.9
834
581.9
355.3
812
792
544.5
753
614.3
576.3
727
806
818
720
689.4
651.8
550.6
661.9
594.8
482.6
478.6
327.2
173.8
79.9
59.21
45.25
49.99
83.1
114.1
85.8
34.58
3.538
-4.889
-22.22
-24.22
-19.71
-17.04
-16.89
-17.01
-14.42
-21.81
-32.1
-29.03
-17.92
-14.55
-18.4
-24.18
-23.87
-24.6
-23.28
-23.76
-13.83
-17.38
-25.78
-27.42
-26.51
-21.97
-18.71
-16.52
-14.82
-16.1
-17.36
-19.26
-18.93
-20.55
-21.75
-25.27
-27.67
-28.97
-29.83
-29.7
-28.64
-27.86
-13.7
-11.23
-8.99
-8.23
-2.732
8.34
23.88
47.57
81.9
65.1
40.73
45.2
61.26
86.6
98.6
186.5
317.6
469.3
453.8
410.1
645.5
649.2
528
464.7
453.6
513.7
590.8
641.2
705
731
672.1
571
639.9
671.4
593
697.2
581.9
313.1
350.3
390.6
504
492.3
448.9
414.2
292.9
189.6
195
164.8
67.79
11.84
-46.78
-8.74
-1.639
-5.323
-8.36
-9.1
-11.31
-11.04
-14.73
-15.68
-19.44
-29.99
-35.65
-42.23
-40.89
-34.23
-33.46
-32.15
-21.37
-18.41
-19.77
-20.33
-21.37
-25.79
-24.83
-19.23
-18.25
-22.05
-23.71
-23.08
-19.28
-17.53
-6.583
-10.86
-5.039
-4.517
-4.451
-3.495
-3.88
-5.208
-5.081
-4.796
-6.89
-8.36
-7.7
-8.41
-8.96
-9.94
-10.93
-11.18
-9.45
-6.116
-0.927
7.13
16.98
24.64
32.26
39.74
52.94
60.51
59.89
71.9
68.38
87.7
97.3
117.1
117.1
102.5
135.4
181.4
257
364.6
464.5
539.6
505.2
490
720
553.3
762
739
706
667.3
661.2
662.6
605.4
550
529.3
500.4
358.5
390.4
283.2
132
221.3
76.9
16.47
-16.49
-27.5
-12.2
-7.29
-7.47
-13.34
-17.82
-16.19
-15.93
-19.25
-20.93
-21.44
-21.63
-21.46
-24.74
-24.18
-23.43
-23.31
-22.58
-21.31
-21.75
-21.4
-20.04
-18.95
-18.47
-17.54
-17.75
-18.62
-24.32
-27.57
-25.23
-23.39
-24.11
-24.9
-27.25
-28.07
-27.47
-25.95
-19.05
-15.87
-16.64
-18.64
-21.66
-23.54
-22.32
-19.28
-13.99
-12.39
-10.08
-9.4
-9.01
-5.968
3.273
27.9
49.17
60.1
77.8
105.7
113
79.4
77.4
52.94
43.52
69.69
85.8
150.7
196
255.1
182.1
241.9
334.1
194.2
279.2
373.8
383.5
426.5
266.4
227.2
292.3
478.7
478.8
604.9
388.7
316.1
333.1
299.5
187.9
190.1
285.1
268.9
190.3
257
160.5
83.6
121.1
65.52
17.6
-37.45
-28.41
-24.08
-16.54
-10.93
-11.06
-15.84
-16.1
-17.89
-17.01
-17.28
-15.27
-15.44
-15.78
-15.75
-15.04
-16.72
-15.73
-10.27
-3.805
-2.535
-1.983
-1.883
-3.14
-1.912
-1.468
-1.413
-1.452
-1.751
-3.76
-4.61
-3.438
-7.39
-6.669
-11.74
-10.74
-3.987
-4.151
-2.635
-2.025
-2.537
-2.094
-2.207
-2.083
-2.732
-3.139
-3.923
-3.955
-3.287
-2.608
0.032
7.11
13.25
24.35
35.06
73.6
127.7
55.74
40
110.2
79.4
77.9
75.4
87.3
66.7
49.47
178.6
159.3
155.7
515.8
560.4
249.3
173.4
327
291.2
208.2
300.1
618.4
459.6
521.6
443
605.3
532.1
458.8
427
438.8
471.9
297.6
231.3
217.6
252.2
405.7
306.8
172.4
249
138.7
108.9
67.79
25.31
-11.26
-33.02
-43.06
-43.75
-44.65
-42.09
-42.99
-44.6
-42.76
-42.77
-44.36
-43.57
-44.27
-43.39
-43.8
-42.8
-41.79
-41.65
-41.06
-41.98
-41.71
-41.53
-40.62
-39.52
-39.94
-38.83
-37.12
-31.36
-29.52
-17.36
-20.07
-24.59
-36.68
-38.24
-36.42
-32.16
-33.58
-33.95
-29.29
-22.03
-13.93
-12.06
-27.31
-27.49
-36.58
-36.46
-27.86
-12.37
7.13
31.17
72.5
121.8
162
215.5
229.7
316.9
350.2
423.5
318
276.8
441.3
449.1
373.1
269.7
561.3
593.4
539.7
256.3
328.9
365.5
422.9
793
564.3
641.8
641.9
497.2
589.7
771
692.8
485.2
555.8
766
686.3
668.1
565.9
532.9
273.6
185.2
256.6
257.6
341.1
289.7
254.9
220.1
161.7
67.57
7.04
-25.24
-28.13
-30.92
-37.04
-34.64
-35.76
-37.88
-35.33
-35.46
-34.66
-35.46
-34.68
-34.08
-33.65
-34.39
-33
-32.2
-33.37
-33.74
-33.02
-34.05
-28.4
-21.14
-32.52
-32.98
-33.04
-32.03
-33.16
-32.95
-32.59
-34.36
-34.99
-34.45
-34.79
-23.53
-12.74
-30.34
-33.12
-21.77
-4.944
-5.195
-12.12
-8.53
-23.82
-33.95
-24.9
-11.27
2.423
82.1
127.8
166.4
212.6
137.7
177.3
188.9
241.9
400.7
440.2
369.7
414.6
460.1
627.5
276.4
343.6
806
494.7
604.8
822
856
631.4
885
594.8
679.6
656.5
737
742
864
807
339.5
742
642.3
193.7
116.4
38.22
-33.65
5.239
18
22.44
35.57
59.21
94.1
87.8
146.4
57.09
68.24
26.84
-11.39
-26.04
-30.25
-32.77
-28.66
-31.59
-29.76
-28.49
-29.61
-32.62
-30.53
-31.11
-22.28
-15.14
-15.19
-16.25
-16.22
-18.5
-18.91
-16.07
-16.94
-16.54
-16.53
-19.53
-25.54
-30.31
-33.23
-35.19
-34.98
-32.9
-21.29
-16.03
-19.19
-19.28
-22.98
-19.19
-19.3
-20.18
-24
-23.73
-26.37
-29.53
-28.99
-28.42
-27.06
-25.26
-0.473
28.92
66.43
49.58
63.37
71.5
119.9
158.6
115.2
174.1
174
190.6
304.1
259.8
399.8
680.9
675.9
671
775
834
717
794
788
816
842
593.7
651.5
407.8
179.3
171.2
221.7
240.8
540.2
510.4
161.6
168.1
131.7
80.5
40.96
11.57
-28.46
-19.79
-17.62
-25.47
-14.5
-18.85
-22.93
-29.64
-31.45
-29.18
-29.82
-24.08
-24.82
-34.25
-40.73
-34.54
-33.57
-29.34
-24.72
-30
-27.53
-34.42
-48.55
-51.67
-45.6
-47.21
-47.73
-38.98
-25.63
-26.77
-32.35
-31.64
-21.79
-23.21
-21.39
-26.71
-24.14
-22.16
-24.39
-23.51
-25.89
-22.81
-23.32
-20.02
-17.67
-21.43
-14.81
-13.7
-15.1
-17.75
-20.38
-24.29
-26.7
-28.22
-42.75
-28.27
-15.07
7.78
24.06
52.74
77.3
95.1
112.8
128.2
116.7
164
160.9
174.2
230.5
215.4
358.2
386.5
310.3
303.9
300.2
369.4
466.5
624.6
871
822
807
779
703
761
661.2
738
668.9
586.7
691.7
149.2
402.5
671.8
476
176.2
509.5
291.1
489.4
436.3
352
83.2
70.5
-48.55
-36.57
-10.05
15.62
29.53
-1.676
-16.07
-16.21
-16.48
-18.5
-19.84
-20.69
-26.03
-34.83
-34.04
-36.45
-40
-34.39
-24.42
-25.17
-31.77
-33.33
-32.09
-32.52
-30.46
-21.47
-18.85
-19.42
-19.64
-28.27
-33.09
-27.78
-14.8
-9.71
-9.26
-10.66
-16.31
-20.71
-22.18
-25.01
-32.39
-24.11
-26.34
-29.03
-27.45
-14.65
-13.97
-14.24
-12.42
-8.2
-6.871
-7.78
0.407
13.56
41.16
118.4
254.3
145.6
110
156.3
254.5
358
451.4
532.2
385.7
507.6
408.8
453.7
407.3
653.6
564.1
621.2
522.2
472.4
678.5
797
923
915
850
819
710
751
676
652.4
522.8
647
615.2
599.8
558.1
502.7
367.8
142.5
145
196.6
110
78.6
56.27
29.33
14.9
-0.306
-15.03
-24.95
-34.21
-39.05
-40.13
-38.77
-36.03
-34.29
-33.06
-32.39
-31.74
-25.47
-28.97
-33
-34.29
-35.03
-33.2
-31.19
-28.69
-29.5
-28.84
-24.12
-25.78
-29.42
-28.9
-26.62
-23.6
-16.75
-15.05
-12.72
-13.09
-13.4
-12.32
-13.61
-15.31
-13
-17.65
-17.85
-27.66
-24.43
-21.35
-18.92
-14.15
-15.49
-17.98
-15.21
-13.63
-5.274
9.05
27.33
44.14
43.52
56.22
76.6
98.8
181.4
268.8
436.1
586.5
355.9
483.8
577.1
575.4
584.5
662.1
708
425.9
412.4
446.8
467.5
459
630.6
613.9
707
550.3
558.5
757
764
730
668.2
627.8
619
578.2
545.1
520.6
457.3
378.3
331.6
289.8
192.4
215.8
163.8
130.9
66.5
12.2
-1.071
-11.68
-26.24
-36.43
-39.88
-31.67
-35.69
-24.64
-21.82
-23.11
-29.37
-34.46
-36.54
-37.69
-37.07
-36.71
-37.18
-37.01
-37.96
-36.79
-36.66
-36.28
-36.64
-36.08
-38.75
-38.36
-36.81
-32.39
-31.89
-36.15
-33.48
-33.6
-31.5
-31.61
-28.67
-26.3
-24.44
-21.54
-21.5
-23.62
-28.03
-31.59
-33
-31.74
-27.46
-14.81
-14.86
-15.18
-11.55
5.784
16.02
43.03
45.83
42.88
70.7
91.8
134.6
202.1
296
234.6
288.6
467.7
616.3
624
636.6
657.6
674.5
692.3
747
741
707
754
744
770
595.8
773
741
500.5
618.6
554.2
768
752
338.2
357.8
568.2
542.3
129
-61.8
-11.32
187.9
219.9
236.8
224.2
247.2
52.31
14.72
17.17
6.742
-5.262
-19.61
-30.09
-31.55
-29.08
-26.55
-27.3
-28.07
-26.65
-24.33
-21.6
-20.86
-17.27
-17.86
-16.97
-20.83
-21.19
-25.51
-37.82
-41.1
-41.5
-37.81
-26.43
-21.19
-19.34
-19.34
-19.11
-19.24
-18.08
-20.75
-23.66
-18.48
-18.59
-13.34
-11.87
-12.89
-12.92
-13.41
-13.86
-14.12
-18.3
-21.67
-18.58
-15.67
-16.89
-24.63
-22.29
-6.916
25.76
58.26
86.7
79.2
239.1
324.1
390.2
334.6
360
431.7
498.7
543
595.2
628.2
606.5
676.6
698.5
636
712
703
783
881
731
842
818
849
490.4
711
716
721
553.4
591.4
679.9
644.5
649.6
478.4
152.5
82
53.17
81.7
59.19
34.49
41.19
57.54
29.64
17.65
8.36
1.127
-16.81
-29.21
-32.81
-31.42
-30.4
-30.09
-29.53
-24.49
-25.55
-24.8
-25
-33.02
-35.04
-34.45
-34.06
-31.06
-30.65
-31.78
-33.46
-33.94
-33.22
-30.42
-30.35
-29.15
-25.75
-23.34
-21.67
-21.03
-21.76
-20.47
-18.93
-19.5
-21.18
-23.26
-27.05
-32.56
-35.02
-34.08
-31.38
-30.32
-28.86
-21.21
-11.24
-12.4
-11.82
-17.15
-38.63
-24.47
9.3
20.32
33.97
57.15
79.5
91.6
103.7
114.9
137.5
177.3
216.7
262.5
481.4
475.8
402.8
462.2
490.1
387.6
382.1
445.1
443
651
746
562.4
456.3
573.9
775
735
739
618.4
717
650.3
617.1
610.3
558.2
532.1
452.4
420.3
389.1
351.7
303.6
207.2
158.3
122.6
61.65
52.58
24.85
0.319
-20.15
-35.87
-42.17
-43.59
-42.4
-42.36
-44.57
-50.33
-48.64
-45.7
-44.46
-42.28
-40.84
-38.86
-38.91
-39.11
-39.89
-38.21
-38.39
-37.2
-37.18
-37.39
-37.43
-37.54
-37.91
-38.34
-38.52
-35.84
-35.38
-33.98
-33.69
-34
-34.16
-34.01
-35.74
-35.03
-33.04
-32.17
-32.4
-31.31
-32.03
-31.47
-30.57
-30.19
-30.37
-29.12
-5.694
20.11
33.93
53.31
109.7
187.3
223.8
237
275.7
326
338.5
404.7
413.1
432.8
516.9
567.3
614.4
558.8
606
627.7
685.6
457.7
762
680.3
262.7
500
715
799
311.5
265.6
203.9
140.7
54.06
-39.69
21.23
38.49
20.29
22.22
41.89
85.2
129.8
148.6
268.9
168.7
172.2
112.2
104.4
62.84
30.62
1.356
-22.15
-33.74
-39.51
-39.92
-38.55
-36.78
-37.07
-38.49
-36.89
-29.01
-23.73
-27.11
-27.6
-32.45
-39.1
-39.85
-37.6
-25.41
-21.54
-24.56
-27.71
-28.89
-31.09
-27.76
-23.87
-28.88
-29.53
-22.63
-24.66
-27.79
-31.15
-31.09
-29.37
-25.79
-28.04
-25.76
-31.28
-37.57
-38.52
-36.87
-39.4
-39.48
-39.85
-39.22
-38.96
-36
-22.33
9.36
49.18
74.3
92.4
176.3
229.3
267.3
307.6
365.8
419.6
453.3
487.2
530
560
588.1
625.5
628.2
601
711
718
730
728
285.1
265.2
526
454.5
752
624.8
742
809
759
784
364.2
128.3
331.4
646.1
508
567.8
462.7
425.4
377
394.2
180.8
-22.63
-42.29
-12.43
18.72
35.72
-10.9
-23.39
-25.95
-34.42
-36.21
-37.48
-35.47
-29.48
-25.9
-27.07
-32.91
-45.1
-51.22
-58.06
-56.68
-56.04
-51.86
-35.48
-32.32
-32.05
-28.55
-31.28
-31.21
-31.54
-31.5
-31.38
-25.89
-25.02
-30.69
-32.13
-32.5
-33.09
-33.79
-33.85
-33.12
-27.22
-20.72
-22.35
-19.31
-12.6
-11.93
-13.78
-13.94
-11.7
-13.68
-17.75
-20.91
-15.02
0.193
14.39
53.15
28.55
30.81
82.6
167.3
193.6
313.4
450
556.7
339.1
271.4
162.3
451.9
634
651.7
689.6
703
708
729
725
751
746
769
718
833
527
833
558.5
716
711
629.1
517.5
595.1
578.1
555.3
504.6
442.2
439.4
388.8
304.4
251.7
204.1
153
107.5
69.19
35.3
5.558
-21.87
-37.9
-44.84
-47.69
-44.64
-44.21
-45.39
-44.25
-43.28
-42.75
-41.21
-39.73
-39.03
-39.17
-38.37
-37.27
-38.08
-38.49
-36.86
-35.24
-35.91
-35.98
-34.68
-31.89
-32.44
-33.3
-32.02
-34.26
-32.39
-33.17
-34.93
-33.07
-30.35
-11.47
-19.62
-21.24
-20.83
-10.59
-17.22
-21.32
-16.14
-17.4
-29.77
-19.16
-9.88
-13.01
-12.84
-15.69
-11.51
45.38
96.5
135.9
215.8
295
374.7
395.3
460.9
462.6
515.3
557.3
584.5
629.7
653.4
749
682.7
735
626.2
803
769
750
40.26
4.796
108.5
143.2
578.9
719
371.7
176.5
77.9
3.934
-4.53
15.52
29.51
37.85
49.85
71.1
112.9
157.6
301.5
285.3
143.3
111.1
101.9
93.2
59.65
22.26
-5.245
-21.15
-31.61
-33.96
-35.28
-35.92
-38.24
-38.3
-38.73
-38.26
-37.8
-36.98
-36.72
-36
-35.56
-35.73
-35.35
-34.95
-33.82
-33.91
-33.54
-31.85
-30.84
-31.38
-31.39
-31.48
-31.62
-32.09
-32.48
-31.85
-31.79
-31.49
-30.31
-30.06
-30.59
-30.18
-28.53
-30.33
-30.38
-30.85
-26.93
-13.78
-18.75
-17
-11.29
-10.83
-6.713
-0.367
5.823
16.43
29.35
68.26
128.7
229.5
267
328
385.4
430.8
340.7
426.1
521.7
552.6
588.2
542.6
498.8
588
769
731
696.8
696.7
610.5
702
822
570.2
774
706
678.5
498.2
558.1
553
612.6
664.2
553.9
550.2
506.6
462.7
401
248.2
263.6
160.5
134.8
100
98.9
94.1
73.8
29.55
-0.016
-23.44
-31.56
-31.32
-33.57
-34.67
-29.85
-35.19
-35.91
-36.07
-36.58
-37.57
-37.09
-36.93
-37.49
-36.69
-36.4
-34.37
-21.46
-30.1
-36.64
-34.96
-24.58
-27.89
-31.05
-31.15
-24.15
-19.26
-24.67
-33.45
-36.12
-36.54
-36.17
-35.76
-35.63
-36.21
-36.9
-37.06
-37.09
-36.91
-36.32
-35.91
-35.38
-33.83
-22.55
-14.61
-9.11
-1.85
8.77
21.36
35.55
49.84
67.67
93.9
126
115.6
89.4
76
77.2
100.5
145.2
194.7
217.1
245.8
239.1
248
179.1
151.3
186.4
215.8
252.2
308
439.5
552.7
673
735
670.1
608.7
574.3
509.6
433.4
426.3
347.4
323.8
297.7
260.2
240.5
188.8
241
271.8
196.4
69.28
55.17
32.52
20.14
3.176
-86.7
-46.73
-41.84
-69.06
-61.53
-57.72
-59.24
-55.02
-44.25
-41.51
-38.64
-38.74
-40.26
-41.23
-38.76
-36.92
-36.45
-37.6
-40.2
-39.36
-38.43
-36.56
-34.13
-31.28
-30.04
-28.93
-25.56
-25.22
-24.53
-25.72
-21.63
-18.9
-15.54
-19.94
-16.53
-13.24
-12.9
-13.07
-14.53
-14.13
-12.82
-12.97
-12.86
-13.36
-12.32
-13.19
-11.15
-5.818
6.737
26.99
51.19
79.4
108.5
197.3
100.7
83.6
79.4
117.3
135.4
249.1
451.8
246.2
252.3
379.5
254.9
364
526.3
490.6
495.5
396.1
380.9
682
675.8
642
559.7
769
823
429.8
389
372.1
641.2
594
564.2
522.1
382.9
237.7
341.5
300.4
343.3
287.5
240.9
133.6
55.58
89.9
41.98
-8.94
-13.43
-12.65
-17.16
-37.37
-42.08
-41.76
-42.48
-41.38
-37.7
-40.95
-40.78
-37.51
-34.51
-23.25
-29.13
-37.28
-39.57
-39.3
-38.75
-38.46
-38.83
-38.87
-38.28
-27.59
-14.97
-13.43
-14.78
-14.05
-13.27
-14.37
-15.43
-15.93
-17.96
-19.72
-21.5
-20.28
-22.88
-23.13
-26.51
-28.23
-27.49
-28.79
-29.24
-25.72
-22.55
-20.87
-14.72
-1.035
2.157
6.446
55.54
148.1
127.9
114.7
180
211.8
261.1
434.5
487.7
518.6
593.6
336.9
250.3
230.6
237.1
219.1
176.9
239.2
270.6
403
430
478.1
483.3
461.2
493.9
526
454.6
373.6
375.8
523.2
404.2
756
577.8
527.2
527.8
375.3
431
389.9
324.5
215.3
169.2
149.9
121
86.2
45.08
16.44
-12.88
-29.97
-39.36
-39.86
-37.97
-36.63
-35.75
-30.48
-9.44
-9.29
-15.23
-54.58
-41.97
-19.25
-27.49
-19.98
-16.12
-12.07
-11.63
-12.87
-12.42
-12.64
-11.05
-12.25
-11.78
-12.4
-14.04
-14.84
-13.58
-12.46
-12.15
-14
-19.25
-18.15
-13.98
-11.63
-12.64
-12.07
-13.79
-13.78
-12.6
-12.27
-13.14
-10.01
-7.73
-10.51
-10.4
-9.16
-9.42
4.2
34.91
53.34
59.13
64.93
106.9
283.4
152.7
325.6
434.1
336.3
280.8
363.9
379.8
519.2
710
475.7
574.2
768
499.1
556.1
767
569.7
615.8
731
635.6
369.8
173.3
33.03
7.08
20.7
10.54
12.6
25.24
33.63
38.91
34.26
43.34
53.28
46.6
44.71
44.45
40.79
30.58
18.73
5.615
-4.358
-18.49
-29.25
-29.46
-25.46
-25.55
-24.9
-26.48
-30.61
-33.24
-32.78
-31.54
-29.32
-26.91
-30.31
-33.04
-28.26
-30.2
-36.4
-39.89
-36
-37.54
-33.1
-32.15
-35.75