-16.23
-16.08
-16.11
-18.88
-18.1
-14.97
-14.57
-14.43
-16.07
-19.63
-20.31
-18.33
-16.96
-17.09
-17.75
-20.25
-25.92
-24.09
-17.02
-15.73
-17.29
-15.04
-13.1
-8.89
0.976
14.52
30.47
52.92
67.57
73
55.54
83.7
87.4
80.8
45.71
5.035
-23.84
-9.63
-9.74
-2.454
6.577
10.96
20.09
23.03
16.49
27.6
41.94
50.02
54.64
38.19
44.34
63.06
93.2
96.5
121.7
116.1
110.3
102.3
122.4
134.9
263.8
272.2
277.3
109.4
155.5
123.9
39.57
26.54
10.35
-6.939
-22.57
-34.26
-36.72
-37.57
-38.39
-38.87
-39.25
-39.43
-39.34
-38.64
-38.54
-38.62
-37.42
-37.17
-37.08
-37.03
-34.35
-24.5
-17.33
-14.94
-14.46
-14.17
-12.35
-12.62
-12.51
-12.44
-12.94
-13.58
-14
-11.79
-13.31
-12.73
-14.15
-17.1
-18.35
-16.13
-15.67
-18.74
-19.94
-19.4
-16.85
-14.86
-18.18
-22.64
-24.93
-27.38
-27.29
-24.28
-14.89
-8.46
-5.009
4.545
19.75
43.64
56.15
57.18
58.83
84
130.3
189
202.5
242.8
492.1
529
558.6
610.9
620.5
616.7
554.8
667.8
702
505.5
520.9
661.3
599.7
504.7
408.3
265.7
218.1
132.9
107.2
192.8
257.3
282.6
141.7
448.2
212.3
116.7
77.6
68.74
58.42
22.48
1.123
-32.16
-24.47
-14.41
-4.887
-7.96
-14.17
-14.49
-17.86
-21.13
-27.14
-28.01
-27.06
-25.21
-22.24
-26.61
-31.54
-32.69
-33.82
-30.37
-25.47
-24.24
-22.4
-28.35
-34.97
-36.14
-39.18
-36.33
-32.28
-28.28
-26.55
-23.46
-20.83
-19.11
-22.12
-27
-32.34
-34.67
-34.38
-33.34
-34.3
-33.41
-34.76
-36.62
-35.13
-34.24
-33
-19.9
-13
-14.71
-10.58
-6.969
-10.1
-7.15
5.37
18.86
29.81
37.09
73.8
157.5
162
96.7
87.9
84.6
109.4
171.8
186.1
256.5
307.4
374.3
255
239.5
213.8
218.8
229.6
284.5
339.2
444
460.3
582.5
450.6
431.9
632.6
336.9
356.4
361.1
350
489.3
501.3
457.9
397.7
355.8
317.9
268.4
207.4
114.6
48.54
7.45
9.82
-25.64
-24.5
-30.86
-38.99
-40.51
-41.08
-39.85
-39.4
-38.56
-39.04
-36.88
-33.4
-27.61
-33.14
-39.26
-34.53
-33.8
-35.03
-33.58
-24.17
-22.01
-19.92
-19.52
-18.75
-17.96
-18.56
-18.71
-18.82
-18.72
-19.09
-20.34
-20.92
-20.39
-18.59
-16.41
-15.61
-17.32
-18.45
-12.99
-13.18
-14.45
-14.77
-14.85
-15.41
-24.49
-38.43
-32.6
-24.53
-32.69
-31.02
-11.18
-15.38
-14.98
-14.92
-10.29
-3.594
0
9.75
18.48
55.96
119.5
82.6
108.2
70.3
31.82
34.33
66.24
89.3
109.9
109.4
125.4
141.4
312.1
304
324.3
695.8
439.6
556.5
545.4
593.8
597.4
588.2
430
601.2
544.7
505.4
457.9
403
297.7
268.7
139.7
58.58
49.56
37.49
15.58
3.788
-9.55
-19.7
-25.25
-31.07
-30.06
-27.57
-24.81
-23.33
-24.64
-25.73
-25.84
-24.22
-23.33
-22.46
-21.8
-20.23
-19.12
-18.41
-18.84
-20.49
-24.48
-25.66
-24.9
-22.24
-18.41
-19.94
-16.83
-18.48
-15.79
-14.81
-14.52
-13.75
-14.67
-15.4
-14.43
-15.03
-14.07
-17.81
-21.5
-38.12
-41.31
-38.34
-39.59
-34.95
-28.88
-24.48
-24.7
-26.29
-20.83
-19.14
-14.1
-5.03
16.4
29.01
42.86
93.5
207.9
249.3
180.9
250.8
330.8
385.5
258.4
320.9
231.3
285.1
265.5
245.1
221.7
190
130.3
109.5
136.4
190
193.1
119.3
65.9
33.16
34.21
75.5
270.4
315.7
198.4
546
531.4
491.3
423.3
300.9
344.7
246.8
51.63
52.56
48.11
56.56
34.62
8.38
-3.64
-12.04
-21.26
-25.17
-27.52
-24.53
-18.85
-18.6
-17.47
-22.72
-23.67
-31.53
-40.96
-20.77
-17.57
-18.46
-29.22
-54.99
-36
-40.55
-26.06
-15.16
-12.84
-15.26
-13.94
-15.3
-15.54
-18.43
-24.9
-24.67
-19.89
-24.06
-34.05
-29.82
-27.95
-18.75
-17.18
-19.22
-18.07
-21.53
-19.4
-18.35
-27.47
-27.02
-27.33
-25.5
-20.3
-17.05
-15.28
-14.03
-10.4
1.431
5.713
8.64
5.776
20.95
36.79
40.93
77.2
43.08
45.93
91.9
209.3
164.8
282.6
214.3
231.4
230.2
201.9
184.1
173.4
176.2
164.3
156.3
147.8
106.8
27.61
49.14
164.6
295.7
279.1
239
325.2
439.4
316.8
348.8
267
367.9
216.3
142.2
168.8
105.7
62.55
25.97
19.51
22.64
25.87
-3.456
-23.96
-26.56
-25.99
-27.74
-32.2
-26.65
-26.73
-27.33
-25.51
-31.35
-34.59
-34.56
-30.86
-35.71
-37.17
-38.49
-38.41
-36.84
-33.45
-30.02
-34.98
-35.45
-35.51
-35.91
-36.93
-37.24
-37.14
-37.4
-37.2
-36.36
-36.01
-36.65
-35.49
-34.9
-32.28
-26.85
-24.4
-27.65
-30.03
-26.17
-19.52
-15.08
-17.06
-21.17
-20.28
-18.48
-15.03
-11.53
-5.264
0.507
16.72
24.57
49.59
66.65
91.8
94.2
90.8
102.7
80.9
144.4
222.6
384.3
468.3
311.8
223
221.2
213
229
252.3
370.2
437.4
289.9
282.8
578.6
594.1
569.6
513.6
443.9
265.9
210.3
205.7
271.6
306.8
490.8
542.8
411.9
402.9
302.7
130.3
125.9
166
46.07
9.86
-0.074
-13.22
-31.36
-39.51
-38.84
-36
-31.93
-32.15
-32.45
-21.03
-18.22
-17.14
-16.01
-13.71
-16.45
-17.06
-16
-17.32
-16.91
-17.83
-18.23
-16.8
-15.47
-14.57
-14.09
-13.02
-13.81
-13.19
-13.8
-15.29
-15.07
-15.54
-14.43
-13.52
-18.67
-23.81
-19.22
-20.29
-19.01
-14.98
-17.75
-17.63
-17
-17.71
-17.69
-22.69
-23.58
-25.52
-27.12
-26.32
-33.06
-25.49
-12.47
38.63
50.71
52.83
85.7
123.2
219.6
240.2
471.7
366.7
234.2
254
477.3
551.5
649.9
563.6
592.1
628.5
434.9
531.7
673.7
770
729
632.3
684.4
741
709
711
696
721
706
430.1
278.7
136.3
200.2
279.5
457.7
358.1
319.2
245.7
164.6
184.5
121.6
83.1
37.21
0.859
-29.17
-40.36
-40.4
-41.62
-39.94
-37.12
-39.62
-40.35
-37.17
-37.46
-32.57
-25.83
-25.42
-26.88
-24.57
-25.82
-31.91
-37.36
-37.28
-33.18
-30.47
-36.53
-35.75
-32.76
-33.33
-36.27
-36.67
-38.24
-37.68
-38.8
-38.33
-36.66
-33.9
-32.53
-34.31
-35.91
-37.84
-36.05
-34.64
-34.24
-33.45
-33.13
-33.61
-33.82
-32.5
-33.01
-32.11
-31.61
-29.81
-17.14
1.087
13.98
52.77
94.5
116.8
164.7
231.6
301
352.8
384.5
442
505.1
535.7
555.4
577.3
636.1
661.1
582.3
693.2
725
715
741
692.3
694.8
727
667.9
579.2
486.7
564
510.7
446.6
321.4
287.9
233.3
226.4
243.9
195
189.9
153.5
133.4
188.6
107.2
65.01
69.98
41.22
-0.021
-17.97
-36.09
-44.01
-46
-40.07
-41.99
-40.06
-40.57
-38.01
-38.68
-41.04
-43.25
-42.88
-39.98
-38.12
-36.12
-40.05
-38.94
-40.68
-36.35
-39.98
-38.59
-37.02
-37.44
-37.73
-36
-35.47
-35.15
-36.11
-36.44
-36.99
-36.38
-33.74
-32.74
-33.37
-36.1
-37.1
-37.54
-36.65
-36.13
-37.03
-37.16
-36.9
-36.94
-36.5
-36.5
-37.05
-38.45
-33.89
-25.33
-1.938
27.86
66.55
111.3
163.6
218.9
269.4
321
373.8
412.4
452.1
500
536.1
567
587.7
626.5
670.3
682.2
683.1
696.9
722
723
727
732
752
735
747
748
727
719
695.2
648.4
568.6
547.4
581.3
284.4
78.6
170.1
377.3
155.8
75.8
31.57
7.01
2.358
-18.8815
-40.121
-61.3605
-82.6
-30.49
-18.63
-18.91
-12.18
-7.4
1.43
-5.636
-13.45
-14.16
-31.19
-33.8
-32.9
-32.36
-33.98
-34.49
-33.32
-33.69
-34.52
-35.07
-35.46
-35.74
-35.58
-34.6
-35.46
-36.21
-35.64
-34.87
-36.29
-37.54
-37.28
-36.88
-37.11
-38.09
-38.96
-38.59
-38.87
-38.98
-39.25
-39.75
-38.9
-38.41
-38.11
-37.62
-36.78
-36.88
-36.66
-33.61
-21.69
3.299
31.51
37.04
50.96
112.9
159.8
225
326.8
362.2
389.6
423.3
465.7
524.2
557.2
554.7
604
621.7
660.2
744
459.1
441.5
471.2
551.4
295
426.8
554.7
269.2
76.5
-27.31
23.41
91.4
73.4
61.42
90
155.3
396.2
432.1
379.3
344
303
230.2
182.1
123.4
49.44
27.41
-3.613
-25.57
-38.77
-41.63
-39.37
-34.18
-39.04
-40.83
-39.31
-38.79
-38.48
-36.93
-36.4
-35.22
-32.47
-32.11
-31.54
-29.41
-28.48
-31.13
-28.93
-22.78
-20.14
-19.76
-13.99
-19.53
-12.78
-10.79
-13.72
-11.73
-8.87
-7.53
-6.603
-44.26
-19.39
-18.52
-15.41
-15.08
-16.6
-10.03
-8.42
-8.8
-9.45
-9.11
-12.53
-12.8
-12.56
-13.14
-12.81
-9.68
-6.341
-4.424
0.903
1.88
4.256
12.05
49.45
77.3
99.2
134.9
174.3
172.8
275.7
391.7
417.2
372.9
441.9
521.3
402.7
636.7
692.7
714
692.2
745
744
757
629.4
738
491.1
502.6
670.3
514.7
612.1
401.2
470.7
509.9
497
423.9
405
396.4
295.6
262
209
146.7
95.8
39.75
-5.063
-24.86
-36.34
-39.98
-42.19
-40.08
-38.85
-37.72
-36.15
-33.73
-32.43
-31.06
-22.39
-27.02
-25.36
-22.74
-19.93
-17.35
-18.02
-13.97
-14.37
-15.49
-21.14
-23.26
-21.53
-21.7
-27.45
-30.53
-26.74
-23.35
-20.93
-19.72
-17.12
-17.83
-20.38
-26.47
-25.99
-28.62
-29.67
-26.06
-21.29
-21.63
-17.2
-14.56
-12.45
-10.78
-11.14
-11.46
-9.99
-10.04
-10.42
-9.42
-8.46
-7.91
-8.96
-9.18
-9.95
-12.73
-13.64
-9.27
-1.061
10.54
12.03
26.86
42.85
74.6
74.6
130.7
203.4
245.1
261.4
226.9
256.7
401.5
258.7
195.6
116.3
63.86
52.86
37.4
53.59
49.89
55.81
74.6
77
84.8
93.4
124.7
80.4
96.5
65.73
39.1
11.82
8.25
-6.223
-16.95
-18.44
-22.03
-25.02
-22.88
-21.53
-21.35
-21.24
-21.02
-20.69
-20.2
-24.41
-22.11
-23.59
-25.73
-23.9
-25
-26.39
-25.21
-24.75
-22.84
-20.03
-19.42
-25.71
-30.15
-30.98
-28.51
-22.65
-21.08
-29.58
-30.7
-25.97
-22.07
-23.01
-19.64
-22.73
-24.49
-31.17
-34.94
-34.3
-27.19
-32.61
-34.74
-34.88
-35.47
-34.9
-34.58
-34.57
-30.24
-14.52
-5.871
-1.035
13.1
25.32
36.96
47.44
39.47
30.94
61.77
72.7
79.6
114.1
152.9
295
231.2
481.2
538.7
306.6
179
221.7
461.3
313.6
344.3
447.6
361.2
244.8
97.6
30.49
23.66
58.57
38.1
82.2
325.2
398.2
330.9
394.6
353
466.4
449.2
394.2
351.1
298.3
243.4
192.7
140.3
94.1
49.23
10.08
-20.18
-40.12
-48.54
-48.59
-46.34
-45.87
-44.92
-45.23
-44.89
-45.13
-44.39
-43.77
-42.51
-42.61
-42.48
-42.38
-41.85
-42.21
-41.62
-41.3
-40.15
-38.45
-36.43
-34.57
-32.81
-25.66
-31.53
-33.67
-34.02
-34.42
-37.97
-39.48
-39.7
-37.98
-39.69
-36.84
-35.06
-41.66
-60.69
-47.34
-37.18
-36.64
-36.62
-36.12
-31.99
-20.07
-16.4
-14.81
-7.18
-1.626
9.87
22.09
35.25
51.92
63.65
77.6
97.4
87
77.1
91
110.1
148.7
151.8
146
130.7
137.9
175
182.2
182.4
145.3
150.5
97.3
94.9
171.2
227
192.6
265.1
263.3
276
239.3
258.9
248.2
160
143.8
230.5
233.9
189
157.3
111.7
90.5
92.6
52.75
23.84
20.25
11.43
0.586
-11.58
-19.45
-20.08
-16.8
-17.41
-16.48
-16.11
-16.8
-18.04
-17.49
-15.27
-11.3
-12.49
-13.15
-23.03
-31.27
-33.87
-34.27
-22.83
-17.62
-17.2
-16.39
-15.29
-13.76
-13.22
-12.64
-11.8
-12.59
-13.34
-14.88
-15.09
-12.73
-15.94
-14.94
-13.08
-20.08
-23.62
-26.46
-31.85
-26.66
-28.55
-25.39
-21.44
-27.93
-29.55
-27.61
-30.23
-30.82
-26.54
-14.98
4.287
35.47
74.8
124.2
93.2
161.5
206
253.7
243
245.2
273
170.8
300.9
374
315.1
364.3
357.4
340.4
380.1
482
441.9
487.2
630.9
852
553.6
509
832
781
783
755
719
671.8
641.2
610.5
566.7
510.5
468.4
435.4
315.2
373.9
293.4
166.2
157.5
126.4
54.17
-5.049
-29.24
-35.87
-41.83
-33.01
-28.85
-34.22
-36.88
-42.77
-40.52
-38.61
-35.67
-28.81
-26.81
-33.7
-22.11
-18.96
-24.53
-25.12
-33.91
-35.49
-36.75
-32.5
-31.46
-30.04
-33.6
-34.73
-34.82
-34.13
-35.51
-35.24
-33.81
-32.26
-35.27
-36.18
-34.99
-30.13
-20.21
-30.75
-31.22
-20.17
-13.13
-11.17
-16.09
-18.36
-22.12
-27.44
-32.55
-30.21
-28.63
-13.94
19.4
57.12
91.3
122.8
165.1
245.3
286.1
341.5
386.3
428.5
490.2
563.2
421.6
239.3
207.2
281.8
365.3
434
575.9
341.5
436.5
520.1
682.2
546.7
539.1
523
849
823
828
603.5
696.2
631.5
637.6
535
377.3
323.5
407.8
355.7
232.6
156.4
146.9
176.4
116.1
117.8
66.42
34.47
-1.82
-29.1
-36.71
-41.58
-41.38
-41.88
-39.77
-38.63
-40.53
-40.14
-38.47
-37.1
-37.59
-35.87
-35.64
-34.75
-32.14
-34.52
-35.32
-35.23
-35.43
-33.63
-34.55
-35.53
-35.8
-35.35
-35.05
-35.15
-33.42
-31.33
-31.39
-31.32
-32.78
-33.19
-31.07
-32.46
-31.78
-31.82
-30.61
-30.09
-31.53
-34.48
-31.95
-30.74
-29.38
-27.85
-28.03
-29.05
-21.7
0.718
22.09
54.84
91.4
137.1
133.9
221.3
292.7
322.5
372
436.8
462.5
365.2
416
466.8
517.6
620.4
673.7
727
409.9
724
384.8
806
786
726
817
826
800
848
850
658.6
153.3
63.9
12.725
-38.45
9.98
23.84
9.34
5.33
11.16
34.71
37.45
23.33
12.87
8.15
0.871
-4.011
-13.01
-21.56
-18.61
-18.5
-15.18
-15.62
-21.21
-17.72
-9.48
-10.03
-13.76
-21.26
-21.75
-24.22
-23.37
-25.38
-23.7
-20.45
-24.1
-23.26
-17.1
-15.28
-23.58
-24.96
-19.31
-11.82
-14.45
-17.12
-22.54
-18.8
-14.27
-12.16
-12.98
-10.37
-9.77
-11.56
-13.25
-10.24
-9.75
-9.02
-9.18
-9.43
-9.77
-11.78
-13.64
-14.81
-14.37
-14.64
-11.88
-3.547
9.47
33.17
36.89
79.7
131.4
121.8
221.1
218
125.4
217.5
191.5
85.9
88.9
16.57
5.646
1.863
46.6
92.7
112.4
127.6
156.3
142.4
162.2
110.7
123.9
156.3
349.3
582.8
713
576.4
551.5
223.4
156.6
75.7
25.53
5.397
-0.306
-13.99
-25.97
-12.78
-6.934
-12.98
-19.86
-16.07
-12.07
-12.18
-18.35
-21.94
-22.52
-23.42
-18.96
-17.2
-17.5
-23.83
-33.29
-28.45
-25.66
-24.62
-29.75
-29.5
-25.36
-14.1
-21.67
-27.05
-29.02
-28.41
-28.01
-27.64
-24.11
-22.25
-20.21
-19.11
-15.66
-11.65
-16.95
-19.42
-22.27
-23.22
-19.02
-18.49
-18.9
-18.54
-15.87
-17.51
-16.35
-12.46
-18.17
-21.55
-24.03
-26.51
-22.38
-16.17
-11.5
-8.49
-1.795
12.39
47.14
94.4
118.3
137.1
204.8
320.6
353.2
271.5
204.5
280
396.4
455.8
509.8
553.8
548.3
462.5
726
759
430.6
770
809
758
819
769
669.5
400.6
454.9
755
826
791
794
777
693.5
435.4
184.7
136.8
114.2
93.8
87.1
54.46
54.91
63.4
44.09
28.04
16.96
5.64
-6.695
-21.61
-26.13
-25.42
-28.3
-24.06
-25.42
-21.15
-20.13
-15.24
-15.59
-21.79
-22.07
-21.51
-20.46
-18.18
-15.84
-9.35
-6.56
-5.568
-7.44
-10.56
-11.15
-10.96
-9.82
-9.35
-10.76
-12.12
-25.75
-23.78
-25.96
-30.12
-22.02
-19.06
-15.76
-16.45
-23.85
-24.39
-23.55
-21.49
-25.88
-16.52
-18.81
-23.16
-17.1
-20.92
-13.68
-26.75
-18.26
-9.64
-3.795
-6.983
-3.679
8.66
19.62
21.95
27.64
41.98
53.3
76.9
120.2
170.7
212.6
222.9
308.8
340.6
432
400.2
374.2
275.6
257.7
243.3
246.4
282.3
323.3
371.9
391.7
346.4
321.7
462.4
555.8
421.7
406.5
384.7
337.1
569.9
569.1
461.8
466.3
301.3
194.5
144.8
111.9
61.96
29.84
5.322
-14.38
-30.69
-35.28
-36.68
-33.76
-31.41
-31.42
-31.43
-33.89
-32.52
-29.97
-29.02
-27.54
-26.78
-26.15
-25.98
-25.25
-24.51
-23.82
-24.37
-23.94
-23.07
-23.65
-24.59
-24.53
-23.09
-21.16
-21.55
-22.24
-23.01
-25.97
-25.43
-26.95
-28.41
-28.81
-29.48
-26.9
-21.11
-26.47
-26.26
-24.14
-18.95
-17.53
-9.93
-12.17
-8.93
-3.621
-3.869
-10.7
-7.99
7.36
43.52
81.3
59.26
76.3
55.57
49.82
161.2
240.8
362.5
272.3
313.9
359.8
180.4
212
284.2
699.1
737
765
609
525.5
752
732
661.7
691
729
541.6
610.9
718
745
563.1
656.7
692.3
531.7
409.1
228.4
-23.47
58.93
-25.78
-18.73
12.23
3.06
-0.771
-10.48
-15.97
-17.33
-18.38
-17.58
-17.81
-17.75
-16.81
-14.64
-14.32
-13.79
-15.43
-19.44
-17.69
-18.69
-18.59
-19.69
-21.06
-22.18
-22.91
-24.53
-24.97
-25.25
-25.59
-27.43
-28.55
-29.99
-29.39
-28.64
-29.31
-30.16
-30.96
-31.3
-31.46
-31.79
-32.7
-31.91
-30.95
-29.8
-28.64
-28.87
-29.23
-30
-29.63
-29.36
-20.34
-27.57
-22.7
-15.38
-20.7
-17.7
-14.52
3.379
31.97
70.8
105.4
96.9
36.52
41.67
205.7
180.7
198.4
309.1
453.4
521.4
484.9
471.4
498.6
536.9
539.5
590.3
615.7
568.3
642.1
684.6
733
635.5
787
719
486.7
687.6
542
416.5
653.4
430.3
611.2
592.5
501.1
233.7
81.3
75.5
93.4
89.6
73.7
59.26
45.15
22.32
12.84
-1.598
-11.65
-23.84
-31.46
-29.39
-22.49
-25.44
-20.63
-19.49
-19.28
-19.76
-18.73
-20.44
-16.66
-16.38
-17.07
-15.29
-12.55
-16.35
-17.7
-16.43
-11.59
-12.22
-8.93
-7.35
-9.13
-7.06
-8.58
-16.97
-20.05
-18.08
-10.28
-17.49
-23.84
-24.06
-16.71
-12.96
-14.08
-13.98
-14.02
-14.03
-15.21
-16.49
-15.85
-15.67
-15.07
-14.27
-12.93
-11.4
-9.34
-3.098
5.294
12.11
20.41
23.08
39.58
57.37
69.1
78.5
114.4
172.3
209.7
137.9
143.6
181.4
241.8
331.8
342.9
354.2
336.3
427.4
457.6
431.5
413.5
433
473.2
668.7
706
847
679.9
774
674.7
592.7
393.7
255.8
309.2
260.8
319.7
340
383.1
297.9
215.6
143.7
83.5
46.34
21.72
3.186
-13.01
-24.95
-33.65
-35.95
-36.99
-38.91
-39.29
-38.66
-38.89
-39.93
-39.29
-41.64
-41.44
-41.39
-39.75
-40.17
-38.84
-38.56
-38.14
-38.11
-36.65
-35.68
-34.01
-30.57
-30.85
-31.24
-30.62
-34.27
-36.1
-37.79
-36.5
-35.96
-42.34
-37.69
-45.36
-43.21
-32.68
-31.07
-30.42
-29.14
-29.18
-26.46
-26.94
-37.8
-32.63
-35.83
-35.52
-32.09
-20.47
-9.72
11.09
26.98
85.4
72.6
161.4
141
296.3
349.2
396.9
447.9
479.3
524.7
562.3
549.2
650.7
589.3
565.6
640
767
720
814
748
832
764
871
327.4
536.9
524.2
529.9
561.6
537.7
497.4
255.6
352.4
120.7
195.6
547.1
457
375.3
326.3
277
208.2
164.3
126.5
37.67
56.32
14.84
-23.55
-34.32
-33.78
-27.76
-19.4
-25.12
-14.85
-23.9
-30.8
-30.07
-28.72
-30.87
-31.96
-32.98
-31.51
-30.52
-30.97
-32.3
-33.33
-30.22
-30.97
-27.87
-29.11
-24.03
-9.96
-13.27
-14.63
-19.93
-23.1
-11.63
-13.15
-22.98
-24.98
-23.21
-24.88
-25.21
-27.05
-28.88
-27.76
-28.57
-29.25
-29.61
-30.46
-29.31
-30.03
-28.36
-25.04
-15.68
7.96
29.1
54.87
115.8
156.2
206.5
248.7
300.7
307.3
232.2
302.9
514.3
611.8
443.5
597.6
365.4
281.8
531
332.1
291.6
561.2
657.4
845
846
825
823
597.5
748
785
724
522.3
544.3
723
561.2
621.7
561.8
518.4
360.6
435.2
332.1
218.3
247
197.9
146.5
104.5
60.66
28.18
-4.072
-30.98
-39.1
-39.36
-38.42
-38.91
-37.72
-38.18
-36.48
-35.49
-34.01
-36.33
-37.99
-36.01
-36.92
-34.71
-35.82
-35.62
-32.86
-33.14
-32.38
-32.28
-32.74
-33.33
-31.59
-34.08
-35.41
-33.74
-30.59
-36.75
-34.68
-30.75
-28.59
-29.2
-28.09
-28.98
-29.87
-29.38
-28.27
-29.36
-29.39
-30.85
-30.55
-31.03
-31.22
-31.48
-31.22
-29.91
-20.99
-7.24
-7.66
48.09
75.4
89.4
174.9
193.1
178.4
304
302.6
332.7
394.1
445.8
479.6
481.9
486.4
470
506
602.6
724
756
787
748
633.5
696.6
676
607.5
498.8
763
538.6
444.5
496.5
677.7
599.6
568.2
423.1
566.4
502.6
361.5
340.8
220.1
86.1
172
198.1
151.3
101.2
33.43
-2.273
-22.6
-35.53
-37.03
-37.15
-38.69
-38.37
-30.87
-26.92
-18.32
-11.78
-18.1
-21.22
-28.38
-30.62
-28.86
-27.1
-26.14
-26.54
-25.97
-24.36
-23.21
-25.64
-27.09
-28.15
-28.87
-29.41
-31.37
-31.28
-31.59
-32.56
-31.89
-30.67
-30.17
-29.39
-30.02
-28.83
-26.13
-26.52
-26.82
-30.07
-30.62
-21.58
-13.09
-13.61
-15.12
-19.2
-20.04
-21.98
-17.09
17.34
37.65
53.28
83.6
95.4
120.4
171.5
201.5
272.6
498.5
539.1
543.5
569.3
599.3
661.8
693.1
503.7
600.4
672.9
560.9
651.1
644
558.4
327.4
516.9
768
656.8
675.5
753
679.8
656.9
599.1
634.7
461.6
408.5
408.4
258.1
198.6
131.1
127.6
68.62
28.5
-9.61
71.6
47.5
-5.044
-35.64
-43.1
-40.12
-49.4
-45.9
-43.03
-34.98
-25.77
-22.05
-24.11
-24.29
-27.65
-26.91
-26.33
-18.14
-15.81
-18
-27.67
-28.53
-28.78
-28.79
-28.18
-28.66
-29.71
-30.18
-28.6
-28.01
-28.09
-27.18
-29.23
-28.42
-27.78
-27.38
-27.2
-27.24
-25.89
-27.62
-28.67
-25.92
-25.53
-24.26
-24.3
-24.78
-25.37
-26.46
-26.5
-25.91
-24.73
-17.36
-2.011
21.09
66.69
113.4
158.9
208.5
259.2
303.8
355.1
405.1
454.5
503.9
546.4
586.6
626.1
653.8
682.5
504.3
683.2
694.2
549.1
459.9
802
840
869
784
708
743
662.9
600.2
650.6
732
642.9
461.5
439.1
524.7
218.2
270.5
157.2
128.9
282.9
226.5
315.7
264.2
196.2
118.2
45
4.366
-25.57
-37.84
-40.03
-39.53
-38.65
-36.98
-36.65
-37.89
-38.39
-37.64
-36.18
-33.43
-34.23
-33.57
-31.49
-32.41
-31.36
-31.9
-33.06
-33.33
-32.4
-32.43
-30.92
-31.86
-31.93
-33.16
-32.86
-30.7
-29.38
-27.62
-28.38
-29.38
-31.28
-31.51
-31.84
-29.97
-34.07
-30.9
-28.47
-26.92
-27.22
-35.6
-34.17
-29.19
-28.71
-24.98
-24.32
-17.91
9.4
34.23
62.23
88.8
115.4
138.9
176.9
218
264
282.5
312.3
320.1
336.7
400.5
435.4
611.1
579.5
526.8
464.7
665.8
642.7
501.1
661.9
766
633.2
648.4
634.9
722
902
642.2
540.9
532.1
448.7
421
359.9
258.7
147.8
65.36
8.7
-12.63
-30.8
-15.08
-4.907
-8.26
-12.15
-10.61
-9.18
-8.93
-14.74
-18.75
-23.3
-26.54
-27.95
-25.12
-21.7
-21.43
-16.35
-18.02
-22.47
-22.93
-22.57
-20.3
-20.42
-22.13
-23.73
-24.65
-26.32
-28.74
-29.98
-28.73
-26.62
-26.43
-26.92
-27.92
-26.29
-26.07
-27.49
-25.71
-21.66
-19.67
-21.54
-22.22
-25.76
-25.8
-28.02
-29.09
-27.04
-25.22
-25.4
-29.91
-32.16
-33.26
-33.88
-31.83
-27.13
-12.56
11.57
47.43
83.2
134.4
136.2
157.6
232.2
322.2
409.3
428.3
456.8
490.5
545.3
610.5
551.3
662.5
613.9
672.9
661.7
524.3
715
680
496.7
703
757
710
819
780
757
729
700
686.9
630.3
604.5
580.5
542.8
496.5
459.2
405.4
357.9
322.2
259.3
209.2
136.9
80.5
56.36
3.908
-9.91
-31.31
-44.72
-47.03
-46.16
-42.12
-37.97
-38.31
-38.94
-37.24
-36.63
-35.47
-34.28
-32.01
-31.52
-32.44
-33.49
-33.99
-33.56
-31.29
-22.77
-24.6
-29.4
-32.35
-32.1
-30.5