-32.33
-35.46
-38.06
-33.15
-34.27
-37.9
-33.37
-28.4
-23.86
-23.62
-21.42
-17.41
-11.18
-11.63
-12.57
-13.52
-11.39
-11.67
-12.39
-12.09
-13.55
-9.76
-3.986
3.429
17.52
38.34
39.82
61.35
89.5
124.2
192.3
195.9
199.5
226.5
341.2
345.7
287.8
307.7
468.8
568.5
510.4
702
625.1
593.4
496.2
644.5
770
682.7
745
716
830
773
806
788
442.9
773
466.4
748
769
660.9
559.2
354.3
319
364.6
286.6
246.3
165.5
93.7
58.68
53.53
61.35
15.75
-19.78
-31.55
-33.71
-33.25
-32.79
-29.53
-36.44
-38.12
-38.99
-37.57
-34.09
-34.56
-35.56
-36.17
-36.43
-32.79
-24.33
-34.12
-33.17
-30.57
-31.11
-29.1
-19.13
-14.04
-23.68
-14.63
-52.18
-18.21
-30.72
-5.595
-2.053
-4.774
-7.18
-6.153
-4.775
-5.113
-4.54
-5.686
-6.922
-6.845
-8.2
-8.24
-7.78
-8.24
-9.17
-9.49
-6.687
1.959
9.32
17.87
25.72
36.4
50.8
78.9
106
134.3
141.8
211.9
273.1
347.6
340.5
317.9
301.9
310.1
348.3
360.8
296.6
386.9
332.4
462.5
249.3
366.2
186.6
208.1
195.2
212.9
259.2
317.6
491.9
581.6
318.2
349.1
393.7
185.6
121.7
123.2
131.6
101.9
69.06
48.93
16.47
-2.58
3.989
-19.61
-11.93
-16.06
-29.85
-26.86
-22.11
-21.2
-20.31
-19.32
-15.95
-15.22
-12.08
-14.39
-17.13
-18
-19.89
-21.37
-21.3
-19.76
-19.6
-17.35
-20.09
-24.96
-25.17
-25.8
-24.82
-23.91
-23.04
-21.67
-23.28
-23.06
-23.04
-20.34
-18.61
-17.75
-11.35
-8.92
-8.37
-8.22
-10.8
-16.95
-15.33
-17.36
-18.14
-17.53
-15.42
-13.77
-12.95
-13.31
-6.657
4.802
11.55
13.14
30.58
49.61
97.1
107.1
93.9
123.3
136.4
195.5
201.7
218.4
242.6
263.6
315.5
533.3
589
470.9
827
661.9
628
611.1
467.4
383.5
407.1
734
401.3
135.6
198.5
208.1
215.3
248.8
129.6
90
113.2
79.8
76.8
60.84
74.4
60.68
54.46
47.26
38.46
32.91
25.14
14.88
1.348
-8.62
-14.54
-24.47
-25.68
-23.78
-23.71
-23.96
-20.95
-17.57
-21.94
-22.5
-23.64
-22.89
-20.62
-19.2
-18.49
-16.57
-16.9
-16.42
-15.34
-15.36
-15.24
-17.39
-19.99
-16.86
-16.22
-17.7
-18.96
-19.71
-18.39
-16.72
-15.94
-26.19
-21.15
-26.82
-26.55
-23.23
-21.8
-21.83
-24.75
-24.97
-25.42
-23.95
-19.05
-20.4
-27.85
-24.98
-23.76
-17.09
-9.07
-1.555
26.19
58.53
45.87
68.97
112.5
160
192
215.5
225.1
164.3
253.3
194.7
183
297.3
297.4
202.5
219.7
212
211.1
205.6
188.6
138.8
109.3
180.9
210.3
262.8
411.8
367.9
272.4
271.1
300.2
369.6
420.6
390.8
282.8
321.4
316.9
525.2
362.7
397.3
264.5
312.5
170.9
85.2
56.61
-7.79
-23.7
-37.19
-39.27
-38.17
-36.89
-34.56
-34.68
-34.87
-33.04
-34.01
-38.1
-31.27
-24.75
-24.04
-23.18
-20.81
-22.12
-33.38
-28.07
-21.7
-23.49
-20.48
-18.52
-16.43
-18.6
-45.29
-59.68
-54.66
-44.99
-49.02
-47.21
-46.63
-36.28
-19.16
-17.07
-17.15
-19.26
-19.93
-17.94
-19.33
-19.51
-13.9
-14.35
-15.96
-16.44
-11.35
-5.987
0.053
16.92
54.62
75.8
103.9
118
125.4
113.7
157.9
267
205.3
263.6
351.4
345.6
259.2
383.6
448
665.4
595.6
695.3
721
594.1
667.4
649.4
628.9
367.5
426.3
399.8
335.4
392.5
467.4
598
617.6
575.5
736
581.5
724
517.8
205.5
306.2
409.6
302.4
314.5
377.5
349.8
142.9
48.88
10.07
-10.41
-26.52
-37.18
-35.01
-39.44
-29.17
-38.85
-38.43
-41.05
-39.09
-31.19
-19.04
-17.62
-16.86
-16.26
-56.75
-63.42
-73.1
-67.66
-60.75
-64.65
-69.9
-59.23
-52.65
-45.98
-53.7
-46.68
-32.85
-23.62
-22.77
-24.09
-24.48
-21.84
-20.89
-22.87
-21.66
-23.96
-32.83
-36.49
-31.54
-30.63
-31.49
-26.49
-28.83
-21.16
-28.45
-24.22
-17.42
-7.39
6.47
16.34
29.3
48.27
74.3
118.6
204.8
210.2
210
312.7
309.4
414
510.8
456.1
432.6
559.3
318.2
293.4
398.4
422.3
522.8
117.3
710
679.1
692.6
620.7
51.5
466.9
144.2
244.4
590.5
631.3
338.3
736
764
426.3
454.9
687.9
643.4
488.7
488.3
452.2
265.6
272.6
132.6
55.5
138.2
132.7
46.63
-17.73
-38.89
-41.11
-41.33
-41.99
-40.99
-38.33
-37.25
-34.51
-29.81
-33.5
-34.95
-34.76
-35.88
-35.8
-35.09
-33.57
-27.93
-18.08
-10.26
-10.93
-22.27
-22.98
-29.99
-16.24
-14.07
-8.62
-20.61
-26.02
-17.97
-21.41
-18.19
-16.96
-27.6
-28.78
-28.72
-27.91
-28.29
-8.06
-6.287
-17.43
-28.56
-25.46
-27.2
-27.65
-29.45
-27.05
-43.47
20.44
43.31
63.21
86.9
115.2
155.4
197.2
254.3
308.4
301
397.6
337.9
409.9
525
443.4
628.6
642.4
752
652.7
471.3
649.3
834
827
724
682.5
637.4
857
809
736
674.3
578.4
594.5
489.1
442.1
353.6
351.6
455.8
446.3
423
459.5
435.2
330.1
279.2
245.2
192.7
63.43
84.6
53.51
-11.41
-34.09
-37.98
-39.21
-39.8
-41.08
-40.87
-39.43
-35.85
-31.42
-27.59
-34.22
-36.46
-35.46
-30.65
-17.37
-31.28
-33.34
-29.76
-25.83
-27.5
-21.88
-25.45
-18.46
-18.25
-18.24
-27.1
-26.6
-26.64
-29.57
-26.91
-24.82
-24.77
-26.02
-29.6
-31.64
-31.86
-28.47
-27.36
-30.87
-29.83
-29.06
-28.47
-27.02
-25.04
-18.57
-6.427
9.51
28.94
51.57
72.4
84.4
126.5
158.5
157.5
164.9
197.2
219.1
273.5
232
243.1
506.5
568.2
491.9
501.4
378.9
548.8
552.3
514.4
435.9
604.4
324
667
467.9
319.4
426.9
521.2
579
762
409.2
464.2
776
80.4
134.2
213.8
223.2
171.3
171.6
166.8
220.1
178.6
156.2
225.6
116.8
75.1
38.29
-13.6
-35.23
-36.83
-37.22
-36.55
-36.34
-35.84
-35.13
-33
-33.74
-34.97
-35.34
-36.21
-36.74
-37.57
-37.89
-37.5
-35.68
-35.44
-35.82
-36.1
-35.82
-35.74
-34.89
-34.92
-34.81
-34.58
-33.52
-33.05
-33.58
-33.08
-34.66
-32.88
-33.98
-35.06
-34.97
-33.7
-33.96
-33.32
-34.1
-33.8
-28.87
-24.85
-21.12
-19.55
-10.4
4.944
28.6
36.92
59.58
76.9
92.3
103.8
141.8
199
246.1
306.9
354.4
402.8
440.5
457.2
514.3
568.1
606.3
657.6
749
673.2
716
270.8
236.8
561.1
692.7
807
652.4
331.7
122.9
18.93
-4.783
-25.39
-9.1
-12.75
-4.391
1.122
4.772
12.69
6.807
0.602
9.99
23.52
27.77
19.26
22.24
13.83
9.04
-2.003
-16.26
-28.19
-31.41
-30.76
-27.81
-20.38
-18.39
-17.32
-23.8
-24.44
-23.12
-17.95
-17.78
-16.38
-16.52
-16.75
-17.11
-17.37
-18.76
-17.45
-20.46
-17.26
-16.47
-19.86
-21.74
-25.67
-28.97
-31.75
-31.98
-32.05
-32.11
-32.3
-32.6
-34.23
-33.41
-32.52
-30.23
-31.74
-32.92
-30.95
-29.22
-26.93
-30.02
-31.23
-31.52
-31
-26.07
-24.44
-36.49
-21.04
9.14
51.71
99.2
45.79
84.3
131.8
163.5
241.8
286.6
384.2
439.1
452.2
396.5
449.4
617.8
651.4
526.9
672.7
734
709
742
776
826
822
775
893
753
641.1
835
633.7
606.9
288.5
-41.15
-0.335
12.17
21.77
27.68
30.02
43.56
62.08
39.72
-4.648
-6.554
-2.541
-5.869
2.842
-6.289
-24.46
-27.37
-24.42
-19.37
-14.87
-15.27
-17.79
-16.34
-15.54
-17.27
-27.46
-30.87
-20.44
-24
-30.11
-25.03
-24.5
-25.28
-18.21
-16.29
-13.57
-14.95
-21.41
-21.66
-22.41
-20.3
-20.51
-20.2
-26.07
-24.98
-23.23
-21.48
-21
-21.25
-22.11
-22.17
-23.59
-21.91
-22.4
-19.06
-14.36
-13.29
-12.5
-13.13
-11.85
-6.147
4.543
19.84
42.37
65.18
67.98
83.7
87.8
126
142.7
136.4
160.6
211.3
228.8
207.2
177.5
168.6
239.8
307
301.2
308.5
318.9
438.5
390.1
331.8
313.2
314.2
349.4
372.2
370.2
362.8
375.8
277.8
308.9
269.9
312.6
341.7
358.1
301.7
280.3
466.5
529.1
384.7
455.5
411.5
321.9
166.4
66.36
9.98
-1.108
-12.59
-24.51
-26.19
-23.79
-22.48
-22.87
-22.91
-21
-19.23
-20.08
-20.78
-19.06
-22.8
-23.21
-28.78
-32.82
-32.55
-27.98
-27.57
-28.72
-27.78
-27.64
-28.47
-31.24
-29.62
-27.7
-26.35
-28.02
-28.35
-26.44
-21.84
-20.94
-18.44
-18.37
-15.61
-11.04
-11.51
-17.18
-18.99
-20.51
-20.7
-22.23
-22.45
-22.54
-23.18
-21.49
-14.54
-5.9
4.203
23.65
51.05
84.1
120.8
116
120.6
149.2
149.6
160.4
189.2
255.2
251.3
222.5
208.3
215.1
304.8
382.8
476.2
583.5
493
630.4
762
694.1
426.6
263.9
215.3
201.1
251.5
289.5
240.5
138.9
236.6
287
208.1
105.5
14.28
32.81
36.01
46.51
17.39
0.166
-3.523
3.856
2.494
-3.882
-15.66
-17.59
-18.9
-18.63
-24.92
-25.3
-25.78
-24.06
-23.71
-23.49
-23.64
-19.53
-19.71
-20.24
-19.49
-16.7
-16.45
-17.13
-20.89
-26.59
-26.61
-26.76
-28.06
-23.34
-19.43
-18.28
-19.67
-16.41
-15.42
-18.13
-19.71
-24.93
-25.5
-15.35
-7.99
-30.1
-32.18
-28.35
-29.71
-28.48
-25.71
-23.36
-20.9
-19.53
-20.35
-18.99
-18.04
-17.37
-11.46
0.607
20.51
46.19
75.8
79.2
88.2
83.5
90.4
162.4
185.1
232.5
302.7
273.8
249.8
328
429.9
430.7
495.7
518.6
622.2
326
814
659.8
659.2
521.6
373.1
385.6
681.5
604.6
795
863
780
639.8
311.3
832
660.7
752
217.9
729
665.4
616.9
574.3
524.1
459.8
374.1
10.17
4.051
9.64
84.7
40.91
-7.17
-35.95
-36.71
-31.17
-30.86
-33.76
-38.28
-37.75
-38.29
-36.33
-36.57
-37.44
-37.62
-37.96
-39.65
-38.09
-31.83
-32.48
-34.22
-34.69
-31.79
-32.25
-31.04
-28.22
-27.88
-29.79
-32.64
-33.15
-35.74
-31.73
-32.53
-31.48
-33.97
-35.72
-33.07
-35.55
-34.21
-34.84
-34.79
-35.4
-34.2
-31.17
-32.82
-32.96
-33.11
-29.51
-35.23
-28
-51.78
-1.167
32.02
78
114.2
148.8
173.9
202.5
201.8
238.8
304.7
409.7
358.8
429.8
403.2
548.4
318.8
304
542.8
642.5
798
664.9
506.2
741
743
859
680.7
728
572.3
890
839
825
805
619.6
513.9
253.9
60.69
47.13
-12
0.939
-4.297
-2.894
-8.58
-25.2
-59.76
-42.79
-37.88
-33.21
-17.72
-13.66
-12.33
-13.91
-21.43
-20.56
-17.41
-19.28
-20.8
-23
-21.74
-28.45
-30.46
-23.85
-23.75
-25.86
-28.11
-24.83
-19.53
-19.45
-20.43
-17.83
-18.73
-22.67
-18.19
-13.69
-16.13
-15.73
-12.29
-11.01
-14.74
-14.86
-12.14
-14.82
-11.65
-8.92
-4.641
-2.833
-4.852
-35.77
-36.03
-9.28
-11.65
-14.35
-22.37
-19.34
-14.72
-7.81
-4.527
-6.689
-1.196
4.614
17
26.18
34.46
35.91
34.91
53.24
81.1
91.8
136.2
200.3
249.9
251.9
264.1
306.2
419
438
354.9
674.8
824
844
838
738
752
936
960
638.5
876
951
725
800
769
413.6
567.1
632.4
380.8
162.2
157
171.4
108.8
269.1
208.1
4.42
-3.226
-44.34
-19.93
-19.14
-19.7
-18.15
-16.66
-13.83
-13.34
-12.53
-12.54
-18.56
-20.7
-21.34
-17.03
-17.78
-19.03
-21.63
-19.5
-15.87
-14.46
-21.41
-20.82
-22.59
-20.6
-13.98
-14.75
-13.93
-15.22
-13.05
-14.38
-11.02
-11.22
-15.3
-16.21
-14.92
-15.14
-14.66
-14.39
-15.28
-14.86
-13.65
-20.3
-27.48
-27.92
-24.69
-20.12
-5.678
1.946
22.46
32.36
46.92
50.69
52.04
47.16
67.39
97.4
145.7
196.7
230.7
254.3
282.1
308.7
302.4
352.2
341.8
516.6
595.1
614.1
517.7
328.4
314.3
286.6
341.4
540.9
581.8
576.9
631.8
1055
926
656.4
768
829
456.7
203.5
215.5
389.1
697.6
629.3
576.8
276.7
269.2
85.6
117.7
291.9
208.6
136.9
90.5
-19.38
-37.75
-34.53
-29.67
-28.81
-26.36
-26.92
-26.9
-29.51
-32.99
-33.33
-34.94
-31.83
-26.02
-19.74
-22.64
-27.26
-25.86
-22.5
-18.52
-20.41
-26.6
-31.04
-28.87
-29.57
-33.67
-32.6
-31.23
-31.52
-29.7
-19.4
-15.1
-13.27
-13.11
-14.22
-15.6
-17.57
-28.43
-29
-29.39
-23.99
-15.98
-14.05
-15.36
-16.58
-13.71
-4.791
4.543
20.13
33.12
38.55
44.54
60.83
92.4
140.7
179.7
263.8
295.3
271.1
257.3
244.9
304.2
581.2
654.9
648.8
695.2
694.4
655
657.9
380.8
496
423.8
387
530.2
543.9
454.3
794
502.5
929
279.3
604.3
817
831
739
730
531.2
257.7
55.47
21.98
35.96
152
366.1
214
175.4
143.3
79.6
13.42
-29.29
-39.27
-34.15
-36.77
-39.18
-40.23
-38.17
-38.12
-37.93
-37.52
-37.26
-37.01
-35.79
-36.45
-34.06
-35.54
-36.51
-35.28
-35.21
-33.64
-34.2
-29.95
-30.85
-31.83
-28.62
-17.55
-15.78
-15.23
-15.35
-15.04
-13.96
-15.23
-15.28
-14.55
-17
-25.9
-27
-30.99
-18.84
-12.73
-22.38
-23.53
-18.5
-22.31
-23.57
-28.29
-23.78
-18.14
-5.495
15.84
43.31
42.94
54.08
106.6
215.5
278.7
327.8
389.4
421.3
376.7
393.7
629.6
373
432.6
508
628
320.6
560
438
919
546.3
209.3
267.1
503.2
908
863
800
900
946
841
944
841
535.3
526.8
770
394.8
324.7
301.9
227.7
281.7
234.5
232.7
259.2
189.1
95.5
-4.078
-37.29
-41.83
-41.01
-39.44
-37.38
-36.35
-30.52
-22.5
-15.72
-16.61
-12.91
-15.55
-15.51
-35.03
-38.52
-31.18
-30.36
-32.42
-25.65
-34.98
-34.9
-31.63
-30.15
-25.78
-26.96
-24.04
-22.38
-25.53
-20.84
-10.88
-10.57
-9.43
-16.62
-38.63
-28.99
-25.98
-36.62
-31.43
-18.91
-21.2
-22.54
-23.6
-21.75
-20.09
-11.39
2.083
5.979
19.02
27.58
39.35
70.8
75.5
152.9
205.3
201.6
295.1
292.2
249.6
201.2
230.4
237.3
275.1
187.4
201.4
161.3
274.1
551.6
452
441.2
429.4
165.3
3.81
12.58
-2.586
3.602
2.99
19.64
15.87
36.08
54.83
90.6
98
60.57
81.3
96.2
40.69
12.52
-3.718
-7.46
-7.46
-5.772
-3.943
-4.344
0.934
28.06
8.7
-7.29
-19.99
-19.03
-19.57
-22.11
-20.64
-21.32
-11.4
-11.26
-12.06
-13.53
-17.09
-12.79
-11.38
-9.97
-9.84
-10.69
-6.599
-5.949
-6.467
-2.779
-2.708
-2.853
-4.817
-6.62
-11.1
-11.55
-11.55
-14.02
-14.93
-14.16
-13.78
-13.75
-19.97
-13.45
-11.61
-9.46
-8.9
-6.81
-10.4
-12.14
-11.83
-13.29
-26.13
-18.69
-9.57
17.98
31.19
38.22
34.93
108.2
124.1
91
99.4
121
121.4
143.2
139.1
133.4
91.6
202.4
431.2
310.7
243
575.5
432.2
538
519.8
593.8
646.3
596
638.9
664.4
489.6
494.7
719
839
617.3
504.6
578
706
690.6
385.8
470.9
323.5
434.2
412.4
425.2
324.8
184.5
250.2
210.1
86.2
19.33
-9.12
-21.2
-27.05
-35.4
-32.68
-30.94
-15.42
-35.98
-32.69
-14.41
-31.47
-32.18
-26.78
-29.23
-30.72
-28.29
-26.85
-17.78
-23.48
-27.86
-30.99
-28.21
-29.03
-31.85
-32.23
-30.16
-17.23
-10.86
-10.9
-15.03
-26.89
-32.18
-34.22
-34.91
-34.91
-33.76
-34.82
-34.71
-36.7
-40.75
-40.05
-39.14
-38.8
-37.72
-36.13
-38.31
-41.32
-45.06
-59.33
-42.65
-24.18
8.64
-26.79
-59.71
-11.64
92.8
164.2
232.5
287.7
333.7
379.9
438.9
464.5
467.7
414.6
439.6
588.2
584.1
672.7
408.4
682.8
768
771
733
819
813
861
823
809
812
805
787
748
741
715
669.9
643.6
590.5
540.3
503.6
444.9
388.2
340.6
263.7
197
135.4
66.04
-0.072
-40.72
-48.11
-47.61
-47.94
-46.81
-44.25
-44.48
-42.8
-44.14
-42.16
-40.6
-45.08
-46.03
-48.89
-49.46
-46.17
-44.04
-40.99
-38.98
-43.38
-45.55
-32.44
-33.45
-38.92
-35.4
-36.55
-36.98
-37.81
-37.52
-29.92
-35.25
-19.09
-25.37
-20.13
-17.22
-24.39
-33.1
-32.15
-20.83
-34.17
-42.95
-44.89
-39.51
-36.56
-48.4
-80.4
-78.7
-62.01
-38.25
-11.07
23.08
52.88
88.6
136.4
184
226
274.8
323.4
377.9
423.4
468.8
513.9
534
610.4
555.8
668.6
448.6
746
529.8
691.5
854
560.1
846
879
839
467
254.7
894
866
375.7
415.6
762
755
721
458.7
54.37
13.98
-0.419
52
70.7
317.4
241.8
164.6
19.27
0.847
-27.46
-28.84
-34.84
-38.92
-38.24
-38.9
-37.87
-39.27
-36.82
-36.36
-35.88
-40.37
-38.97
-32.52
-35.79
-39.06
-39.75
-39.72
-38.62
-41.23
-36.48
-36.88
-36.74
-38.33
-37.59
-39.46
-38.78
-37.08
-37.82
-39.67
-37.65
-36.84
-34.95
-36.83
-36.42
-33.6
-38.48
-37.16
-35.21
-34.61
-36.24
-37.76
-33.9
-32.38
-29.62
-52.88
-79.8
-83
-82.9
-88.4
-61.73
20.02
53.92
84.3
128.2
178.4
224.7
281.8
323.5
300.9
471.7
427.8
338.1
495.8
408.2
449.1
451.1
377.8
434.2
764
708
628.4
648
601.1
345.5
-21.41
107.5
761
421.7
801
750
797
714
671.7
646.9
602.2
570.7
528.6
481.4
431.2
374.3
315.9
268.7
208.1
140.1
76.5
9.45
-32.46
-40.32
-41.57
-43.78
-40.74
-34.46
-28.36
-24.36
-18.87
-58.03
-58.81
-31.92
-55.86
-48.93
-61.5
-52.8
-41.28
-30.89
-33.54
-34.33
-38.65
-39.58
-35.47
-37.53
-35.53
-35.51
-37.45
-19.41
-31.32
-34.2
-34.74
-36.03
-36.78
-37.53
-38.66
-39.81
-41.44
-40.97
-37.35
-34.52
-36.16
-39.72
-39.94
-38.8
-55.06
-85.6
-87.1
-71.3
-47.61
-16.37
13.92
47.99
85
127.5
173.3
227.7
274.3
329.3
378.2
427.3
465.4
515.9
551
590.9
630.4
680.9
637
680.7
740
761
786
789
824
832
809
792
806
829
812
781
772
701
711
628.6
613.3
578.7
470.2
405.7
467.6
434
-0.683
-7.54
15.45
1.518
-30.25
-35.35
-38.8
-41.18
-44.04
-44.97
-44.82
-40.71
-43.55
-45
-42.83
-39.69
-37.94
-37.1
-36.93
-35.23
-35.54
-37.79
-35.59
-35.7
-36.41
-32.58
-30.51
-24.64
-22.24
-11.02
-13.87
-10.47
-22.6
-86.7
-54.41
-52.14
-53.65
-48.67
-35.25
-15.44
-14.33
-26.51
-37.55
-39.46
-42.22
-31.65
-25.66
-24.43
-31.43
-42.56
-34.16
-39.59
-30.7
-16.11
1.782
24.05
35.7
38.19
50.57
77
120.4
268.3
296.6
267.5
383.2
475.1
537.3
554.4
381.3
420.2
483.8
400.2
631.4
853
811
769
767
774
793
791
784
801
753
794
761
749
728
706
693.8
636.1
630.3
574.1
565.6
498.4
271.7
260.9
281.1
243.2
-0.106
-26.83
-37.19
-41.79
-48.02
-49.14
-45.37
-42.71
-44.35
-43.02
-44.64
-46.22
-46
-44.12
-41.29
-39.08
-40.43
-44
-46.07
-46.46
-46.39
-46.49
-45.28
-44.1
-43.03
-41.75
-40.97
-41.95
-41.55
-41.26
-42.49
-41.87
-42.5
-40.36
-40.8
-41.3
-36.39
-36.11
-37.04
-38.58
-35.73
-33.28
-29.96
-27.12
-26.12
-27.95
-28.01
-28.95
-23.14
-22.52
-21.3
-7.5
-20.9
26.92
48.63
51.01
63.33
122.8
152.2
217.8
267.1
314.8
363.5
411.4
452.4
526.9
507.7
616.3
629.1
656.9
622.4
720
534.5
810
585.3
708
626.7
661.6
647
541.4
319.5
251.8
257.1
324.7
395.2
378.6
-43.82
-33.46
26.06
147
50.94
-14.63
-27.01
-28.58
-14.45
-15.81
-12.58
-13.7
-35.31
-21.74
-13.8
-14
-15.39
-19.19
-24.19
-24.93
-21.92
-23.49
-22.52
-19.28
-19.5
-20.8
-19.26
-19.25
-21.27
-27.42
-28.83
-30.02
-29.34
-25.71
-19.49
-27.69
-34.35
-35.59
-43.3
-34.61
-27.5
-23.8
-20.27
-25.83
-31.79
-31.8
-33.01
-32.89
-26.55
-22.15
-20.01
-19.13
-16.51
-14.76
-13.41
-14.32
-11.75
-10.99
-8.49
-2.875
0.789
14.2
43.22
53.62
71
71.1
102.7
198
210.2
261.8
260.4
461.2
265.8
255.2
261.2
336.5
508
568.1
567.2
452
481.8
460.3
426.1
423.4
432.6
444.2
609.4
830
639.7
499
377.7
335.9
710
552.4
723
466.8
720
760
659.6
565.1
585.1
537.5
480.7
406.4
354.9
289.3
221.4
123.8
16.15
-26.27
-35.37
-44.16
-41.03
-40.2
-39.46
-39.21
-32.53
-18.62
-17.99
-20.19
-22.38
-25.07
-26.7
-32.6
-29.79
-28.04
-28.1
-26.53
-29.8
-31.93
-30.94
-31.58
-34.56
-34.81
-34.33
-24.57
-26.44
-31.24
-31.58
-31.5
-30.83
-31.96
-33.11
-31
-29.56
-30.52
-31.38
-31.98
-31.84
-32.46
-34.99
-35.65
-38.66
-39.2
-37.5
-32.84
-38.74
-38.89
-39.34
-12.13
27.53
61.52
112.7
181.1
222.5
190.6
276.3
318.1
357.8
365.8
360
303.1
381.5
498
585
563
481.3
512.9
598.2
648
544.6
165.5
477.5
861
840
812
818
786
855
846
818
776
692.4
710
645.3
589.7
526.7
310.7
196.3
107.1
62.96
64.08
23.95
6.515
-6.394
-18.15
-14.8
-7.82
-7.97
-27.82
-27.31
-23.54
-15.5
-12.47
-10.7
-15.07
-13.93
-16.13
-16.8
-16.33
-17.08
-16.77
-16.59
-20.26
-21.27
-20.42
-20.86
-21.64
-19.7
-18.99
-19.42
-20.33
-22.75
-25.08
-27.33
-29.65
-32.05
-33.67
-39.11
-34.66
-33.61
-33.51
-32.05
-31.26
-31.95
-33.32
-32.69
-33.1
-36.25
-35.39
-37
-32.66
-36.78
-28.59
-19.28
-57
-12.42
11.77
18.5
98.7
160.6
179.1
186.8
170.7
216.7
295.8
469.8
348.7
436.7
591.4
571.7
680
654
493.8
496.5
499
486.3
521.2
140.8
60.38
144.1
241.3
590
683.1
684.4
663
653.2
697.6
579.3
403.1
352.8
156.3
124.6
149.3
149.2
120.3
76
49.47
34.05
19.76
10.49
-6.85
-18.08
-28.59
-29.63
-26.94
-27.4
-32.92
-37.51
-37.5
-35.91
-35.01
-35.94
-35.11
-36.02
-35.71
-35.99
-36.7
-36.39
-34.55
-32.98
-34.27
-33.34
-32.31
-32.92
-34.43
-35.36
-36.78
-37.36
-36.95
-37.51
-37.22
-40.25
-39.94
-40.88
-41.61
-40.73
-40.29
-39.02
-40.21
-39.49
-39.78
-41.19
-38.58
-38.54
-38.2
-35.66
-54.65
-75.1
-56.01
-30.93
-30.18
-89.6
4.111
94.9
137.1
184.1
224
271.8
327.7
372
412.1
458.9
508.4
570.7
585.8
623.4
665.3
689.1
708
718
750
769
791
806
807
725
820
806
816
808
829
779
794
721
675
635.7
591.7
555.9
492.5
421.3
356.6
308.2
253.5
111.1
121.4
66.02
-15.95
-36.51
-41.35
-40.52
-40.54
-38.55
-40.6
-40.77
-41.11
-37.67
-38.38
-37.58
-35.46
-37.01
-36.1
-35.34
-35.3
-36.61
-36.45
-36.14
-28.36
-26.98
-30.65
-30.01
-35.43
-36.03
-36.41
-36.86
-34.82
-35.65
-36
-35.45
-36.75
-38
-36.39
-29.53
-27.89
-26.42
-23.68
-21.96
-20.86
-26.24
-26.89
-26.5
-20.7
-20.54
-18.85
-21.56
7.47
33.76
56.41
58.91
87.2
138.5
117.3
185.5
295.3
235.6
304.1
434
417.5
416.4
488.2
579.6
583.1
648.2
607.3
708
711
747
762
760
722
759
722
836
729
745
850
742
569.9
656.7
572.6
300.5
269.2
542.8
375.3
104.9
68.8
-25.82
-11.6
-18.81
10.58
20.94
14.42
-6.893
-21.13
-24.85
-24.89
-22.61
-23.1
-17.02
-10.71
-13.12
-14.89
-14.04
-34.28
-25.15
-18.51
-14.74
-13.37
-13.76
-16.01
-17.11
-17.74
-15.98
-16.02
-15.07
-10.63