-17.08
-22.83
-26.76
-28.09
-13.19
-24.25
-23.82
-25.97
-26.16
-24.71
-25.94
-25.72
-18.67
-10.34
-9.28
-18.92
-9.36
-5.879
-2.621
-2.072
-1.491
-1.111
2.077
7.2
12.48
16.88
26.2
40.29
42.77
48.74
74.3
86.5
86.4
89.6
120.8
132.5
121
160.9
136.6
191.4
295
185.9
248.3
301.3
404.8
337
251.3
206.9
281.3
275.5
289.4
348.1
395.4
438.8
422.2
406.7
517.8
475.2
362
242.9
270.7
439.9
352.7
356
315.1
283.5
210.9
154.7
75.7
38.55
20.54
-9.16
-33.12
-42.83
-43.81
-44.92
-42.78
-40.47
-37.6
-31.15
-24.63
-35.65
-40.6
-38.72
-35.54
-36.67
-36.83
-28.47
-18.35
-21.06
-32.69
-38.75
-39.08
-37.8
-37.41
-36.51
-30.54
-25.65
-21.38
-24.84
-29.84
-34.52
-35.34
-36.09
-33.48
-32.32
-33.26
-32.8
-27.73
-26.45
-30.56
-31.7
-33.3
-32.51
-28.01
-16.59
-16.48
-14.88
-9.94
-2.246
1.961
5.939
-1.637
22.71
61.62
192.2
101.4
230.2
234.4
238.9
270.4
298
391.7
487.8
642.3
645.8
696.1
529.4
517.6
767
830
812
820
781
671.5
659
717
413.4
293.8
501
395.8
708
670
647.6
440.7
556.8
547.9
395.3
374.7
126.2
14.58
31.72
37.54
86.3
74.6
32.89
28.65
9.24
-10.04
-94.6
-65.22
-36.96
-38.26
-66.18
-49.23
-28.69
-24.13
-33.52
-35.67
-65.43
-53.81
-52.43
-53.26
-48.03
-46.3
-44.07
-42.97
-39.74
-39.88
-36.15
-36.27
-37.12
-34.7
-34.27
-33.5
-31.24
-46.64
-50.13
-48.99
-46.83
-49.85
-47.26
-46.94
-48.8
-45.58
-42.45
-41.62
-40.03
-38.16
-37.91
-38.28
-37.33
-35
-33.11
-26.97
-14.97
-4.686
18.3
41.53
54
62.2
96
143.3
135.4
160.4
189.6
174.5
190.9
254.4
294.9
272.2
299
325.4
322
460
466.1
569.5
628.1
748
550.4
508.7
656
745
844
472.8
530.8
408.8
585
729
518.1
225.7
206.1
216.9
161
397.2
310.4
193.6
112.1
91.5
27.43
65.35
46.36
3.183
-24.48
-39.2
-41.68
-31.03
-22.49
-22
-20.35
-19.21
-19.34
-19.59
-19.26
-18.95
-18.75
-21.13
-22.74
-24.97
-18.75
-23.56
-24.42
-18.63
-15.03
-14.96
-16.7
-24.35
-32.4
-33.01
-25.73
-21.02
-21.55
-17.51
-14.68
-12.97
-14.07
-19.14
-16.42
-22.96
-27.38
-22.76
-21.96
-21.09
-21.22
-22
-20.5
-20.23
-20.48
-21.26
-23.94
-22.6
-6.892
13.55
33.94
47.33
65.18
87.7
131
148.9
167.9
257.6
383.4
457.1
497.8
502.9
524
591.5
544.4
491.3
335.4
365
809
449.4
377.9
370.1
460.4
613.3
548.6
583.8
798
640.6
486.8
582.8
221.7
64.53
100.6
139.2
281.4
498.5
343.2
231.3
319.9
266.6
229.3
135.4
99.2
56.73
5.018
-16.25
-28.1
-31.35
-39.91
-40.2
-37.67
-34.75
-34.83
-31.66
-29.75
-31.05
-31.38
-31.7
-31.3
-30.28
-28.68
-29.77
-30.78
-30.47
-29.31
-29.98
-30.76
-32.35
-33.06
-33.92
-30.7
-27.09
-23.56
-25.59
-27.31
-27.68
-31.46
-34.65
-32.43
-34.39
-36.12
-34.22
-33.76
-35.1
-35.72
-34.2
-32.89
-30.96
-30
-28.33
-27.49
-29.99
-25.58
-20.71
-8.57
5.414
23.17
43.23
65.96
110.2
205
263
211.8
240
336.3
306.6
291.3
440.8
510.7
463.4
575.1
637.2
615.7
711
703
698.4
761
777
780
791
686.4
871
667.3
682.9
549.5
584.6
686.2
597.9
573.3
641.9
496
126.2
105.9
54.88
48.3
40.69
-40.28
-142.5
-27.8
-48.03
-42.1775
-36.325
-30.4725
-24.62
-68.14
-48.125
-29.725
-30.13
-43.265
-34.22
-24.015
-21.86
-26.39
-27.31
-42.09
-37.47
-37.585
-39.115
-33.39
-34.93
-34.245
-30.8
-27.385
-27.42
-26.425
-30.31
-34.76
-33.855
-30
-27.26
-26.395
-32.075
-32.405
-30.98
-30.45
-34.495
-31.84
-34.95
-38.09
-34.17
-32.205
-31.355
-30.625
-30.08
-29.205
-29.255
-28.905
-28.13
-28.25
-25.23
-3.96
24.57
58.57
98.5
131.1
166.1
203.2
250.2
317.3
360.2
383.3
441.8
489.8
495.8
562.3
588.1
646
655.4
675.4
689.2
721
726
748
760
756
757
768
760
519.6
743
754
658.4
660
538.1
658.8
427.8
158.4
28.34
41.44
-171.6
-24.07
3.996
18.81
20.57
17.68
12.82
5.889
21.61
9.74
-16.52
-30.13
-31.83
-31.05
-31.41
-29.76
-29.05
-31.81
-34.44
-35.92
-35.87
-35.8325
-35.795
-35.7575
-35.72
-35.6825
-35.645
-35.6075
-35.57
-35.5325
-35.495
-35.4575
-35.42
-34.92
-35.45
-35.08
-34.81
-34.54
-34.27
-34
-33.73
-33.14
-28.98
-30.19
-33.29
-32.92
-32.82
-30.42
-30.66
-15.17
-11.83
-21.36
-29.2
-34.1
-36.38
-34.81
-26.13
-13.08
5.334
28.68
58.24
96.7
137.4
180
192.4
191.8
274.4
261.2
444.25
486.7
554.2
595.3
640.05
673.6
678.7
694.95
680.55
692.55
622.2
643.1
618.1
634.15
654.1
738.55
728.2
653.45
627
489.8
693.4
573.9
519.9
427.4
564.85
444.35
439.85
419.35
418.5
262.35
177.45
185.35
174.3
99
98.135
57.25
11.665
-12.755
-36.155
-44.405
-45.465
-50.69
-49.61
-48.35
-52.55
-48.95
-47.62
-44.64
-43.27
-41.06
-39.01
-38.85
-37.98
-38.12
-37.27
-37.7
-37.39
-36.74
-30.36
-26.63
-21.98
-26.36
-28.93
-27.08
-31.56
-34.67
-33.37
-31.38
-31.16
-31.97
-31.19
-33.46
-31.34
-29.52
-28.34
-29.51
-29.69
-26.87
-17.49
-12.63
-13.78
-27.12
-30.41
-31.08
-29.09
-17.09
-4.723
24.57
67.22
100.5
149.5
200.2
254
304.4
354
400.6
451.2
513.1
582.5
630.6
680.2
717
695.1
685.9
661.9
706
740
651.5
532.2
522.3
606.2
666.1
577.4
665.9
639
650.6
740
714
761
571.8
561.9
302.7
457.4
517.4
510
302
133.8
192.7
203.8
126.9
133.5
85
29.1
-13.11
-35.5
-44.92
-44.75
-43.72
-42.96
-42.65
-41.9
-41.62
-40.84
-40.36
-39.15
-37.03
-37.7
-37.6
-37.61
-38.02
-37.7
-37.98
-38.22
-38.17
-38.37
-38.8
-39.41
-37.94
-37.69
-36.5
-35.69
-35.5
-34.77
-34
-34.72
-35.04
-36.02
-37.01
-36.76
-36.8
-37.03
-37.78
-38.46
-38.12
-37.86
-38.07
-38.41
-37.85
-37.46
-36.1
-31.2
-19.52
1.697
31.33
59.02
105.4
152.4
134.3
227.3
263.2
361.8
404
437.3
460.3
525.9
560
599.9
630.2
662.3
704
699.2
679.1
504.4
634.7
704
746
702
811
879
641
615
329
646.8
433.8
278.8
283
567.8
586
422.3
321.3
327
222.7
221.1
178
144.8
71.1
62.77
29.5
-5.77
-12.4
-36.81
-43.89
-46.18
-44.85
-43.82
-45.89
-44.71
-44.4
-42.39
-43.75
-43.28
-42.65
-41.36
-40.99
-40.75
-40.48
-40.44
-39.02
-37.77
-37.02
-36.8
-35.92
-35.34
-34.87
-35.15
-35.29
-35.18
-35.98
-36.49
-36.33
-37.37
-36.97
-36.33
-36.42
-36.98
-37.42
-37.84
-37.48
-36.99
-36.51
-36.45
-36.55
-36.61
-35.7
-35.32
-31.8
-21.98
-3.518
17.1
45.34
85.3
111.9
134.8
153.3
310.8
353.5
348.6
392.1
443.6
487.5
533
545
554.4
630.5
609.8
623.2
595.7
341.5
184.3
141.6
183
182
52.44
590.7
642.9
766
738
729
648.4
639.8
594.8
557.3
423.5
330.7
365.5
505.3
355.2
346.8
347.6
273.9
144.5
45.5
24.66
1.716
-13.4
-30.6
-32.59
-27.2
-31.81
-33.13
-32.15
-21.52
-19.98
-21.98
-28.27
-14.78
-14.12
-27.35
-32.63
-14.96
-22.72
-18.36
-16.3
-18.7
-13.29
-14.59
-121.3
-26.63333333
-25.98666667
-29.14333333
-31.91333333
-32.52666667
-33.73
-31.21
-29.64
-26.97
-28.40666667
-28.85333333
-31.09333333
-30.09666667
-28.66666667
-28.02333333
-27.71
-28.81
-30.45
-34.53333333
-33.31333333
-25.22333333
-26.85333333
-28.36
-24.41333333
-22.51
-14.37333333
1.335
19.42666667
42.22666667
45.16666667
91.4
119.17
147.5333333
189.5
214.3
289.4
296.6
406.1666667
424.8333333
391.7666667
453.7333333
502.0666667
544.0666667
495.6
480.2333333
605.2666667
603.3666667
635.5333333
540.4666667
482.3666667
665.5666667
703.5
549.5333333
675.2
664.7666667
558.8666667
370.6
433.8333333
533.2
393.1333333
291.3333333
209.1
231.3596667
317.6666667
288.469
235.2233333
205.8466667
147.015
119.011
97.68
74.53666667
48.96333333
17.69666667
-9.761666667
-31.91333333
-44.41333333
-45.74333333
-45.37333333
-43.77333333
-42.41666667
-41.74
-47.61666667
-47.38333333
-45.69
-43.23666667
-37.69666667
-37.82333333
-38.33966667
-39.17333333
-38.24333333
-37.69333333
-37.72333333
-38.41
-38.96666667
-43.18666667
-44.21333333
-43.14666667
-43.15333333
-43.04666667
-42.28333333
-38.75333333
-37.11533333
-35.85666667
-35.11166667
-35.85266667
-35.10866667
-35.582
-35.43333333
-34.68366667
-35.96233333
-34.61533333
-34.539
-35.546
-34.772
-33.652
-33.126
-34.076
-33.60766667
-33.46
-32.946
-28.74933333
-15.73466667
6.429333333
29.88566667
48.16
92.63
125.2633333
165.22
203.55
245.47
277.1833333
300.8533333
326.3366667
353.32
377.9666667
416.1666667
446.0333333
461.2
474.4333333
486.5666667
527.9666667
536.1
481.8
598.9333333
616.4666667
688.8666667
640.5
650.2
577.5666667
577.0666667
635.8666667
622.3666667
405.0666667
577.4
520.9666667
500.1333333
507.1
502.3666667
438.1333333
303.1666667
351.6333333
291.1
215.1066667
166.3
187.5333333
156.3
115.9
58.46366667
25.41433333
0.296666667
-30.45
-45.33
-50.36333333
-50.32
-48.63
-47.91333333
-46.73
-48.37666667
-44.02
-43.91
-43.82666667
-42.04
-43.06666667
-45.44333333
-43.85666667
-45.68333333
-45.43333333
-42.62
-42.3
-43.90333333
-44.34666667
-43.74333333
-44.55333333
-43.87333333
-44.01
-44.67333333
-45.02
-45.08
-43.94
-44.81333333
-45.45666667
-44.15333333
-43.24
-42.40333333
-42.24
-38.56666667
-36.50666667
-32.57333333
-28.80666667
-29.85
-32.89333333
-31.14
-26.88
-23.67666667
-26.93666667
-28.02333333
-25.04333333
-16.27966667
-1.145666667
21.16666667
46.73666667
66.23
125.1133333
189
262.5
307.7666667
356.6
414.2
409.8666667
478.0333333
531
567.0666667
573.1666667
614.5666667
635.8333333
672.6666667
643.9333333
707.3333333
683.9
503.5333333
559.7
524.5
490.7
632.9
581.2666667
680.0333333
732.9
579.3
642.0333333
645.5666667
561.6
592
624.4333333
425.8666667
359.3
447.4333333
312.7666667
265.0466667
151.8566667
96
164.5666667
119.8
52.52333333
24.2
16.28
-10.93666667
-32.23333333
-43.92666667
-46.76333333
-44.61333333
-44.22666667
-44.34666667
-43.36
-44.00333333
-43.14333333
-40.23666667
-39.79666667
-39.03333333
-39.56
-40.53666667
-39.61333333
-39.16666667
-39.73333333
-38.70333333
-39.54
-40.02666667
-41.26666667
-42.26333333
-41.41333333
-38.77666667
-34.22
-33.37666667
-32.08
-36.05666667
-33.86
-29.12666667
-30.68
-34.99666667
-32.39
-43.64333333
-37.51333333
-29.53
-24.78
-23.42666667
-23.48666667
-22.21666667
-25.28666667
-27.40333333
-28.56
-29.61333333
-29.25
-29.53
-28.09333333
-21.06333333
-10.81266667
6.757
40.14
79.17666667
126.6433333
157.01
199.0666667
236.3
347.6666667
360.3333333
397.7333333
457.1666667
471
493.5
550.1333333
585.7333333
558.6
576.3666667
583.4333333
674.5
692.6666667
711.5333333
604
649.7
776
790.6666667
707.2666667
551.4333333
556.5
456.4633333
400.6666667
358.2
329.923
301.4383333
293.3233333
286.9183333
280.45
305.5083333
280.8
247.9263333
212.93
187.1333333
308.2
255
192.6
128.3
71.6
37.91
8.96
-23.44
-41.4
-41.98
-43.15
-44.99
-46.38
-46.72
-46.43
-46.19
-45.5
-45.17
-43.17
-43.55
-42.83
-42.14
-41.86
-41.37
-41.42
-41.07
-40.94
-40.51
-39.99
-40.72
-40.87
-40.37
-40.25
-39.6
-38.1
-37.69
-37.95
-38.34
-38.32
-38.31
-37.64
-38.56
-38.56
-38.61
-38.54
-38.24
-38.15
-37.91
-37.88
-38.05
-38.11
-38.56
-35.78
-32.9
-20.04
6.858
20.38
-13.4
103.2
148.3
197.2
242.1
295.7
338.5
384.9
430.5
470.6
522.5
571.7
620.9
598.2
650.1
517.8
530
863
747
813
674.1
619.1
829
824
537.2
782
376.8
485.1
784
727
680.4
656.3
638.1
583
545.9
499.6
468.9
406.3
359.4
306
246.8
187.3
135.2
85
39.71
-1.73
-35.3
-50.48
-52.24
-48.91
-45.28
-45.3
-46.06
-47.22
-45.26
-45.01
-43.96
-45.78
-44.33
-47.76
-49.4
-48.42
-47.54
-46.7
-44.1
-48.48
-46.64
-46.68
-45.86
-43.94
-43.47
-43.86
-43.75
-41.42
-40.71
-39.41
-37.25
-40.19
-37.03
-39.73
-39.47
-39.36
-38.53
-39.52
-39.13
-39.05
-39.69
-39.64
-39.43
-38.84
-38.28
-35.85
-33.37
-23
1.336
30.58
64.29
104.3
150.1
199.8
245.3
294.1
353.3
397.8
438.1
480.8
516.4
563.7
600.1
636.3
679.1
698.6
736
759
669.1
655.6
770
609.3
837
849
875
799
778
598.6
563.7
586.1
463.5
548.5
694.8
463.8
293.8
108.2
217.3
48.96
60.84
51.87
194.3
207.7
118.6
60.85
37.97
-20.01
-32.96
-43.79
-50.09
-48.38
-50.08
-50.09
-49.37
-51.09
-51.28
-50.37
-46.96
-45.5
-44.59
-44.18
-43.57
-43.5
-43.65
-42.61
-42.04
-41.42
-42.78
-42.03
-41.27
-40.92
-40.11
-39.14
-38.75
-38.66
-39.95
-38.66
-37.83
-35.91
-34.45
-34.69
-35.79
-35.07
-35.19
-34.89
-34.73
-36.37
-36.63
-36.38
-33.07
-31.16
-31.86
-29.85
-18.53
-4.779
5.144
6.767
11.83
24.34
15.7
2.185
10.86
29.41
22.02
18.04
-15.35
-9.67
101.4
162.9
167.5
235.8
265.4
402.9
639.5
558
314.1
333.8
305.6
243.3
332.2
474.7
614.4
402.5
314.2
284.9
321.4
294.7
227.9
190.3
134.3
112.3
94.6
102.2
136.3
243.2
159.4
136.3
119.6
79.5
60.09
51.28
62.87
5.389
-30.64
-36.79
-36.62
-37.44
-24.47
-15.49
-17.5
-20.88
-9.66
-6.485
-12.17
-9.32
-15.5
-17.41
-19.71
-29.29
-29.71
-23.71
-22.2
-20.33
-15.57
-16.18
-19.33
-17.71
-11.81
-5.903
-5.649
-5.621
-5.684
-5.521
-5.3
-4.89
-4.864
-4.771
-4.558
-4.497
-4.251
-4.478
-4.507
-7.96
-10.13
-9.52
-6.987
-6.58
-5.822
-3.216
-3.031
1.455
5.157
7.11
18.46
21.73
23.03
30.2
35.57
41.5
54.47
63.71
69.4
89.1
70.3
64.79
49.92
100.6
105.3
176.9
239.3
233.8
248.4
290.2
276
321.5
243.3
260.4
296.7
313.8
325.7
254.2
314
421.7
534.9
474.4
297.9
565.2
535
470.1
412.9
347.4
353.5
280.3
285.4
212.2
153.6
99
49.56
7.62
-24.12
-39.29
-41.8
-39.18
-38.93
-38.81
-37.43
-39.11
-37.13
-34.39
-28.92
-31.6
-30.61
-30.36
-31.65
-32.66
-31.79
-13.15
-30.74
-25.47
-6.613
-14.51
-27.29
-22.11
-19.8
-16.55
-17.9
-17.83
-18.76
-17.72
-17.4
-19.82
-26.58
-26.9
-24.63
-25.67
-27.72
-24.9
-24.63
-24.52
-8.64
-5.889
-7.14
-11.41
-5.995
-4.366
-1.286
9.93
26.66
58.4
112.7
184
174.1
206.1
304.7
340.5
271.2
386.4
411.5
199.4
353.6
356
267.4
223
249.6
363.4
386.1
422.8
397.4
450.1
422.5
375.3
318.8
441.1
981
679.7
285.7
509.2
272.9
407.5
489.5
243.6
233
361.4
260
517.3
430.3
309.9
258.9
84.9
9.99
72.6
43.1
-15.36
-26.84
-35.38
-31.61
-38.19
-25.38
-22
-20.98
-18.76
-22.09
-18.31
-36.07
-36.37
-31.45
-32.55
-31.57
-35.5
-37.5
-44.53
-45.4
-38.99
-33.27
-28.11
-25.99
-21.8
-20.1
-19.53
-19.23
-18.75
-22.36
-22.13
-19.26
-18.81
-23.42
-23.57
-18.36
-14.79
-18.42
-22.52
-24.59
-29.83
-32.46
-31.57
-32.59
-33.71
-33.56
-33.87
-33.42
-31.91
-25.89
-16.73
0.781
30.24
71.5
113.1
104.1
240
273.5
303.9
399.1
384.5
352.6
532.4
424.7
570.7
610
693.2
742
748
656.2
737
707
407.1
858
686.9
784
743
733
725
845
807
202.7
349.2
464.8
722
584.9
93.3
308.9
451.9
365.6
98.5
168.7
140
133.5
174.9
108.6
18.07
1.727
-18.4
-22.79
-44.31
-48.68
-46.11
-48.93
-46.38
-45.76
-47.08
-44.74
-44.43
-44.14
-41.16
-38.37
-38.92
-37.11
-39.29
-41.7
-40.82
-39.48
-37.36
-26.09
-19.21
-23.23
-29.68
-32.7
-35.2
-35.41
-36.46
-36.74
-34.87
-35
-32.46
-17.03
-19.37
-29.09
-32.49
-28.65
-18.49
-23.41
-30.15
-34.2
-36.6
-37.69
-37.97
-37.35
-34.58
-36.13
-22.55
-0.594
31.49
64.13
104
145.9
189.2
238.8
288.9
337.1
386.4
427.3
483.5
518
438.4
615.1
574.5
537.4
563.7
757
842
913
852
874
592.2
478.6
467.6
171.4
238.3
888
726
257.3
582.9
359.3
309.8
265.9
658.9
734
552.3
347.6
201.2
151.1
116.8
200
203.3
154.8
107.5
27.93
-4.073
-27.31
-42.13
-44.6
-39.47
-37.96
-35.5
-23.67
-29.27
-26.39
-24.46
-27.34
-33.54
-25.98
-12.38
-18.14
-16.39
-59.63
-36.22
-38.42
-35.22
-31.36
-27.06
-12.03
-13.87
-12.65
-21.18
-18.74
-18.5
-28.64
-32.26
-26.83
-24.74
-26.69
-31.49
-23.03
-21.77
-23.71
-27.73
-28.75
-25.99
-25.7
-26.85
-25.84
-26.13
-28.99
-26.66
-24.86
-13.66
-14.42
5.728
36.81
83.1
149.3
189.3
243.6
296.4
339.3
389.1
446.7
479.8
512.1
556.8
596.2
649.2
695.5
719
783
635.8
567.2
840
885
492.9
740
683.2
314.2
846
626.2
776
655.1
404.7
598.6
178.1
261.3
133.8
316.8
521.8
466.3
414.3
367.7
302.8
252.3
203.8
151.2
94.7
2.579
3.423
-28.11
-46.49
-50.37
-51.69
-49.02
-47.91
-49.24
-44.69
-43.18
-42.67
-42.96
-43.25
-41.16
-42.05
-41.07
-38.91
-40.15
-41.75
-42.56
-40.82
-41.88
-43.62
-42.74
-40.2
-43.02
-41.67
-40.05
-37.7
-41.13
-42.49
-43.77
-43.22
-42.52
-41.59
-37.78
-37.44
-36.71
-36.85
-35.01
-35.43
-35.6
-36.59
-34.77
-35.44
-34.75
-34.72
-32.04
-21.92
0.583
29.01
60.01
102.7
150.5
201.1
252
299.6
337.6
377.8
426.9
478.4
511.9
561.5
587
524.1
414.2
580.9
740
774
500.5
746
400
722
806
740
547
858
515.4
814
758
471.7
765
728
446.4
254.4
244.8
538.5
305.2
400.1
213.4
99.1
193.7
165.5
179.6
149.1
61.06
6.609
-0.177
-22.05
-40.56
-49.13
-49.56
-48.43
-48.06
-48.04
-47.04
-45.3
-42.7
-41.57
-41.88
-42.66
-43.64
-42.96
-42.74
-43.46
-43.21
-41.48
-40.35
-39.17
-41.59
-42.21
-42.29
-41.4
-41.92
-42.31
-42.93
-43.69
-43.7
-43.17
-41.8
-41.29
-41.62
-41.56
-40.15
-39.89
-38.87
-36.53
-35.38
-35.66
-35.73
-35.34
-34.45
-28.16
-22.45
-6.394
19.05
52.3
87.1
111.4
157.5
201.7
248.9
297.8
345.6
392.5
429.3
485.8
528.4
574.7
560.8
682.6
415.6
540.5
782
509.4
501
468.8
505.5
485.2
534.3
551.7
535.1
741
494.4
844
803
532.5
678.2
708
358.9
620.6
551
498.9
472.6
408.4
355.4
301.4
259.6
207.7
100.9
69.19
43.47
2.99
-28.2
-47.65
-53.95
-53.44
-50.93
-52.07
-50.53
-49.11
-46.88
-42.73
-42.68
-42.13
-40.74
-41.97
-41.59
-43.02
-43.33
-40.96
-44.35
-42.88
-42
-45.26
-44.15
-42.93
-40.94
-40.8
-39.61
-41.5
-41.33
-41.67
-43.49
-41.73
-41.54
-40.74
-40.55
-39.63
-40.08
-40.09
-39.27
-39.76
-39.79
-39.56
-39.69
-39.29
-38.78
-37.31
-35.08
-23.09
1.153
30.03
66.91
101.1
149.7
195.8
242.5
295
356.2
386.1
434.2
479.9
516.1
549.1
587
625.1
649.5
681.7
661.4
741
711
806
794
742
833
644.1
829
819
736
769
781
791
220.2
-54.37
-43.66
54.13
232.2
497.4
472.2
408.8
343.6
307.9
247
203.8
151.5
95.9
47.14
4.834
-29.72
-56.88
-60.09
-59.29
-54.19
-54.94
-55.37
-53.96
-47.3
-52.29
-51.56
-53.08
-51.42
-48.81
-48.33
-47.26
-49.83
-49.9
-51.17
-50.99
-50.47
-49.31
-47.67
-45.73
-44.83
-44.47
-43.65
-44.52
-43.49
-43.6
-42.82
-41.46
-40.38
-39.55
-40.28
-40.88
-41.35
-41.37
-41.12
-41.14
-39.48
-41.51
-41.32
-40.74
-37.96
-34.94
-32.59
-15.74
15.22
45.25
64.52
90.2
140.4
193.2
270.2
299
330.8
340.6
428.1
437.5
508.4
524.9
584.1
589.1
640.8
665.1
703
716
655.9
683.1
760
604.2
714
634.1
603.3
533.9
643.6
741
611.5
553.6
505.2
242.6
567.9
486.5
301
170.9
123.3
102.9
71.4
35.24
22.35
14.04
55.53
33.43
4.139
-18.12
-36.15
-40.12
-40.28
-38.24
-36.46
-35.98
-35.87
-36.74
-35.99
-33.85
-37.39
-38.76
-40.1
-34.66
-30.16
-28.67
-33.49
-38.04
-39.54
-39.64
-37.48
-37.66
-36.58
-35.53
-35.3
-33.79
-32.78
-27.24
-30.9
-34.3
-31.92
-33.06
-30.94
-31.99
-30.19
-27.77
-28.52
-25.91
-28.03
-32.79
-33.22
-32.02
-34.74
-32.56
-32.25
-29.64
-21.69
-2.698
2.975
37.24
66.78
106
156.6
202
249.7
270.5
329.7
372.9
372.3
453.2
522.1
544.4
587.1
585.9
505.1
519.7
576.9
243.8
500.1
150.3
141.4
117.1
-22.74
25.32
240.7
127.7
214.8
287.4
462.2
202.9
416.1
286
167.8
166.8
146.6
146.9
140.1
102.2
101.9
115.9
215.8
144.9
83.9
51.99
17.86
6.038
-15.72
-34.73
-38.64
-30.84
-30.97
-38.24
-39.2
-38.55
-38.04
-36.16
-36.34
-35.58
-31.76
-29.95
-29.16
-27.52
-26.11
-27.11
-27.77
-28.31
-26.17
-27.68
-30.2
-27.72
-20.91
-23.58
-27.98
-25.69
-25.73
-25.81
-29.1
-30.98
-30.76
-27.9
-24.6
-22.6
-19.92
-18.91
-20.73
-26.9
-34.86
-40.18
-41.2
-40.98
-39.62
-36.85
-34.25
-26.7
-2.611
24.59
47.34
86.3
127.5
97.9
197
295.9
330.6
390.9
437.5
492.1
528.8
553.1
569.9
632.3
646.9
721
669.1
628.3
474.9
615.7
566.2
443.6
432.3
500.7
462.9
605.5
742
473
689.9
516.8
691.3
631
421.4
561.4
578.6
441.6
493.5
269.6
181.7
290.5
250.3
140
140.9
115.7
-8.07
-40.92
-37.69
-46.15
-53.83
-49.17
-43.29
-42.4
-35.54
-32.52
-34.89
-40.39
-40.42
-40.77
-38.15
-36.36
-36.3
-38.51
-41.7
-40.35
-38.47
-38.99
-37.65
-37.58
-35.32
-34.66
-36.13
-34.24
-34.13
-34.37
-36.49
-39.95
-38.7
-40.65
-42.44
-42.66
-42.31
-41.74
-40.59
-40.04
-38.92
-38.94
-37.11
-34.73
-34.15
-35.45
-36.55
-33.94
-32.23
-27.17
-16.72
29.47
63.36
104
145.7
188.7
243.5
282.8
338.2
402.2
389.2
491.6
508.6
479.2
576.2
402.2
698.1
702
631.6
656.4
717
784
817
314.9
561.8
153.6
611.4
817
137.9
555.8
827
578.3
469.6
689.2
589.2
509.5
217.2
544.9
457.7
484.9
428.1
341.7
267.4
220.9
168.8
110.6
59.8
15.36
-29.17
-48.56
-52.22
-50.79
-50.66
-51.53
-52.95
-53.94
-51.62
-45.45
-44.84
-45.53
-47.1
-46.84
-47.25
-46.47
-45.37
-45.47
-45.04
-45.35
-45.4
-45.21
-44.78
-43.79
-43.09
-39.62
-37.72
-29.13
-34.26
-36.29
-39.38
-31.26
-25.97
-30.24
-38.56
-35.49
-24.26
-18.87
-18.99
-17.52
-17.42
-16.85
-18.79
-25.6
-28.66
-18.82
-18.08
-12.56
10.8
27.6
67.42
105
25.43
61.13
122
296.2
337.8
374.5
430.2
472.5
516.1
554.9
589.1
634.4
705
495.8
602.6
803
391
507
663
282.9
311
268.4
490.9
501.2
278
39.83
-46.03
21.52
3.949
-22.22
-38.75
-51.26
-5.305
37.8
251.5
149.4
46.2
7.49
-15.8
-26.08
-13.98
-18.93
-16.22
-16.81
-22.98
-22.53
-20.93
-23.04
-24.85
-28.26
-31.97
-34.37
-35.11
-37.7
-33.02
-37.96
-41.06
-42.14
-42.56
-34.28
-29.9
-32.39
-32.47
-33.14
-32.31
-31.13
-30.65
-30.57