-51.56
-49.85
-49.25
-50.2
-49.13
-49.23
-49.43
-49.49
-49.02
-49.37
-47.02
-45.95
-45.68
-45.06
-44.89
-44.72
-43.99
-40.76
-39.85
-41.78
-42.95
-43.32
-41.86
-37.97
-27.29
-10.1
11.44
35.07
62.95
87
109.2
154.5
184.9
222.3
263.6
284.7
312.9
329.7
235.8
259.7
315.4
408.7
409.3
402.8
402.5
384
367.5
328.1
291.7
216.7
208.4
220.4
251.6
307.1
268.2
259.5
251
244.6
224
195.7
169
143.4
109.4
102.1
83.4
33.24
5.113
-8.04
-30.24
-41.36
-52.62
-61.03
-62.6
-62.07
-60.65
-61.82
-60.55
-55.62
-56.66
-53.34
-52.72
-47.65
-46.03
-41.97
-40.33
-42.38
-44.95
-29.29
-35.04
-38.33
-39.63
-42.1
-41.22
-32.56
-29.43
-32.31
-32.38
-43.41
-46.96
-45.83
-42.6
-36.22
-39.84
-41.33
-41.46
-40.16
-38.14
-40.6
-42.65
-43.59
-42.25
-42.78
-43.21
-42.7
-42.46
-42.08
-41.74
-40.48
-40.29
-36.18
-29.93
-25.74
-14.07
-1.04
7.39
30.61
31.18
35.4
44.97
76.1
107.8
125.4
142.7
161.5
175.1
185.8
196.5
211.3
182.9
145
169.9
219.1
264.8
260.5
270.1
265.8
275.5
264.5
240.5
229.6
209.4
179.1
176.7
165.1
154.8
135.5
120.2
99.5
90.1
65.74
41.64
31.64
13.39
3.323
4.934
-9.82
-21.35
-27.55
-28.13
-32.53
-35.1
-35.1
-38.41
-41.34
-40.46
-40.24
-40.29
-40.4
-38.15
-37.69
-34.46
-32.09
-32.37
-31.97
-30.87
-25
-19.56
-21.78
-27.29
-27.91
-25.84
-27.58
-29.02
-26.69
-28.24
-32.09
-36.36
-39.43
-38.73
-37.48
-35.84
-30.71
-34.98
-34.22
-33.37
-33.47
-32.15
-31.52
-29.91
-21.14
-14.52
-20.36
-28.54
-32.67
-31.64
-28.78
-23.62
-15.87
-6.724
3.098
14.2
24.61
37.17
54.59
72.3
87.8
107.9
133.6
154
169.6
188.2
212
227.9
243.6
255.8
270.5
296.1
300.5
299.2
293.8
299.4
297.4
295.9
260.7
246.3
246.7
236
216
194
183.5
173.1
156.9
140.1
119.8
98.1
77.3
54.94
34.79
19.49
1.163
-13.1
-25.49
-35.05
-38.84
-39.52
-39.8
-40.74
-38.25
-39.33
-41.33
-41.06
-40.58
-40.73
-40.97
-40.75
-40.21
-39.9
-39.58
-40.11
-39.68
-38.92
-38.62
-39.56
-39.94
-39.65
-39.63
-39.29
-39.46
-38.91
-38.44
-37.8
-38.36
-38.08
-36.54
-36.12
-37
-35.29
-35.76
-35.63
-35.31
-35.16
-33.93
-29.93
-22.7
-24.76
-28.96
-34.03
-34.93
-34.91
-33.82
-32.64
-30.27
-23.97
-14.91
-1.805
13.95
31.94
50.95
70.4
90.6
111.1
140.5
166.1
189.5
222.7
258.5
266.3
289.1
324.8
340.4
366.9
376.5
381.5
388.7
377.6
369.1
377.2
380.8
385
367.1
361.5
341.1
329
310.1
291.3
278.3
262.5
236.1
195.2
152.4
111.8
99.5
74.1
51.66
28.89
9.06
-7.91
-20.87
-34.71
-44.01
-46.28
-47.17
-47.71
-46.88
-45.95
-48.45
-48.3
-43.21
-41.59
-39.96
-39.77
-36.14
-39.73
-41.61
-39.25
-36.89
-38.8
-38.22
-36.73
-37.37
-38.29
-39.9
-38.07
-35.85
-36.82
-34.76
-36.36
-39.04
-39.58
-39.46
-39.38
-38.92
-38.09
-39.05
-38.92
-37.93
-38.36
-37.66
-37.9
-37.73
-37.2
-37.33
-37.26
-36.98
-36.56
-36.17
-33.58
-27.75
-18.64
-7.12
7.25
28.02
47.53
66.22
92.9
122.2
149.3
174.8
206.3
233.4
262.2
291.4
314.2
341.5
365.6
387.7
411.4
419.1
432.3
430.9
406.1
392.8
375.2
338.6
418.7
421.5
398.1
381.7
373
333
344.4
320
308.9
257.7
122.3
84.4
58.55
95.8
132.3
48.25
-17.87
-21.29
-17.29
-19.46
-21.6
-35.31
-43.67
-45.69
-45.84
-44.58
-41.57
-35.92
-32.69
-25.85
-33.2
-44.38
-47.85
-51.32
-51.11
-57.52
-57.11
-51.44
-45.5
-33.3
-42.17
-40.79
-37.69
-38.4
-36.17
-36.5
-35.74
-34.01
-30.69
-24.82
-39.84
-42.27
-41.86
-36.57
-33.12
-28.9
-31.33
-38.68
-44.99
-44.67
-46.01
-45.69
-45.21
-43.89
-40.29
-40.48
-41.07
-40.67
-38.88
-34.12
-20.2
-3.387
17.46
41.28
68.73
98.3
132.8
168.3
208.9
243.3
285.4
397.5
430.5
443.1
419.9
444.9
469.4
496
515.4
532.2
541.3
534.6
554.6
566.2
562.7
555.5
543.3
522.6
515.5
505.4
460.8
372.5
311.8
357.4
215.5
308.2
146
86.7
77.3
166
144.4
102.9
72.6
35.28
-1.113
-12.77
-34.47
-44.56
-50.62
-52.71
-48.53
-46.28
-46.06
-50.15
-50.02
-47.25
-47.26
-40.19
-37.39
-45.44
-47.52
-39.66
-42.33
-43.41
-44.44
-45.92
-44.56
-43.2
-39.71
-39.48
-43.73
-44.52
-44.29
-42.13
-24.53
-23.93
-34.73
-42.5
-45.11
-43.88
-42.5
-42.18
-41.87
-41.38
-42.87
-43.58
-45.24
-45.5
-44.63
-43.4
-36.51
-30.47
-40.19
-40.6
-41.14
-33.04
-17.79
0.869
25.69
59.94
121.5
176
166.3
185.4
197.6
73.3
24.29
64.46
137.9
164.9
294.5
232.8
320.1
415
397.5
252.8
221.3
168.1
332.8
525.4
535.4
385
376.4
374.5
270.3
233.2
301.6
282.9
255.3
270.9
209.1
162.5
180
281.6
232.8
201
176.4
134.3
92.9
51.45
-2.659
-16.72
-27.17
-36.31
-41.95
-43.64
-44.42
-44.31
-43.42
-42.92
-41.61
-41.22
-41.17
-42.21
-42.12
-40.17
-37.42
-32
-30.64
-29.75
-35.09
-39.92
-42.18
-44.06
-44.25
-44.92
-45.51
-45.31
-44.98
-44.36
-45.05
-44.65
-44.99
-45.93
-46.38
-44.56
-43.49
-43.14
-44.42
-43.84
-42.56
-41.93
-42.41
-41.47
-41.84
-44.07
-37.97
-32
-36.25
-34.59
-27.43
-20.44
-10.8
-10.59
7.4
36.71
99.8
130.4
160.2
194.3
239.2
282.3
327.1
366.8
407.8
461
488.4
519.6
542.1
570.6
589.6
602.7
610.4
626.8
645.5
657.1
653
630.9
622.5
596.3
595.6
584.7
550
524.9
504.3
482.1
449.4
410.3
366.5
334.6
285.6
232.8
182.9
129.1
70.4
19.58
17.86
1.956
-28.77
-49.23
-60.46
-60.48
-59.71
-56.75
-57.62
-56.44
-55.34
-53.43
-53.04
-50.42
-50.71
-50.25
-49.77
-49.51
-49.67
-47.44
-47.78
-44.53
-47.85
-47.02
-44.98
-44.74
-45.47
-44.01
-40.4
-39.14
-42.12
-41.41
-40.2
-37.4
-38.13
-42.11
-42.69
-42.95
-41.39
-41.94
-40.22
-38.14
-35.78
-36.44
-36.17
-34.49
-35.07
-35.07
-35.63
-36.26
-34.52
-29.84
-18.36
-3.466
15.82
39
67.77
102.8
142.7
189
228.3
289.8
333.2
364.2
397.9
444.7
480.6
505.3
534.6
556.1
592.7
601.4
606.4
630.8
632.2
648.9
646.5
633.1
630.7
613.8
632.4
609.2
608.6
569.2
494.9
144.6
425.1
196.4
346.9
319.5
270.3
209.3
185
141.7
96.3
42.96
-20.01
-49.2
-49.72
-53.35
-57.01
-54.82
-51.34
-50.54
-55.16
-53.83
-53.58
-50.5
-51.11
-51.4
-52.24
-50.61
-49.82
-50.57
-50.93
-50.52
-47.78
-43.29
-41.64
-43.37
-47.23
-46.28
-42.15
-41.2
-37.79
-29.48
-25.06
-29.63
-36.5
-37.98
-37.77
-35.96
-39.34
-39.6
-37.24
-41.29
-42.33
-42.51
-41.05
-41.66
-41.66
-42.43
-41.65
-40.35
-38.59
-37.96
-36.97
-30.59
-17.41
2.053
22.36
52.43
90.8
127.3
141.9
179.8
209.3
223.6
261.1
311.4
351.7
388.4
431.3
443.6
497
516.6
431.7
414.5
530.7
476.3
467.1
419.9
331.7
277.8
238.3
232.2
262.5
286.2
290.1
269.7
326.8
347.2
223.8
168.8
181.8
172.7
149.3
129.5
79.1
44.36
23.28
14.73
2.398
-14.91
-30.21
-40.9
-43.9
-41.69
-42.4
-45.2
-45.81
-42.86
-42.02
-43.12
-42.41
-40.77
-38.68
-41.46
-38.65
-37.59
-39.71
-40.72
-40.85
-37.77
-35.3
-34.21
-32
-33.06
-31.61
-30.6
-32.02
-30.5
-30.16
-31.95
-31.88
-30.89
-32.19
-25.31
-22.56
-24.73
-16.8
-17.92
-20.74
-19.86
-19.87
-19.83
-25.84
-25.85
-25.37
-30.43
-21.82
-15.78
-24.09
-22.93
-13.72
0.752
21.05
44.95
73.4
101.8
140.7
180.3
206.7
222.6
295.7
331.4
366.1
400.1
435.9
462.2
478.1
507.6
555.6
551.8
587.7
589.4
585.8
626.8
602.1
611.8
540
489.6
548.8
497.3
504.3
397.5
411.7
288.5
212.1
231.7
178.9
176.2
194.4
140.4
184.5
134.5
92.1
54.64
19.33
-9.19
-31.05
-24.87
-25.34
-33.02
-27.89
-24.82
-22.78
-26.47
-29.96
-28.05
-23.99
-25.86
-29.46
-30.86
-30.89
-31.11
-34.41
-28.13
-34.47
-33.48
-29.12
-32.67
-31.39
-27.14
-34.41
-34.27
-25.03
-19.66
-20.15
-19.28
-19.29
-17.89
-18.62
-19.34
-16.47
-15.99
-50.28
-44.87
-24.35
-19.24
-19.29
-15.82
-14.61
-16.05
-24.21
-20.32
-18.36
-12.65
-15.11
-16.18
-12.26
-4.057
2.043
4.147
11.18
13.28
-3.669
-4.242
28.83
59.66
77.2
106.9
104.9
90
100.9
128.2
146.9
185.3
373.2
373.7
436
629.3
537.4
486.8
408.4
406.5
382.9
450.2
390.8
295.8
298.5
445.9
415.4
561.9
495
438.2
389.9
353.6
314.6
257.1
189
65.39
32.42
19.23
-67.75
-58.11
-47.02
-52.88
-51.08
-58.2
-38.37
-33.77
-37.96
-40.35
-33.09
-36.25
-19.02
-21.33
-33.06
-28.33
-56.59
-35.7
-19.26
-17.49
-21.71
-21.22
-19.26
-16.57
-25.49
-24.63
-20.69
-23.4
-30.28
-29.24
-18.44
-20.61
-22.47
-18.61
-18
-18.92
-14.27
-15.06
-18.3
-20.38
-19.06
-18.05
-13.49
-12.17
-11.62
-11.11
-11.73
-12.36
-12.05
-10.71
-10.86
-9.9
-5.544
1.658
9.73
3.313
8.31
7.19
12.21
12.34
15.37
25.68
28.83
38.86
77
125.7
95.7
53.65
86.2
90.6
138.7
130.5
153.7
106
115.3
402.4
491.7
612.9
559.6
640.4
376.8
322
254.9
278.9
453.6
203.8
241.9
311
180.1
186.9
181
123.5
137.4
122.2
136.4
101.9
23.52
-11.2
-19.68
-27.86
-31.57
-30.57
-31.26
-35.44
-36.16
-34
-22.49
-17.14
-21.6
-31.88
-33.55
-29.3
-18.19
-7.91
-2.842
-4.666
-5.495
-6.387
-9.12
-13.54
-20.05
-19.98
-18.76
-17.43
-18.15
-20.05
-19.8
-14.57
-10.13
-9.78
-6.961
-9.85
-13.81
-11.39
-10.8
-7.69
-4.459
-2.917
-2.299
-2.128
-2.033
-2.001
-2.392
-2.085
-1.821
-1.637
-0.058
2.666
6.196
9.4
10.56
11.62
9.25
16.28
22.68
27.05
32.19
38.88
42.06
60.57
68.74
81.1
89.1
118
153.8
203.6
223.6
214.6
268.9
266.2
135.4
122.2
149.2
98.3
47.9
111.4
258.3
168.8
259.4
445
288.7
244.6
214.6
208.6
199.6
365.4
257.5
160
236.1
133.2
85.7
53.28
21.32
4.762
-10.6
-16.97
-19.83
-20.99
-19.7
-22.02
-18.54
-25.65
-31.52
-29.02
-26.89
-27.15
-27.26
-21.39
-21.59
-20.55
-18.37
-19.22
-19.12
-20.64
-20.43
-22.27
-21.38
-18.94
-16.52
-19.1
-29.4
-32.95
-31.93
-30.03
-30.02
-30.41
-31.11
-32
-30.08
-30.37
-29.5
-27.83
-29.54
-29.57
-27.84
-23.1
-16.41
-11.83
-11.95
-15.3
-20.16
-16.82
-11.49
-5.892
1
-13.28
17.91
26.13
23.75
28.72
30.56
24.52
-0.575
5.712
31.58
59.37
69.44
120
132.8
213
300.1
282
317.7
339.4
357.3
550.9
627.6
581.8
502.4
380.3
330.7
404.4
536.8
692.1
235
219.1
476.1
418.3
162.8
176.6
184.1
178.4
156.8
83.3
66.84
60.48
91.8
24.61
4.59
4.733
-18.94
-32.75
-40.36
-42.45
-43.94
-42.37
-41.33
-41.4
-41.08
-38.08
-38.85
-39.84
-40.35
-39.32
-38.72
-38.22
-37.82
-38.38
-38.28
-39.43
-38.44
-37.5
-37.99
-36.89
-35.39
-33.54
-33.39
-32.94
-33.65
-33.1
-32.8
-33.45
-32.32
-32.33
-34.42
-34.01
-33.37
-32.6
-31.05
-30.03
-28.56
-28.74
-30.74
-31.96
-31.38
-32.11
-33.9
-31.89
-28.67
-21.52
-6.393
15.19
41.94
40.09
94.1
150.1
200.2
257.7
286.9
336.2
390.4
420.5
456.6
471.5
522.5
550.3
605.6
621.2
631.7
664.7
656.8
659.2
674.6
701
690.5
669.9
675.7
685.2
650.6
641
636
615.4
600.1
532.9
492.1
433.5
447.8
418.9
411.2
344.2
163
187.3
160.5
75.5
1.679
-22.01
-36.89
-47.67
-53
-53.69
-52.73
-50.73
-49.42
-48.71
-48.87
-46
-43.3
-34.32
-34.48
-41.53
-39.93
-38.04
-38.21
-40.09
-40.62
-35.22
-31.85
-36.96
-43.54
-42.85
-44.6
-45.01
-44.14
-43.91
-43.21
-42.68
-41.88
-43.05
-42.1
-43.29
-42.71
-42.51
-41.64
-42.17
-41.08
-40.75
-39.33
-37.18
-36.24
-37.02
-38.24
-37.53
-36.97
-37.3
-35.55
-26.61
-10.11
5.385
20.56
47.39
65.8
87.8
162.9
214
256.1
282.1
319.4
395.7
470.2
506.3
523.8
558.7
608.4
618.5
625.5
646.1
654.7
672.9
625.9
331.4
471.7
701
674.8
625.2
577.4
557.2
554.4
538.9
496.3
523.6
343.6
247.5
260.7
258.5
238.6
210.6
115.4
73.1
51.59
24.48
6.809
15.78
-26.52
-41.89
-49.53
-45.06
-44.62
-43.06
-46.16
-41.36
-32.77
-28.87
-25.23
-25.45
-24.85
-24.44
-25.62
-32.94
-40.4
-38.37
-43.18
-45.08
-45.08
-44.19
-35.74
-33.33
-31.32
-35.94
-35.9
-38.62
-40.18
-33.2
-15.19
-12.98
-16.9
-15.95
-10.71
-46.59
-9.45
-2.132
-3.476
-6.707
-8.05
-9.2
-10.69
-11.07
-15.84
-23.8
-24.66
-21.5
-18.88
-18.93
-20.36
-15.63
-14.47
-15.52
-25.4
-30.62
-21.91
-11.18
-12.42
-13.13
-0.636
13.76
46.83
84.3
120.9
150.3
177.3
214.7
250.9
245.9
283.4
340.7
339.3
347.6
389.7
418.5
359.4
412.6
381.1
353.2
401.6
410.5
371.1
299.3
331.4
303.5
269.7
230
209
216.1
253
257
180
100.2
44.19
10.84
-12.45
-39.48
-48.39
-50.05
-49.73
-47.7
-48
-49.23
-48.8
-49.06
-46.82
-47.76
-47.58
-47.1
-47.08
-46.15
-45.77
-45.83
-44.94
-44.11
-43.63
-43.92
-41.38
-39.94
-39.4
-37.01
-35.8
-37.29
-38.8
-41.69
-41.13
-41.27
-39.11
-39.56
-37.99
-38.36
-39.07
-38.3
-35.31
-38.07
-34.78
-33.68
-32.68
-30.87
-29.68
-28.35
-28.9
-30.1
-28.09
-17.99
1.172
6.937
51.14
86.4
130.8
184.4
236.3
269.7
273.3
254.9
251.7
328.6
408.5
301.3
245.5
652.4
686.1
714
727
696.1
688.1
736
691.2
614.2
576.3
424.3
478
612.8
516.9
299.3
428.8
597.3
566.4
557.9
513.7
429.6
460.3
382.8
269.8
252.4
226.6
169.6
124.8
101.2
35.85
-6.123
-19.25
-36.06
-44.3
-40.83
-37.82
-37.51
-36.71
-36.69
-36.17
-35.13
-34.56
-31.38
-30.7
-31.89
-31.04
-33.86
-35.38
-34.23
-32.5
-30.3
-30.4
-29.94
-28.69
-27.34
-27.8
-27.51
-27.82
-27.48
-25.37
-24.85
-25.1
-26.04
-26.03
-26.27
-28.42
-30.35
-31.08
-30.33
-29.54
-29.71
-29.02
-28.39
-28.61
-28.17
-29.07
-27.61
-27.01
-27.45
-24.19
-14.05
-1.064
12.58
29.85
51.68
79.5
112
153.6
193.3
254.3
259.9
337.9
359.3
370.3
440.8
503.2
522.7
528.8
587.1
653.5
674.6
546.4
693.4
708
709
719
714
683.3
703
692.4
685.6
697.9
218.1
404
637.6
603
551.6
478.3
427.5
372.4
315.8
227.2
212.4
159.8
101.9
52.48
26.84
-1.793
-27.5
-41.62
-26.39
-31.91
-47.87
-50.39
-49.99
-49.53
-48.37
-47.9
-46.83
-46.8
-47.32
-47.41
-47.21
-46.93
-46.43
-46.12
-43.42
-42.31
-42.15
-41.43
-40.92
-38.41
-38.81
-37.67
-36.58
-37.16
-36.13
-36.46
-35.92
-39.05
-37.9
-37.4
-36.07
-35.69
-35.69
-35.22
-37.43
-37.7
-34.15
-33.77
-32.91
-28.48
-27.73
-32.45
-26.54
-18.93
-12.13
-1.618
18.89
24.48
31.86
69.92
88.3
201
219.8
468
472.1
461.5
481.1
534.4
545.3
582.8
611.7
570.6
610.4
590.8
532.8
519.6
327.2
98.8
106.5
81.7
134.2
189.1
208.4
142.1
154
131.8
78.8
84.7
87.4
85.7
74.3
60.28
93.5
135.2
162.5
198.5
105.6
75.9
29.23
25.73
5.007
-9.55
-20.52
-27.33
-27.45
-26.33
-27.18
-28.79
-30.89
-29.22
-34.11
-38.03
-36.02
-24.57
-21.28
-20.52
-19.39
-19.21
-19.78
-19.2
-18.55
-17.3
-18.09
-17.98
-18.25
-18.55
-18.13
-18.48
-20.9
-21.62
-21.09
-20.5
-20.06
-19.11
-20.37
-20.29
-20.42
-21.51
-23.04
-30.05
-36.01
-35.62
-30.51
-25.42
-28.95
-36.19
-34.53
-32.05
-29.89
-25.15
-18.07
-8.63
5.523
13.89
53.45
88.1
112.5
231
264.8
247
196.2
175.3
189.9
400.8
379.9
592.8
558.4
456.8
548.2
647
436.4
618.8
770
389.8
754
768
572.6
341.3
260.9
163.1
91
40.9
22.75
17.93
-14.78
93.8
135.4
332.3
355.3
313.4
322.6
277.9
234.7
174.4
119.6
69.11
1.379
-15.51
-39.96
-40.47
-39.93
-43.01
-39.05
-34.49
-29.16
-26.68
-30.84
-36.64
-39.02
-40.88
-41.91
-34.41
-38.35
-45.08
-44.48
-43.68
-44.8
-43.02
-40.19
-40.27
-37.38
-36.94
-37.39
-38.13
-36.34
-34.61
-31.41
-24.15
-16.1
-13.56
-14.38
-17.87
-23.23
-29.71
-34.55
-35.07
-30.72
-34.97
-30.63
-27.2
-25.12
-18.91
-14.2
-10.73
-11.55
-13.2
-9.91
-0.926
9.69
27.76
84.5
128.5
130.6
212.1
234.3
257.9
354.7
337.8
438.2
470
499.9
527.4
588.1
586.6
611.9
632.4
675.8
679.5
692.7
683.9
682.2
718
703
131.4
526.3
680.1
498.2
634.2
666.3
539.9
441.7
120.9
56.88
26.11
0.501
-12.63
-16.94
-28.82
-72.3
-29.05
-12.83
-13.16
-40.19
-92.5
-69.21
-62
-41.07
-53.03
-71.165
-89.3
-58.32
-42.69
-38.41
-31.17
-22.77
-21.52
-18.3
-13.47
-7.1
-32.02
-39.24
-30.3
-27.42
-26.93
-22.6
-27.12
-27.79
-24.07
-20.01
-16.93
-18.89
-19.28
-20.54
-20.59
-20.68
-19.46
-19.96
-20.83
-22.49
-23.87
-22.78
-20.99
-18.46
-7.49
-5.433
-4.725
-8.45
-7.71
-4.617
-4.543
-6.204
-4.435
-2.679
3.186
11.36
19.18
32.56
38.92
59.01
93.3
113.6
144
176.1
165.3
194.6
247.1
297.3
253.1
274.8
255.3
216.1
204
206.3
202.8
103.1
145.6
200.8
153.5
215.3
196.8
166.1
204.7
187.6
141.2
151.4
115.4
111.1
116.7
90.6
79.6
26.79
43.68
37.76
34.57
35.61
19.72
-1.876
-6.611
-10.59
-13.5
-18.49
-25.84
-24.21
-21.86
-24.09
-24.06
-21.63
-20.59
-19.51
-20.61
-20.71
-20.01
-19.8
-17.76
-17.16
-17.46
-17.1
-17.58
-17.36
-17.42
-18.3
-18.38
-17.67
-16.68
-16.23
-15.88
-16.2
-14.85
-12.82
-12.37
-11.15
-10.54
-11.03
-8.86
-11.06
-11.42
-12.15
-13.25
-12.96
-15.39
-15.52
-15.34
-17.17
-18.41
-15.89
-14.9
-12.72
-7.8
-8.96
-9.2
-4.343
3.379
12.33
12.14
3.704
0.752
11.54
22.77
22.27
6.467
29.89
48.7
38
47.11
44.36
39.73
72.5
72.8
62.35
65.79
40.21
45.52
39.33
46.73
47.46
65.73
80.7
63.52
42.9
21.43
60.54
51.08
44.16
49.06
20.98
34.85
33.34
39.75
55.5
22.24
28.91
7.25
20.36
22.4
15.49
-0.145
-8.06
-42.32
-44.05
-44.53
-45.56
-44.3
-45.53
-44.4
-41.98
-34.34
-35.24
-34.27
-34.79
-33.37
-25.55
-28.86
-24.42
-26.92
-26.64
-21.69
-18.87
-31.26
-39.91
-39.45
-40.67
-39.14
-39.22
-38.05
-36.76
-37.92
-37.38
-38.2
-39.92
-40.62
-39.49
-39.84
-38.15
-39.09
-38.92
-36.24
-38.47
-38.69
-36.68
-30.97
-36.9
-34.3
-30.58
-12.96
-4.166
7.31
34.88
69.77
106.5
99.8
47.3
37.63
116.7
218.3
278.2
302.7
321.6
390.8
439.3
540.1
425.7
519.7
735
658.1
751
756
786
713
680.2
613.4
677.7
595.1
771
794
517.2
671.7
589.4
540.2
626.4
584.4
464
498.1
464.8
437
377.1
307.5
233.4
188.8
137.3
90
47.01
5.277
-29.54
-48.25
-52.22
-50.9
-50.88
-45.53
-41.86
-43.54
-43.23
-40.85
-46.27
-48.81
-51.5
-50.07
-49.74
-48.02
-48.08
-50.12
-50.27
-48.71
-48.5
-47.4
-46.69
-46.24
-46.41
-46.06
-46.42
-46.36
-46.59
-45.53
-45.77
-45.53
-44.54
-42.96
-39.85
-42.53
-44.62
-44.19
-44.22
-43.77
-44.05
-43.78
-42.74
-43.41
-43.46
-42.13
-39.98
-35.85
-29.57
-9.16
19.5
52.94
90.4
134.7
180.8
235.8
278
349.3
382.4
440.8
464.6
501.3
547.5
585.1
603.9
640
658.3
714
702
726
725
735
753
798
432.2
526.1
720
773
670.9
584.4
388
672
562.6
388.8
430.1
375
211.8
136.6
156.5
195.1
251.8
188.2
10.78
-15.12
-17.28
-27.89
-36.61
-42.61
-42.32
-38.36
-31.83
-32.84
-38.89
-35.26
-35.32
-30.85
-30.79
-32.69
-37.54
-42.19
-42.14
-41.16
-40.36
-43.32
-42.16
-40.17
-39.06
-39.72
-39.94
-43.6
-43.13
-43.95
-41.98
-41.26
-40.45
-40.85
-37.59
-37.25
-38.3
-36.63
-28.68
-30.54
-36.15
-34.91
-31.17
-18.64
-13.83
-12.69
-11.93
-12.13
-12.42
-11.71
-11.26
-9.6
-2.001
16.82
53.35
89
105
183.2
194.6
213.6
266.6
322.6
378
408.5
440
486.8
550.5
588.4
605
617.4
653.2
670.4
689.8
694.4
722
648.1
667.1
709
730
726
472.2
525.9
345.4
214.3
252.1
528.8
604.2
567.8
518
448.1
291.5
87.9
71.6
125
114.3
62.65
72.1
17.76
4.391
-10.61
-14.22
-33.71
-34.21
-28.61
-21.75
-19.74
-27.44
-20.38
4.097
2.503
-7.25
-9.87
-9.84
-14.55
-12.15
-13.04
-12.99
-9.8
-5.673
-5.913
-8.18
-8.16
-13.45
-20.85
-23.15
-22.25
-23.8
-23.24
-24.22
-25.6
-27.13
-29.03
-27.67
-29.9
-29.09
-29.63
-28.4
-27.48
-28.31
-27.03
-27.63
-26.67
-25.94
-27.87
-29.61
-33.57
-30.7
-26.91
-14.64
-3.355
-10.07
32.02
60.52
119
193.8
204.8
229.8
353.5
371.1
267.9
272.2
303.5
431.3
518.8
609
645.5
658
688.7
694.5
694.8
716
734
709
732
721
718
707
684.9
669.3
649.2
618.1
605.5
572.1
536.4
492.7
441.6
406.2
358.4
310.3
260
213.4
158.3
109
62.34
24.5
-7.72
-34.08
-49.71
-51.92
-50.42
-49.39
-49.78
-49.35
-48.1
-46.86
-45.9
-44.46
-43.55
-40.3
-40.55
-38.42
-37.98
-35.89
-34.81
-37.35
-40.3
-40.2
-42.16
-41.26
-41.53
-38.24
-37.74
-35.39
-35.89
-37.47
-35.81
-34.55
-31.56
-32.48
-31.26
-29.21
-30.98
-32.76
-26.76
-25.39
-17.63
-12.02
-19.68
-23.05
-32.26
-30.1
-31.96
-34.44
-17.85
-8.46
-14.6
-9.25
7.96
24.27
35.15
55.62
79.4
102.1
119.9
129.4
136.3
147.9
232.5
345.3
339
328.3
299.1
259.5
287.3
352.8
573.1
594.2
489.1
599.6
572.2
633.2
673.4
668.4
651.5
619.9
624.3
346.3
441.2
529.2
502.5
445
378.7
338.3
303.1
270.1
205.4
135.3
151.8
95.2
59.03
32.05
4.853
-21.05
-34.8
-39.93
-44.3
-41.53
-39.47
-37.32
-37.55
-35.42
-35.94
-38.16
-38.06
-38.2
-39.82
-39.55
-37.69
-38.02
-40.46
-39.58
-39.34
-39.56
-39.18
-40.64
-41.15
-40.94
-32.66
-20.9
-20.01
-26.23
-30.48
-34.51
-32.93
-33.97
-33.09
-29.82
-29
-32.25
-28.12
-23.96
-24.77
-34.22
-40.29
-36.82
-38.07
-41.14
-40.33
-31.42
-23
-19.46
-9.25
17.26
46.66
80.5
117.7
160.7
203.1
242.1
303.2
304.9
237.1
357.6
350.8
342.8
369.4
611.2
622.9
641.1
648.9
672.2
674.6
704
696.6
706
719
714
703
659.6
632.9
597.9
610.2
577.5
546.9
540.8
495.5
469.2
429.6
372.4
306
265.9
220
137.1
135.1
25.85
1.023
-9.98
-18.44
-27.78
-33.8
-25.82
-39
-39.22
-34.11
-35.82
-32.29
-32.63
-28.83
-26.25
-28.4
-28.99
-28.32
-26.29
-24.1
-28.63
-32.47
-32.17
-31.15
-30.33
-28.42
-27.51
-29.67
-24.97