-28.6
-27.75
-27.59
-26.18
-28.67
-31.24
-32.08
-35.25
-35.75
-34.05
-34.91
-35.87
-36.16
-35.41
-34.23
-34.59
-33.72
-34.1
-33.51
-33.23
-34.71
-33.44
-31.93
-30.05
-22.5
-9.65
9.6
33.08
65.62
101.3
141.5
186.1
226.6
270.6
319.6
362
399.4
440.8
474
495.5
533.4
557.9
580
572
620.5
612.5
651.8
666.6
491.3
427.6
544.1
560.1
614.1
534.2
525.9
620.2
578.5
552.2
484.6
295
322.7
357.8
338.4
205
226.5
128.2
80
74.4
35.01
6.957
-28.38
-50.31
-58.61
-57.98
-58.81
-57.2
-56.47
-55.9
-53.03
-52.8
-51.49
-50.19
-50.43
-49.08
-47.13
-46.34
-41.09
-26.54
-25.46
-28.54
-24.88
-26.43
-28.83
-22.2
-25.95
-27.02
-34.43
-40.33
-44.85
-45.62
-45.55
-46.18
-46.56
-45.79
-45.14
-44.86
-44.95
-45.77
-45.7
-45.01
-44.68
-43.96
-43.22
-43.02
-42.73
-42.37
-41.63
-40.5
-38.8
-34.51
-22.33
-11.01
-0.974
16.37
61.26
98.1
144.7
186.6
226.2
255.9
292.6
351.8
392.7
426.1
417.1
415.8
419.6
451.2
415
372.7
355.9
303.2
160.1
67.02
64.23
39.19
71.6
101
175.6
108.8
-215.9
-34.99
55.49
45.21
44.62
51.41
28.94
15.76
49.43
51.96
65.43
44.01
27.13
10.3
-4.996
-16.5
-22.22
-22.66
-22.82
-20.76
-19.95
-66.04
-62.06
-63.67
-37.32
-17.61
-31.76
-27.99
-24.84
-22.41
-17.87
-15.66
-14.56
-14.21
-11.03
-10.31
-10.6
-13.17
-15.59
-12.59
-21.92
-27.87
-29.73
-24.81
-21.22
-20.96
-21.25
-22.21
-22.13
-20.97
-19.07
-17.82
-17.01
-17.75
-18
-18.65
-18.66
-18.45
-18.19
-18.23
-20.05
-20.02
-20.98
-21.81
-18.95
-15
-7.74
4.023
7.24
9.24
9.64
12.11
20.99
35.62
50.47
61.84
91.6
119.3
152.5
193.2
231.5
271.2
287.3
314.3
395.3
420.5
660.1
605.9
582
670.6
650.1
477.1
600.2
644.3
371.7
489.9
386.6
391.4
308.6
274.2
164.5
120.2
125.3
109.9
86.6
80.8
103.5
114.8
101.4
69.47
9.15
-12.85
-29.22
-41.72
-46.86
-45.86
-41.94
-39.71
-43.77
-44.16
-44.02
-44.49
-40.57
-32.3
-27.74
-22.27
-20.5
-34.82
-39.67
-40.24
-36.4
-36.05
-37.94
-38.01
-37.76
-41.36
-44.72
-45.19
-41.27
-37.86
-36.91
-37.24
-35.76
-33.95
-32.58
-31.89
-32.59
-33.69
-35.21
-37.56
-38.78
-39.24
-39.63
-38.58
-38.79
-38.83
-38.34
-37.92
-37.54
-37.59
-35.77
-33.61
-23.06
-4.799
19.74
50.5
104.5
94.9
116.9
220.7
270.3
316.8
359.4
409
433.6
486.2
528.4
567.7
596.4
624.6
642.3
667.4
689.9
695.4
702
721
588.4
695.5
673.9
488.1
653.5
710
558.9
362.7
335.7
461.2
310.2
287.9
253.2
170.7
156.3
231
317.9
57
95.2
134.6
74.5
13.91
-19.09
-43.31
-54.07
-56.49
-53.06
-48.58
-51.2
-49.5
-52.45
-51.34
-50.31
-49.04
-48.69
-41.06
-38.47
-29.44
-32.76
-36.24
-29.52
-23.77
-23.46
-20.51
-19.42
-19.47
-15.41
-14.69
-13.65
-13.12
-14.6
-15.44
-14.42
-15.63
-29.01
-33.11
-74.1
-42.24
-28.34
-30.16
-27.36
-22.68
-19.37
-17.3
-10.5
-10.99
-20.63
-16.46
-7.37
-8.96
-8.4
-5.404
-3.532
-5.932
-4.012
-0.924
5.089
20.67
29.03
6.23
3.215
-0.853
35.56
187.8
152.7
125.8
124.4
157.9
110.4
113.4
179.3
313.8
246.8
218.1
202.3
175.5
198.9
159.3
179.9
127.9
128.7
155.3
70.1
69.24
62.1
44.23
43.89
44.29
101.4
106.1
93.5
78.2
59.98
76.8
201.6
141.5
74.3
-6.079
0.604
-19
-34.83
-37.46
-45.56
-48.19
-48.46
-47.54
-48.47
-47.52
-45.55
-48.41
-46.83
-46.4
-45.14
-44.82
-45.72
-44.6
-43.47
-37.12
-31.72
-25.92
-28.45
-29.09
-31.89
-37.7
-37.81
-40.44
-40.02
-39.49
-36.82
-36.46
-33.87
-31.27
-29.71
-25.71
-25.53
-22.28
-25.54
-25.55
-23.24
-20.65
-18.23
-10.16
-5.321
-7.02
-4.919
-5.88
-9.31
-1.465
4.55
10.94
22.07
27.14
46.76
28.96
19.8
70.2
82.1
80.4
79.3
72.3
76.9
54.05
62.71
72
89.4
107.6
121.2
83.9
64.52
75.8
129.8
101.2
57.57
32.58
45.01
37.7
44.18
63.79
37.11
24.48
17.44
35.9
24.52
32.63
28.08
25.67
44.19
11.44
8.19
1.909
7.52
-8.73
-21.46
-17.26
-28.18
-40.94
-38.31
-38.08
-41.54
-40.86
-33.66
-29.48
-35.79
-40.03
-43.6
-41.41
-41.24
-47.97
-45.83
-44.36
-43.93
-41.14
-39.84
-36.04
-31.68
-30.85
-30.26
-30.82
-26.35
-17.96
-18.94
-17.17
-14.62
-14.4
-14.58
-15.54
-15.01
-14.55
-14.99
-16.26
-19.6
-18.34
-14.23
-14.78
-15.04
-14.33
-16.1
-17.7
-17.48
-17.17
-16.37
-23.15
-28.83
-24.41
-2.619
31.78
46.66
39.59
37.42
46.3
94.6
200.3
256.5
171.5
154.8
148.4
179.8
252.2
306.1
391.3
544.2
623.1
445.1
388.9
458.5
432.6
375.4
305.5
285.4
306.6
455.4
414.2
430.7
369.3
378.1
398.1
409.1
376.5
330
405
270.8
313.2
323.6
305.9
332.5
121.5
45.97
44.83
51.91
13.36
-25.18
-44.42
-50.51
-45.62
-43.01
-45.85
-46.84
-45.77
-45.29
-44.62
-40.19
-33.66
-34.43
-39.94
-45.16
-48.81
-48.8
-49.92
-47.9
-47.73
-47.63
-46.34
-46.41
-45.86
-45.66
-46.47
-45.86
-45.22
-47.39
-48.3
-46.21
-46.4
-46.93
-40.63
-34.87
-36.42
-42.34
-46.06
-46.68
-46.65
-36.15
-24.65
-23.36
-22.34
-23.54
-23.48
-22.05
-21.21
-20.18
-17.5
-9.83
3.647
27.31
49.25
59.31
71.9
110.4
166.9
286
311.3
324.8
297.7
313.2
378.2
406.7
503.9
610.3
614.8
603.1
594.8
699.5
685.1
698
615.2
615.4
686
688
660.3
706
683.5
645.5
622.9
604
566.1
519.3
481.1
407.1
241.2
302.3
245.5
211.9
171.7
130.2
96.5
54.65
9.26
-25.47
-51.68
-67.05
-66.53
-65.08
-63.37
-62.31
-60.67
-60.92
-58.96
-58.62
-58.21
-57.55
-55.63
-50.73
-43.78
-33.81
-38.13
-33.84
-32.52
-30.71
-34.59
-39.17
-42.1
-40.08
-42.93
-41.57
-43.43
-40.61
-40.81
-42.55
-40.08
-36.64
-30.96
-20.26
-18.63
-18.49
-20.21
-19.19
-22.67
-34.38
-41.79
-43.48
-26.24
-15.92
-16.27
-16.58
-15.72
-16.08
-12.4
-3.949
4.751
17.33
35.3
52.07
72
101.1
129.8
133.6
137.6
162.9
244.5
313.4
273.1
354.5
402.2
519.8
607.4
361.7
451.9
409.3
560.1
709
579.1
598.2
695
681
662.8
616.1
625.4
577.4
563.4
525.2
500.5
475.8
399.8
208.7
250.1
221.1
187.2
177.3
128.9
93.7
61.25
31.23
-8.75
-28.42
-39.02
-45.06
-45.41
-49.37
-49.82
-50.64
-48.74
-47.3
-46.26
-46
-26.47
-32.37
-43.14
-44.32
-44.36
-43.88
-43.79
-40.65
-38.43
-41.27
-41.98
-41.48
-40.41
-40.44
-40.37
-39.29
-38.44
-38.67
-39.42
-38.27
-33.25
-39.23
-44.9
-41.98
-39.57
-40.91
-41.9
-44.19
-34.61
-24.1
-25.32
-33.11
-35.07
-39.24
-39.33
-39.17
-41.32
-37.46
-28.54
-17.18
-3.817
22.91
60.97
82.6
122.9
127.1
97.3
255.6
293.8
326.6
360.1
408.2
433.8
468.2
514.4
526.8
553.7
574
595.2
612.4
619.9
647.9
647.2
628
649.6
649.7
631.2
477.8
614.5
525.8
364.9
311.2
311.9
187.3
297.1
286.2
268.2
169.5
128.6
169.4
125
109.4
42.54
0.841
-20.31
-25.18
-28.4
-38.61
-40.89
-26.36
-28.09
-35.94
-36.28
-32.68
-33.11
-32.47
-31.37
-30.76
-33.05
-31.64
-29.17
-26.99
-25.07
-25.92
-30.45
-34.71
-28.85
-28.44
-34.28
-39
-38.46
-41.22
-40.64
-38.98
-42.16
-43.08
-32.58
-41.75
-40.43
-43.02
-44.35
-44.62
-46.11
-47.58
-46.97
-44.93
-38.17
-33.31
-16.33
-21.04
-34.83
-38.06
-43.01
-37.84
-28.06
-19.11
-13.61
22.45
74.9
72
121.1
99.7
119.3
134
152.5
183.9
120.1
75.9
104.9
148.1
188.2
220.6
331.6
455.6
416.1
429.5
404.5
623.5
636.4
590.1
601.7
629.2
608.5
601.1
564.6
559
550.1
517.8
469.4
447.1
417.7
373.5
330.5
298.6
251
209
165.1
113.8
73.6
34.86
5.166
-20.41
-39.39
-48.44
-50
-49.03
-49.11
-46.42
-45.03
-44.84
-45.7
-45.12
-44.3
-43.78
-42.45
-40.7
-40.7
-39.06
-40.28
-41.43
-41.32
-41.18
-40.86
-41.55
-41.82
-41.6
-40.63
-40.34
-40.22
-38.88
-38.66
-38.56
-37.99
-37.61
-38.19
-38.65
-38.06
-38.96
-39.61
-39.44
-38.38
-39.06
-40.39
-41.04
-41.18
-41.38
-40.42
-41.31
-39.28
-34.18
-27.45
-16.58
0.79
24.21
51.13
88.2
133.6
173.7
211
263.1
306.8
333.5
377.8
439.8
439
475.6
523
571.5
518
566.9
629.8
638.4
660.7
651.6
662.7
678.8
674.1
654.5
642.5
577.9
612
569.7
566.1
534.9
501.3
455.3
423.7
388.7
336.4
297.8
238.1
194.5
151.3
102.3
58.89
24.54
-10.76
-40.75
-56.4
-51.6
-38.82
-49.38
-52.46
-51.24
-54.95
-54.88
-54.89
-54.4
-54.71
-52.65
-51.2
-50.37
-39.01
-26.62
-45.57
-48.17
-47.2
-46.24
-45.17
-45.61
-45.53
-46.18
-46.07
-45.28
-43.91
-44.06
-45.7
-46.35
-44.19
-43.79
-42.62
-42.22
-36.93
-43.03
-41.33
-40.86
-43.3
-42.88
-41.21
-40.48
-40.85
-37.5
-35.49
-38.23
-38.86
-33.72
-23.11
-4.551
17.12
39.38
62.7
81
105.9
146.2
174.5
206.9
252.9
284.8
313.5
395
430.4
457.2
497.6
514.3
485.2
553.9
587
602.4
598.3
596.6
601.2
635.3
644.8
634.1
494.3
467.7
508.6
441.1
300.5
427
315.3
432.6
429.1
395.5
358.7
280.2
255.4
101.9
21.93
12.55
31.22
17.4
-4.799
-26.12
-37.22
-31.98
-38.32
-41.56
-45.33
-32.05
-33.51
-41.04
-42.69
-43.93
-40.3
-42.22
-44.36
-43.12
-42.68
-44.02
-40.4
-37.42
-32.88
-28.9
-35.01
-38.22
-38.41
-40.68
-41.51
-40.56
-39.41
-41.51
-41.98
-42.12
-40.84
-39.22
-37.95
-38.91
-36.06
-33.76
-35.5
-35.19
-14.66
-11.13
-16.35
-17.24
-22.33
-30.3
-35.62
-38.17
-38.23
-34.14
-24.88
-12.12
5.313
26.69
52.09
82.5
118.8
157.6
189.3
224.5
268.2
300.9
346.3
378.3
426.5
444.8
500
529.6
547.8
572.6
597.4
609.2
641.8
645.1
642.3
641.1
343.5
648.4
632.3
644
363.1
381.3
548.1
475.7
270.8
137.3
157.1
237
291.5
300.9
92.2
106.2
106.3
40.61
24.69
14.72
-5.467
-28.96
-48.43
-54.9
-58
-56.37
-54.6
-52.58
-51.92
-51.09
-51.02
-50.37
-51.24
-50.66
-49.78
-50.04
-51.97
-52.34
-51.25
-51.33
-48.89
-49.9
-49.07
-46.93
-47.13
-44.5
-45.06
-42.48
-42.56
-43.56
-42.55
-41.1
-40.32
-40.85
-40.71
-39.88
-38.13
-37.96
-41.28
-40.38
-40.31
-37.17
-36.39
-37.24
-39.93
-37.7
-28.61
-18.75
-23.66
-19.29
-10.08
-4.909
3.246
35.39
52.28
65.29
92.2
94.3
127.3
127.5
148.7
241.7
288.5
360.7
523.2
503.3
339.4
550.6
634.9
602.1
599.5
597.3
484.8
651.8
619.2
654.6
658.2
661.6
570.2
515.8
591.7
502.6
561.9
145.9
222.4
309.3
438.5
173.8
78.1
65.54
222.8
190.1
113.6
-31.31
-23.51
-22.66
-34.64
-46.04
-51.02
-52.51
-56.49
-52.88
-58.3
-54.2
-52.6
-53.03
-49.67
-49.67
-48.8
-48.45
-48.1
-47.14
-46.85
-44.86
-44.93
-45.04
-46.52
-44.42
-43.25
-42.21
-43.56
-39.38
-38.66
-37.2
-27.7
-23.63
-28.09
-30.88
-33.85
-34.93
-33.45
-23.99
-19.54
-22.84
-36.54
-41.22
-42.37
-44.01
-41.96
-38.12
-34.68
-32.58
-32.76
-33.42
-32.58
-30.64
-19.96
-5.116
7.23
25.09
51.05
77.2
106.3
144.5
185.7
231.4
280.1
321.8
353.9
391
415
451.2
481.3
532.7
534.2
570.4
568.9
617.3
641
640.3
635.5
643.2
625.2
641.6
612.6
626.7
490.2
139.2
33.44
21.04
13.05
73.3
74.1
39.75
17.3
88.7
76.1
50.77
35.85
33.89
30.03
22.53
13.79
-2.034
-24.93
-36.49
-43.07
-43.12
-40.31
-38.01
-34.37
-29.93
-30.99
-28.02
-28.26
-26.08
-26.89
-32.05
-31.6
-31.22
-31.56
-32.25
-32.2
-31.37
-30.31
-33.22
-33.5
-33.26
-34.9
-33.53
-33.73
-33.83
-32.65
-30.69
-30.73
-32.39
-33.11
-31.46
-30.19
-30.71
-32.04
-31.31
-29.59
-34.13
-33.32
-33.23
-33.44
-35.22
-36.28
-36.33
-35.17
-31.17
-15.24
3.477
21.65
36.97
58.52
80.7
105.7
124.8
139.3
148.6
194.4
338.7
393
430.7
464.1
506.2
535.1
568.9
600.2
629.5
656.7
664.2
695.9
685.3
703
675.7
682.4
681.8
665.4
665
611.1
588.4
583.7
534.9
524.1
522.6
399.3
359.5
360.4
332.6
270.3
231.4
176.9
124.2
82.6
30.16
-23.92
-26.22
-38.16
-46.13
-46.59
-47.03
-44.69
-44.83
-43.15
-43.84
-40.67
-42.69
-41.03
-41.75
-40.21
-26.52
-18.29
-25.48
-32.88
-37.84
-36.39
-36.95
-35.28
-35.51
-38.11
-38.96
-37.98
-38.7
-38.1
-36.12
-26.58
-15.86
-19.92
-17.88
-18.2
-9.81
-9.03
-11.72
-10.81
-8.24
-10.09
-12.37
-33.79
-16.61
-15.81
-10.88
-8.76
-7.72
-14.44
-13.26
-11.95
-9.38
-5.971
-0.536
8.31
15.8
20.72
25.62
38.94
60.99
94
117.4
108.9
110.7
144.7
148.6
182.2
228.2
256.5
227.4
257.2
253.4
250.7
176.4
142.6
156.9
205.6
291.5
317.1
343.6
376.3
192.1
79.8
141.4
140
101.9
54.84
35.66
41.51
47.97
26.26
32.72
31.05
17.29
10.13
3.615
-0.185
-2.238
-9.93
-18.78
-10.76
-12.6
-11.17
-6.752
-5.791
-5.86
-5.836
-25.37
-31.44
-30.63
-14.3
-25.26
-25.7
-16.97
-16.61
-16.96
-18.53
-16.44
-19.34
-19.41
-19.58
-18.58
-16
-14.19
-17.46
-16.21
-10.64
-10.25
-10.26
-9.28
-10.15
-8.96
-8.29
-11.99
-11.28
-8.8
-7.59
-7.35
-8.8
-9.42
-9.32
-13.36
-10.27
-10.01
-8.93
-7.56
-0.647
2.468
-2.344
3.991
19.16
33.95
84.9
51.6
66.48
84.6
112.4
117.3
195.1
197.1
218.9
640.4
566.4
602.3
635.1
662.7
664.4
715
681.8
731
652.5
684.1
588.6
340.4
432.3
565
703
673.5
404.7
393.4
261.5
363.2
492
126.1
254
335.5
367.1
322.1
273.1
180.6
63.77
65.45
27.6
0.19
-27.32
-47.7
-50.24
-45.11
-26.67
-46.05
-46.91
-47.19
-47.65
-47.88
-46.81
-46.61
-45.36
-45.55
-45.67
-44.31
-40.48
-39.94
-40.38
-40.91
-39.03
-37.53
-29.36
-25.22
-22.37
-21.6
-22.8
-23.33
-23.57
-24.96
-24.95
-26.73
-27.35
-29.17
-31.95
-33.81
-33.01
-38.28
-40.1
-38.53
-34.88
-30.08
-26.27
-14.5
-16.93
-22.41
-22.43
-19.77
-13.24
-3.128
14.73
34.42
49.63
67.37
92.7
157.2
192.2
172.7
325.8
310.8
288.1
270.9
316.1
347.2
392
440.8
462.5
583.7
474.1
583
548.6
447.7
388.9
319.9
292.7
374.1
435.7
557.4
456.7
288.7
471.1
562.8
330.9
575.8
570.1
535.4
495.6
428.9
273.8
298.1
309.4
282.9
185.9
28.2
67.89
2.555
-33.99
-49.66
-46.56
-43.89
-43.06
-38.89
-39.23
-39.29
-35.66
-34.57
-37.33
-31.41
-32.08
-25.82
-18.34
-31.27
-30.87
-33.57
-19.12
-10.48
-43.22
-52.96
-40.16
-32.23
-32.25
-31.25
-41.96
-35.82
-35.02
-39.41
-37.21
-37.51
-37.63
-38.63
-38.02
-37.53
-36.97
-37.11
-36.8
-33.75
-30.38
-28
-26.58
-25.52
-26.43
-23.59
-26.09
-23.97
-7.39
7.27
21.13
4.086
5.087
60.43
122.4
207.4
264.3
321.6
356.9
379.9
435.2
389.3
492.8
539.3
561.7
620.9
651.8
713
476.9
618.8
683.1
683.5
731
725
634.9
760
616.5
370.1
415.7
222.8
332.7
289.2
247.9
-42.44
4.323
49.78
95.24
140.70
118.70
108.57
98.43
88.30
94.3
107.1
71.6
32.39
-5.444
-13.9
-15.31
-15.05
-15.1
-14.6
-15.94
-17.38
-20.7
-29.57
-33.24
-31.78
-36.99
-35.72
-33.33
-31.97
-32.78
-34.98
-33.54
-35.44
-33.13
-32.83
-34.66
-37.98
-39.01
-39.29
-39.51
-35.47
-31.02
-31.79
-31.08
-29.85
-31.77
-30.2
-30.49
-32.04
-29.31
-28.95
-26.74
-24.37
-19.57
-19.99
-21.47
-25.56
-30.47
-29.83
-17.12
-11.24
0.752
18.81
24.97
36.07
36.82
68.72
176.5
211.3
254.5
307.4
328.3
407.8
403.4
452.1
488.6
454.4
410.5
539.9
337.1
338.9
476.2
399.6
446.4
338.2
416.4
562.6
583.1
529.5
367.4
428.9
500.3
439.2
368.6
427
251.8
112.8
193.6
260.8
208.3
421.5
379.5
304.9
241.7
195.1
109.8
82.6
46.53
6.876
-27.7
-43.49
-44.75
-42.51
-42.07
-46.44
-46.67
-45.95
-46.28
-46.67
-45.32
-38.16
-25.92
-26.02
-25.98
-27.85
-30.63
-30.95
-36.21
-38.38
-34.42
-34.72
-32.68
-34.14
-27.38
-30.57
-33.42
-36.63
-38
-42.45
-42.47
-42.34
-41.93
-41.21
-40.65
-40.06
-38.92
-39.43
-38.19
-37.35
-36.89
-34.15
-29.47
-25.49
-29.09
-32.55
-34.92
-33.87
-31.86
-21.78
-2.011
39.4
76.7
125.3
172.6
196.5
223.2
264
350.5
375.8
426.1
459.6
490.6
542.6
597.6
586.3
610.2
647.9
715
720
784
641.7
852
233.7
431
893
856
788
667.2
722
723
695.5
528.2
458.2
575.4
544.2
295.1
419.5
367.3
107
46.48
64.63
65.42
22.88
44.46
10.48
-23.95
-45.65
-45.08
-42.21
-43.52
-42.46
-43.16
-41.77
-41.8
-41.77
-40.65
-42.92
-41.78
-43.8
-43.7
-41.87
-40.93
-40.19
-40.29
-39.61
-37.84
-37.54
-38.94
-38.91
-36.77
-37.06
-36.46
-35.1
-37.11
-34.54
-35.43
-36.54
-33.7
-33.78
-21.01
-16.9
-25.71
-32.93
-33.07
-33.17
-34.95
-33.98
-31.43
-31.77
-33.47
-32.58
-31.91
-28.31
-17.84
-1.861
18.18
43.82
66.07
76.4
109.8
157.5
236.3
304.5
370.8
407.5
436.9
460.1
443.9
459.9
437.5
476.8
554.3
618.2
674.3
671.8
671.1
635.6
690.9
737
738
716
622.3
699.2
445.7
585.4
529.4
618.2
590.9
552.5
501.1
384
329.9
332
124.2
176.1
115
55.01
55.5
33.8
-1.756
-16.67
-31.67
-39.92
-37.16
-32.07
-35.37
-28.36
-15.97
-13.1
-51.39
-39.77
-26.88
-25.92
-26.64
-32.57
-47.92
-24.17
-18.06
-17.37
-19.11
-15.41
-14.32
-18.58
-17.92
-18.74
-18.15
-18.77
-19.53
-19.3
-19.88
-21.51
-21.8
-17.91
-19.38
-20.92
-20.65
-16.12
-13.15
-15.66
-21.71
-22.6
-16.94
-10.01
-8.08
-7.71
-10.21
-11.12
-13.74
-14.86
-9.89
2.027
16.44
33.03
49.45
60.54
69.53
144.3
220.3
308.9
342.2
395.9
404.6
394.4
518.6
553.6
595.3
608.3
651.2
645.4
722
732
697.5
532
720
717
727
724
714
701
694.2
679.2
635.9
586.9
558.9
544.8
444
343.2
304.9
266.6
255.4
228.2
161.5
174.3
126.4
63.99
27.82
-12.49
-32.49
-49.65
-50.06
-46.58
-47.17
-45.73
-46.49
-45.04
-44.9
-44.88
-45.45
-44.66
-44.85
-44.3
-44.74
-45.92
-46.55
-47.03
-47.74
-46.82
-47.95
-48.91
-49.49
-47.73
-42.35
-27.22
-20.51
-19.37
-19.79
-19.3
-18.15
-17
-16.56
-17.38
-16.07
-14.87
-15.45
-17.35
-15.88
-50.77
-62.85
-44.61
-35.44
-30.65
-28.55
-26.08
-20.5
-19.27
-7.69
15.96
64.7
113.2
134.8
72.5
80.2
118.1
139.9
147.8
190.8
216.4
372.7
460.6
560.7
676
689.2
684.4
709
724
683.9
697.5
689.2
805
556.9
460.4
363.2
425.7
465.8
453.9
343.6
607.1
568.9
147.1
51.7
31.13
-20.88
-98.6
-70.7
-43.31
21.12
39.36
34.53
25.88
21.27
15.38
10.77
3.325
-8.68
-31.98
-30.68
-31.78
-33.01
-34.28
-38.94
-42.88
-42.29
-40.9
-40.89
-39.67
-39.05
-36.52
-34.54
-35.99
-37.19
-37.72
-27.37
-19.65
-18.53
-18.36
-18.82
-20.07
-22.08
-27.23
-36.52
-38.43
-38.55
-38.34
-37
-36.85
-39.16
-39.18
-37.78
-37.62
-36.79
-34.6
-36.52
-36.78
-37.61
-39.37
-38.17
-38.06
-37.3
-37.19
-34.97
-30.5
-23.62
-7.03
30.34
93.2
136
156.9
198.3
242.9
292.7
342.3
343.7
431
468.6
512.2
553.5
565.3
606
624.7
655.7
674.8
693
735
769
795
591.4
652
623.7
361.5
597.5
766
639.1
612.4
123.9
-52.31
-43.83
-9.21
-23.91
12.9
14.38
15.7
2.367
9.92
23.02
25.25
17.48
9.27
3.499
-3.143
-11.25
-19.77
-26.36
-30.04
-30.89
-29.34
-29.65
-31.85
-28.36
-30.35
-33.88
-33.9
-35.05
-37.09
-38.77
-37.93
-37.1
-34.72
-27.18
-24.55
-27.91
-29.66
-35.69
-31.14
-32.16
-34.75
-37.34
-39.93
-39.63
-37.87
-33.15
-27.72
-27.69
-26.93
-28.23
-28.93
-28.37
-26.97
-30.57
-30.986
-31.402
-31.818
-32.234
-32.65
-32.44
-31.28
-29.4
-25.64
-11.55
2.22
12.21
34.2
55.82
58.27
89.6
169.5
258.8
300.3
366.1
422.7
474.3
492.3
551.3
576.3
613.6
601.2
609.1
647
643.1
668.9
684.1
743
480.4
299.2
771
669.8
635.6
337.7
268.6
72.9
79.4
-160.9
95
602.9
494
513.1
445.2
385.3
320.7
266.6
190.5
143.2
101.5
48.59
-0.796
-1.693
-21.65
-36.96
-41.58
-40.27
-40.93
-38.03
-37.07
-36.51
-35.77
-37.62
-37.84
-39.81
-39.9
-40.53
-39.09
-36.21
-35.01
-33.57
-33.71
-30
-25.18
-29.91
-37.05
-39.02
-40.45
-38.96
-40.05
-41.43
-40.7
-37.4
-29.29
-18.58
-16.21
-14.68
-18.67
-20.24
-19.94
-19.33
-27.92
-34.88
-34.64
-34.88
-33.02
-33.17
-32.82
-33.03
-32.61
-30.67
-22.18
-10.26
7.03
29.26
76.7
104.1
158.5
198.7
278.3
295.9
344.5
386.4
408.1
384.3
525.5
546.4
588.1
612.7
643.1
666.5
666.9
658.9
646.2
670.3
680.7
713
715
740
687.6
698.2
699
660.3
593.61
526.92
460.23
393.54
326.85
323.8
289.5
272.75
263.5
256.25
204.7
220.05
167.55
110.095
35.602
7.1285
-23.44
-38.32
-34.54
-32.815
-38.075
-39.86
-38.68
-38.345
-37.165
-37.365
-36.04
-34.54
-37.41
-28.85
-31.405
-29.455
-25.455
-28.05
-40.08
-40.89
-40.19
-39.265
-38.34
-26.38
-18.16
-16.58
-16.775
-16.97
-17.52
-17.48
-17.36
-17.35
-17.34
-18.56
-16.54
-12.24
-10.64
-15.45
-17.26
-17.2
-17.4
-13
-11.56
-14.29
-16.17
-17.56
-18.71
-17.8
-16.83
-12.25
-4.532
1.436
32.71
54.04
69.1
67.77
69.43
71.5
96.6
150.1
252.1
188
88.3
105.7
133.3
155.2
331.2
424.5
328
485.8
415.8
554.6
535
399.1
392.8
556.1
459.2
370.4
201.8
202.4
200.8
185.8
183.9
178.6
159.7
134.5
133.8
160.2
206.3
245.9
218.9
296.9
233.6
171.6
72
15.95
-25.23
-39.68
-27.5
-25.36
-35.22
-41.69
-40.29
-40.18
-38.56
-37.11
-34.24
-29.27
-34.92
-17.17
-23.72
-22.7
-15.9
-22.53
-12.11
-8.48
-23.21
-33.75
-26.9
-18.97
-17.9