-27.13
-28.34
-26.66
-25
-24.9
-22.99
-24.85
-23.49
-26.07
-27.89
-26.16
-23.34
-24.33
-24.36
-25.69
-26.71
-26.61
-28.08
-27.78
-26.96
-27.11
-25.88
-13.36
18.87
75.1
84
69.03
85
82.8
104.7
151.9
236
335.6
277.7
208.3
340.4
600.8
588.1
675.8
678.1
766
554.9
432.6
440.2
577.9
723
833
843
733
742
487.1
557.5
774
492.7
684.4
650.8
620.7
609.6
585.9
590.7
535.1
460.9
396
251.8
120.9
75.6
41.11
16.15
3.929
-5.454
-12.2
-23.77
-25.81
-24.8
-22.11
-21.95
-20.54
-20.5
-20.51
-18.72
-23.9
-31.29
-19.27
-17.87
-20.38
-22.53
-25.52
-29.3
-24.01
-27.56
-22.55
-20.48
-18.31
-15.67
-17.16
-19.85
-22.56
-26.3
-26.21
-20.69
-17.84
-20.7
-23.95
-25.54
-20.62
-15.22
-20.29
-16.39
-15.78
-11.09
-13.69
-16.88
-17.92
-17.12
-17.14
-17.14
-12.03
-8.3
-6.323
1.911
15.35
37.16
63.79
116.3
162.9
223.5
192.7
219.5
242.1
284.3
254.2
207.1
242.4
305
311.2
433.5
455.1
745
608.2
486.2
472.3
472.7
444.8
352.9
501.1
654.6
601.7
547.7
541.4
396.8
297.6
325.6
279.4
349
315.8
222.6
240.1
182.1
122.3
116.2
77.2
31.59
48.07
25.29
6.816
-2.084
-6.395
-14.66
-21.78
-26.02
-26.82
-17.65
-8.49
-19.37
-30.97
-28.42
-23.83
-22.31
-23.45
-26.44
-25.88
-24.12
-24.14
-23.62
-27.69
-31.74
-34.14
-32.55
-28.52
-26.17
-23.36
-19.07
-19.54
-19.39
-13.8
-13.17
-12.89
-20.2
-37.97
-20.6
-25.59
-25.4
-22.97
-21.52
-16.67
-14.35
-10.82
-10.16
-10.77
-13.22
-14.24
-10.13
-6.92
-6.376
-2.212
2.966
11.58
25.81
44.94
68.88
115.5
178
319.3
513.5
403.3
443.6
490
551.4
582.4
626.8
578
624.9
686.4
698.5
706
614.3
514.2
747
625.9
799
590
588.4
169.3
152.2
234.5
218.4
516.3
631.6
559.9
622
577.2
487.3
375.7
187
128.5
93.5
75.2
61.95
56.46
54.73
83
60.83
22.33
-15.2
-29.78
-31.58
-21.5
-26.91
-30.94
-18.17
-15.36
-11.53
-90.2
-69.95
-85.6
-66.85
-61.12
-46.35
-45.71
-52.6
-50.01
-43.09
-37.82
-34.03
-25.87
-19.51
-19.23
-19.45
-14.25
-13.65
-16.76
-16.27
-13.63
-14.37
-12.93
-14.64
-14.91
-17.52
-18.71
-20.21
-23.48
-23.31
-25.65
-25.21
-26.42
-30.22
-29.47
-23.55
-23.27
-25.58
-17.82
4.138
43.25
107.2
108.7
71.6
99.3
144
126.4
143.4
177.2
255.4
371.6
483
358.7
501.1
422.2
507.1
649.8
702
726
713
709
744
551.5
767
771
556.4
569.9
384.5
779
710
365.3
337.7
403.9
469.1
601.5
562.2
479.1
115.4
79.8
83.8
97.3
-26.75
28.01
10.52
17.09
8.77
-3.683
-14.09
-20.38
-25.92
-28.3
-27.96
-25.66
-17.73
-23.03
-22.25
-19.14
-11.55
-11.21
-19.92
-23.13
-25.74
-21.81
-18.77
-18.38
-14.9
-16.5
-7.02
-6.402
-5.04
-6.971
-8.17
-11.19
-11.71
-9.81
-8.99
-43.92
-67.6
-44.47
-35.53
-53.96
-45.87
-24.91
-26.37
-45.12
-69.92
-50.66
-32.17
-25.15
-18.52
-14.63
-9.45
-8.5
-8.87
-9.35
-9.34
-8.39
-6.133
-4.771
0.042
8.87
12.01
19.21
25.25
28.8
29.73
55.61
74.7
97.4
129.9
157.6
181.7
228.5
341.8
437.6
502.3
511.6
566.5
755
708
526.5
537
554.9
611.4
726
637.7
654.1
660.6
609.7
578
578.9
529.9
486.6
424.8
391
334.3
281.1
225.4
181
131
100.1
15.6
-18.16
-18.05
-18.04
-29.03
-30.96
-35.17
-32.92
-30.2
-34.28
-34.99
-35.68
-34.88
-32.83
-32
-29.94
-27.65
-30.45
-29.32
-24.51
-25.77
-28.88
-29.11
-29.24
-28.14
-28.19
-25.86
-24.75
-29.1
-27.03
-21.6
-17.61
-19.35
-21.24
-23.03
-24.55
-25.54
-28.95
-29.69
-28.44
-28.34
-28.48
-27
-26.4
-27.02
-28.58
-29.66
-29.31
-25.12
-14.14
1.409
21.98
63.78
106.5
166.8
225.3
268.7
316.6
367.7
416.9
458.5
492.9
545.2
611.8
676.8
642.2
642.7
802
751
764
753
738
768
744
797
581.3
558.4
729
538.9
745
581
620.8
565.9
536.5
453.6
356
314.8
215.3
161
118.1
82
53.99
39.12
32.93
20.82
8.24
-4.269
-16
-25.92
-33.93
-36.05
-35.78
-33.68
-31.16
-29.4
-27.43
-27.2
-27.06
-27.94
-28.2
-26.18
-24.42
-23.96
-25.11
-29.71
-24.71
-23.52
-17.06
-13.93
-12.34
-15.69
-12.54
-13.64
-14.63
-19.66
-26.33
-27.22
-26.91
-28.84
-30.72
-28.58
-24.63
-23.12
-20.06
-17.22
-9.42
-10.21
-19.52
-18.73
-18.18
-16.49
-6.513
-8.6
-12.62
-10.2
-6.191
1.578
15.96
31.41
38.79
71.7
115.2
121.6
152.1
212.5
246.6
327.4
334.6
419.1
378.1
286.5
378.8
399.6
410.6
314.6
361.4
342
397.8
436.9
464
549.4
560.1
486.4
415
479
674.8
638.3
588.4
548.4
520.9
484.2
458.3
452.8
533.7
309
225.7
163.8
129.9
96
63.97
46.81
27.02
7.05
-6.215
-19.82
-11.3
-9.34
-6.648
-8.48
-9.55
-32.14
-26.06
-35.41
-33.8
-23.05
-25.06
-20.46
-19.99
-13.59
-15.72
-10.21
-7.5
-9.23
-4.545
-8.54
-2.95
-2.454
-1.832
-1.525
-3.627
-4.846
-5.517
-6.52
-8.86
-9.52
-11.13
-6.806
-1.911
-4.535
-4.461
-8.5
-8.17
-5.443
-3.669
-2.08
-0.723
0.343
-0.623
0.475
-0.38
1.547
5.311
12.06
18.94
24.75
32.5
44.29
71.8
81.2
79.3
114.6
173.7
178.4
109.3
235.1
187.3
187.3
307.5
328
225.1
311.9
251.6
250
267.7
507.4
358.4
402.8
357.6
191.5
278.5
554.2
546.8
622.9
462.9
421.5
332.5
299.4
478.1
416.2
437.5
449.6
378.1
352.8
328.4
241.6
126.2
120.3
77.6
35.39
8.66
-22
-34.39
-36.99
-36.67
-33.8
-29.87
-31.24
-21.74
-13.47
-9.16
-8.78
-9.8
-10.94
-10.52
-17.58
-22.49
-24.66
-28.76
-35.09
-36.01
-32.94
-34.19
-36.28
-32.09
-31.88
-31.58
-30.85
-30.92
-30.4
-29.8
-26.36
-29.57
-27.44
-19.65
-4.56
-5.743
-4.925
-4.286
-4.207
-5.072
-6.888
-6.329
-5.975
-7.01
-4.196
-1.457
-0.069
4.455
13.6
27.79
79.9
125
76.6
103.4
124.8
154.4
208.4
140.9
224.4
444
212.8
123
139.8
118.3
141.8
512.3
545.3
483.6
595
572
721
410.3
690.7
632
485.8
743
842
578.9
535.8
555
543.5
617.7
645
331
640.4
500.4
231.5
424.2
375.6
305.5
85.2
119.9
168.3
95.7
33.16
5.049
-21.76
-36.24
-41.5
-44.81
-44.66
-44.39
-42.51
-42.78
-40.45
-39.4
-42.31
-43.11
-42.13
-43.47
-43.53
-43.26
-43.78
-44.39
-44.55
-44.04
-44.7
-44.68
-46.22
-46.3
-45.98
-45.65
-46.45
-46.98
-45.54
-43.8
-44.1
-42.66
-41.58
-41.59
-43.38
-43.16
-32.85
-40.17
-42.31
-41.07
-38.73
-13.55
-18.47
-17.32
-8.52
-12.96
-9.36
-4.451
16.79
35.21
57.88
60.62
28.09
54.33
124.2
45.36
53.36
111.6
114.7
37.39
55.08
66.02
91.3
299.6
329.1
414.2
391.3
181.9
55.36
59.45
167.3
218.2
166
118.1
53.53
47.22
29.14
86
155.8
188.5
167.3
235.1
227
87.7
39.34
132.7
147.1
54.92
49.97
41.14
29.16
71.4
61.16
35.22
13.75
2.365
-5.093
-9.92
-11.42
-12.2
-12.27
-12.21
-11.77
-11.05
-11.4
-11.87
-12.62
-19.52
-26.82
-28.17
-43.53
-47.96
-48.47
-46.4
-47.52
-43.21
-43.1
-43.35
-43.79
-43.85
-44.66
-45.33
-45.07
-45.72
-44.97
-45.73
-46.04
-45.46
-46.59
-46.02
-45.92
-46.53
-46.26
-46.31
-45.96
-46.63
-45.8
-45.36
-45.03
-45.71
-45.78
-44.72
-41.86
-27.93
1.663
36.62
64.02
25.75
116.1
210.3
266.7
316.4
370.5
415.2
467.8
517.8
567.2
596.8
629
667
703
730
751
765
709
783
764
546.3
806
658.5
535.6
742
606.7
673.3
555.9
657.3
663.1
303.7
452.1
371.4
324.1
516.4
463.9
387.1
324.5
275.2
218.2
163.8
107.9
59.56
14.04
-22.52
-52.48
-71.9
-76.4
-80.6
-77.5
-77
-76.1
-76.4
-74.9
-74.4
-73.4
-72.3
-70.7
-70.5
-69
-68.01
-66.5
-66.51
-67.27
-66.73
-71.8
-69.54
-67.78
-67.93
-68.57
-68.21
-65.82
-65.96
-65.28
-64.03
-65.82
-63.31
-64.77
-66.12
-66.43
-68.37
-65.81
-66.89
-69.39
-68.36
-65.09
-64.39
-62.9
-60.68
-59.17
-58.35
-54.48
-40.27
-13.46
18.89
59.12
104.3
154.6
206.2
262.6
321.1
368.7
415.8
460.1
510.9
554.7
584.6
622.9
650.4
675.2
703
721
736
748
767
773
774
789
803
637.4
804
800
721
194.9
655.8
580.6
648.7
622.2
594.9
556.2
479.8
442.5
381.5
314.4
268.9
215.1
158.2
102.9
54.81
14.34
-17.66
-44.25
-60.31
-65.27
-67.88
-67.61
-71.1
-71.4
-72.2
-70.1
-67.71
-70.2
-68.04
-69.22
-70
-67.84
-66.88
-66.19
-62.62
-61.97
-62.19
-61.8
-61.67
-62.17
-61.91
-62.97
-62.05
-62
-62.76
-60.64
-61.52
-62.5
-58.72
-60.19
-57.66
-59.12
-60.29
-59.12
-55.88
-54.21
-55.99
-58.45
-56.32
-51.49
-49.56
-50.03
-48.76
-44.18
-34.72
-9.17
22.57
61.53
107.3
153.1
201.7
257.6
308.4
362
415.4
463.1
508.2
538.9
574
610
639.8
670.9
699.4
714
736
756
758
768
776
773
778
794
769
751
726
720
710
707
678.7
594.2
320.9
512
475.5
450.7
369
56.61
73.5
150.5
141.7
93.7
58.33
15.31
-31.7
-43.99
-59.89
-63.77
-61.17
-62.22
-63.54
-61.6
-60.52
-58.94
-59.29
-62.11
-61.91
-63.77
-62.66
-61.7
-61.12
-62.89
-60.05
-60.43
-61.05
-63.41
-60.94
-60.58
-56.66
-56.26
-55.08
-58.8
-57.61
-56.08
-55.76
-58.5
-58.61
-54.81
-50.99
-47.71
-43.81
-38.91
-33.51
-34.82
-27.37
-37.24
-45.34
-44.6
-46.4
-51.33
-49.68
-41.88
-35.91
-26.44
-2.159
63.73
111.4
156.2
207.4
256.5
314.5
365.9
408.3
464.4
518.7
547.5
584.8
613.7
646.5
673.5
702
724
744
746
761
772
769
776
770
769
752
748
729
704
688.8
650.1
614.7
576.4
535.675
494.95
454.225
413.5
364.5
312.1
262.8
207.2
154.6
102.8
55.66
15.85
-13.9
-41.5
-62.39
-70.6
-71.2
-68.58
-67.52
-64.68
-63.66
-64.09
-60.93
-62.68
-64.06
-63.03
-62.43
-61
-50.42
-36.11
-46.1
-56.42
-61.61
-61.48
-61.01
-63.3
-55.6
-44.86
-37.28
-38.68
-44
-46.22
-45.1
-46.12
-38.23
-46.1
-53.77
-50.33
-41.52
-49.26
-57.75
-59.1
-58.47
-60.74
-60.54
-59.39
-58.09
-55.21
-53.13
-47.64
-35.8
-9.26
22.57
60.09
104.2
151.6
196.8
249.3
294.6
344.6
392.5
439.4
479.4
519.1
561.6
590.5
621.4
653.1
677.3
693.8
706
720
728
735
738
747
601.2
707
368.4
638.7
569.3
597.9
614.1
633.7
575.2
493.4
525.7
356.1
470.7
395.2
266.8
299
269.2
209.6
164.7
109
66.69
33.35
-0.778
-28.04
-46.58
-51.9
-52.93
-51.89
-50.83
-50.8
-51.09
-50.89
-48.89
-47.86
-47.29
-49.26
-47.57
-46.2
-44.48
-44.28
-43.2
-42.74
-41.38
-42.55
-42.29
-41.19
-42.97
-42.97
-42.22
-43.09
-42.74
-43.47
-43.2
-43.22
-42.49
-42.53
-41.7
-42.23
-43.07
-44.28
-43.91
-43.14
-43.21
-43.66
-42.19
-41
-40.95
-41.3
-40.52
-35.51
-23.12
-1.618
27.05
64.92
103.1
154.7
199.6
262.8
309.1
348.5
392.3
433.8
479.6
526.7
557.2
588.3
617.9
647.2
692.4
685.5
559.2
683.4
413.7
461.9
546.1
510.1
696.3
439.9
397.9
269.6
680.2
416.3
705
613.6
629.6
591.9
559.3
530.5
523
469.6
245.6
301.4
105.2
20.63
-63.94
-56.51
-53.99
-36.77
-38.75
-21.03
-21.72
-17.62
-15.17
-24.9
-33.52
-35.37
-34.42
-29.13
-27.26
-28.06
-30.96
-33.96
-34.5
-36.3
-37.15
-35.39
-34.91
-37.65
-40.19
-40.12
-40.44
-39.94
-39.49
-39.47
-40.71
-41.33
-42.61
-41.81
-42.1
-41.74
-40.96
-37.75
-38.11
-38.67
-39.08
-39.13
-38.38
-38.71
-38.55
-37.65
-42.24
-54.38
-55.98
-53.73
-45.2
-38.93
-26.59
-4.176
24.14
60.2
102.1
152.5
202
254.1
298.6
347.4
399.5
443.1
481.7
522.4
568.9
587.4
620.1
664
676.8
691.2
718
727
744
759
758
760
766
752
762
697.1
728
702
378.5
628.5
638.9
610.2
523.8
519.1
444.1
418.4
372.7
324.1
271.7
218.2
170.7
117.1
69.74
25.6
-5.08
-35.21
-58.89
-60.39
-58.27
-58.31
-55.78
-58.42
-56.4
-54.55
-49.48
-48.56
-49.63
-50.7
-52.73
-53.84
-51.27
-50.05
-49.98
-50.07
-47.31
-47.1
-47.92
-46.79
-46.45
-47.37
-44.89
-42.33
-44.89
-47.26
-45.45
-45.63
-45.93
-44.6
-47.95
-47.82
-45.68
-45.82
-45.93
-44.82
-45.22
-46.66
-45.5
-44.47
-43.32
-40.57
-36.2
-37.14
-30.29
-17.1
-6.545
8.81
33.74
160.2
228.2
252.3
213.7
270.6
384.6
445.8
451.8
538.5
577.1
614.4
650.1
672.7
694.1
715
737
758
779
717
790
804
799
777
815
768
741
710
685.9
670.9
571.9
527.3
562.4
503.7
405.5
436.7
384.9
339
263.8
222.8
152.8
148.4
116.7
44.89
1.645
-22.55
-36.53
-44.68
-44.18
-44.31
-45.41
-46.03
-46.61
-45.61
-46.23
-47.31
-45.81
-46.64
-47.23
-45.37
-44
-42.07
-38.92
-38.13
-36.71
-37.54
-38.59
-39.99
-36.37
-35.41
-34.75
-35.8
-35.46
-35.25
-34.59
-34.99
-36.11
-35.14
-35.23
-34.76
-35.79
-35.46
-35.66
-35.44
-34.26
-31.8
-30.56
-26.01
-20.47
-18.36
-19.31
-16.85
-10.43
-3.077
8.69
8.84
6.79
13.95
31.87
55.41
100.2
180.5
171.9
154.1
173.6
390.6
284
268.3
319.4
232.4
621
808
775
810
777
628.5
593.9
392.8
364.7
798
866
695.3
628.5
569.4
557.2
522.1
556.2
611.8
618.6
574.4
577.9
517.4
246.6
248.7
145.2
90.4
67.67
104.4
54.11
2.11
-13.27
-20.2
-26.59
-28.4
-25.83
-25.16
-25.96
-23.86
-22.04
-22.71
-26.52
-25.6
-25.96
-26.4
-27.75
-28.43
-25.59
-23.3
-22.88
-21.65
-8.86
-3.141
-11.16
-24.5
-12.1
-7.77
-9.29
-8.99
-13.54
-11.99
-10.62
-12.32
-9.03
-9.15
-8.95
-12.64
-35.14
-42.75
-41.52
-35.54
-23.74
-17.74
-22.86
-35.33
-26.39
-10.3
-12.26
-15.03
-4.636
8.61
14.67
21.21
37.77
47.57
63.97
95
137.8
170.8
159.7
208.2
191
173.8
167.5
208
219.4
186
172
114.1
91
110
119.9
125.1
152.1
199.5
224.9
370.8
378.8
444.4
453.7
405.1
508.9
434
745
330.9
228.1
454.8
433.4
257.8
172.5
189.7
145.5
104.7
86.2
73.3
71.3
68.94
26.13
-0.074
-7.09
-10.35
-16.25
-33.72
-44.03
-43.77
-44.58
-44.56
-44.88
-44.85
-43.66
-44.48
-44.02
-43.21
-41.99
-41.19
-41.11
-40.1
-39.68
-40.31
-43.32
-39.12
-37.67
-37.03
-37.91
-36.09
-37.02
-38.28
-38.48
-37.63
-37.57
-38.12
-38.47
-39.4
-38.28
-37.07
-37.01
-36.98
-37.03
-37.35
-37.65
-37.28
-37.38
-37.29
-36.74
-32.86
-19.56
4.519
37.76
71.1
112.9
112.5
175.7
260.1
316.9
354.1
403.5
444.8
492.5
490.6
587.7
609.1
636.2
663.6
699.3
747
765
775
761
771
795
524.1
662.4
594.7
790
710
665.6
772
745
719
430.7
625
241.9
508.6
404.7
439.9
401.9
328.9
293.5
237
185.7
122.1
89.1
46.54
1.521
-18.5
-38.19
-43.4
-46.47
-44.8
-46.07
-43.87
-40.94
-40.88
-39.35
-39.37
-38.31
-38.89
-37.93
-38.44
-38.32
-38.64
-38.51
-39.31
-35.62
-34.5
-34.53
-32.97
-21.65
-19.91
-16.52
-16.43
-18.14
-18.8
-18.26
-20.23
-20.33
-21.51
-23.82
-22.88
-20.82
-18
-15.52
-15.75
-14.08
-13.77
-14.66
-15.89
-16.39
-16.46
-18.27
-12.92
-3.967
9.66
31.59
69.03
111.8
162.5
130.3
261.3
304.5
362.6
312.7
297.2
355.1
314.5
458.2
642.5
646.6
659.8
714
745
741
768
800
863
734
348.8
250.5
148.4
69.6
-3.615
-24.31
68.84
75.5
79.1
103.8
161.9
238.4
396.3
324.4
523
452.8
232.4
57.7
42.68
28.4
26.66
45.42
67.57
41.2
-5.24
-38.37
-46.84
-47.4
-46.29
-45.13
-44.76
-43.87
-42.58
-36.19
-35.25
-36.02
-35.21
-36.34
-36.5
-17.36
-22.7
-30.49
-24.36
-19.47
-19.49
-19.52
-19.68
-22.82
-20.34
-14.22
-13.67
-13.35
-13.53
-14.03
-12.96
-10.37
-12.75
-15.24
-21.04
-20.35
-8.52
-6.099
-6.891
-30.59
-34.25
-50.39
-58.62
-46.41
-46.27
-41.12
-38.03
-22.54
-7.48
39.76
93.1
158.2
129
214.6
213.9
132.4
134.8
172.5
291
516.9
542
600
636.2
513.8
604.4
667.1
680.5
647.6
700
719
698.6
686.8
708
683.2
542.8
432.6
627.5
394.6
452.8
361.3
180.3
634.7
632
573.1
272.4
489.3
403.7
314.4
170
139.1
-78.3
-65.23
-77.7
-49.81
-34.68
-18.54
-9.77
-15.72
-31.11
-44.14
-49.3
-31.39
-28.09
-27.2
-27.05
-23.72
-23.51
-21.68
-20.61
-23.67
-27.58
-30.33
-31.67
-33.08
-32.66
-30.72
-25.27
-18.1
-18.1
-20.64
-18.14
-18.61
-18.84
-21.39
-23.83
-24.16
-25.86
-26.87
-28.61
-29.39
-30.43
-30.49
-31.69
-30.66
-29.64
-30.58
-30.98
-30.21
-27.62
-25.65
-26.78
-27.22
-33.56
-17.6
-1.998
17.77
58.3
115
163.1
210.2
107.7
167.8
174.6
318.7
305.1
332.9
336.8
496.4
586.7
653
679.6
693.7
728
735
764
712
611.8
557.1
437.2
483.9
610.5
492
669
773
752
756
709
608
653.4
641.7
570.1
504.6
459.6
419.9
269
339.2
246
217.8
139.8
215.5
109.2
3.808
-41.49
-10.79
-21.62
-27.99
-28.37
-29.33
-33.5
-34.08
-36.01
-38.93
-40.04
-38.95
-38.84
-38.14
-38.35
-39.68
-40.76
-38.47
-21.98
-24.85
-40.84
-42.79
-42.54
-42.11
-41.88
-42.03
-41.27
-41.23
-42.53
-42.7
-42.34
-41.62
-41.61
-41.08
-40.25
-39.16
-37.42
-37.55
-35.63
-35.76
-34.94
-34.29
-34.81
-35.13
-34.86
-34.38
-30.46
-20.71
-4.457
20.25
57.5
108.5
158.4
210.2
262
308.2
362.6
419.9
454
602.9
623.9
566.3
439.4
741
665
584.1
601.5
534.2
598.1
788
778
853
943
409.3
27.47
-64.53
-33.27
51.06
403.5
163.6
107.3
77.3
69.87
87.8
90
79.3
63.57
58.23
44.99
31.7
24.88
21.9
19.95
12.05
2.889
-7.12
-16.59
-21.02
-27.6
-31.62
-29.81
-27.76
-28.47
-28.21
-27.71
-27.87
-27.55
-28.04
-27.84
-29.4
-30.01
-28.92
-27.01
-25.88
-21.87
-20.03
-17.15
-16.96
-19.87
-23.85
-21.39
-20.97
-17.86
-13.39
-17.9
-25.31
-30.71
-28.75
-26.08
-30.16
-31.39
-30.36
-27.18
-30.1
-32.68
-33.74
-33.54
-34.29
-35.08
-35.17
-35.92
-35.25
-30.58
-14
5.774
24.57
53.65
66.6
131
163.7
174.1
244.9
325.1
405.4
477.8
542.4
560
584.2
604.7
651.5
645.9
705
709
716
765
853
844
649.5
760
847
741
836
813
815
843
665.8
592.6
556.3
275.6
135.1
163.8
312.6
129.9
87.6
73.7
56.35
37.19
23.11
13.36
5.257
-2.791
-11.64
-17.81
-20.65
-30.45
-33.21
-34.48
-35.89
-38.88
-38.87
-37.61
-35.4
-33.54
-31.83
-30.63
-29.96
-30.77
-31.82
-32.54
-32.2
-33.83
-32.58
-26.14
-23.78
-23.61
-25.72
-29.32
-31.73
-28.3
-27.49
-33.39
-32.73
-35.37
-34.59
-33.97
-33.12
-32.14
-32.54
-35.22
-34.88
-35.16
-34.39
-34.47
-34.63
-34.42
-34.12
-34.08
-33.9
-29.91
-13.73
12.05
45.65
80.8
119.6
169.9
205.6
249.7
294
325.6
387.3
432.1
474.6
522.1
557.1
601.7
642.1
491.1
615.5
699.5
743
656.6
257.2
217.1
-51.38
18.36
12.99
18.56
46.58
65.31
73.2
2.971
81.8
93.3
69.53
51.17
65.17
61.48
-16.34
-40.45
-17.12
-16.17
-8.79
-23.17
-8.01
-3.864
-16.21
-14.63
-10.32
-18.86
-18.34
-18.66
-23.22
-25.31
-20.8
-23.74
-26.69
-23.59
-20.55
-21.24
-22.78
-22.31
-19.26
-18.73
-17.37
-18.22
-19.95
-21.67
-21.85
-22.26
-21.76
-23.6
-23.88
-22.84
-21.47
-19.61
-19.19
-23.98
-26.7
-25.91
-25.01
-22.44
-24.4
-23.95
-22.8
-22.25
-21.42
-21.67
-21.96
-22.43
-21.9
-24.39
-23.19
-21.19
-29.7
-32.23
-25.36
-15
-3.853
6.194
9.08
9.39
13.34
30.29
40.75
49.84
42.88
49.92
37.02
41.16
20
44.84
73
93.6
147.1
296.6
186.4
314.2
453.5
435.7
381.9
340.8
458.2
223.8
76.8
215.1
127.9
186.5
103.9
109.3
292.4
202.6
211.9
221.4
184.9
203
177.4
137.1
125.4
111.7
101
81.4
69.02
58.98
25.12
3.259
-12.81
-24.09
-30.52
-30.72
-29.72
-21.89
-8.42
-11.99
-17.48
-14.76
-17.05
-19.13
-23.68
-22.94
-22.47
-21.2
-22.04
-17.7
-19.62
-19.31
-9.88
-11.33
-16.42
-12.1
-6.769
-5.31
-6.094
-7.12
-8.89
-11.35
-16.92
-17.55
-14.23
-11.9
-9.78
-10.72
-14.49
-16.61
-17.42
-15.62
-13.95
-9.54
-12.8
-13.27
-12.88
-11.86
-7.84
1.032
12.35
22.25
35.43
57.85
70.2
90
130.2
209.3
258.5
348.1
411.6
563.3
532.9
559.6
549.9
721
577.3
588.7
644.6
527.4
754
714
713
514.1
504.8
756
924
868
753
714
798
534.6
656.6
384.6
534.7
477.9
569
520.4
466.3
389.4
329.7
267.6
221.8
186.8
136.4
55.81
56.9
0.48
-10.93
-10.43
-12.75
-19.63
-24.92
-11.65
-10.71
-19.43
-23.17
-21.67
-19.67
-17.36
-23.07
-24.17
-19.43
-24.01
-26.31
-24.49
-24.4
-28.04
-26.36
-26.73
-25.15
-24.36
-19.41
-17.38
-16.44
-18.92
-15.9
-16.1
-16.24
-17.23
-18.77
-13.49
-9.32
-12.78
-20.31
-21.9
-27.55
-23.86
-21.49
-14.95
-12.76
-11.05
-9.44
-6.962
1.7
8.05
14.08
20.79
12.68
22.26
30.29
79.2
199.2
392.7
517.4
600.3
305.2
268.7
217.6
212.8
247.5
102
34.72
21.68
19.37
29.54
70.8
83
93.6
118.9
133.6
170.3
234.1
289.4
314.6
364.7
390.5
428.7
453.3
614.4
625.6
563
406
278.6
225.1
148.8
113.8
88.3
67.5
48.77
34.71
21.14
6.529
-8.04
-22.31
-26.69
-21.38
-18.63
-21.18
-24.85
-27.74
-22.82
-19.19
-17.07
-24.3
-28.02
-27.42
-28.91
-28.23
-28.55
-28.97
-29.58
-30.79
-30.2
-28.67
-29.54
-28.62
-29.08