-27.8
-27.85
-26.47
-26.78
-25.75
-25.33
-24.86
-25.03
-24.39
-23.27
-24.35
-25.08
-25.77
-27.64
-27.13
-26.41
-27.55
-26.35
-26
-24.27
-23.62
-18.49
-2.322
13.51
24.8
34.29
45.18
46.89
37.35
39.6
37.82
38.47
76
180.5
279.2
272.1
336.7
495.9
562.2
543.5
706
785
752
723
504.2
580
682
519.8
507.4
601
717
820
821
681.8
726
623.8
215.6
209.3
231.6
284.7
288.8
243
182.1
173
172.2
189.7
170.7
113.6
87.2
57.49
22.55
-5.893
-13.34
-16.79
-18.21
-17.53
-19.3
-15.94
-14.07
-23.61
-23.76
-25.37
-26.12
-25.29
-25.31
-24.36
-25.43
-25.59
-25.08
-24.56
-24.06
-22.22
-22.09
-22.03
-22.46
-22.41
-22.41
-21.84
-22.48
-21.83
-21.53
-20.58
-21.1
-22.22
-21.26
-21.5
-23.65
-24.88
-23.84
-21.84
-19.35
-17.5
-17.76
-18.12
-19.9
-19.77
-19.89
-17.31
-5.01
8.08
19.33
39.65
68.37
134.7
152.3
176.7
197.8
199.8
223
211
205
184.4
230.4
298.6
424.5
737
530
621.2
797
785
657.1
790
819
532.7
609.4
657
617.2
462.4
466.8
435.2
381.6
181.8
92.3
25.17
21.31
10.46
1.928
-4.184
-7.18
-11.46
-12.43
-10.89
-8.16
-19.67
-15.37
-15.58
-18.29
-22.13
-20.48
-18.31
-12.12
-7.66
-12.09
-13.46
-12.83
-11.85
-14.25
-16.06
-17.97
-11.5
-8.09
-19.36
-18.7
-14.29
-20.25
-21.67
-17.94
-19.77
-22.79
-23.09
-15.88
-6.191
-2.776
-4.178
-2.634
-2.249
-2.536
-2.156
-2.782
-2.264
-1.916
-2.077
-2.98
-2.892
-2.146
-3.243
-9.77
-12.04
-7.45
-9.78
-10.42
-11.09
-9.64
-5.772
0.145
7.13
16.38
24.45
28.05
45.36
43.76
69.16
108.8
147.5
139.4
125.1
181.3
261.2
280
410.8
440.6
333.9
341.7
374.6
423.4
394.4
443.7
236.3
679.8
491.3
645.1
460.2
781
590.4
588.4
401.3
345
138.7
49.99
14.5
40.51
293.9
479.4
540.5
525
469.5
357.2
199.2
141.3
179.7
230.4
126.8
46.74
7.25
-16.55
-29.38
-31.74
-29.79
-19.02
-11.02
-28.92
-26.93
-17.12
-30.19
-15.97
-10.31
-7.14
-7.3
-7.41
-6.819
-8.22
-10.27
-9.07
-9.37
-9.59
-9.41
-9.99
-11.09
-9.53
-11.91
-11.46
-9.97
-13.64
-15.59
-17.93
-15.65
-15.29
-15.45
-12.49
-11.18
-8.61
-16.5
-16.87
-14.11
-18.18
-17.43
-19.35
-18.82
-17.79
-11.69
-5.239
5.415
9.93
18.73
25.02
21.6
34.39
42.66
23.24
27.64
30.72
32.87
38.18
51.55
64.8
87.6
117.3
188.7
284.6
310.4
267.6
344.1
594.1
399.2
283.8
367.5
714
890
738
650.8
469.2
653.9
748
395.6
279.9
562.2
164.7
27.64
-21.47
-10.67
5.782
-1.222
-5.905
-7.59
-7.73
-18.37
-17.24
-8.31
-7.69
-11.64
-13.48
-15.22
-14.53
-13.57
-12.48
-12.79
-12.6
-12.06
-10.46
-12.31
-13.49
-12.05
-6.851
-11.81
-13.04
-11.05
-11.51
-12.04
-11.84
-12.85
-11.73
-12.42
-13.01
-12.39
-13.17
-14.25
-14.77
-14.76
-16.29
-16.67
-12.72
-14.26
-14.85
-17.68
-17.58
-17.06
-16.33
-16.43
-15.74
-14.79
-12.67
-12.22
-11.98
-11.31
-11.06
-9.52
-5.067
11.64
39.74
46.27
51.82
56.2
37.66
27.97
60.06
29.81
3.874
4.32
53.08
58
78.7
93.5
95.6
127.9
165
205.4
212
203
158.1
152.5
135
71.3
73.8
78.1
71.9
65.19
100
175
128.3
119.7
160.4
146.6
102.2
117.7
140.4
126.1
151
153.8
146.4
132.2
139.4
99.4
50.99
17.9
6.757
2.19
-12.12
-19.08
-19.92
-19.21
-19.08
-18.78
-18.74
-17.48
-17.34
-16.98
-16.63
-16.16
-16.2
-16.62
-16.22
-16.1
-15.46
-14.82
-14.29
-13.85
-16.75
-18.78
-16.57
-13.94
-14.14
-14.18
-13.06
-13.01
-13.1
-12.98
-12.29
-11.74
-11.14
-11.21
-10.9
-10.99
-10.65
-10.97
-11.14
-10.33
-10.64
-10.73
-11
-10.32
-9.87
-8.08
-0.401
12.33
23.02
31.64
42.51
46.75
41.62
39.06
28.41
45.62
78.7
91.3
148.7
239.6
241.1
267.1
243.2
221.5
204
295.6
342.2
321.7
412.8
567.9
641.2
284.3
53.9
6.315
-31.4
21.71
35.21
-49.56
-47.84
-15.65
2.784
2.436
2.995
-0.367
0.029
1.62
1.56
1.322
-0.9
-2.101
-3.109
-3.463
-5.625
-7.68
-10.54
-12.91
-15.21
-15.61
-15.22
-18.61
-20.27
-18.42
-17.91
-18.51
-20.21
-21.48
-22.16
-20.11
-18.5
-16.25
-16.03
-15.21
-13.47
-12.26
-11.08
-10.56
-12.28
-11.57
-11.36
-11.76
-12.59
-16.14
-15.77
-16.25
-11.07
-8.45
-7.98
-9.96
-11.09
-10.2
-8.98
-8.84
-9.23
-5.627
-5.989
-6.05
-7.77
-9.46
-10.16
-9.82
-11.56
-10.16
-3.756
10.43
24.65
28
47.2
5.733
-25.46
8.02
28.29
14.67
13.77
13.96
21.37
31.16
58.64
82.4
87
70.7
45.88
41.46
66.54
111.6
148.6
160.5
141.3
191.8
249.6
328.4
297.5
273.4
321.8
333.2
472.1
471.6
470.7
584.4
442.6
483
273.1
417.9
382.6
279
314.5
248.6
199.8
183.5
72.4
17.34
3.519
1.762
-77.4
-30.21
-30.77
-40.23
-37.26
-35.58
-32.41
-22.35
-24.61
-24.92
-24.04
-20.66
-24
-24.97
-25.38
-20.85
-18.04
-19.81
-19.53
-21.11
-21.13
-20.5
-22.86
-24.85
-23.6
-20.28
-28.05
-31.92
-29.49
-29.86
-29.84
-29.02
-19.46
-17.65
-14.14
-13.32
-14.55
-14.79
-17.99
-20.13
-14.39
-13.33
-9.21
-10.6
-12.98
-13.94
-14.06
-7.77
1.114
10.09
15.93
32.19
25.64
57.14
72.9
76.8
104.9
144.4
151
136.1
151.6
214.5
237.5
218.3
228.2
254.9
285.2
374.1
361.6
302
272
209
246.2
98.4
111.3
215.3
385.8
491.6
296.7
307.4
294.2
131.9
141.7
1.977
-10.46
-4.807
5.81
4.201
-1.52
-4.909
-5.89
-5.922
-9.08
-12.07
-12.15
-12.06
-11.24
-13.11
-13.84
-12.5
-12.49
-11.71
-13.79
-16.45
-16.45
-16.6
-16.84
-17.46
-18.56
-20.73
-25.03
-20.67
-22.66
-23.85
-24.38
-23.65
-20.04
-19.8
-17.21
-16.61
-19.7
-22.61
-22.88
-24.16
-25.26
-20.19
-10.98
-12.94
-9.52
-11.21
-11.7
-11.06
-11.11
-10.61
-11.38
-11.76
-12.23
-13.37
-13.33
-12.06
-11.48
-10.16
-6.647
-0.956
6.507
19.61
22.18
21.71
33.31
53.14
62.38
51.1
63.77
49.58
87.6
108.2
151.9
182.2
142.3
140.1
160.4
65.9
64.52
167.2
122.9
69.48
10.13
7.6
13.35
128.4
109.3
146.4
193.1
247.4
270.2
218.1
88.5
80.4
251.6
188.9
74.7
5.873
22.22
10.2
2.09
-15.09
-18.41
-4.449
-5.687
-3.003
-5.912
-5.917
-11.58
-19.5
-19.56
-18.61
-21.04
-22.57
-19.38
-16.56
-15.87
-14.51
-13.27
-12.34
-12.55
-12.61
-15.16
-13.65
-16.66
-13.96
-14.64
-17.98
-16.78
-15.6
-15.27
-18.45
-12.4
-10.99
-9.6
-9.47
-11.29
-7.74
-8.26
-10.38
-7.4
-6.694
-7.97
-10.02
-10.41
-7.89
-7.54
-6.142
-6.242
-5.543
-5.377
-5.905
-8.79
-6.897
-8.48
9.34
23.74
38.44
68.34
89.5
71.1
74
115.7
95.9
158.1
47.47
72.9
115.2
253.3
213.6
206.4
214.1
336.4
258.1
187.9
236.7
331.7
379.6
830
774
451.9
269.9
74.7
304
603.1
673
776
771
594.2
532.2
421
576.6
640.1
563.8
505.7
380.7
108.4
36.26
32.23
30.14
10.22
-3.082
-9.9
-14.66
-18.18
-18.58
-17.52
-16.18
-16.16
-17.86
-18.82
-18.92
-20.27
-22.36
-24.74
-20.91
-17.88
-17.64
-19.12
-20.85
-21.1
-21.57
-21.41
-19
-17.83
-21.87
-18.32
-17.72
-18.18
-18.1
-20.81
-23.61
-25.52
-28.92
-26.81
-27.34
-26.83
-22.53
-17.78
-14.16
-7.44
-10.03
-11.86
-19.03
-17.29
-9.89
-14.21
-24.45
-13.23
-5.608
0.187
15.37
26.19
22.8
108.8
117.8
85.7
97
176.3
232.8
341.1
414.4
272.9
151.9
60.16
42.56
110
176.1
80.8
73.1
98.9
179.9
190.9
127.5
174.3
282.9
175.5
478.8
517.5
308.4
246
189.3
188
184.1
179.5
184.4
313.5
278
254.3
305.2
167.4
129.5
125.8
138.9
146.1
148.5
137.9
84.9
42.89
4.008
-18.18
-31.6
-36.03
-36.06
-36.18
-36.06
-35.67
-33.22
-31.9
-32.35
-32.72
-32.75
-31.67
-33.76
-28.96
-17.12
-23.6
-7.52
-4.423
-16
-32.67
-31.65
-31.77
-31.1
-30.4
-29.99
-29.83
-28.69
-22.38
-18.01
-20.58
-24.49
-28.87
-29.98
-30.07
-26.81
-24.32
-28.93
-30.43
-29.99
-29.77
-30.18
-28.19
-21.98
-26.47
-21.18
-2.016
13.48
29.25
45.52
43.09
70.8
139.7
181.1
195.9
372.9
452.9
535.2
334
338.6
535.7
542
564.4
688.9
709
551.2
402.9
660.2
827
680.8
690.6
167.4
57.78
5.578
-12.08
37.51
45.66
16.55
29.52
27.23
23.58
16.87
14.48
23.41
34.16
42.34
56.52
45.09
25.52
29.07
37.11
33.01
24.96
19.14
8.97
-0.087
-3.637
-23.03
-29.31
-28.99
-28.19
-26.44
-31.95
-28.2
-29.74
-32.79
-31.32
-31.34
-32.39
-32.23
-32.27
-31.64
-31.65
-30.03
-32.11
-31.86
-29.67
-29.19
-28.55
-27.58
-25.36
-25.85
-26.3
-25.65
-22.74
-7.65
-20.29
-23.42
-21.89
-26.54
-25.81
-22.18
-27.14
-28.23
-28.77
-28.73
-28.79
-28.87
-28.7
-28.82
-28.17
-26.84
-16.58
8.91
44.17
75.2
149.4
75.1
172.7
268
290.2166667
312.4333333
334.65
356.8666667
379.0833333
401.3
426.4
371.7
367.8
475.1
452.9
328.4
511
812
578.5
490
685
562.6
555.4
340.1
50.75
58.1
101.5
456.2
250.5
145.6
99.8
32.04
24.41
18.29
7.02
-4.354
-8.16
-5.225
-1.309
1.612
1.71
-0.623
-0.797
-2.473
-4.128
-12.9
-15.05
-17.85
-19.04
-14.69
-22.07
-23.05
-19.89
-15.06
-5.36
-19.3
-25.37
-25.73
-27.68
-26.89
-29.02
-29.29
-28.28
-24.4
-18.16
-22.84
-23.87
-21.66
-26.66
-22.98
-19.22
-20.33
-24.66
-25.91
-27.77
-26.83
-25.42
-24.63
-25.98
-25.58
-25.37
-25.77
-19.1
-12.01
-9.39
-8.83
-9.01
-8.6
-8.93
-8.56
-8.68
-10.16
-7.73
0.024
9.97
22.48
22.93
20.86
40.37
61.6
97.3
177.3
267.3
404.5
318.6
171
169.7
178.8
171
252.6
502.2
473.2
356.3
186.1
161.4
245.6
611
859
458.6
656.9
839
878
499.5
136
152.6
100.8
122.2
154.6
229.8
258
271.6
288.8
341
420.7
301.6
269.1
227.2
191.1
153.5
113.9
69.27
27.33
-17.27
-28.39
-31.01
-36.41
-36.01
-28.14
-32.4
-31.58
-13.34
-14.99
-19.17
-17.41
-15.53
-11.56
-15.67
-22.34
-17.99
-13.51
-10.41
-16.1
-17.75
-20.87
-22.68
-17.85
-16.76
-16.43
-18.46
-28.43
-31.62
-15.73
-13.42
-14.78
-16.93
-15.97
-14.21
-13.73
-14.4
-13.84
-13.32
-12.91
-12.88
-12.75
-12.81
-12.7
-12.47
-12.05
-9.49
-5.012
16.11
59.01
66.94
101.9
181.4
231.5
188.5
171.8
181.8
206.9
297.8
349.8
361.6
484
350.8
420.1
401
645.5
448.9
341.8
529.3
730
577.2
233.1
288
411.3
429.7
522.6
660.8
665.3
448.9
505.5
285.8
237.7
298.1
412
428.5
318.4
282.5
163.7
98
78.8
43.5
35.54
23.06
25.21
9.49
7.57
-0.749
-6.786
-10.96
-22.1
-31.4
-34.97
-28.79
-20.75
-30.2
-27.72
-23.34
-22.59
-30.35
-29.85
-26.64
-16.48
-13.77
-15.06
-16.97
-15.71
-17.45
-15.08
-13.88
-13.73
-13.42
-14.16
-12.08
-14.59
-14.93
-16.94
-17.4
-20.66
-23.95
-23.6
-22.99
-21.05
-16.73
-15.76
-16.45
-20.12
-20.87
-22.07
-19.93
-17.02
-17.99
-22.16
-19.35
-15.35
-8.87
3.529
12.28
18.88
20.14
27.8
53.45
86.7
185.1
264.4
328.3
412.6
420.9
348.6
518.6
594.8
830
509.2
468.9
236.1
925
611.7
246.9
298.1
864
607.3
265.3
10.72
2.83
109.3
157.5
218.3
269.2
271.8
263.5
246.6
252.8
299.4
215.2
145.2
168.5
128.4
176.7
162.1
107.6
55.56
29.57
6.508
-12.92
-24.88
-34.26
-36.6
-36.9
-36.71
-35.63
-34.7
-35.33
-35.7
-34.14
-34.27
-31.95
-30.01
-10.42
-15.03
-20.76
-11.59
-10.15
-17.44
-18.75
-20.95
-20.13
-21.23
-18.42
-26.8
-33.34
-31.66
-32.05
-32.58
-26.4
-26.31
-30.37
-30.94
-31.91
-31.64
-31.56
-31.4
-32.33
-31.72
-33.42
-32.6
-32.26
-33.08
-33.97
-30.74
-22.05
-10.36
9.84
58.42
35.06
117.3
176.8
226.4
250.2
325.3
400.2
406.3
510.7
533.1
552.5
561.5
540.1
697.7
733
737
731
714
699.7
840
734
554.6
438.6
386
405.4
622.2
718
749
819
773
745
726
665.1
387.7
421.7
371.5
375.3
302.4
317.6
304.9
271.6
209.2
157.8
111.5
70.2
36.76
-4.391
-28.13
-38.4
-39.53
-38.89
-37.22
-26.42
-28.84
-32.07
-33.68
-35.32
-29.69
-26.91
-34.07
-33.38
-35.3
-30.21
-33.93
-36.08
-36.45
-36.58
-36.54
-35.81
-35.51
-35.58
-22.8
-31.13
-36.08
-36.67
-35.93
-34.94
-16.43
-14.08
-15.28
-12.71
-13.32
-47.43
-25.49
-25.82
-28.01
-20.29
-29.45
-20.1
-30.6
-32.55
-30.97
-19.18
-13.33
-3.552
-6.27
5.086
9.15
23.9
76.9
106.6
171.9
225.4
291.1
384.7
429.6
283.8
407.3
459.3
357.1
297.4
314.5
367.6
329.9
447.9
324.3
179.1
188.6
339.3
415.2
494.7
770
821
797
791
724
562.7
802
702
631.9
602.7
574
564.2
594.7
66.26
53.44
18.63
36.99
58.4
85.4
80
31.18
8.39
-19.23
-28.36
-33.97
-37.61
-38.02
-36.93
-36.51
-37.27
-37.39
-36.74
-37.13
-37.25
-36.87
-36.05
-35.75
-35.65
-34.53
-34.3
-34.21
-34
-33.6
-33.2
-32.28
-28.97
-25.05
-23.56
-21.04
-19.16
-21.38
-18.36
-11.36
-11.58
-11.39
-15.41
-31.64
-25.28
-26.54
-32.56
-28.07
-18.91
-18.85
-20.19
-21.73
-19.57
-17.94
-9.35
4.41
13.10
27.39
32.89
44.97
72.73
83.27
162.40
226.47
279.77
392.23
313.43
327.67
326.50
345.40
353.03
404.10
360.93
276.23
245.00
331.67
523.57
454.33
504.33
490.90
345.87
185.97
194.55
250.61
257.07
245.33
235.83
219.85
230.39
229.29
242.10
238.87
192.81
180.30
174.67
123.73
72.48
69.45
49.63
38.66
18.32
1.44
-3.25
-3.27
9.96
-6.34
-18.15
-23.88
-24.58
-21.26
-22.01
-21.46
-24.00
-19.09
-19.69
-20.60
-21.38
-23.63
-20.92
-19.92
-19.30
-18.82
-19.35
-16.49
-16.18
-16.34
-14.77
-14.59
-14.17
-14.01
-15.04
-19.45
-18.86
-18.90
-19.85
-20.49
-19.00
-17.95
-17.31
-20.49
-16.13
-15.61
-15.65
-16.46
-15.54
-17.51
-17.25
-12.82
-13.81
-22.48
-16.31
-4.45
17.33
35.14
40.76
37.58
95.70
113.33
105.53
133.63
179.33
159.13
191.67
248.63
294.37
269.07
347.13
506.67
431.97
392.77
632.67
535.13
594.33
597.87
643.87
687.53
595.93
683.60
689.93
493.23
536.00
664.07
815.33
662.20
449.13
504.60
660.07
641.17
300.20
293.33
211.89
352.10
348.23
362.40
291.27
205.40
184.24
144.97
63.19
15.13
-7.83
-20.67
-28.06
-34.12
-31.48
-29.48
-19.38
-33.34
-30.68
-17.72
-28.18
-28.41
-23.61
-25.44
-26.14
-25.80
-24.96
-20.36
-28.26
-32.27
-34.49
-31.41
-28.16
-28.30
-27.93
-26.55
-17.86
-13.65
-13.29
-16.94
-25.81
-27.61
-29.01
-27.72
-27.23
-26.80
-27.52
-27.61
-29.09
-31.87
-32.46
-33.30
-32.05
-30.63
-29.17
-28.89
-28.15
-24.62
-17.16
2.75
27.22
15.60
64.93
100.89
186.82
185.50
215.60
267.53
313.50
428.03
518.93
541.83
579.97
586.37
515.43
537.07
648.80
662.70
739.57
679.13
729.93
790.00
785.33
803.33
664.73
706.63
767.67
766.00
704.47
632.90
704.13
699.83
673.50
619.10
450.17
445.83
408.32
373.70
350.73
282.03
244.06
223.95
195.28
136.72
93.65
57.27
19.77
-16.52
-37.78
-40.78
-39.99
-40.38
-39.70
-36.66
-36.82
-35.75
-36.06
-38.22
-38.15
-39.21
-38.82
-38.52
-38.47
-38.32
-38.65
-37.80
-36.51
-36.08
-36.61
-31.37
-29.43
-30.69
-30.71
-31.76
-31.59
-32.36
-31.30
-28.21
-31.12
-26.59
-29.81
-29.59
-29.79
-31.89
-33.79
-33.19
-28.92
-30.67
-29.43
-25.90
-19.20
-20.13
-32.08
-38.71
-26.92
-8.93
13.65
43.06
75.86
105.53
135.80
174.70
216.60
256.77
304.93
359.93
457.53
476.30
479.50
524.83
554.80
560.77
543.87
612.57
548.53
680.73
687.93
644.33
733.43
637.00
683.90
731.20
756.27
573.87
585.90
632.17
575.73
381.47
341.10
426.68
382.31
372.50
269.21
117.27
83.80
54.55
59.41
63.18
129.98
98.28
62.05
4.18
-10.34
-26.05
-32.16
-36.07
-37.39
-37.62
-37.59
-42.37
-40.28
-36.47
-35.13
-34.63
-35.63
-34.37
-31.96
-33.85
-38.45
-36.59
-34.39
-34.93
-36.84
-34.27
-35.30
-34.56
-33.96
-34.61
-33.45
-30.76
-29.51
-29.51
-27.96
-27.59
-29.85
-32.79
-31.58
-29.54
-27.79
-31.45
-29.06
-26.18
-26.55
-27.18
-28.89
-27.39
-25.49
-24.12
-24.92
-24.91
-15.51
-6.57
15.78
59.96
108.24
122.97
158.13
198.00
222.90
262.90
337.30
424.27
411.30
487.00
465.90
393.07
563.20
583.30
612.90
431.87
537.50
536.37
510.73
626.97
714.13
755.67
588.20
450.37
287.26
331.40
527.35
372.00
517.74
470.90
483.00
438.61
399.73
350.33
336.90
326.37
375.33
348.50
321.07
253.37
215.27
165.75
123.01
72.45
26.04
-17.84
-39.10
-41.63
-40.27
-40.46
-37.39
-34.83
-34.76
-31.62
-28.15
-41.93
-42.20
-34.82
-44.27
-42.48
-45.65
-38.25
-29.96
-28.20
-32.23
-33.01
-34.93
-32.26
-31.41
-33.73
-33.92
-31.48
-32.55
-26.55
-27.50
-23.82
-23.24
-21.26
-26.37
-24.47
-26.27
-27.80
-28.69
-34.50
-29.67
-27.95
-28.85
-30.57
-30.79
-29.60
-29.85
-27.05
-9.24
8.10
25.99
65.94
109.51
168.30
216.47
282.90
317.90
350.03
345.23
439.93
518.73
404.40
477.73
595.60
585.27
565.13
582.33
701.17
559.83
548.07
472.93
665.33
520.63
532.63
558.83
627.93
607.30
616.50
630.47
494.63
449.20
525.67
631.33
587.77
581.00
511.20
401.20
347.13
314.43
223.60
175.16
155.80
13.30
26.42
28.21
-4.97
-23.45
-28.22
-34.18
-35.06
-36.60
-35.16
-33.78
-31.20
-32.17
-33.50
-39.20
-41.28
-41.98
-39.15
-38.73
-37.45
-32.70
-33.02
-26.87
-26.48
-31.87
-32.77
-29.57
-24.79
-23.68
-17.50
-18.24
-19.92
-24.68
-44.91
-33.19
-33.53
-34.34
-32.57
-26.77
-17.90
-17.60
-20.72
-22.75
-23.29
-25.43
-22.08
-19.20
-19.82
-24.31
-29.72
-23.93
-16.96
-5.89
22.76
31.43
60.89
89.33
120.50
139.56
216.17
262.23
389.60
308.40
349.90
365.43
460.13
595.70
527.27
554.47
577.50
545.97
464.23
507.70
616.37
628.00
746.33
699.17
832.00
664.33
796.00
524.10
578.20
623.53
610.57
516.67
547.77
485.53
448.10
422.77
392.00
398.30
374.83
349.93
342.47
260.30
200.40
145.45
109.62
12.39
-9.98
-25.62
-34.39
-39.06
-40.09
-38.12
-36.55
-34.31
-31.74
-42.23
-34.25
-31.94
-30.35
-29.18
-29.02
-29.38
-29.34
-30.19
-30.65
-30.01
-29.44
-29.90
-30.19
-29.33
-28.55
-29.24
-30.61
-31.41
-30.27
-28.95
-27.70
-30.38
-31.95
-31.49
-25.24
-22.16
-21.47
-21.61
-18.40
-19.60
-20.13
-17.52
-18.69
-25.16
-21.72
-17.05
-19.34
-15.67
-13.72
-10.44
15.03
33.77
67.69
107.09
131.16
161.27
185.60
222.54
251.50
287.60
318.77
346.80
368.67
393.03
461.30
429.13
506.17
450.87
566.53
614.20
504.43
230.29
303.43
252.89
285.58
402.49
467.46
355.57
247.19
132.35
86.25
81.93
112.44
139.88
137.70
1.26
11.82
44.85
99.73
115.54
88.48
37.08
26.56
28.06
25.04
15.80
2.93
-14.18
-16.23
-17.83
-18.17
-19.97
-22.32
-25.14
-25.33
-24.09
-24.43
-23.73
-22.66
-22.60
-22.77
-22.48
-22.71
-23.83
-26.32
-25.96
-26.02
-27.07
-25.55
-21.97
-22.73
-24.94
-26.68
-31.26
-25.83
-21.09
-19.46
-18.24
-20.24
-21.51
-22.26
-23.69
-23.47
-20.76
-20.83
-20.57
-20.41
-17.84
-12.66
-13.82
-13.42
-9.62
-8.15
-6.37
-2.65
1.45
10.98
27.67
49.26
83.60
121.44
147.50
201.83
226.27
258.97
234.10
339.67
314.60
329.47
344.47
350.00
406.30
456.73
508.13
452.40
450.70
443.37
408.27
463.53
605.80
506.27
664.77
695.37
633.17
525.67
470.73
470.77
581.17
588.80
584.30
520.30
621.40
596.37
483.33
363.30
354.83
295.73
248.97
221.47
183.17
141.54
110.79
65.30
4.53
-22.90
-31.75
-34.99
-34.07
-32.80
-31.11
-34.17
-33.52
-29.93
-29.63
-30.65
-31.18
-31.67
-32.39
-34.00
-32.88
-31.40
-26.56
-29.00
-32.28
-32.61
-29.19
-30.51
-32.72
-32.36
-29.02
-22.89
-26.93
-32.17
-33.46
-33.12
-32.68
-33.18
-33.86
-33.27
-33.47
-34.65
-34.68
-34.65
-34.42
-33.80
-31.51
-32.23
-30.53
-28.74
-25.49
-17.73
-10.75
0.17
13.10
43.87
63.17
84.71
147.43
186.73
203.47
215.53
254.30
255.13
293.30
372.13
295.87
322.33
435.37
466.10
343.77
306.30
286.53
328.30
505.37
602.00
461.27
375.83
530.23
662.17
606.47
662.57
633.20
532.40
560.50
719.10
639.80
598.93
553.07
522.23
474.33
427.80
408.03
329.87
248.53
160.76
120.64
95.77
60.63
31.93
-24.85
-29.22
-30.67
-39.28
-37.58
-43.00
-42.64
-39.68
-33.22
-30.77
-28.16
-30.11
-30.10
-30.86
-30.33
-29.26
-29.73
-29.86
-29.95
-30.68
-30.06
-29.40
-25.89
-21.47
-19.82
-19.14
-17.98
-18.64
-19.76
-21.12
-20.71
-20.82
-21.04
-22.65
-23.41
-22.88
-21.58
-18.99
-19.04
-19.27
-20.67
-23.72
-20.13
-20.83
-22.94
-23.36
-18.85
-13.78
-1.49
20.78
43.17
46.87
64.96
112.16
94.47
127.73
165.53
213.13
253.83
239.07
374.70
384.03
392.97
469.53
459.17
551.33
596.13
598.30
660.83
470.73
436.23
457.37
394.91
384.58
233.10
274.95
320.34
222.72
329.64
350.35
438.05
418.08
404.68
406.39
321.56
215.18
232.37
152.76
156.55
147.43
133.17
88.63
48.85
50.83
27.39
4.35
-2.49
-11.21
-17.06
-28.01
-28.62
-27.22
-28.51
-31.87
-30.43
-36.06
-33.22
-29.47
-29.52
-25.35
-27.64
-29.79
-30.98
-31.20
-31.38
-30.93
-30.42
-31.04
-29.78
-23.38
-18.48
-17.27
-17.41
-18.29
-22.59
-24.04
-24.98
-24.38
-24.34
-26.25
-26.29
-25.86
-24.41
-24.69
-27.62
-28.75
-28.81
-30.29
-31.26
-29.29
-28.65
-28.02
-24.04
-22.20
-23.54
-11.35
18.23
56.83
39.40
58.54
126.07
164.87
186.70
295.07
349.13
358.57
382.97
329.83
357.73
354.70
371.67
424.57
397.33
426.80
453.43
546.57
637.33
585.37
666.77
636.07
725.97
684.00
635.20
689.53
634.93
595.13
503.77
621.67
549.27
546.27
514.47
438.90
494.23
459.03
410.80
329.23
277.27
246.43
189.83
142.13
75.12
60.77
19.56
-17.34
-29.94
-46.24
-38.57
-36.06
-32.41
-32.78
-24.25
-21.46
-22.42
-36.82
-33.18
-21.74
-23.84
-22.08
-20.65
-19.40
-19.40
-20.91
-20.56
-16.70
-17.48
-19.41
-17.97
-21.09
-23.85
-26.07
-25.74
-22.12
-21.21
-21.19
-25.35
-26.10
-23.55
-21.03
-20.26
-19.14
-18.19
-16.99
-16.04
-15.37
-17.85
-17.14
-16.54
-15.34
-15.07
-13.33
-13.35
2.29
23.98
42.04
51.48
64.07
97.17
151.04
128.57
226.10
248.37
252.77
280.70
351.17
393.10
445.63
562.80
481.67
530.33
640.00
606.70
719.03
768.00
677.90
744.93
746.33
709.20
535.13
518.63
470.94
380.96
360.87
286.01
233.10
268.85
215.98
130.50
110.95
196.33
137.95
40.91
26.44
-6.97
-2.50
-7.76
3.41
5.76
1.83
-10.66
-22.17
-24.80
-22.06
-20.07
-19.17
-18.24
-17.65
-19.87
-21.30
-19.59
-26.63
-23.42
-22.41
-22.17
-19.82
-20.09
-22.28
-24.34
-24.49
-25.20
-23.66
-23.61
-21.06