-30.67
-31.09
-31.33
-31.93
-30.95
-29.34
-27.21
-29.15
-29.66
-32.05
-33.2
-34.96
-33.21
-33.74
-33.38
-31.31
-32.04
-31.67
-31.63
-32.31
-30.7
-27.8
-18.84
-3.946
22.2
47.07
82.8
84.7
153.4
121.1
88.6
239
282.8
389.3
415.2
528.2
545.2
575.4
616.3
588
720
681.1
707
740
767
793
589.3
376
389.6
856
795
596.9
694.2
776
594.4
277.4
725
648.3
581.3
578.3
202.5
141.7
346
207
367.8
96.4
18.51
27.37
48.94
19.62
6.545
-11.99
-26.67
-39.18
-46.74
-46.51
-40.69
-41.36
-43.2
-39.61
-38.24
-39.13
-39.14
-38.37
-36.63
-35.17
-34.67
-32.45
-31.25
-30.14
-30.73
-28.68
-29.89
-28.67
-26.84
-26.92
-26.6
-25.65
-25.82
-26.74
-28.11
-29.4
-29.78
-30.16
-30.98
-31.59
-30.41
-29.15
-29.98
-28.67
-31.77
-31.89
-31.92
-33.44
-34.48
-33.58
-32.78
-30.55
-20.84
-3.646
28.43
53.78
90.1
117.4
150.4
184.9
247.2
296.2
337.9
363.3
405
458.8
517.7
512.5
663.9
209.9
526.1
420.2
482.6
305.2
688.9
584.3
729
632.9
223.8
589.5
118.6
163.5
651.6
809
683.2
350.3
247.6
187.6
458.3
602.4
457.6
76.5
54.46
38.44
34.36
46.47
54.23
44.86
39.51
32.77
15.92
12.6
-4.538
-22.86
-32.13
-36.24
-35.12
-36.23
-36.1
-34.84
-33.25
-34.64
-32.46
-34
-31.26
-31.47
-29.4
-29.11
-31.96
-28.8
-24.74
-26.28
-28.83
-28.63
-25.97
-18.55
-14.76
-13.45
-18.82
-29.75
-29.62
-30.22
-31.61
-31.02
-28.19
-25.76
-24.68
-26.22
-24.84
-22.58
-22.53
-12.51
-4.672
-19.94
-26.86
-26.87
-26.77
-25.36
-22.15
-9.56
8.98
28.57
64.16
50.03
94.3
105.3
188.3
301.1
229.4
388.2
433.2
518.2
569.6
593.5
610.9
357.6
569.6
558.2
564.5
521.4
558.6
425.9
395
422.3
328.7
257.6
239.4
274.2
369.5
596.4
488.4
416.6
330.2
271.5
279.8
225.6
125.1
93.7
41.75
-26.6
-29.17
-13.4
-9.97
-7.56
-3.766
3.473
1.428
16.8
3.92
-15.16
-41.23
-43.27
-39.22
-47.81
-58.2
-57.96
-53.12
-49.58
-47.77
-49.09
-47.18
-45.97
-44.61
-44.08
-40
-36.57
-33.73
-20.51
-18.91
-24.05
-21.51
-16.83
-15.99
-24.92
-26.88
-17
-15.83
-24.06
-20.45
-13.29
-11.31
-10.4
-9.72
-8.46
-9.37
-9.69
-9.62
-10.77
-10.15
-10.53
-11.38
-11.84
-11.85
-11.56
-7.88
-1.927
13.37
23.85
32.73
43.01
64.58
130.2
167.4
299.9
336
391.1
472.6
546
572
598.4
351
428.5
397.7
445.8
380
502.3
354.6
627.3
734
625.2
497
634.9
648.5
463.7
519.8
530.8
525.4
683
364.2
400.9
367.9
283.2
365.9
348.5
257.9
210.1
228.7
194.7
145.2
25.22
-20.05
-30.5
-33.75
-20.87
-31.68
-42.06
-57.5
-63.37
-68.43
-70.5
-76.4
-77.4
-76.9
-78.8
-78.2
-76.7
-76.1
-77.9
-73.3
-73.3
-71.9
-71.1
-71.4
-74.2
-73.3
-72.6
-71.8
-72.4
-71.5
-69.35
-68.99
-68.79
-67.48
-67.53
-68.36
-69.18
-67.73
-68.45
-68.35
-68.67
-67.24
-65.59
-66.36
-65.18
-63.95
-62.42
-62.05
-63.52
-63.27
-62.02
-65
-51.98
-26.4
4.846
38.52
77.8
131.7
176.2
224.8
272.2
327.4
381.9
420.6
466.8
512.8
552
600.4
606.4
641.6
670.4
700
681.3
692.2
752
798
782
756
781
798
782
752
736
711
713
673.2
640.7
607.6
589.7
555.7
531.4
474.7
423.3
384.9
313.8
198.8
41.89
71.8
74.3
16.64
-11.13
-42.55
-64.37
-77
-70.2
-69.56
-69.94
-72
-67.78
-63.81
-62.01
-60.29
-67.22
-67.57
-65.98
-59.63
-54.73
-59.71
-59.3
-53.25
-51.98
-63.58
-68.94
-63.46
-65.33
-67.4
-67.2
-70.4
-65.67
-63.89
-63.63
-64.5
-63.84
-61.94
-63.66
-62
-63.34
-60.16
-59.68
-58.78
-59.67
-59.79
-59.06
-57.12
-56.07
-53.23
-48.16
-46.39
-35.16
-13.56
15.4
48.37
81.1
117.8
162.3
210.3
261
317.5
363.6
393.4
457.2
494.1
531.4
563.1
600.6
636.1
653.2
679
696.6
707
757
753
776
738
761
742
729
737
703
709
680
666.1
616.8
597.8
511.9
540.5
495.6
444.9
407
328.3
262
249.2
197.4
135.4
86.4
37.47
-5.96
-38.21
-65.08
-73.5
-73.5
-67.68
-63.65
-61.22
-64.51
-64.73
-64.89
-66.13
-62.6
-62.82
-63.88
-61.92
-59.27
-57.53
-57.29
-60.14
-64.18
-57.41
-52.64
-51.68
-51.54
-56.14
-59.8
-59.73
-59.61
-58.93
-56.36
-53.25
-51.84
-47.32
-51.92
-44.75
-41.66
-42.04
-42.32
-43.82
-45.24
-43.82
-40.28
-38.72
-41.25
-41.85
-38.17
-29.92
-20.05
-6.412
17.39
40.82
72.6
103.3
128.4
188.8
243.7
296.1
353.9
410.3
452.1
441.7
484.6
545
600.4
627
650.2
678.8
679.9
696
705
724
759
749
765
757
745
731
721
709
684.7
634.8
595.7
506
454.2
335.4
487.2
418.2
215.1
209.5
287
258.2
151.3
135.6
135
95
33.6
-9.25
-45.69
-58.73
-58.27
-54.28
-51.79
-51.54
-52.47
-54.61
-51.86
-50.72
-49.34
-48.73
-47.55
-46.1
-44.28
-45.16
-38.99
-38.47
-34.23
-34.13
-26.4
-38.35
-30.36
-18.43
-17.68
-13.3
-11.23
-8.69
-19.37
-19.86
-12.93
-14.6
-22.01
-20.21
-22.41
-20.16
-34.29
-36.06
-38.58
-24.6
-13.33
-13.44
-14.33
-16.5
-24.36
-15.43
-7.19
-0.369
9.9
11.74
17.73
56.75
96.9
87.2
116.8
132.9
169.3
252.3
307.6
345.8
489.8
513.3
419.1
437.2
772
596.4
674.3
654.7
841
782
718
785
736
706
670.9
602.2
163.6
-2.371
50.98
55.68
35.97
48.76
98.8
118.1
240.2
155.1
95.6
79.1
77.9
65.43
47.48
25.88
10.62
-2.681
-11.85
-18.54
-21.81
-23.76
-25.26
-24.88
-23.83
-23.43
-23.87
-23.96
-23.36
-21.74
-21.24
-21.31
-22.5
-23.77
-22.23
-24
-28.52
-34.2
-35.49
-34.52
-33.1
-32.37
-28.09
-25.33
-26.41
-30.97
-26.8
-23.57
-23.26
-26.47
-27.15
-24.45
-23.47
-21.83
-21.29
-22.34
-22.28
-26.31
-30.13
-28.31
-30.46
-30.76
-29.14
-29.1
-28.36
-22.06
-7.58
9.62
32.59
58.34
91.2
150.8
182.8
253.4
226.9
236.1
258.3
433
488.6
500.1
577.1
541.1
450.8
475
602.8
630.4
647.9
624.3
679.3
731
771
798
760
798
694.1
665
762
744
714
677.4
619
522.5
568.6
600.4
445.9
454.1
431.1
311
231.9
247.5
221.3
186.2
133.4
82.1
36.76
-11.89
-43.71
-51.11
-51.42
-50.78
-47.02
-45.85
-47.22
-47.14
-46.8
-46.93
-46.04
-45.5
-44.98
-43.25
-41.72
-41.03
-41.23
-41.61
-41.04
-41.07
-40.91
-41.85
-42.19
-42.81
-37.05
-34.87
-25.88
-20.97
-14.63
-15.83
-19.21
-24.69
-29.53
-26.89
-22.74
-25.11
-24.84
-26.93
-35.92
-34.59
-31.45
-33.96
-38.27
-30.64
-18.91
-9.93
6.192
44.13
83.3
134.8
191.8
258.5
313.2
206.7
176.6
421
338
245.2
273.4
398
460
670
542.6
659.8
673.1
723
755
777
850
789
534.2
819
853
759
860
752
791
723
590.2
769
494.3
685.2
251.8
447.4
572.8
491.9
325.6
370.9
321.6
408.5
352.3
237.5
94.4
74.3
36.34
-3.528
-21.52
-40.95
-48.72
-47.21
-46.93
-47.06
-45.84
-44.34
-43.36
-44.28
-45.59
-45.94
-45.19
-45.4
-44.85
-43.32
-43.34
-41.95
-42.13
-40.87
-41.23
-39.25
-38.47
-37.13
-35.85
-37.94
-38.05
-35.72
-38.28
-39.34
-39.02
-39.35
-39.18
-39.28
-38.44
-39.98
-41.22
-41.65
-41.04
-40.34
-39.97
-39.98
-38.66
-36.73
-32.36
-28.68
-25.87
-7.23
18.51
48.59
86.7
132.9
176.3
229.6
276.1
320.7
375.3
429.5
470.9
501.7
545.5
553.9
587
647.2
677.3
688.5
683.5
484.9
523.1
484.6
299
765
647.8
871
671.4
509.3
801
672.8
520.3
642.9
372.7
436.1
533.9
404.7
331.9
206.1
128.5
42.99
46.3
56.65
41.32
-0.063
-98.8
-45.26
-94.3
-62.57
-87.4
-86.1
-72.3
-65.92
-49.9
-36.67
-31.84
-22.26
-16.37
-15.67
-19.27
-23.3
-26.39
-25.96
-25.97
-24.59
-17.86
-18.11
-17.02
-13.3
-10.04
-6.492
-6.27
-8.32
-10.46
-12.18
-10.46
-14.64
-16.1
-12.23
-8.86
-9.86
-14.36
-8.55
-8.14
-28.22
-19.39
-8.81
-6.678
-10.13
-9.84
-7.44
-3.809
-4.527
-6.111
-7.14
-7.64
-7.48
-6.594
-5.866
-5.179
-4.142
-1.784
0.929
2.167
4.464
6.143
10.64
13.95
19.7
21.05
29.46
35.1
46.28
66.77
87.9
109.7
150
180.8
221.1
218.5
242.8
244.1
225.3
219.1
212.6
204.6
218.5
227.3
225.9
236.1
251.1
272.6
283.9
287.8
320.8
287.3
436.6
388.1
351.7
228.2
134.9
42.43
5.743
-8.81
-21.53
-33.35
-38.73
-40.24
-39.17
-37.43
-38.4
-36.89
-37.08
-37.91
-36.24
-35.29
-35.39
-34.98
-32.61
-30.14
-28.01
-29.89
-32.55
-32.38
-27.74
-24.66
-20.93
-17.38
-19.21
-26.74
-32.5
-31.65
-29.85
-32.11
-31.13
-28.52
-29.4
-30.09
-31.59
-31.25
-28.79
-27.18
-27.34
-27.85
-28.48
-28.25
-29.25
-30.74
-31.11
-29.62
-21.53
-3.946
16.42
42.43
66.07
79
114.6
142.3
154.7
242.3
296.1
351.6
411.5
420.1
476
501.2
539.6
637.6
703
705
524.1
605
785
712
729
792
741
851
836
621.2
587.9
750
620.8
671.1
44.16
1.448
192
532.3
451.7
274.4
161.6
128.9
105.6
81.2
67.48
70.5
133.6
190.4
115.5
39.29
-4.468
-28.79
-34.71
-34.55
-33
-33.49
-33.02
-32.8
-33.63
-31.53
-25.87
-24.7
-30.53
-32.29
-26.21
-18.52
-22.9
-18.67
-12.1
-13.95
-16.64
-15.95
-14.2
-15.23
-11.38
-11.8
-12.76
-12.64
-13.85
-13.31
-16.03
-20.45
-20.26
-18.49
-18.4
-20.85
-23.18
-12.41
-3.178
-3.788
-8.23
-12.72
-22.83
-28.07
-27.2
-27.64
-21.16
-9.37
5.654
25.58
47.09
69.04
95.5
131
143
153.2
186.7
222.7
276.8
386.4
385.9
687.1
600.2
545.8
476.5
439.9
455.3
456.7
513.1
394.8
520.2
916
722
549.8
534.7
657.5
481
611.1
459.1
432.6
726
719
727
609.9
471
411.4
354.2
293.9
348.2
433.9
301.8
177.3
110.8
95.2
54.68
17.9
-13.46
-34.62
-41.21
-42.93
-42.65
-41.44
-40.48
-40.42
-39.7
-40.29
-38.91
-38.92
-37.3
-35.68
-33.52
-33.76
-34.05
-33.32
-20.27
-31.29
-26.36
-28.7
-28.48
-28.6
-25.61
-19.34
-19.98
-10.95
-5.39
-7.41
-13.85
-20.7
-23.97
-23.2
-20.52
-18.88
-14.51
-10.5
-13.23
-20.43
-20.1
-14.53
-12.16
-6.692
-6.702
-9.33
-14.7
-12.01
-10.24
-2.114
14.76
24.64
35.26
58.05
106.4
117.4
89.6
102.5
116.5
133.8
129.7
158.4
211.1
268.5
218.2
203.2
275.9
389.9
372.7
375.4
373.6
461.5
441.4
505.5
575
533.7
583.8
606.4
436.9
328.7
549.3
230.6
212.5
226.3
251.3
342.4
599.5
470
551.5
324.2
263.2
78.2
50.79
34.27
21.58
7.9
-3.303
-17.61
-39.36
-27.38
-23.13
-20.01
-13.36
-11.34
-10.51
-11.14
-10.38
-12.19
-13.99
-12.11
-11.25
-10.31
-10.7
-11.56
-11.24
-12.81
-14.65
-15.81
-16.33
-15.85
-15.62
-15.11
-16.22
-14.93
-15.46
-13.92
-14.14
-13.8
-12.36
-8.19
-7.74
-10.29
-11.83
-11.42
-11.03
-10.95
-10.33
-8.65
-7.92
-5.881
-8.57
-5.831
-6.042
-2.946
-2.877
-2.962
6.317
9.02
11.27
19.56
28.64
62.29
84.8
97.7
98.6
43.66
47.42
65.96
35.87
35.09
139.4
243
234.7
363.6
399
532.6
597.9
469.8
526.7
628.2
639.3
462.5
694.1
478.8
693.8
475.2
99.2
113.7
-12.21
127.7
376.4
276.4
392.9
387.9
386.8
406.8
334.8
189.4
121.5
52.61
24.61
8.02
-10.44
-29.48
-36.63
-38.65
-38.23
-37.43
-35.64
-34.68
-33.15
-31.45
-31.27
-31.12
-29.63
-29.59
-28.18
-27.01
-26.8
-27.75
-28.2
-26.77
-16.74
-11.05
-10.46
-15.33
-26.56
-29.18
-27.77
-16.93
-11.27
-17.1
-9.58
-12.25
-14.41
-14.27
-20.25
-22.94
-27.41
-29.59
-28.9
-29.21
-24.23
-14.9
-8.85
-11.43
-11.69
-15
-10.23
4.575
8.94
10.57
25.89
36.46
60.39
118.6
171
237.4
319.6
403.8
436.1
472.4
489.7
480.8
527.4
518.7
713
696.3
662.3
372.3
661.1
668.5
788
661.7
418.2
910
807
860
833
595.9
623
554.4
761
719
600.7
576.8
624.5
612.4
534.5
501.1
436.7
374.1
315.3
261
207.5
152.1
101
46.2
2.777
-39.46
-49.7
-51.3
-53.61
-52.41
-51.01
-51.18
-51.45
-53.93
-54.52
-59.03
-58.73
-53.33
-50.41
-41.96
-40.95
-42.66
-45.26
-46.03
-44.64
-46.02
-43.81
-42.54
-41.45
-41.04
-38.36
-38.44
-39.38
-41.21
-42.61
-41.77
-40.36
-39.87
-39.45
-39.8
-40.1
-40.5
-40.7
-41.21
-40.03
-38.42
-40.59
-39.78
-38.56
-34.84
-34.47
-29.37
1.795
33.32
68.49
84.9
120.4
205.5
197.7
281.9
332.7
382.9
428.6
481.8
519.8
550.1
599.2
510.8
519.7
795
760
437.7
789
742
709
901
835
726
841
847
800
413.5
635.2
570.9
561.6
633.8
730
569.1
653.7
498.5
439.2
515.6
203.1
332.8
332.9
159.345
146.45
159.05
169.6
110.14
51.945
-11.654
-32.825
-37.9
-39.31
-38.73
-37.155
-36.43
-33.895
-29.945
-26.23
-26.87
-25.08
-26.21
-25.78
-35.39
-37.085
-32.855
-32.33
-33.315
-29.825
-34.29
-34.05
-31.955
-30.15
-25.78
-26.96
-24.04
-22.38
-25.53
-20.84
-10.88
-10.57
-9.43
-16.62
-38.63
-28.99
-25.98
-36.62
-31.43
-18.91
-21.2
-22.54
-23.6
-21.75
-20.09
-11.39
2.083
5.979
19.02
27.58
39.35
70.8
75.5
152.9
205.3
201.6
295.1
292.2
249.6
201.2
230.4
237.3
275.1
187.4
201.4
161.3
274.1
551.6
452
441.2
429.4
165.3
3.81
12.58
-2.586
3.602
2.99
19.64
15.87
36.08
54.83
90.6
98
60.57
81.3
96.2
40.69
12.52
-3.718
-7.46
-7.46
-5.772
-3.943
-4.344
0.934
28.06
8.7
-7.29
-19.99
-19.03
-19.57
-22.11
-20.64
-21.32
-11.4
-11.26
-12.06
-13.53
-17.09
-12.79
-11.38
-9.97
-9.84
-10.69
-6.599
-5.949
-6.467
-2.779
-2.708
-2.853
-4.817
-6.62
-11.1
-11.55
-11.55
-14.02
-14.93
-14.16
-13.78
-13.75
-19.97
-13.45
-11.61
-9.46
-8.9
-6.81
-10.4
-12.14
-11.83
-13.29
-26.13
-18.69
-9.57
17.98
31.19
38.22
34.93
108.2
124.1
91
99.4
121
121.4
143.2
139.1
133.4
91.6
202.4
431.2
310.7
243
575.5
432.2
538
519.8
593.8
646.3
596
638.9
664.4
489.6
494.7
719
839
617.3
504.6
578
706
690.6
385.8
470.9
323.5
434.2
412.4
425.2
324.8
184.5
250.2
210.1
86.2
19.33
-9.12
-21.2
-27.05
-35.4
-32.68
-30.94
-15.42
-35.98
-32.69
-14.41
-31.47
-32.18
-26.78
-29.23
-30.72
-28.29
-26.85
-17.78
-23.48
-27.86
-30.99
-28.21
-29.03
-31.85
-32.23
-30.16
-17.23
-10.86
-10.9
-15.03
-26.89
-32.18
-34.22
-34.91
-34.91
-33.76
-34.82
-34.71
-36.7
-40.75
-39.02
-39.09
-38.76
-38.5
-34.49
-23.72
-20.83
-21.88
-17.91
-7.36
19.14
-41.03
-17.52
38.27
181.9
129.1
122.6
138.4
154.1
407.4
581.7
558.4
668.9
614.8
433.2
535.6
646.2
701
763
748
776
760
767
828
684.8
595.9
726
754
751
495.3
627.5
668
622.9
637.9
483
585.6
528.2
448.9
452.7
308
246.1
226.1
215.6
128.8
75.6
35.29
10.07
-20.29
-39.82
-42.81
-41.96
-43.11
-42.77
-41.24
-40.44
-39.65
-39.05
-39.47
-38.8
-38.1
-36.36
-35.61
-35.3
-37.01
-38.44
-38.47
-37.33
-34.44
-33.94
-32.52
-29.08
-29.82
-35.07
-37.71
-36.04
-38.8
-37.45
-35.2
-36.92
-37.41
-37
-36.07
-37.13
-37.2
-36.89
-37.1
-37.08
-36.62
-34.11
-20.41
-6.271
-6.675
-9.22
-11.27
-11.37
14.91
45.23
83.1
125
172.1
215.1
272.8
328.3
367
423.3
493.9
513.3
529.7
566.9
598.4
640.3
684.3
693.7
724
754
645.2
788
679.1
890
777
430.7
579.6
690.8
636.2
786
352.2
244.1
158.4
49.51
-14.06
-60.48
-23.79
-40.18
-54.25
-66.17
-43.12
-32.07
-3.75
10.89
0.457
-3.299
-7.06
-11.71
-14.82
-25.48
-29.77
-30.85
-32.27
-29.29
-38.9
-32.94
-26.9
-24.58
-25.73
-25.69
-25.29
-24.45
-26.65
-36.41
-31.82
-25.07
-28.98
-32.1
-28.95
-31.59
-29.4
-25.65
-27.91
-22.36
-17.66
-16.06
-16.74
-10.53
-11.12
-18.54
-29.4
-22.17
-17.18
-16.72
-23.71
-17.62
-12.01
-13
-13.82
-18.34
-18.09
-13.72
-13.63
-16.19
-15.03
2.534
9.87
26.05
54.31
80.9
78
114.4
139.8
151.8
159.3
317
516.5
416.1
422
355.5
282.3
587.8
714
704
386.8
472.7
494.6
505.5
672.9
799
820
852
740
679.3
746
767
734
731
624.2
631.7
579.6
485.6
318.9
278.7
259.8
328.5
395.4
359.8
273.6
225.5
165.7
130.3
75.9
23.76
-29.22
-45.34
-44.64
-40.69
-40.81
-34.37
-31.55
-39.02
-41.49
-41.86
-40.66
-40.19
-40.1
-37.84
-38.66
-37.85
-36.55
-27.07
-29.15
-35.43
-35.82
-35.06
-29.44
-34.9
-34.79
-36.69
-36.3
-35.55
-32.46
-20.03
-6.166
-5.623
-1.959
-14.3
-10.11
-8.87
-6.027
-6.108
-25.67
-12.27
-9.84
-10.53
-12.78
-13.48
-14.01
-12.17
-4.915
10.2
21.31
33.18
37.89
85.3
189.6
256.8
355.4
360.8
369.1
274.2
460.5
618
197.8
342.3
642.7
603.8
393.5
398.6
692.6
314.5
678.4
413.6
709
321.4
56.89
227.7
309.8
203.9
298.5
301.4
290.7
407.3
464.6
475.9
554.3
464.2
442.3
164.9
85.7
78.9
84.3
80.5
75.7
53.02
68.09
33.45
-5.517
-16.72
-23.36
-29.32
-27.78
-28.28
-25.04
-27.05
-26.99
-25.9
-22.6
-29.66
-32.92
-29.95
-23.66
-23.23
-25.26
-27.07
-28.96
-12.96
-15.18
-27.91
-34.51
-26.65
-18.24
-17.42
-15.6
-15.82
-18.61
-19.31
-15.53
-12.07
-14.65
-15.52
-15.93
-17.83
-17.53
-16.11
-16.35
-18.1
-18.48
-20.29
-20.65
-20.25
-21.36
-23.76
-25.68
-22.61
-11.49
-1.352
31.25
63.96
127.8
149.7
156
174.5
258.1
216.3
343.8
289.5
510.8
550.8
453.4
615.8
375.7
592.5
609.3
446.1
263.5
166.7
245.1
327
701
612.5
889
673
764
229.8
217.6
406.6
408.6
271.5
299.2
150.5
83
69.92
97.7
125.2
161.6
179.8
277.3
305.1
187.3
47.74
16.46
1.986
-8.67
-17.8
-23.49
-24.31
-23.44
-24.35
-22.72
-13.18
-7.96
-38.78
-13.79
-8.62
-7.19
-7.22
-8.8
-9.35
-6.751
-6.43
-6.987
-6.778
-6.602
-8.52
-10.5
-10.29
-12
-14.32
-16.57
-20.67
-15.3
-11.96
-8.07
-13.72
-22.43
-23.33
-22.94
-10.46
-7.07
-6.972
-6.021
-5.839
-5.776
-6.467
-11.56
-19.59
-18.05
-13.27
-16.05
-11.03
-2.957
1.497
7.2
25.72
40.24
56.85
47.47
45.79
38.7
54.52
74.1
80.4
84.2
92.4
64.9
73.3
108
97
167.2
97.3
239.7
451.2
43.28
116.1
95.5
64.87
5.549
1.879
21.78
48.02
23.68
-0.343
3.003
-6.794
-2.911
-5.057
-3.349
-2.249
-2.177
-4.421
-5.411
-5.82
-5.244
-5.062
-2.832
-3.275
-2.278
0.319
0.24
-1.998
-5.807
-8.08
-6.551
-9.25
-11.84
-12.99
-12.76
-11.61
-11.53
-10.88
-11.72
-11.59
-11.51
-12.62
-13.16
-14.88
-16.59
-15.24
-14.13
-18.32
-19.08
-15.59
-9.12
-9.09
-12.97
-18.85
-10.8
-3.294
-2.737
-2.666
-3.389
-2.415
-4.913
-7.48
-7.35
-7.19
-10.02
-11.31
-11.25
-10.09
-9.45
-9.29
-8.95
-5.818
-2.619
-3.907
-4.712
-2.26
2.299
10.43
25.91
51.09
63.72
72.8
79.5
83.2
84.3
101.2
131.7
156.3
180.6
184
170.9
212.1
214.1
188.2
174.2
173.5
173.1
188.2
265.2
562.8
504.4
610.9
550.1
581.3
579.8
476.4
523.4
420.9
549.8
476
543.9
637.6
566.4
389.4
276.6
215.8
189.2
131.4
158
95.7
41.21
37.18
42.56
-2.544
-18.99
-28.31
-29.5
-27.6
-23.53
-24.02
-28.12
-32.11
-35.09
-34.31
-34.2
-34.06
-33
-32.99
-32.71
-32.46
-31.78
-30.12
-30.37
-30.39
-30.93
-32.06
-32.05
-32.54
-31.12
-28.58
-24.84
-29.68
-31.83
-32.68
-31.33
-31.05
-31.82
-32.83
-32.61
-33.95
-36.38
-35.57
-35.05
-35.09
-33.03
-24.17
-27.21
-30.39
-32.42
-29.85
-18.51
-2.281
18.05
43.09
93.9
94.3
98.7
203.6
263.5
298.5
380
409.4
346.8
376.9
555.9
310.5
418.1
685.5
652.3
267.2
204.6
191.9
256.2
665.7
850
399.7
409.3
440.2
390.5
309.3
567
507.3
301.6
393.1
885
754
697
669.1
596.5
537.2
504.9
456.4
407.1
352.9
305.9
243.8
190.7
137.8
86.1
18.54
-22.77
-35.36
-40.96
-43.24
-43.45
-41.38
-40.47
-39.91
-38.32
-35.13
-36.53
-36.1
-35.22
-35.43
-34.54
-35.65
-35.21
-33.05
-32.43
-30.49
-31.23
-22.69
-11.5
-9.73
-9.5
-8.96
-10.38
-12
-12.57
-13.16
-13.92
-15.54
-14.34
-14.58
-20.73
-18.23
-10.39
-10.53
-12.42
-17.24
-24.87
-14.85
-16.04
-20.24
-21.5
-8.39
-2.869
25.57
63.95
97.6
118.2
98.8
127.4
164.2
200.9
256.6
343
439.3
297.4
455.6
610.1
456.8
680.4
685.9
698.6
690.4
624.3
833
522.3
431.3
191.1
22.63
-9.46
-1.19
-4.535
-6.076
-2.934
9.92
-4.159
-11.44
-2.748
-3.373
-0.528
2.489
4.754
2.821
1.57
1.76
5.495
9.41
11.99
14.97
13.12
6.126
2.222
-4.532
-14.14
-15.93
-18.06
-14.14
-12.96
-15.65
-21.31
-16.09
-29.73
-22.97
-15.88
-18.12
-17.68
-17.78
-16.37
-17.37
-17.6
-18.99
-19.77
-19.45
-19.97
-17.72
-10.23
-7.54
-3.951
-2.098
-4.033
-17.15
-20.8
-22.01
-19.99
-14.8
-19.08
-16.49
-15.7
-9.63
-10.65
-17.33
-17.81
-19.44
-22.3
-23.34
-23.56
-24.86
-25
-21.75
-10.9
2.326
15.5
30.09
52.57
79.9
56.8
103.3
145.7
114.9
226.7
287.9
229.4
183.3
240.5
364
325.1
307.2
468.8
391.7
375.9
400.6
528.7
764
528
748
656
878
719
726
875
723
446.2
299.1
280
291
317.6
294.6
266.4
416
395.5
352
279.9
241.3
232.8
140.3
86.7
69.19
44.48
5.55
-6.101
-13.95
-57.52
-37.21
-31.01
-22.92
-27.25
-22.53
-13.98
-14.37
-17.49
-20
-10.51
-7.02
-10.15
-10.49
-10.82
-9.95
-13.42
-13.12
-9.09
-14.42
-15.33
-12.11
-15.45
-21.47
-26.95
-26.77
-19.07
-15.83
-13.56
-21.34
-23.4
-18.67
-15.07
-18.61
-17.47
-14.37
-13.52
-13.57
-12.97
-14.18
-14.53
-15.38
-14.81
-14.28
-11.98
-9.08
-4.804
3.284
16.36
36.39
40.09
46.1
52.42
47.52
57.41
75.4
117.9
127.3
272.1
383.1
329.5
398.8
386.2
368.6
544.7
613
890
790
702
859
786
733
513.6
546.6
650.8
390.8
211.9
105.5
116.8
124.6
41.71
52.09
29.39
2.857
-14.74
-28.76
-34.2
-39.54
-36.7
-35.05
-19.09
-9.28
-4.584
-6.607
-16.14
-20.09
-15.82
-12.05
-9.51
-11.22
-11.64
-13.24
-16.22
-13.18
-16.3
-18.21
-18.42
-18.73
-17.84
-16.32
-14.44
-16.01
-19.74
-22.07
-21.87
-23.62
-16.8
-20.47
-19.85
-18.19
-20.01
-22.35
-18.85
-15.63
-17.89
-19.84
-20.51
-21.73
-20.2
-18.46
-19.57
-19.24
-17.49
-16.55
-15.82
-15.81
-14.48
-12.56
-10.19
-3.825
6.42
25.67
55.26
91.3
89.2
86.3
91.8
104.1
92.2
77
101.1
149.5
331.6
459.3
283.2
299.4
403.9
527.5
446.5
436
629.4
729
890
564.3
584
657.8
528.6
757
701
682.7
638.4
903
856
543.4
340.5
260.1
194.8
155.6
137.9
129.3
122.6
123.8
118.1
100.6
79.4
64.82
46.44
37.19
18.27
-2.641
-20.61
-29.35
-31.8
-28.67
-26.69
-28.72
-30.61
-31.89
-30.85
-30.17
-28.58
-29.18
-30.53
-30.78
-28.2
-24.06
-22.8
-22.6
-22.23
-22.64
-22.94
-24.65
-26.41