22.77
22.72
22.61
22.57
22.53
22.55
22.57
22.6
22.61
22.61
22.59
22.55
22.53
22.57
22.69
22.69
22.68
22.69
22.63
22.6
22.56
22.56
22.52
22.48
22.46
22.49
22.58
22.72
22.99
23.21
23.45
23.77
24.25
24.59
24.64
24.96
25.3
25.76
26.41
26.89
27.18
27.63
27.35
27.76
28.28
28.42
28.49
28.77
29.03
29.25
29.71
29.71
29.67
30.09
30.34
30.53
30.76
30.82
30.62
30.64
31.55
31.12
31.74
31.53
32.08
31.83
31.87
29.75
27.45
27.57
28.2
27.95
27.44
26.89
26.46
26.12
25.86
26.19
25.85
26.03
26.07
25.86
25.88
25.81
25.75
25.59
25.43
25.35
24.98
24.66
24.63
24.57
24.58
24.54
24.36
24.21
24.15
23.96
23.78
23.62
23.58
23.55
23.47
23.41
23.42
23.39
23.31
23.13
23.05
23.12
23.03
22.98
23.07
23.17
23.17
23.22
23.84
24.02
23.54
23.18
23.11
23.31
23.89
24.8
25.13
25.75
26.14
26.58
26.89
27.03
27.13
27.56
28.05
28.35
28.91
28.85
29.56
29.69
30.04
30.13
30.4
30.2
30.5
30.54
30.71
30.83
31.04
31.23
31.36
31.49
31.79
31.47
31.42
32.13
31.82
31.85
31.31
31.48
30.79
30.53
31.44
30.53
30.14
30.44
27.32
27.16
27.6
26.59
26.62
26.15
27.72
27.94
27.95
27.48
26.19
25.63
26.13
26.52
26.4
26.08
25.75
26.25
26.68
26.89
26.29
25.51
25.5
25.4
25.58
26.47
26.22
25.68
25.39
25.9
25.88
25.2
25.2
25.29
24.52
24.65
24.58
23.9
24.05
24.13
23.92
24.01
23.86
23.75
23.63
23.44
23.24
23.23
23.38
23.46
23.72
23.87
23.76
23.86
23.97
24.18
24.78
25.43
26.21
26.99
27.36
27.86
28.38
28.49
28.95
29.12
29.4
30.21
29.61
30.32
30.53
30.67
31.08
30.99
31.02
31.25
31.81
31.43
32.1
32.26
31.98
32.39
33.33
33.98
33.42
32.13
31.82
31.85
31.31
31.48
30.79
30.53
31.44
30.53
30.14
30.44
27.32
27.16
27.6
26.59
26.62
26.15
27.72
26.43
26.14
26.23
26.24
26.13
26.1
26.1
25.81
25.43
25.25
25.22
25.25
25.27
25.07
24.8
25.45
25.65
25.12
25
24.98
25.07
25.3
25.35
25.24
24.67
24.24
24.23
24.15
24.28
24.44
24.55
24.74
24.71
24.64
24.66
24.49
24.35
24.19
24.58
24.71
24.76
24.7
24.79
24.9
24.9
24.92
25.03
25.21
25.5
26.2
26.44
27
27.11
27.02
27.2
27.63
28.08
28.23
28.98
29.27
29.74
30.18
30.64
30.72
30.82
31.09
31.21
31.49
31.73
31.73
31.86
31.84
31.83
31.97
32.19
32.53
32.43
32.25
32.08
31.98
31.24
31.09
30.66
29.78
29.48
29.47
29.22
29.25
29.07
29.5
29.53
29.08
28.67
28.27
27.66
27.24
26.9
26.55
26.3
26.05
25.8
25.56
25.51
25.88
25.71
25.17
24.49
24.32
24.21
24.04
23.89
23.72
23.58
23.47
23.45
23.32
23.44
23.46
23.46
23.52
23.35
22.98
23.04
23.41
23.28
23.43
23.15
22.81
22.64
22.27
22.29
22.41
22.72
22.66
22.95
22.55
22.23
22.34
22.07
21.94
21.92
22.09
22.39
22.75
23.61
24.08
23.57
24.29
24.83
26.51
27.74
27.31
27.67
28.3
28.27
29.63
29
29.36
29.53
29.42
29.19
29.99
30.14
30.32
30.32
30.55
30.69
30.57
30.75
30.37
30.66
31.47
32.03
31.65
31.58
31.78
32.13
32.61
32.63
32.1
31.92
32.08
32.15
32.22
31.57
28.12
27.31
27.06
27.02
27.28
27.24
27.05
26.78
26.53
26.35
26.2
26.02
25.98
25.98
25.76
25.7
25.7
25.46
25.28
25.12
25.29
25.42
25.4
25.38
25.3
25.26
25.24
25.11
25.04
25.01
24.95
24.91
24.85
24.81
24.73
24.6
24.55
24.41
24.21
23.99
23.72
23.64
23.56
23.56
23.57
23.57
23.55
23.53
23.55
23.58
23.53
23.47
23.52
23.54
23.57
24.24
24.52
24.97
25.93
26.78
28.42
29.23
28.8
28.95
29.84
29.82
29.89
30.22
30.13
30.41
30.83
30.95
31.18
31.22
31.29
31.47
31.91
32.07
32.2
32.6
32.52
32.4
33.03
32.68
32.82
33.08
33.29
33.65
33.55
33.68
33.63
33.27
33.28
33.11
32.45
31.7
32
32.05
31.32
30.85
30.44
30.1
29.86
29.83
29.77
29.76
29.74
29.3
29.43
29.28
29.48
28.6
27.74
27.49
27.66
27.83
27.99
27.74
27.61
27.82
27.9
27.51
27.51
27.33
26.95
26.52
26.2
26.26
26.22
26.17
26.26
26.27
26.25
26.47
26.54
26.71
26.9
26.9
26.51
26.25
25.61
25.42
25.58
25.36
25.33
25.42
25.43
25.43
25.4
25.45
25.62
25.81
25.99
26.07
26.15
26.26
26.49
27.07
27.21
27.12
27.75
28.79
28.96
29.55
29.69
29.86
30.03
30.4
30.48
30.98
31.04
31.04
30.93
30.84
30.95
30.91
30.75
30.75
30.69
30.67
30.72
30.79
30.86
30.99
30.63
30.57
30.41
30.42
30.23
30
29.3
28.37
28.13
27.99
27.9
27.67
27.47
27.25
27.13
27.05
27
26.72
26.27
26.11
25.92
25.81
25.68
25.67
25.64
25.56
25.69
25.62
25.63
25.81
25.96
26.16
26.34
26.44
25.93
25.61
25.46
25.4
25.33
25.25
25.52
26.06
26.49
26.4
26.08
25.94
25.83
25.77
25.74
25.64
25.51
25.4
25.28
25.18
25.14
25.18
25.05
24.42
24.21
24.32
24.24
24.01
23.8
23.95
24
24.31
24.6
24.74
24.71
25.48
25.55
25.79
26.03
25.89
26.18
26.34
25.99
25.93
26.2
26.28
26.64
26.94
26.75
26.63
26.57
26.76
26.94
26.61
26.7
27.62
27.48
27.72
27.8
27.95
28.46
28.84
28.75
28.32
28.21
28.19
28.1
27.95
27.58
27.5
27.53
27.04
26.52
26.4
26.39
26.18
26.21
26.23
25.96
25.91
25.82
25.7
25.56
25.55
25.47
25.29
24.87
24.59
24.44
24.44
24.53
24.41
24.16
23.94
23.91
23.84
23.74
24
24.11
24.11
24.16
24.22
24.18
24.13
24.08
24.01
23.98
23.95
23.93
23.94
23.9
23.89
23.82
23.74
23.7
23.7
23.74
23.68
23.61
23.56
23.52
23.56
23.63
24.02
24.44
24.38
24.51
24.68
24.99
25.11
25.3
25.56
25.84
26
26.27
26.4
26.77
27.1
27.44
27.77
28.26
28.44
28.93
29.08
29.29
29.58
29.67
30.21
30.3
30.76
30.76
30.41
30.74
31.3
30.87
31.03
31.47
31.87
31.43
31.08
28.77
27.1
26.62
26.49
26.23
25.71
25.25
25.18
24.99
24.99
24.96
24.88
24.82
24.92
24.86
24.74
24.75
24.84
24.95
25.15
25.21
25.24
25.09
24.53
23.87
23.76
23.71
23.81
23.74
23.7
23.62
23.6
23.58
23.44
23.2
23.06
22.96
22.89
22.85
22.73
22.65
22.6
22.65
22.69
22.72
22.64
22.61
22.64
22.62
22.58
22.61
22.62
22.7
22.7
22.68
22.68
22.8
22.97
23.27
23.49
23.53
23.71
24
24.26
24.4
24.64
24.93
25.13
25.5
25.75
26.21
26.53
26.96
27.15
27.93
28.47
29.02
29.22
29.38
29.51
29.91
29.2
24.64
23.45
23.64
23.88
24.1
25.02
25.7
26.19
27.1
27.75
27.53
28.44
29.48
30.12
30.75
31.39
31
31.01
30.97
31.46
31.12
31.33
30.99
30.95
30.07
29.69
29.53
29.48
28.84
27.75
26.16
23.85
23.46
23.49
23.59
23.65
23.58
23.57
23.73
23.95
24.23
24.37
24.37
24.28
24.44
24.66
24.72
24.81
24.92
24.95
24.9
24.84
24.8
24.77
24.66
24.65
24.5
24.39
24.35
24.36
24.4
24.4
24.17
23.98
23.87
23.81
23.75
23.55
23.57
23.64
23.57
23.62
23.64
23.62
23.58
23.67
23.69
23.67
23.63
23.67
23.89
24.25
24.72
25.16
25.8
26.2
26.95
27.26
27.57
28.22
28.93
28.57
28.89
29.09
29.16
29.11
29.77
29.67
29.75
29.96
28.25
27.7
27.33
25.85
25.78
25.81
25.58
26.74
27.48
28.67
28.35
27.63
27.09
26.7
26.62
26.66
26.62
26.54
26.56
26.36
26.17
26.08
25.93
25.91
25.97
26.01
25.73
25.47
25.24
25.23
25.15
25.03
24.86
24.74
24.48
24.35
24.41
24.26
24.23
24.32
24.3
24.23
24.19
24.17
24.1
24.16
24.14
24.06
24.04
24.04
24.08
24.13
24.18
24.14
24.18
24.17
24.13
24.09
24.05
24.01
23.9
23.87
23.87
23.83
23.82
23.89
23.83
23.73
23.76
23.62
23.61
23.79
24.18
24.56
24.83
25
25.2
25.32
25.43
25.5
25.36
25.17
25.01
24.75
24.37
24.25
24.1
24.17
24.41
24.63
24.97
25.32
25.77
25.99
26.05
26.3
26.48
26.76
26.99
27.26
27.55
27.86
28.22
28.44
28.62
29.15
28.88
29.35
29.59
29.69
29.32
29.11
28.51
27.94
27.68
27.47
27.23
27.28
26.64
26.25
26.08
25.91
25.71
25.55
25.45
25.24
25
24.9
24.96
24.88
24.92
24.96
24.91
24.88
24.89
24.9
24.84
24.73
24.62
24.54
24.57
24.6
24.57
24.5
24.4
24.2
24.09
24.15
24.18
24.15
24.11
23.99
23.86
23.79
23.84
23.91
23.9
23.9
23.84
23.84
23.79
23.66
23.58
23.54
23.59
23.62
23.65
23.81
24.22
24.78
24.96
25.54
26.27
26.67
27.08
26.94
27.2
27.34
27.65
27.93
27.95
28.18
28.66
28.95
28.94
29.33
29.64
29.93
30.13
30.06
30.46
30.81
30.95
31.27
31.37
30.93
28.5
26.86
25.95
25.62
25.93
25.93
25.86
25.86
25.77
25.79
25.85
25.97
26.18
26.3
26.27
26.29
26.32
26.04
25.81
25.67
25.53
25.46
25.48
25.45
25.43
25.26
25.29
25.25
25.03
24.98
25.16
25.38
25.2
25.07
25.18
25.28
25.46
25.34
25.36
25.2
25.13
24.83
24.69
24.72
24.62
24.53
24.58
24.7
24.79
24.85
24.98
25.08
25.2
25.24
25.34
25.45
25.54
25.54
25.49
25.31
25.05
24.73
24.51
24.5
24.5
24.47
24.74
25.18
25.63
25.9
26.02
26.27
26.84
27.51
27.32
27.25
27.35
27.44
26.65
24.46
23.6
22.97
22.97
23.12
23.27
23.94
24.76
24.76
24.71
24.89
25.25
25.23
25.45
25.62
25.89
26.05
26.6
26.88
27.57
27.6
27.82
28.05
28.7
28.91
28.86
28.71
28.44
28.55
28.52
27.93
27.78
27.45
27.07
26.77
26.46
26.19
25.98
25.77
25.52
25.21
25.18
24.99
24.81
24.67
24.52
24.52
24.43
24.32
24.34
24.35
24.3
24.26
24.12
24.18
24.19
24.14
24.2
24.29
24.47
24.48
24.38
24.23
24.15
24.01
23.94
23.94
24.03
24.11
24.13
24.11
24.11
24.07
24.07
23.99
24.02
24.11
24.03
23.89
23.81
23.84
23.89
23.9
23.89
23.84
23.84
23.83
23.77
23.67
23.71
23.96
24.73
24.94
24.84
25.22
25.94
26.15
26.43
26.58
26.91
27.12
27.34
27.47
28.1
28.13
28.36
28.87
28.8
29.22
29.33
29.58
29.63
29.57
29.98
30.07
30.5
30.49
30.57
31.35
31.05
30.49
29.98
30.14
30.14
29.5
29.31
29.05
28.95
28.68
28.27
28.05
28.03
27.94
27.67
27.74
27.78
27.81
27.73
26.85
26
25.92
25.75
25.35
25.04
25.02
25.16
25.2
25.16
25.1
25.05
24.95
24.93
24.84
24.69
24.3
23.72
23.35
23.24
23.18
23.16
23.2
23.22
23.23
23.22
23.28
23.39
23.38
23.17
22.92
22.85
22.72
22.75
22.82
22.92
22.97
22.97
23.27
23.57
23.55
23.44
23.19
23.2
23.19
23.14
23.16
23.18
23.35
23.59
23.75
23.97
24.24
24.37
24.56
24.95
25.48
25.82
25.93
26.17
26.53
26.78
27.03
26.98
27.61
27.84
28.22
28.68
28.31
28.52
28.69
29.26
29.18
29.18
29.31
29.37
29.36
29.45
29.17
29.12
28.92
28.84
30.11
29.87
29.43
29.25
29
28.76
28.06
26.68
26.12
25.81
25.71
25.6
25.5
25.44
25.32
25.32
25.25
25.2
25.26
25.4
25.67
25.89
25.9
25.85
25.8
25.74
25.61
25.4
25.29
25.19
25.07
25.02
25.02
25.07
25.14
25.11
25.02
24.95
24.83
24.63
24.46
24.36
24.28
24.25
24.3
24.3
24.28
24.32
24.38
24.44
24.5
24.46
24.44
24.45
24.45
24.47
24.53
24.65
24.93
25.38
25.45
25.63
25.7
25.81
26.46
26.81
27.01
27.18
26.94
26.78
26.64
26.76
26.96
27.45
27.61
27.78
28.15
28.14
28.65
28.53
28.52
29
29.05
29.05
29.22
29.25
29.75
29.54
29.59
29.29
29.66
29.81
29.65
29.3
28.83
27.13
26.63
26.48
26.74
26.61
25.83
25.04
24.9
24.8
25
24.98
24.56
24.47
24.52
24.62
24.51
24.48
24.51
24.58
24.52
24.57
24.65
24.6
24.72
24.87
24.92
24.89
24.82
24.76
24.72
24.72
24.75
24.63
24.41
24.45
24.4
24.38
24.36
24.23
24.12
24.01
23.93
23.86
23.74
23.73
23.63
23.56
23.45
23.34
23.23
23.2
23.23
23.29
23.35
23.45
23.53
23.7
23.85
23.95
24.08
24.26
24.38
24.61
24.91
25.35
25.52
25.73
26.19
26.7
27.49
27.8
28.33
28.44
28.49
28.8
29.16
29.26
29.57
29.8
30.12
29.98
30.34
30.6
31.09
31.02
30.5
29.89
30.74
31.23
31.08
31.08
31.62
31.47
31.16
31.08
31.63
31.99
31.15
31
30.45
30.56
30.95
30.72
30.1
29.59
29.19
28.96
28.97
28.74
28.52
28.4
28.09
28
27.87
27.68
27.34
27.11
27.02
26.93
26.81
26.76
26.69
26.64
26.6
26.53
26.42
26.3
26.33
26.42
26.51
26.54
26.83
26.86
26.66
26.49
26.4
26.3
26.2
26.14
26.11
26.09
26.15
25.98
25.76
25.77
25.77
25.73
25.71
25.74
25.76
25.75
25.78
25.86
25.93
25.92
26.04
26.11
26.14
26.11
26.35
26.64
26.86
27.27
27.71
27.92
28.22
28.44
28.68
29.12
29.66
29.44
29.94
29.41
28.84
28.96
28.48
28.16
26.53
27.08
27.9
28.64
29.34
29.7
30.25
29.88
28.36
25.66
25.34
24.67
24.09
23.73
23.64
23.61
23.63
23.71
23.77
23.85
23.92
23.95
23.98
23.97
23.94
23.93
23.91
23.82
23.71
23.65
23.68
23.69
23.75
23.74
23.74
23.77
23.81
23.82
23.86
23.85
23.75
23.7
23.7
23.66
23.66
23.65
23.65
23.59
23.57
23.57
23.56
23.53
23.54
23.53
23.53
23.51
23.55
23.56
23.56
23.6
23.58
23.55
23.51
23.51
23.48
23.46
23.44
23.38
23.35
23.53
23.77
23.8
23.99
24.42
24.49
24.58
24.84
25.23
25.6
26.08
26.55
27.07
27.24
27.63
27.61
27.45
27.87
27.73
26.8
26.45
27.68
28.12
28.42
28.25
27.74
27.49
27.44
26.52
26.57
26.94
27.21
27.23
27.84
28.76
29.38
28.48
26.52
26.9
28.29
28.66
28.72
28.17
27.79
27.7
27.57
27.4
27.18
26.92
26.71
26.64
26.66
26.44
25.94
25.83
25.69
25.44
25.03
24.75
24.53
24.48
24.43
24.42
24.49
24.46
24.41
24.32
24.2
24.1
24.09
24.12
24.14
24.1
24.02
23.99
23.98
23.99
23.97
23.96
23.9
23.86
23.83
23.81
23.85
23.86
23.88
23.94
23.96
24
23.98
24.01
24.01
24.04
24.06
24.06
24.06
24.08
24.08
24.18
24.29
24.47
24.53
24.77
24.98
25.12
25.35
25.52
25.74
26.02
26.07
26.35
26.81
27.02
27.17
26.46
25.69
25.97
26.71
27.42
27.73
28.2
28.26
28.37
29.1
28.71
28.56
28.7
28.82
29.52
29.48
29.65
30.06
29.81
29.67
30.01
29.53
30.27
30
29.88
29.98
29.96
29.7
29.76
30.32
30.12
29.64
29.29
28.95
28.79
28.46
28.26
28.24
28.16
26.95
26.47
26.09
25.77
24.53
23.46
23.73
24.1
24.17
24.01
24.04
24.08
24.16
24.18
24.18
24.19
24.22
24.26
24.24
24.19
24.11
24.01
23.96
24.05
24.11
24.02
24.03
24.05
23.98
23.96
23.97
23.98
23.97
23.95
23.95
24.01
24.03
23.98
23.87
23.75
23.72
23.76
23.83
23.92
24.01
24.18
24.35
24.43
24.49
24.67
24.72
24.91
24.85
25.14
25.18
25.2
25.49
25.48
25.34
24.77
24.19
23.96
24.13
24.37
24.62
25
25.53
25.54
25.63
25.82
26.22
26.65
27.18
27.24
27.04
26.98
26.87
27.01
27.02
26.92
26.9
26.97
26.88
26.68
26.47
26.2
25.95
25.75
25.59
25.26
24.63
23.92
23.22
22.83
22.77
22.84
22.91
22.93
23.06
23.14
23.24
23.42
23.62
23.7
23.75
23.72
23.48
23.4
23.44
23.51
23.57
23.5
23.47
23.49
23.53
23.52
23.57
23.61
23.61
23.58
23.65
23.62
23.58
23.62
23.59
23.57
23.6
23.61
23.63
23.63
23.63
23.6
23.64
23.68
23.7
23.8
23.84
23.91
23.98
24.04
24.02
24.15
24.34
24.55
24.82
25.35
25.53
26.11
27.05
26.73
26.62
27.08
27.36
27.02
27.44
27.51
27.5
27.77
27.76
26.59
26.43
26.23
26.28
26.48
27.05
27.56
27.94
28.35
28.5
29.05
29.48
29.65
30.19
30.45
31.17
31.17
31.15
31.93
31.63
32.11
31.43
31.26
31.1
31.42
30.01
28.87
28.49
28.09
27.72
27.68
27.38
27.18
27
26.85
26.33
26.09
25.56
25.31
25.19
25.12
25.06
25.01
24.91
24.8
24.64
24.63
24.67
24.73
24.67
24.63
24.62
24.67
24.73
23.76
23.39
23.59
23.63
23.51
23.19
23.1
23.17
23.19
23.09
23.02
22.94
22.87
22.79
22.77
22.87
22.89
22.75
22.67
22.57
22.61
22.61
22.63
22.68
22.75
22.83
22.92
23.01
23.14
23.29
23.54
23.64
23.94
24.14
24.36
24.43
24.54
24.86
25.4
25.84
26.26
26.39
26.69
26.76
27
27.13
27.1
27.28
27.36
27.44
27.72
28.16
27.93
28.2
28.33
28.3
28.02
27.96
27.66
27.45
27.65
27.73
27.68
27.42
27.17
27.03
26.77
26.47
26.33
26.25
26.01
26.02
26.16
25.86
25.57
25.26
25.18
25.26
25.34
25.32
25.69
25.37
25.29
25.3
25.03
24.78
24.79
24.83
24.75
24.6
24.53
24.5
24.47
24.4
24.37
24.36
24.36
24.28
24.25
24.27
24.18
24.09
24.07
24.07
24.06
24.05
24.03
23.99
24.09
24.19
24.3
24.43
24.48
24.42
24.42
24.41
24.4
24.32
24.46
24.65
24.89
25.13
25.51
26.1
26.22
26.74
27.17
27.17
27.82
28.39
28.55
29.59
28.58
28.99
29.1
29.7
29.85
30.67
29.93
30.86
30.46
30.41
29.73
30.73
30.89
31.03
31.54
31.28
30.93
30.61
30.01
30.27
30.63
30.34
29.95
29.93
28.61
27.96
26.95
25.84
24.65
22.85
22.61
22.64
22.77
22.92
23.07
23.11
23.18
23.25
23.4
23.68
23.74
23.83
23.97
24.11
24.28
24.13
23.96
23.93
23.99
24.19
24.27
24.29
24.33
24.26
24.09
24.2
24.37
24.54
24.65
24.7
24.68
24.66
24.64
24.64
24.67
24.68
24.68
24.65
24.66
24.62
24.65
24.68
24.68
24.67
24.6
24.55
24.56
24.58
24.6
24.62
24.66
24.77
24.92
25.07
25.2
25.24
25.33
25.6
25.88
25.99
26.23
26.47
26.87
27.12
27.45
27.61
27.62
27.8
28.28
28.58
28.61
28.9
29.3
29.14
29.39
29.89
29.99
27.83
25.87
25.36
25.25
25.24
25.3
25.61
25.73
25.98
25.79
25.55
25.6
25.58
24.48
22.69
22.76
23.1
23.21
23.37
23.36
23.38
23.43
23.49
23.5
23.57
23.62
23.68
23.74
23.82
23.95
23.98
24.01
23.96
23.89
23.91
23.99
24.1
24.1
24.1
24.07
24.02
24.03
24.01
23.97
23.93
23.88
23.78
23.75
23.64
23.6
23.61
23.62
23.68
23.69
23.7
23.71
23.7
23.71
23.71
23.76
23.77
23.77
23.74
23.74
23.76
23.76
23.74
23.78
23.83
23.93
23.96
24.08
24.28
24.6
24.81
25.12
25.48
25.75
25.89
26.12
26.41
26.52
26.65
26.86
27.21
27.35
27.67
27.83
28.31
27.98
27.95
28.51
28.81
29.13
28.75
27.45
26.18
25.6
25.57
25.71
25.48
25.49
25.54
25.67
26.18
25.92
25.81
25.78
25.77
25.6
25.68
25.87
26.03
26.16
26.22
26.01
25.74
25.46
25.31
25.27
25.3
25.23
25.12
24.96
24.89
24.78
24.76
24.77
24.77
24.73
24.72
24.76
24.78
24.81
24.81
24.76
24.78
24.75
24.67
24.53
24.34
24.22
24.15
24.11
24.07
24.08
24.14
24.09
24.05
24.03
24
23.94
23.97
24.02
23.98
23.96
23.95
23.97
24.01
23.96
23.85
23.71
23.22
22.81
22.85
23.05
23.22
23.45
23.62
23.8
24.02
24.22
24.41
24.55
24.8
25.17
25.16
25.36
25.76
26.28
27.07
26.81
26.9
27.36
26.3
26.81
27.12
26.74
26.11
25.6
24.86
24.36
24.52
25.1
25.44
25.61
25.61
26.25
26.87
27.58
27.59
27.26
26.26
25.88
25.96
26.24
26.14
26.2
26.12
25.8
25.45
25
24.86
24.83
24.77
24.62
24.64
24.7
24.68
24.64
24.6
24.6
24.64
24.66
24.64
24.66
24.6
24.55
24.51
24.49
24.51
24.53
24.46
24.41
24.39
24.37
24.39
24.46
24.59
24.53
24.34
24.05
23.76
23.88
23.97
23.97
23.99
24
24.05
24.04
24.05
24.02
23.96
23.91
23.98
24.05
24.11
24.08
23.97
23.95
23.97
24.08
24.23
24.49
24.64
24.57
24.72
25.05
25.12
25.2
25.45
25.36
25.32
25.61
25.57
26.08
26.49
26.85
26.86
26.88
27.26
27.43
27.6
27.77
27.95
28.17
28.04
27.72
27.68
27.72
27.91
27.87
27.63
28.08
27.78
27.77
27.57
27.46
27.27
27.21
27.06
26.93
26.9
26.89
26.66
26.46
26.44
26.36
26.14
25.97
25.8
25.57
25.42
25.31
25.29
25.26
25.24
25.19
25.12
25.17
25.25
25.18
25.15
25.16
25.19
25.12
25.1
25.11
25.11
25
24.92
24.87
24.76
24.75
24.71
24.63
24.56
24.56
24.46
24.38
24.36
24.38
24.45
24.44
24.37
24.24
24.15
24.09
24.02
24
24.07
24.06
24.08
24.1
24.11
24.12
24.16
24.21
24.28
24.35
24.5
24.71
24.95
25.02
25.21
25.29
25.22
25.32
25.33
24.01
23.57
23.88
24.51
24.38
23.88
24.51
25.19
25.64
26.38
26.94
27.11
27.62
27.33
27.7
28.02
28.17
27.87
27.07
27.38
27.66
28.11
28.31
27.97
27.72
27.15
27.47
27.94
27.98
28.21
27.85
27.65
27.69
27.7
27.36
26.85
26.56
26.27
26.42
26.01
25.6
25.37
25.27
25.36
25.22
25.07
24.97
24.78
24.89
25.02
24.92
24.77
24.69
24.7
24.65
24.62
24.56
24.47
24.41
24.34
24.36
24.35
24.29
24.22
24.24
24.22
24.22
24.25
24.23
24.32
24.32
24.26
24.31
24.35
24.35
24.33
24.32
24.34
24.26
24.23
24.16
24.15
24.22
24.33
24.47
24.63
24.71
24.78
24.99
25.24
25.75
26.18
26.31
26.31
26.14
26
26.14
26.24
26.34
26.49
26.84
27.23
28.3
28.07
26.78
27.12
27.77
26
24.5
23.8
23.8
24.28
24.88
25.32
25.58
26.29
26.63
26.69
26.33
26.04
25.73
25.53
25.54
25.53
25.52
25.24
25.17
25.17
25.13
25.06
25.09
25.14
25.07
25.01
25.17
25.44
25.29
25.25
25.1
25.1
25.13
25.1
25.02
24.9
24.89
24.84
24.77
24.68
24.66
24.7
24.72
24.68
24.36
24.01