25.41
25.31
25.23
25.07
24.9
24.83
24.78
24.75
24.68
24.59
24.69
24.7
24.56
24.55
24.5
24.28
24.12
24.06
24.04
23.94
23.83
23.75
23.71
23.74
23.76
23.9
24.22
24.97
25.27
25.89
26.36
26.94
28.11
28.21
28.4
28.49
28.85
29.17
29.53
30.43
30.48
30.34
30.02
30.02
29.99
30.4
31.52
31.48
31.84
32.03
31.67
32.04
32.01
32.49
32.91
32.6
32.76
33.28
33.19
32.47
32.85
32.38
32.16
32.88
32.84
33.61
33.64
33.39
34.29
34.04
34.07
33.53
32.41
30.21
28.91
28.52
28.19
28.39
28.34
28.45
27.56
27.58
27.71
28.03
27.82
27.47
27.51
27.96
27.95
27.97
27.68
27.36
27.15
26.9
26.6
27.09
26.92
26.87
26.76
26.34
26.09
25.93
26.31
26.71
26.67
26.33
25.75
25.89
25.94
26
25.45
25.2
24.61
24.35
24.3
24.25
24.21
24.12
24.07
24.15
24.46
24.89
25.1
26.39
27.04
27.54
28.05
28.29
28.66
29.24
29.81
30.39
30.49
30.32
30.8
31
31.39
31.82
32.03
32.38
32.48
32.77
31.99
32.19
32.47
32.69
32.65
32.96
33
33.2
32.47
27.38
26.44
29.06
30.53
31.38
32.29
32.68
32.89
33.04
32.85
32.48
32.2
31.67
31.13
30.84
30.65
31
30.51
30.44
29.83
29.44
29.3
28.99
29.26
29.1
28.59
27.95
26.32
25.18
25.41
25.59
25.22
25.27
25.35
25.71
26.53
26.65
26.73
26.63
26.14
25.85
25.59
25.42
25.58
25.61
25.46
25.42
25.39
25.36
25.35
25.31
25.08
25.04
25.02
24.92
24.79
24.67
24.59
24.52
24.57
24.6
24.45
24.34
24.38
24.55
24.58
24.62
24.78
25.05
25.26
25.25
25.68
25.55
25.64
26.37
26.88
26.98
27.44
27.88
28
28.2
28.39
28.66
28.88
29.21
29.06
29.22
29.36
30.07
30.27
29.98
30.17
29.65
27.29
24.79
25.04
25.28
25.34
25.64
25.43
25.98
26.74
27.68
28.23
28.06
27.93
27.03
26.39
25.57
24.62
22.03
21.4
21.32
21.28
21.19
21.05
20.93
20.91
20.85
20.93
21.06
21.13
21.2
21.32
21.42
21.44
21.44
21.4
21.3
21.22
21.14
21.08
20.97
20.85
20.74
20.71
20.69
20.62
20.53
20.43
20.35
20.27
20.2
20.19
20.3
20.31
20.32
20.3
20.31
20.32
20.31
20.31
20.27
20.24
20.21
20.18
20.17
20.15
20.15
20.21
20.26
20.32
20.45
20.61
20.8
20.97
21.12
21.45
21.72
22.24
22.66
22.86
23.32
23.67
23.8
24.2
24.54
24.99
25.49
25.51
25.93
26.09
26.6
27.03
27.5
27.4
26.77
27.03
27.14
26.49
26.74
26.92
27
27.33
27.14
26.6
27.02
28.25
27.91
27.71
27.53
27.22
27.5
27.74
27.78
28.3
28.03
27.76
27.41
26.89
26.19
25.54
25.12
24.78
24.26
23.95
23.7
23.66
23.37
23.13
22.97
22.71
22.43
22.12
21.82
21.71
21.6
21.44
21.45
21.54
21.62
21.46
21.4
21.27
21.33
21.35
21.22
21.33
21.4
21.35
21.15
20.63
20.62
19.9
19.18
19.51
19.57
20.07
20.34
20.22
20.24
20.14
19.93
19.08
19.19
19.44
19.55
19.45
19.59
19.77
20.08
20.79
21.43
22.17
22.7
23.37
24.15
24.6
25.44
26.17
27.05
27.29
27.32
27.49
27.71
27.65
27.17
26.7
27.44
27.38
27.83
27.55
27.81
28.32
28.02
28.85
29.33
29.17
29.28
29.72
29.77
29.5
29.54
29.52
28.9
29.32
30.17
30.19
29.95
29.7
29.61
29.45
29.87
29.41
29.22
28.85
28.31
27.62
26.95
26.63
26.17
26.08
25.88
25.45
25.39
26.07
25.96
25.87
25.65
25.36
25.44
24.54
24.86
24.51
21.85
22.5
22.8
22.66
23.67
23.86
23.58
21.76
21.96
19.21
18.8
21.61
22.84
21.79
22.64
22.91
20.1
22.14
22.87
22.63
18.97
19.51
20.74
20.16
20.04
20.32
20.4
21.18
20.41
18.78
19.67
21
22.13
22.63
23.54
24.67
25.35
25.57
26.61
27.79
28.56
28.31
28.7
28.33
28.55
28.59
28.57
28.87
28.93
29.02
28.92
29.24
29.18
29.48
29.63
29.74
29.8
30.15
30.28
30.01
30.41
30.78
30.52
31.43
31.09
31.4
31.83
31.1
31.66
32.1
31.06
31.44
31.54
30.95
30.99
31.27
31.21
30.94
30.18
28.6
27.77
27.41
26.55
27.35
27.1
26.58
26.71
25.25
25.27
25.55
25.3
25.07
24.56
23.92
23.67
23.94
24.46
24.15
23.83
23.46
23.9
25.2
25.1
25.06
24.3
23.36
22.71
22.16
22.52
22.52
21.88
21.78
21.32
20.89
20.53
20.74
20.87
20.98
20.73
20.37
20.58
20.57
20.64
20.36
19.33
19.41
20.05
20.37
20.86
22.85
24.43
25.07
24.69
25.13
25.48
26.09
26.69
27.3
27.97
28.86
29.36
29.53
30.58
31.06
30.62
30.5
30.41
30.51
30.67
31.07
31.17
31.43
31.68
31.71
31.7
31.81
31.57
31.77
31.85
32.18
32.26
32.24
32.3
32.26
32.7
32.44
33.04
33.07
33.47
33.07
32.75
33.09
33.75
33.62
31.44
30.67
30.06
28.93
28.06
27.39
26.21
26.09
26.26
26.39
25.7
24.96
24.7
24.94
24.88
24.84
25.07
25.15
25.09
25
25.43
25.22
25.53
25.43
25.64
25.08
24.17
24.09
23.63
23.59
23.69
23.87
23.81
23.86
23.56
23.23
22.97
22.75
22.38
21.9
21.48
22.09
22.09
22.33
22.39
22.25
22.24
22.19
22.39
23.08
24.14
24.55
24.42
24.99
25.5
26.19
26.83
27.39
27.88
28.77
28.99
29.3
29.94
30.34
30.6
30.88
31.31
31.33
31.62
31.76
32
32.52
32.16
32.38
32.55
32.9
32.88
33.25
32.96
32.92
33.5
33.56
34.22
33.93
34.08
34.84
34.74
34.85
34.28
34.57
34.86
34.35
34.52
34.69
34.63
33.97
32.78
31.98
31.31
30.74
30.22
30.2
30.19
30.18
29.6
28.89
28.7
28.59
28.54
28.98
28.9
28.68
28.41
28.28
28.27
28.44
27.9
27.68
27.51
27.44
27.13
26.73
26.61
26.77
26.41
26.2
25.38
25.06
25.08
25.32
24.94
23.56
23.39
23.55
24.45
24.32
24.07
24.29
24.37
24.25
24.11
23.93
23.77
23.78
24.04
24.42
24.94
25.31
25.63
26.24
26.46
26.74
27.04
27.46
27.87
28.39
28.66
28.91
29.28
29.57
29.86
30.48
30.58
30.58
30.65
30.9
31.2
31.66
32
32.04
32.22
32.84
32.58
32.98
33.02
33.49
33.61
33.3
33.56
33.76
33.84
34.25
34.06
34.06
33.88
33.78
33.82
33.58
33.46
33.36
33.17
32.82
32.01
31.6
31.19
30.93
30.87
30.68
30.33
30.44
30.78
31.28
31.53
31.65
31.38
31.12
30.36
29.93
29.34
28.34
27.18
27.02
26.83
26.64
26.51
26.3
25.94
25.71
25.45
25.1
25.08
25.16
25.12
25.07
25
24.92
24.75
24.59
24.48
24.37
24.22
24.16
24.11
24.05
23.96
23.9
23.83
23.8
23.72
23.74
23.75
24
24.82
25.51
25.9
26.75
27.24
27.47
27.67
28.25
28.47
29.34
29.46
29.91
30.23
30.27
30.69
30.91
31.25
31.64
31.61
31.72
31.96
32.57
32.82
32.06
32.59
33.29
33.54
33.74
33.48
33.3
32.84
32.85
32.39
31.75
31.41
29.66
28.38
27.61
27.18
26.97
26.63
26.43
26.39
25.81
24.97
24.75
24.59
24.19
23.87
23.78
23.72
23.68
23.68
23.63
23.61
23.61
23.56
23.59
23.56
23.5
23.43
23.45
23.49
23.39
23.47
23.54
23.52
23.59
23.54
23.56
23.55
23.52
23.48
23.45
23.4
23.38
23.35
23.3
23.49
23.36
23.2
23.09
23.1
22.96
22.95
23.21
22.97
23.06
23.04
22.89
22.98
22.86
22.51
22.82
23.49
24.18
24.69
25.33
26.36
26.78
26.72
26.53
26.86
27.96
29.18
30.54
30.12
30.4
31.31
31.34
31.3
31.2
31.4
31.81
31.51
31.87
31.99
32.05
32.25
32.44
32.39
32.46
32.77
33.2
33.63
33.55
33.81
34.15
34.51
34.7
35.06
34.61
34.29
34.38
34.35
34.29
33.78
33.75
33.06
32.66
32.82
32.49
31.97
31.59
31.21
31.02
30.72
30.68
30.29
29.96
29.65
29.09
28.83
28.53
28.24
27.97
27.56
27.19
26.86
26.63
26.4
26.14
26.04
25.91
25.78
25.81
25.8
26.02
25.84
25.15
25.01
25.11
25.04
24.97
24.96
25.15
25.34
25.17
24.94
24.67
24.28
24.21
23.73
23.66
23.67
23.66
23.62
23.74
23.92
24.07
24.14
24.16
24.25
24.53
24.88
25.39
26.35
26.83
27.48
29.01
29.99
29.34
29.38
29.54
30.13
30.41
30.81
30.94
31.3
31.22
31.09
31.42
31.65
31.68
31.96
31.88
32.55
32.63
32.61
32.91
33.14
33.59
33.71
33.62
33.69
33.73
34.04
34.14
34.43
34.59
34.88
34.59
34.51
35.45
35.68
35.72
35.48
34.25
33.3
32.52
31.37
30.82
30.42
30.15
29.83
29.42
29.33
29.4
29.16
28.82
28.42
28.1
27.96
27.74
27.57
27.49
27.32
27.18
26.79
26.52
26.88
27.15
27.06
26.91
26.69
27.12
27.39
27.52
27.58
27.69
27.37
27.34
27.03
26.71
26.58
26.01
25.87
25.74
25.72
25.61
25.7
25.79
25.77
25.75
25.71
25.77
25.8
25.5
25.61
26.51
27.43
27.77
28.63
29.24
29.79
30.3
30.96
31.57
32.67
32.69
32.51
32.18
32.59
33.01
32.64
32.87
32.89
33.17
33.55
33.98
33.87
33.32
33.03
33.32
33.86
34.62
34.54
35.32
35.16
34.86
34.51
34.31
33.66
33.14
33.43
33.3
33.53
33.56
33.54
33.09
32.64
32.22
31.91
31.74
31.58
31.07
30.54
30.16
29.84
29.67
29.28
28.98
28.92
28.89
28.61
28.59
28.54
28.65
28.92
28.91
28.53
28.47
28.36
28.32
28.12
27.59
27.79
27.57
27.37
27.54
26.92
26.19
26.33
26.41
26.14
25.92
25.99
26.19
25.91
25.8
25.84
25.84
26.08
25.87
25.95
26.13
26.51
26.44
26.07
26.1
26.29
26.18
25.66
25.38
25.82
26.82
27.82
28.67
29.35
28.91
29.38
29.98
30.08
30.63
31.12
31.43
32.67
32.5
32.21
32.6
32.66
33.05
33.24
33.52
33.63
33.8
33.95
33.83
34.28
34.59
34.69
34.43
34.83
35.26
35.27
35.57
35.01
35.22
35.15
35.29
35.33
34.82
34.18
34.19
34.49
35.81
35.42
35.4
35.32
34.66
34.07
33.33
32.59
32.51
32.35
31.85
31.19
31.12
30.99
30.59
30.34
30.12
29.82
29.55
29.69
29.46
29.56
29.79
29.71
29.49
29.1
28.83
28.73
28.82
29.02
28.82
28.96
29.03
28.56
28.5
28.34
28.11
27.93
27.56
27.29
27.36
27.07
26.77
26.61
26.56
26.64
26.96
27.02
26.9
26.67
26.46
26.39
26.36
26.47
26.67
27.12
27.83
28.51
28.72
28.93
29.52
30.15
29.93
30.13
30.51
30.76
31.39
31.41
31.81
31.96
32.43
32.47
32.82
33.01
32.84
33.26
33.4
33.52
33.43
33
32.25
31.79
32.24
32.84
33.03
33.7
33.93
33.9
33.75
33.42
33.32
33.51
33.91
34.52
34.16
34.19
33.65
32.39
31.79
31.43
31.23
30.81
28.91
27.26
27.26
26.95
27.13
27.1
27.01
26.9
26.75
26.7
26.67
26.63
26.57
26.36
26.18
26.19
26.17
26
25.87
25.85
25.79
25.98
26.25
26.18
25.99
25.82
25.7
25.67
25.59
25.54
25.28
25.04
24.92
24.75
24.53
24.12
23.81
23.67
23.62
23.34
23.19
23.05
22.94
22.92
22.85
22.75
22.8
23.21
23.38
23.78
24.16
24.54
24.68
24.97
25.07
25.2
25.9
26.15
26.26
26.9
27.26
27.82
28.47
28.25
28.86
29.32
29.57
29.52
30.06
29.8
30.14
30.29
30.81
31.1
31.1
31.42
31.43
31.98
31.91
31.87
31.76
31.96
31.8
31.78
31.45
31.3
31.2
31.2
30.78
29.27
27.34
26.73
26.26
25.84
25.56
25.34
25.15
25.12
25.09
24.95
24.88
24.8
24.26
24.14
24.26
23.91
23.6
23.55
23.56
23.55
23.45
23.39
23.38
23.38
23.39
23.35
23.28
23.32
23.38
23.46
23.49
23.51
23.5
23.46
23.41
23.39
23.34
23.31
23.27
23.22
23.16
23.07
23.08
23.15
23.15
23.15
23.15
23.15
23.1
22.96
22.83
22.74
22.77
22.83
22.93
23.05
23.2
23.39
23.67
24.03
24.39
24.98
25.35
25.62
25.46
25.69
26.08
26.14
26.17
26.81
27.53
28.08
28.05
27.81
27.99
28.06
28.02
28.25
28.47
28.91
29.23
29.7
30.12
30.57
31.06
30.98
30.45
30.12
30.27
29.99
29.86
29.7
29.87
30.34
30.05
29.95
30.75
30.85
30.79
30.78
30.65
30.07
29.67
29.39
29.08
28.92
28.43
27.93
27.68
27.46
27.38
27.27
27.61
27.53
27.05
26.91
26.76
26.63
26.37
26.35
26.38
26.24
26.03
25.95
26.03
26.08
26.09
25.93
25.69
25.19
24.61
24.42
24.35
24.2
23.97
23.72
23.59
23.47
23.24
23.12
23.02
22.92
22.93
22.99
23.01
23.04
23.11
23.1
23.15
23.27
23.37
23.43
23.48
23.56
23.66
23.87
23.97
24.07
24.01
23.86
23.89
23.91
23.85
23.91
24.15
24.45
24.56
24.74
25.05
25.25
25.51
25.74
25.56
25.54
25.51
25.78
26.05
26.06
26.15
26.43
26.92
27.17
28.01
27.47
28
28.39
28.83
28.8
28.64
28.43
28.56
28.41
28.27
27.08
22.24
21.81
21.95
22.07
22.07
22.08
22.16
22.23
22.23
22.23
22.2
22.2
22.22
22.23
22.23
22.25
22.26
22.27
22.28
22.33
22.39
22.43
22.57
22.64
22.63
22.63
22.6
22.51
22.56
22.58
22.52
22.49
22.44
22.46
22.42
22.42
22.44
22.47
22.5
22.53
22.58
22.57
22.48
22.48
22.52
22.5
22.48
22.44
22.44
22.54
22.54
22.61
22.73
22.84
23
23.38
24.03
24.78
25.34
25.9
26.35
26.72
27.07
27.6
27.98
27.93
28.31
28.32
28.19
28.22
28.65
29.24
28.78
28.88
28.89
29.19
29.6
29.1
28.9
29.04
27.27
27.3
26.97
26.87
27.27
27.08
26.48
26.91
26.89
27.03
26.41
26.16
26.06
25.79
25.45
25.25
25.06
24.68
24.36
24.12
23.85
23.62
23.51
23.39
23.17
23.06
22.85
22.74
22.6
22.47
22.27
22.08
21.88
21.8
21.78
21.64
21.49
21.44
21.4
21.28
21.18
21.12
21.09
21.02
20.97
20.96
20.93
20.91
20.95
20.96
20.88
20.83
20.87
20.9
20.86
20.84
20.89
20.9
20.9
20.84
20.76
20.77
20.8
20.75
20.76
20.72
20.79
20.99
21.25
21.55
21.92
22.34
22.86
23.28
23.54
24.16
24.48
24.51
24.6
24.96
25.34
25.86
25.77
26.08
26.4
26.44
26.61
26.83
26.87
27.06
27.39
27.37
27.58
27.48
27.7
27.87
28.27
28.24
28.56
28.81
28.76
29.1
28.86
28.68
28.86
28.53
28.51
28.72
28.87
28.67
28.7
28.64
28.42
27.93
27.4
27.19
26.68
26.07
25.82
25.56
25.56
25.25
24.82
24.25
23.96
24
23.91
24.17
23.85
23.76
23.57
23.33
23.12
23.16
23.09
22.74
22.55
22.41
22.32
22.41
22.55
22.22
21.76
21.57
21.42
21.2
21.04
20.94
21.16
21.04
20.94
20.99
20.74
20.96
20.88
20.57
20.44
20.28
20.33
20.39
20.29
20.41
20.45
20.63
20.25
20.05
20.17
20.4
20.65
21.33
22.57
23.42
23.99
25.42
25.92
25.56
26.19
26.14
26.48
27.03
26.78
26.76
27.48
28.66
28.35
27.81
27.94
28.07
28.2
28.33
28.46
28.59
28.72
29.13
29.2
29.26
29.44
29.05
28.49
28.52
28.1
28.3
28.29
28.41
28.15
27.7
27.24
27.02
26.69
26.46
26.44
26.37
26.01
25.89
25.68
25.48
25.53
25.7
25.78
25.73
25.52
25.48
25.27
25.17
24.66
24.32
24.57
24.8
24.77
24.8
24.96
24.82
24.88
24.79
24.52
24.27
24.4
24.25
24.17
23.95
23.48
22.99
23.04
22.82
22.55
22.51
22.39
22.17
22.02
21.62
20.12
20.24
20.39
20.56
20.69
20.67
20.76
20.93
21.15
21.19
21.58
22.32
23.03
23.77
24.07
24.79
25.72
26.08
26.67
27.13
27.66
27.49
27.63
28.32
29.21
29.25
29.95
30.81
29.95
30.13
30.64
31.03
30.93
31.22
30.57
31.2
30.92
31.98
31.76
31.87
31.41
31.07
32.25
32.8
31.78
31.98
31.67
31.98
32.61
32.51
32.84
33.61
33.12
31.61
31.38
30.86
30.49
30.29
29.79
29.5
28.92
28.54
28.09
27.73
27.7
28.03
27.87
27.77
27.7
27.6
27.47
27.67
27.75
26.92
25.75
25.39
25.82
25.78
25.57
25.42
25.11
24.86
24.72
24.7
24.61
24.85
24.86
24.67
24.32
24.1
23.95
23.85
23.84
23.68
23.88
23.64
23.26
23.4
23.43
22.84
22.51
22.3
22.37
22.62
22.06
21.73
22.03
22.46
23.4
24.09
24.58
24.78
25.16
25.18
25.55
26.14
26.54
26.64
27.59
28.43
29.49
29.86
29.7
29.98
30.4
31.35
30.83
31.68
31.28
31.39
31.87
31.59
31.61
31.81
32.28
32.9
31.79
31.94
32.26
32.11
32.29
32.7
33.07
33.61
33.39
33.34
34.57
34.27
34.31
33.45
33.45
32.61
32.19
31.76
31.33
30.96
30.88
29.78
29.32
29.51
28.8
28.77
28.81
28.67
28.37
28.16
28.3
27.98
27.82
27.43
26.84
26.71
26.68
26.83
26.81
26.81
27.01
27.05
26.45
26.19
25.38
24.61
24.36
24.35
24.81
25.24
25.79
25.51
25.89
26.02
26.12
25.42
24.32
23.54
23.13
23.21
23.76
23.75
23.58
23.84
23.57
23.43
23.26
23
22.93
23.24
23.58
24.2
24.98
25.66
26.56
27.42
27.98
28.44
28.98
29.93
30.55
30.98
31.09
31.17
31.61
31.73
31.57
32.05
31.95
31.78
31.63
32.08
32.31
32.3
32.95
32.73
33.09
33.67
33.52
33.31
33.62
33.55
34.01
34.13
33.77
33.97
34.11
33.53
33.3
33.48
33.2
32.87
32.4
31.34
30.53
30.05
29.58
29.37
29.09
28.74
28.45
28.16
28.06
27.35
26.81
27.03
27.24
27.39
27.6
27.56
27.36
27.21
26.84
26.72
26.63
26.69
27.16
27.29
27.59
27.86
27.63
27.1
26.64
26.02
25.63
25.67
25.99
25.88
25.55
25.61
25.46
25.3
25.21
25.01
24.91
24.72
24.6
24.35
24.24
24.4
24.49
24.25
24.07
24.4
24.87
25.48
26.07
26.69
27.18
27.72
28.01
28.08
28.16
28.36
28.61
29.27
29.4
29.95
29.81
29.81
30.01
30.08
30.1
30.02
30.12
30.71
31.13
31.38
31.49
31.9
31.8
29.28
26.16
25.55
25.68
25.26
24.42
24.5
24.32
24.25
24
23.58
23.49
23.47
23.35
23.33
23.44
23.35
23.37
23.46
23.39
23.28
23.33
23.21
23.29
23.1
23.03
23.18
23.08
23.08
23.08
23.06
23.15
23.13
23.13
23.25
23.34
23.43
23.54
23.58
23.57
23.64
23.73
23.72
23.69
23.73
23.68
23.67
23.71
23.69
23.63
23.63
23.6
23.56
23.57
23.55
23.49
23.51
23.48
23.42
23.43
23.4
23.43
23.42
23.4
23.41
23.39
23.47
23.58
23.66
23.78
24.1
24.62
25.23
25.58
25.86
26.21
26.84
27.14
27.5
27.42
27.31
27.17
26.92
26.62
27.08
27.6
28.12
27.96
27.92
26.12
25.49
25.83
25.96
26.28
27.24
27.42
27.65
27.66
26.58
26
25.44
25.07
24.88
25.23
25.19
25.15
25.38
25.69
25.9
25.78
25.88
26.17
25.9
25.93
26
25.65
25.38
25.2
25.06
24.73
24.59
24.42
24.18
23.88
23.64
23.53
23.41
23.31
23.28
23.24
23.15
23.04
22.96
22.87
22.86
22.87
22.89
22.96
23.04
22.92
22.78
22.35
22.22
22.24
22.23
22.35
22.19
22.33
22.46
22.32
22.43
22.74
22.75
22.84
22.9
22.58
22.05
22.11
22.18
22.21
22.39
22.64
22.82
22.91
23.09
23.24
23.43
23.75
24.25
24.73
25.28
25.85
26.2
26.8
26.58
26.78
26.86
27.29
27.32
28.01
28.43
28.93
29.4
27.72
27.99
28.26
27.63
27.61
26.83
24.98
24.31
24.33
23.88
23.69
23.72
23.91
24.05
24.08
24.11
24
23.78
23.67
23.74
23.86
23.9
23.92
23.89
23.83
23.79
23.75
23.75
23.73
23.65
23.6
23.53
23.49
23.42
23.43
23.4
23.37
23.37
23.45
23.5
23.56
23.63
23.73
23.75
23.8
23.82
23.81
23.79
23.73
23.65
23.58
23.49
23.45
23.47
23.5
23.52
23.55
23.56
23.53
23.47
23.44
23.42
23.43
23.43
23.4
23.41
23.45
23.47
23.41
23.37
23.32
23.28
23.22
23.29
23.26
23.19
23.2
23.33
23.54
23.91
24.28
24.76
25.51
25.71
25.81
26.05
26.34
26.43
27.21
27.19
27.48
27.78
28.02
27.93
28.66
29.03
29.24
29.23
29.41
29.29
29.23
29.42
29.74
29.98
30.28
30.56
30.38
29.79
28.9
27.19
26.74
26.81
27.3
27.82
28.22
28.48
28.21
28.33
28.58
28.48
28.07
27.98
27.89
27.65
27.51
27.4
27.33
27.09
24.78
23.03
22.82
22.8
22.87
22.96
23
23.08
23.18
23.19
23.2
23.22
23.23
23.24
23.28
23.34
23.3
23.29
23.28
23.3
23.34
23.39
23.43
23.52
23.6
23.6
23.55
23.59
23.59
23.59
23.63
23.6
23.6
23.61
23.6
23.6
23.59
23.59
23.6
23.58
23.58
23.51
23.49
23.5
23.53
23.57
23.68
23.8
23.97
24.35
24.66
24.95
25.31
25.98
26.13
26.02
26.26
26.56
26.6
26.59
26.84
27
27.59
27.63
27.54
27.67
27.9
28.08
28.39
29.11
29.34
29.24
30.23
29.83
29.38
29.79
28.13
24.64
23.32
22.84
22.64
22.6
22.62
22.7
22.81
22.92
23.1
23.19
23.18
23.19
23.21
23.3
23.3
23.24
23.17
23.13
23.2
23.23
23.24
23.15
23.09
23.01
23.03
22.97
22.95
22.94
22.91
22.92
22.9
22.86
22.82
22.78
22.78
22.72
22.6
22.54
22.5
22.52
22.46
22.36
22.3
22.21
22.18
22.2
22.19
22.15
22.1
22.09
22.15
22.13
22.16
22.2
22.11
21.97
21.97
22.08
22.03
22.13
22.27
22.31
22.39
22.64
22.92
23.18
23.64
24.21
24.89
25.48
26.32
26.43
26.66
26.99
27.76
27.7
27.92
28.18
28.55
28.5
28.59
28.73
28.84
29.29
29.85
29.7
29.85
30.41
30.3
29.51
25.84
24.11
24.11
24.31
24.17
23.83
23.87
23.98
24.08
24.12
24.13
24.13
24.1
24.04
24.04
24.03
24
23.9
23.91
24.02
24.08
24.08
24.08
24.02
24
23.93
23.8
23.75
23.71
23.81
23.89
23.88
24.04
23.95
23.79
23.85
23.87
23.85
23.95
23.93
23.85
23.85
23.93
24.01
23.98
23.92
23.88
23.73
23.49
23.38
23.34
23.34
23.6
23.64
23.75
23.69
23.59
23.47
23.59
23.68
23.61
23.58
23.41
22.92
22.6
22.54
22.61
22.82
23.05
23.25
23.42
23.94
24.41
24.79
25.24
25.84
26
26.78
27.39
27.27
27.91
27.99
28.23
29.04
29.02
29.26
29.41
29.65
29.98
29.68
29.79
30.35
30.47
30.19
29.64
30.5
30.94
31.24
31.12
31.06
31.18
31.25
31.39
31.58
31.71
31.55
31.68
31.73
31.01
30.43
29.64
29.24
30.02
29.9
29.03
28.35
27.85
27.54
27.21
26.96
26.8
26.64
26.5
26.4
26.26
26.14
25.97
25.76
25.52
25.39
25.29
25.21
25.25
25.23
25.24
25.1
24.96
24.73