23.65
23.62
23.56
23.55
23.57
23.56
23.62
23.69
23.88
24
23.97
23.86
23.71
23.57
23.45
23.34
23.28
23.3
23.23
23.16
23.16
23.21
23.23
23.24
23.33
23.42
23.5
23.62
23.85
24.06
24.25
24.49
24.93
25.45
25.95
26.32
26.5
27.21
27.46
27.42
27.51
27.64
27.76
27.36
27.85
27.9
27.96
27.95
27.49
27.5
27.66
28.18
28.55
28.69
28.82
28.88
29.26
29.39
28.97
28.92
28.97
29.04
29.45
30.21
30.51
30.39
30.18
29.89
29.23
27.63
26.35
26.31
26.29
26.04
25.97
25.95
25.8
25.71
25.55
25.5
25.49
25.52
25.5
25.58
25.6
25.46
25.43
25.45
25.62
25.54
25.52
25.58
25.71
25.74
25.76
25.75
25.63
25.51
25.38
25.28
25.23
25.07
24.89
24.82
24.81
24.79
24.75
24.71
24.64
24.58
24.46
24.39
24.36
24.3
24.2
24.16
24.15
24.11
24.1
24.13
24.1
24.16
24.2
24.22
24.28
24.35
24.38
24.31
24.21
24.21
24.26
24.26
24.35
24.36
24.37
24.35
24.42
24.46
24.27
24.03
23.88
23.64
23.62
23.52
23.63
23.79
23.85
23.96
24.06
24.16
24.23
24.25
24.38
24.54
24.76
25.01
25.13
25.27
25.27
25.19
25.35
25.7
25.8
25.54
25.63
25.64
25.57
25.59
25.52
25.46
25.35
24.94
24.65
24.47
24.4
24.38
24.39
24.41
24.46
24.5
24.54
24.58
24.62
24.61
24.58
24.59
24.55
24.5
24.5
24.48
24.45
24.43
24.37
24.29
24.2
24.16
24.13
24.09
24.08
24.02
23.96
23.88
23.77
23.79
23.83
23.83
23.82
23.85
23.87
23.85
23.84
23.91
24
24.02
24.02
24.01
24.08
24.28
24.61
24.96
25.24
25.54
25.5
25.37
25.37
25.31
25.39
25.8
26.1
26.19
26.28
26.81
27.7
27.83
27.83
28.09
28.41
28.84
29.02
29.23
29.41
29.3
29.16
29.47
29.62
29.78
30.23
30.04
30.5
30.54
30.37
30.82
31.03
31.05
30.96
30.75
30
29.48
29.29
29.2
29.11
29.2
29.46
29.47
29.3
29.18
29.01
28.6
28.17
27.9
27.71
27.46
27.31
27.2
27.14
27.07
27.06
27.03
27.03
26.99
26.76
26.61
26.78
26.72
26.56
26.4
26.17
26.13
25.41
25.47
25.35
25.48
25.56
25.61
25.6
25.66
25.5
25.38
25.42
25.36
25.32
25.15
25.04
24.99
24.91
25
25.03
25.03
25
25.06
25.18
25.37
25.52
25.79
26.15
26.57
26.99
27.27
27.49
27.61
27.81
27.95
28.31
28.79
29.04
29.26
29.7
29.84
29.99
30.26
30.38
30.73
30.8
31.14
31.17
31.44
31.71
31.98
32.11
32.29
32.33
32.43
32.42
32.76
32.89
33.04
33.19
33.19
33.59
33.06
32.58
32.2
32.03
31.95
31.81
32.01
32.4
32.53
33.21
33.05
31.96
31.13
30.56
30.62
30.58
30.69
30.49
30.08
30.05
29.44
29.32
29.34
29.25
29.07
28.92
28.65
28.23
28.15
28.12
28.14
28.04
27.96
27.7
27.4
26.63
26.44
26.71
26.83
26.78
26.82
26.84
26.81
26.74
26.67
26.51
26.55
26.55
26.24
26.25
26.24
26.15
26.19
26.23
26.18
26.26
26.34
26.31
26.38
26.55
26.78
27.15
27.37
27.57
27.49
27.29
27.6
28
28.56
28.71
29.1
29.61
30.02
30.19
30.9
30.91
31.23
31.41
31.78
31.86
32.04
32.34
32.29
33
32.76
33.08
33.16
33.19
33.53
33.5
33.62
33.67
33.8
33.82
33.83
34.03
34.12
34.18
34.25
34.34
34.23
34.26
34.06
33.8
33.58
33.09
32.56
32.12
31.63
31.26
30.84
30.46
30.11
29.95
29.9
29.98
29.88
29.91
29.83
29.76
29.67
29.48
29.24
29.15
29.25
29.31
29.1
28.89
28.63
28.44
28.22
28.1
28.1
28.12
28.1
28.14
28.07
27.89
27.62
27.44
27.45
27.35
27.25
27.15
27.14
27.19
27.15
27.03
26.92
26.88
26.77
26.67
26.42
26.23
26.07
26.16
26.44
26.69
26.96
27.15
27.38
27.77
28.21
28.6
28.62
28.84
29.2
29.75
30.15
30.3
30.46
30.6
30.88
31.1
31.34
31.61
31.91
32.16
32.49
32.26
32.73
32.61
32.98
33.09
33.29
33.34
32.91
33.6
33.13
33.37
33.67
33.47
33
33.71
33.88
34.2
33.85
34.3
34.68
34.17
33.77
33.39
32.97
32.43
32.23
32.04
31.65
30.73
30.35
29.95
29.63
29.35
29.28
29.37
29.56
29.48
29.39
29.08
28.92
28.88
28.99
29.1
29.13
29.29
29.12
28.91
28.75
28.62
28.62
28.77
28.53
28.3
28.19
28.13
27.96
28.02
28.27
28.08
28.22
28.25
28.09
28
27.85
27.69
27.4
26.88
26.54
26.25
26.07
25.96
25.9
26.03
26.17
26.48
26.64
26.83
26.86
26.74
26.88
25.95
25.91
26.31
26.47
27.21
27.44
27.42
27.12
27.41
27.52
27.76
27.78
27.63
28.07
28.28
28.67
28.78
29.15
29.03
28.96
28.99
29.21
29.83
29.9
29.99
29.88
30.03
30.16
30.32
30.35
30.44
30.51
30.78
30.84
30.92
31.16
30.95
30.86
30.38
30.11
29.71
29.5
29.52
29.64
29.66
29.19
28.6
28.44
28.42
28.53
28.4
28.48
28.3
27.99
27.91
27.75
27.75
27.74
27.48
27.42
27.73
27.55
26.79
26.71
26.69
26.83
26.94
26.96
27.27
27.45
27.38
27.25
27.1
27.03
27
26.88
26.7
26.54
26.43
26.16
25.97
25.99
25.95
25.96
25.99
26.25
26.33
26.32
26.4
26.4
26.42
26.37
26.59
26.68
26.68
26.8
27.02
26.96
27.05
27.12
27.14
27.36
27.7
27.6
27.64
27.69
27.13
26.74
26.75
26.98
27.68
28.78
29.32
29.9
30.37
30.81
30.62
30.92
30.93
31.44
31.8
32.08
31.85
32.09
32.2
30.93
30.84
29.88
29.2
27.08
24.41
24.62
24.49
24.46
24.52
24.61
24.79
24.84
24.72
24.51
24.44
24.49
24.53
24.5
24.67
24.8
24.98
25.11
25.2
25.25
25.3
25.36
25.35
25.27
25.23
25.04
24.72
24.52
24.39
24.4
24.42
24.49
24.7
24.88
24.77
24.83
24.75
24.45
24.53
24.72
24.97
24.9
24.79
24.11
23.68
23.66
24.16
24.22
24.28
24.24
24.15
24.28
24.4
24.38
24.19
24.12
24.15
24.16
24.26
24.45
24.65
24.83
25.02
25.19
25.33
25.55
25.72
26.08
26.45
26.86
27.08
27.63
27.53
27.57
27.95
27.86
28.15
27.89
27.37
28.2
28.21
28.46
28.58
28.75
28.39
28.97
29.1
28.95
29.18
29.42
29.47
29.78
29.49
28.99
29.34
28.97
28.64
28.75
29.29
29.36
29.23
29.04
28.7
28.51
28.27
28.12
27.95
27.89
27.66
27.53
27.37
27.37
27.34
27.19
27.08
26.94
26.88
26.8
26.67
26.76
26.82
26.73
26.8
26.69
26.52
26.39
26.36
26.33
26.29
26.27
26.23
26.17
26.13
26.05
25.97
25.98
25.96
25.9
25.91
25.81
25.67
25.52
25.41
25.34
25.26
25.21
25.21
25.34
25.38
25.31
25.02
24.42
24.19
24.12
24.2
24.33
24.51
24.84
25.62
25.72
26.12
26.5
26.41
26.72
27.21
27.5
27.49
28.06
28.43
28.64
28.86
28.93
28.91
29.14
29.48
29.49
29.69
29.71
29.7
29.67
27.45
27.38
27.95
27.25
26.53
26.76
25.55
24.33
24.07
24.1
24.37
24.63
24.73
24.63
24.76
24.44
24.16
23.99
24.01
24.08
24.17
24.25
24.2
24.03
24.02
23.99
23.99
24.01
24.1
24.19
24.24
24.12
23.94
23.77
23.68
23.7
23.78
23.82
23.88
23.91
23.94
23.98
23.99
24.03
24.01
24.07
24.22
24.32
24.3
24.26
24.17
24.1
24.09
24.14
24.1
23.91
23.82
23.84
23.88
23.84
23.8
23.77
23.76
23.75
23.73
23.71
23.74
23.84
23.99
24.05
24.17
24.23
24.34
24.42
24.52
24.63
24.64
24.66
24.78
24.88
24.9
24.88
24.95
25.09
25.41
25.8
25.46
25.47
25.59
25.62
25.73
25.74
25.88
25.9
26.04
25.62
25.72
25.61
24.14
23.54
23.69
23.84
23.89
23.96
23.97
23.97
23.98
24.1
24.2
24.24
24.25
24.24
24.23
24.2
24.18
24.16
24.05
23.93
23.9
23.96
24.06
24.18
24.25
24.3
24.37
24.45
24.46
24.45
24.41
24.38
24.27
24.22
24.14
24.13
24.1
24.1
24.09
24.05
24.02
23.98
23.85
23.86
23.76
23.73
23.68
23.69
23.69
23.69
23.67
23.66
23.66
23.63
23.6
23.51
23.44
23.51
23.46
23.43
23.48
23.55
23.56
23.59
23.71
23.74
23.68
23.64
23.67
23.68
23.76
23.85
23.87
23.57
23.35
23.27
23.18
23.23
23.39
23.57
23.79
24.02
24.35
24.75
25.15
25.55
25.85
25.98
26.37
26.46
26.99
27.31
27.52
27.86
27.91
28.1
28.18
28.53
28.95
28.6
25.99
24.03
23.39
23.34
23.31
23.4
23.79
23.81
23.87
23.91
23.9
23.83
23.76
23.86
23.9
23.93
23.98
24
24.07
24.18
24.22
24.23
24.12
24.19
24.29
24.4
24.43
24.5
24.59
24.78
24.72
24.66
24.55
24.51
24.46
24.35
24.15
23.99
23.96
23.98
23.99
24.01
24.01
23.93
23.83
23.73
23.57
23.57
23.75
23.87
24.01
23.85
23.57
23.35
23.33
23.28
23.23
23.2
23.15
23.08
23.02
22.87
22.78
22.76
22.83
22.89
22.98
23.05
23.14
23.28
23.51
23.74
23.9
23.95
24.04
23.97
24.11
24.28
24.5
24.89
25.28
25.13
25.27
25.4
25.66
26.33
26.11
26.75
26.88
27.4
27.36
27.51
27.75
27.41
27.28
27.55
27.5
27.55
27.68
27.48
27.41
27.42
27.61
27.86
27.93
27.97
27.37
24.26
23.1
22.74
22.77
22.88
22.94
23.04
23.09
23.14
23.18
23.12
23.12
23.01
23.01
23.01
23.03
23.08
23.14
23.15
23.17
23.23
23.28
23.26
23.29
23.27
23.26
23.3
23.28
23.28
23.24
23.28
23.26
23.22
23.26
23.29
23.24
23.24
23.25
23.3
23.38
23.46
23.5
23.52
23.54
23.57
23.61
23.64
23.69
23.77
23.75
23.82
23.94
23.98
23.98
24.03
24.07
24.11
24.06
23.07
22.61
22.45
22.23
22.24
22.42
22.7
22.57
22.72
22.75
22.8
23
23.46
23.23
24.33
24.41
24.57
24.83
25.23
25.26
25.02
25.06
25.07
24.49
24.51
24.42
24.22
24.12
24.3
24.51
25.2
25.36
25.5
25.21
25.05
25.03
25
24.85
24.79
24.79
24.92
24.6
24.43
24.22
24.12
24.22
24.38
24.27
24.22
24
23.95
24.26
24.13
23.97
24.04
24.05
23.94
23.79
23.68
23.65
23.56
23.52
23.48
23.4
23.37
23.35
23.33
23.32
23.25
23.21
23.18
23.16
23.15
23.16
23.14
23.15
23.12
23.08
23.09
23.05
23.09
23.07
23.05
23.14
23.17
23.11
22.96
23.1
23.31
23.65
24.34
24.53
25.03
24.75
24.68
24.45
25
25.26
25.41
25.99
26.19
26.8
26.67
26.57
27.34
27.35
26.91
26.87
27.61
27.84
27.87
28.19
28.54
28.36
28.58
28.31
28.04
28.21
28.02
27.81
28
27.85
27.63
27.58
27.39
27.7
27.81
27.71
27.54
27.51
27.43
27.37
27.36
27.42
27.23
27.3
27.19
26.81
26.62
26.51
26.49
26.51
26.42
26.25
26.11
26.04
25.96
25.99
25.84
25.52
25.62
25.61
25.27
25.15
25.18
25.21
25.04
24.9
24.84
24.7
24.69
24.67
24.61
24.5
24.44
24.44
24.6
24.71
24.64
24.76
24.84
24.92
24.98
25.04
24.97
24.91
24.76
24.66
24.67
24.51
24.43
24.42
24.42
24.55
24.73
24.97
25.02
25.09
25.21
25.32
25.22
24.85
24.39
23.93
24.12
24.49
24.94
25.6
26.21
26.47
26.88
27.36
27.83
28.28
28.69
28.9
28.94
29.37
29.54
29.75
29.67
30.12
30.33
30.74
30.41
30.67
29.12
26.22
25.79
25.18
25.07
25.05
25.22
25.54
25.82
26.37
27.31
27.77
28.1
28.2
27.65
26.91
26.73
26.43
26
25.76
25.55
25.46
25.46
25.37
25.33
25.29
25.31
25.45
25.77
25.93
26.04
26.07
26.16
26.03
26.02
26.04
25.98
25.98
25.92
25.82
25.87
25.89
25.83
25.79
25.72
25.64
25.6
25.62
25.63
25.64
25.57
25.63
25.77
25.75
25.73
25.73
25.69
25.64
25.61
25.64
25.64
25.62
25.64
25.7
25.75
25.82
25.87
25.96
26.11
26.31
26.51
26.69
27.02
27.52
27.89
27.96
28.01
27.93
28.03
28.09
28.36
28.75
29.02
29.64
29.87
30.24
30.76
31.16
31.36
31.53
31.78
31.76
31.74
32.31
32.79
32.89
32.88
33.07
32.87
33.43
33.43
33.31
33.31
33.39
33.55
33.9
34.64
34.17
33.1
32.5
31.33
30.73
30.08
29.41
29.03
28.69
28.18
27.17
26.53
26.24
26.02
26.2
26.62
26.14
26.34
26.57
26.74
26.58
26.31
25.95
25.72
25.57
25.53
25.5
25.54
25.42
25.33
25.35
25.52
25.6
25.56
25.47
25.43
25.35
25.25
25.19
25.13
25.09
25.04
25.03
25.03
25.02
24.96
24.9
24.85
24.86
24.9
24.99
25.05
25.14
25.23
25.34
25.45
25.54
25.69
25.87
25.97
26.16
26.43
26.64
26.89
27.38
27.84
28.09
28.56
28.9
28.9
29.1
29.24
29.53
29.72
30.01
30.25
30.93
30.92
31.15
31.61
31.63
32.05
32.69
32.73
32.44
32.48
33.07
33.01
33.16
33.4
33.34
33.45
33.49
33.5
32.89
33.22
33.57
33.93
33.23
33.12
32.84
32.09
31.48
31.37
30.5
30.47
29.8
29.77
29.7
29.06
28.77
28.46
28.34
28.14
28.05
27.95
27.82
27.72
27.67
27.63
27.52
27.33
27.24
27.12
26.94
26.93
27.2
27.26
27.2
27.13
27
26.87
26.77
26.68
26.63
26.56
26.6
26.62
26.44
26.35
26.3
26.27
26.26
26.25
26.2
26.11
25.96
25.73
25.65
25.65
25.56
25.54
25.92
26.57
26.69
27.1
27.5
27.86
27.97
28.43
28.74
29.17
29.48
29.87
29.81
30.42
30.54
30.58
30.98
31.29
31.32
31.48
31.9
32.21
32.45
32.62
32.69
32.81
31.39
30.13
28.53
28.49
29.81
31.58
32.35
32.67
33.31
32.92
32.8
32.63
32.09
32.48
32.6
31.38
30.68
29.05
24.75
24.09
23.86
23.97
24.14
24.25
24.36
24.47
24.46
24.52
25.11
25.55
25.49
25.46
26.06
26.31
26.09
25.69
25.66
25.86
25.98
26.15
25.99
25.98
25.77
25.76
25.71
25.82
25.96
26.03
25.85
25.77
25.78
25.78
25.68
25.69
25.81
25.86
25.88
25.92
25.92
25.9
25.91
26
25.99
26.02
26.05
26.02
26.07
26.45
26.94
26.87
26.98
27.58
27.9
28.49
28.87
29.4
29.21
29.17
29.16
29.34
29.49
29.76
30.01
30.55
30.78
30.42
30.44
30.76
30.86
31.19
31.24
31.11
31.06
31.36
31.82
31.84
31.15
31.49
31.92
32.36
32.09
32.5
31.72
29.4
28.44
27.84
27.48
27.38
27.71
27.98
28.61
28.88
28.54
28.28
26.61
25.57
25.21
25.09
25.1
25.09
25.08
25.05
24.87
24.84
24.82
24.59
24.29
24.12
24.09
24.09
24.14
24.14
24.11
24.21
24.27
24.35
24.35
24.35
24.41
24.48
24.57
24.63
24.86
24.96
24.9
24.76
24.68
24.65
24.57
24.39
24.27
24.22
24.2
24.2
24.18
24.17
24.21
24.24
24.18
24.17
24.09
24.07
24.15
24.26
24.42
24.95
25.29
25.62
25.87
26.17
26.21
26.88
27
27.05
27.61
28.04
28.14
28.04
27.83
27.61
27.49
27.65
27.73
28.06
28.25
28.19
28.56
28.4
28.04
28.14
28.3
28.55
29.05
29.4
29.87
30.07
30.57
30.42
30.21
30.33
31.18
31.29
31.05
31.1
30.69
30.36
30.41
30.43
30.6
30.48
27.13
26.22
26.18
26.16
25.92
26.01
26.15
26.28
26.25
26.22
26.12
26.08
26.06
25.97
25.55
25.42
25.43
25.46
25.47
25.31
25.2
25.12
25
24.84
24.69
24.68
24.65
24.63
24.57
24.56
24.58
24.58
24.53
24.39
24.29
24.31
24.33
24.36
24.41
24.46
24.57
24.7
24.64
24.54
24.55
24.66
24.86
24.95
24.94
24.97
25.04
25.1
25.15
25.32
25.48
25.53
26.15
26.16
26.52
26.86
27.23
27.44
27.78
28.2
28.55
28.9
29.1
29.19
29.43
29.74
29.87
29.78
29.68
30.57
30.69
30.62
30.94
30.74
30.77
30.62
30.69
30.49
30.88
30.43
30.05
29.28
26.13
25.67
25.88
26.43
26.6
27.13
27.04
26.67
26.31
26.13
26.16
26.42
26.51
26.35
26.19
26.1
26.05
25.87
25.69
25.47
25.36
25.22
25.24
25.22
25.15
25.09
25.02
25.03
24.94
24.85
24.81
24.78
24.74
24.69
24.61
24.53
24.5
24.46
24.41
24.35
24.35
24.34
24.27
24.2
24.16
24.06
24.03
24.01
24.03
23.99
24
23.99
23.91
23.88
23.89
23.87
23.85
23.84
23.94
24.18
24.38
24.51
24.66
25.11
25.05
25.22
25.69
25.88
26.26
26.65
26.65
27.49
27.68
27.89
28
28.54
28.61
28.84
28.94
29.21
29.55
29.87
30.09
30.37
30.1
30.61
30.89
30.91
31.57
31.51
31.54
31.44
31.68
31.74
32.15
31.81
32.03
32.2
32.6
32.35
32.45
31.82
31.57
31.5
31.54
31.11
30.52
29.78
29.73
29.7
29.19
29.4
29.53
28.76
28.3
28.9
28.87
28.79
28.74
28.84
28.77
28.14
27.8
27.17
26.6
26.15
25.87
25.7
25.52
25.38
25.23
25.08
25.04
24.99
24.93
24.9
24.76
24.66
24.52
24.45
24.43
24.36
24.23
24.18
24.23
24.2
24.22
24.31
24.4
24.42
24.46
24.43
24.36
24.38
24.51
24.48
24.5
24.67
25.05
25.21
25.64
25.85
26.01
26.48
26.49
26.54
27
27.25
27.27
27.6
27.92
28.28
28.22
28.63
28.94
29.57
29.95
29.8
30.12
30.19
30.36
30.43
30.95
30.34
28.79
29.27
29.82
29.84
29.66
29.11
27.92
27.7
27.49
27.16
26.96
26.28
26.16
26.12
26.23
26.39
25.65
25.24
25.09
24.75
24.64
24.81
24.66
24.66
24.83
24.95
25.05
25.2
25.34
25.54
25.88
25.89
25.91
25.58
25.13
24.63
24.56
24.42
24.39
24.4
24.6
24.74
24.85
24.93
25.01
25.11
25.12
25.15
25.2
25.28
25.36
25.36
25.35
25.35
25.29
24.9
24.7
24.82
25.02
25.2
25.36
25.43
25.36
25.26
25.21
25.19
25.2
25.43
25.49
25.52
25.59
26.02
26.5
26.61
27.03
27.07
27.32
27.66
27.86
28.17
28.33
28.48
28.9
29.32
29.62
29.77
30.53
30.36
30.23
30.33
30.88
31.22
31.59
31.77
31.38
31.79
32.05
32.35
32.92
32.31
32.05
31.98
32.26
31.58
31.73
31.96
32.22
31.8
30.93
30.93
31.73
31.83
31.72
31.18
30.02
29.33
28.95
28.79
28.64
28.55
28.18
28.16
28.18
28.16
28.09
27.95
27.87
27.88
27.98
27.92
27.78
27.69
27.55
27.4
27.21
27.42
27.47
27.62
27.77
27.62
27.42
27.25
26.82
26.4
26.29
26.32
26.22
26.13
26.04
25.96
25.86
25.77
25.68
25.62
25.63
25.55
25.56
25.55
25.48
25.46
25.43
25.5
25.64
25.77
26.04
26.74
26.93
27.8
27.84
28.38
28.6
28.69
28.76
28.9
29.17
29.53
30.01
29.91
30.11
30.02
30.71
30.47
30.67
30.81
30.89
30.83
30.83
31.37
31.66
31.62
32.09
31.95
32.03
32.18
32.18
32.21
32.22
32.54
32.4
32.09
32.18
32.29
32.34
32.13
31.67
31.36
30.96
30.96
31.09
31.09
30.93
30.46
29.57
29.01
28.82
28.48
28.22
27.81
27.59
27.45
27.23
27.19
27.22
27.15
27
27.07
27.23
27.12
27.2
27.25
27.22
27.18
27.11
27.02
26.85
26.77
26.62
26.46
26.36
26.35
26.2
26.04
25.96
25.88
25.77
25.68
25.57
25.47
25.38
25.3
25.2
25.13
25.08
25.02
24.97
24.92
24.86
24.82
24.89
25.06
25.31
25.49
25.55
25.47
25.57
26.02
26.05
26.21
26.47
26.65
26.98
27.03
27.31
27.57
27.51
27.87
28.2
28.59
28.53
28.86
29.25
29.35
29.43
29.78
29.84
30.46
30.5
30.39
30.19
30.23
30.2
30.27
30.39
31
31.03
30.67
30.04
29.87
29.77
28.92
27.72
27.45
27.41
27.43
27.49
27.33
27.37
27.27
27.11
27.09
27.11
27.03
26.96
26.96
27.03
27
27
26.98
27.01
27
27.03
27.04
26.86
26.69
26.51
26.31
26.27
26.25
26.1
25.96
25.75
25.45
25.27
25.34
25.43
25.55
25.64
25.57
25.58
25.48
25.49
25.61
25.65
25.67
25.71
25.74
25.76
25.74
25.77
25.8
25.7
25.51
25.39
25.34
25.42
25.51
25.62
25.73
25.8
25.98
26.57
26.69
27.03
27.25
27.44
27.5
27.83
28.06
28.02
28.73
28.94
29.45
29.39
29.94
30.03
30.11
30.29
30.34
30.42
30.33
30.67
28.79
27.32
26.22
24.95
24.28
24.37
24.4
24.33
24.64
25.14
26.52
27.5
27.28
27.01
26.97
27.07
27.32
27.34
27.16
27.42
27.41
27.02
26.71
26.47
26.26
26.2
26.28
26.26
26.36
26.29
26.09
25.72
25.69
25.86
26.03
26.24
26.36
26.49
26.51
26.55
26.59
26.59
26.57
26.56
26.64
26.72
26.68
26.66
26.73
26.82
26.87
26.89
26.86
26.85
26.79
26.78
26.79
26.72
26.66
26.6
26.32
25.94
25.57
25.78
25.95
25.47
24.73
24.25
24.03
23.95
24.1
24.35
24.82
25.25
25.67
26.19
26.83
27.06
27.22
27.53
27.52
27.73
28.42
28.53
28.59
28.73
28.78
28.76
29.17
29.53
29.77
29.9
29.8
29.77
29.99
29.91
29.93
30.14
30.21
29.86
29.61
29.58
29.44
29.22
29.04
28.26
28.12
28.23
28.44
28.6
28.52
28.46
28.65
28.64
28.59
28.28
28.04
27.88
27.73
27.53
27.41
27.34
27.3
27.39
27.35
27.36
27.33
27.28
27.38
27.33
27.28
27.23
27.23
27.27
27.26
27.22
27.21
27.08
26.77
26.57
26.64
26.86
26.89
27.09
27.04
27.02
26.96
26.89
26.95
26.96
27.03
26.98
26.95
26.78
26.76
26.76
26.82
26.79
26.78
26.69
26.64
26.47
26.27
26.11
26.01
26
26.03
26.13
26.22
26.34
26.49
26.62
26.81
26.9
27.13
27.37
27.65
28.11
28.21
28.33
28.54
28.82
28.86
28.93
29.41
29.5
29.69
29.88
30.22
30.16
30.05
29.78
29.72
29.85
29.91
29.87
29.95
29.9
29.76
30.65
30.42
30.88
30.46
30.97
30.58
29.57
28.79
28.62
28
27.58
27.44
27.38
27.25
27.1
26.95
26.78
26.63
26.62
26.64
26.56
26.51
26.44
26.33
26.27
26.22
26.26
26.29
26.31
26.19
26.23
26.37
26.33
26.2
25.96
25.51
25.14
24.99
24.91
24.84
24.85
24.82
24.88
25
25.09
24.93
24.38
23.07
23.06
23.24
23.42
23.49
23.62
23.73
23.76
23.7
23.62
23.56
23.52
23.45
23.42
23.38
23.31
23.31
23.38
23.58
23.75
23.9
24
24.17
24.35
24.6
24.89
25.27
25.61
25.89
26.1
26.22
26.3
26.44
26.43
26.65
26.44
26.53
26.72
26.9
27.23
27.46
27.67
27.7
28.04
27.99
28.04
27.89
27.88
28.24
28.14
28.49
28.54
28.57
28.53
28.8
28.57
28.7
28.67
28.69
28.96
28.82
28.59
28.35
28.22
27.78
27.29
27.15
27.01
26.9
26.75
26.65
26.67
26.69
26.8
26.85
26.75
26.8
26.69
26.24
25.99
25.77
25.61
25.51
25.42
25.38
25.48
25.58