23.94
23.88
23.80
23.73
23.67
23.65
23.66
23.68
23.72
23.73
23.75
23.70
23.60
23.56
23.55
23.44
23.36
23.35
23.30
23.23
23.18
23.17
23.15
23.15
23.18
23.27
23.43
23.77
24.04
24.39
24.69
25.07
25.76
26.08
26.33
26.59
26.88
27.38
27.80
28.25
28.39
28.54
28.38
28.38
28.71
28.91
29.32
29.40
29.45
29.59
29.68
29.98
30.08
30.42
30.69
30.67
30.93
31.16
30.93
30.68
31.12
30.85
31.12
31.54
31.81
31.94
31.90
31.01
30.32
29.75
29.54
29.26
28.71
27.71
27.11
26.86
26.62
26.76
26.58
26.66
26.37
26.32
26.36
26.47
26.39
26.17
26.12
26.25
26.18
26.06
25.94
25.84
25.81
25.73
25.57
25.68
25.57
25.45
25.31
25.08
24.97
24.85
24.89
24.98
24.97
24.84
24.60
24.58
24.54
24.57
24.31
24.19
24.01
23.94
23.89
23.88
24.07
24.08
23.90
23.82
23.89
24.12
24.40
25.14
25.48
25.88
26.19
26.39
26.59
26.83
27.07
27.40
27.63
27.68
28.03
28.07
28.46
28.66
28.78
28.85
28.92
28.87
28.70
28.75
28.94
29.10
29.18
29.38
29.47
29.62
29.50
27.70
27.41
28.58
29.04
29.41
29.58
29.81
29.65
29.59
29.88
29.57
29.38
29.22
28.03
27.88
27.94
27.73
27.55
27.35
27.63
27.44
27.30
26.98
26.62
26.37
26.37
26.29
25.73
25.25
25.23
25.47
25.51
25.59
25.41
25.27
25.53
25.52
25.60
25.86
25.60
25.32
25.12
25.20
25.22
24.99
24.93
24.93
24.66
24.68
24.63
24.36
24.30
24.32
24.26
24.25
24.16
24.09
24.03
23.94
23.88
23.91
23.94
23.94
24.04
24.14
24.14
24.25
24.45
24.73
25.09
25.41
25.80
25.97
26.12
26.51
26.88
27.09
27.50
27.73
27.89
28.41
28.57
28.94
29.08
29.32
29.52
29.68
29.80
30.18
30.50
30.24
30.48
30.46
29.63
28.99
29.53
29.77
29.75
29.44
29.21
29.55
29.69
30.07
29.99
29.78
29.79
29.01
28.61
28.40
27.02
26.13
26.15
25.79
25.73
25.51
25.93
25.32
25.07
24.99
24.96
24.88
24.85
24.83
24.76
24.64
24.58
24.56
24.56
24.52
24.35
24.18
24.44
24.45
24.18
24.05
23.95
23.96
23.78
23.78
23.67
23.50
23.36
23.35
23.31
23.41
23.42
23.42
23.49
23.46
23.43
23.37
23.28
23.20
23.11
23.26
23.31
23.32
23.28
23.33
23.43
23.51
23.59
23.76
23.99
24.29
24.72
24.94
25.31
25.48
25.69
25.94
26.27
26.73
26.98
27.35
27.72
28.04
28.39
28.80
28.87
29.16
29.33
29.65
29.90
30.22
30.28
30.20
30.33
30.42
30.26
30.45
30.62
30.73
30.82
30.75
30.59
30.48
30.98
30.54
30.02
29.74
29.57
29.56
29.60
29.62
30.07
30.03
30.02
29.71
29.04
28.33
27.78
27.55
27.30
27.08
26.83
26.53
26.42
26.11
26.11
26.01
25.71
25.33
25.12
24.89
24.66
24.55
24.43
24.39
24.35
24.34
24.16
24.08
23.79
23.74
23.86
23.80
23.70
23.75
23.87
23.75
23.60
23.48
23.07
22.79
22.78
22.70
22.91
23.10
23.01
23.13
22.97
22.78
22.56
22.53
22.56
22.62
22.70
22.92
23.22
23.69
24.15
24.16
24.58
25.04
25.96
26.82
26.87
27.40
28.03
28.45
29.04
29.07
29.25
29.49
29.49
29.38
29.52
29.87
30.01
30.15
30.37
30.42
30.66
30.64
30.80
31.17
31.38
31.64
31.68
31.72
31.70
31.83
32.05
31.88
31.87
32.11
32.20
32.11
32.06
31.75
30.46
30.25
29.85
29.60
29.42
29.06
28.64
28.19
27.87
27.54
27.41
27.27
27.14
27.08
27.25
27.16
27.11
26.93
26.71
26.60
26.33
26.51
26.41
25.44
25.56
25.56
25.45
25.67
25.67
25.56
24.94
24.99
24.07
23.89
24.74
25.02
24.59
24.83
24.82
23.78
24.34
24.55
24.46
23.23
23.37
23.74
23.53
23.45
23.51
23.47
23.65
23.32
22.82
23.22
23.75
24.44
24.77
25.30
26.12
26.78
27.53
28.15
28.48
28.90
29.30
29.56
29.51
29.74
29.77
29.95
30.27
30.41
30.60
30.68
30.90
31.05
31.22
31.48
31.52
31.79
31.92
31.99
32.13
32.00
32.40
32.24
32.70
32.80
32.81
32.84
32.81
32.94
33.19
32.67
32.73
32.64
32.37
32.27
31.99
31.68
31.27
30.84
30.17
29.75
29.30
28.89
29.01
28.68
28.45
28.42
28.03
27.81
27.59
27.39
27.27
27.10
26.93
26.80
26.88
27.14
27.11
26.82
26.63
26.66
26.92
26.75
26.68
26.36
25.96
25.69
25.52
25.58
25.60
25.54
25.47
25.42
25.35
25.17
25.08
24.99
24.76
24.52
24.28
24.16
24.05
24.04
23.92
23.55
23.61
23.89
24.16
24.44
25.22
25.79
25.99
25.94
25.86
26.15
26.54
26.76
27.42
28.07
28.41
28.68
28.88
29.32
29.62
29.60
29.54
29.82
29.94
30.13
30.26
30.39
30.47
30.52
30.48
30.55
30.78
30.71
30.83
30.84
31.02
31.14
31.06
31.07
31.04
31.21
31.15
31.29
31.10
31.00
30.72
30.53
30.46
30.51
30.27
29.40
29.11
28.92
28.53
27.99
27.42
26.92
26.81
26.87
26.82
26.62
26.30
26.08
26.18
26.08
26.07
26.21
26.20
26.22
26.36
26.47
25.98
25.95
25.86
25.96
25.78
25.46
25.63
25.71
25.82
25.78
25.68
25.59
25.56
25.40
25.22
25.05
24.90
24.65
24.38
24.22
24.39
24.41
24.46
24.35
24.26
24.29
24.28
24.27
24.43
24.82
25.05
25.14
25.42
25.68
25.97
26.42
26.66
26.93
27.31
27.41
27.73
27.96
27.99
28.07
28.07
28.11
28.24
28.51
28.73
29.14
29.47
29.61
29.90
29.99
30.07
30.47
30.55
30.71
30.84
31.18
31.29
31.72
31.63
31.11
31.30
30.94
30.72
29.77
28.85
28.99
28.79
28.67
28.58
28.55
28.38
27.93
27.64
27.35
27.05
26.87
26.85
26.80
26.80
26.65
26.45
26.37
26.22
26.13
26.24
26.23
26.19
26.03
25.89
25.75
25.69
25.42
25.27
25.30
25.32
25.24
25.20
25.24
25.24
25.12
25.01
24.61
24.52
24.58
24.74
24.59
24.08
23.80
23.68
23.95
24.06
24.00
24.10
24.10
24.00
23.98
23.95
23.90
23.87
24.06
24.34
24.49
24.69
24.92
25.29
25.47
25.69
25.93
26.21
26.47
26.79
27.05
27.38
27.75
28.03
28.42
28.76
28.86
29.15
29.20
29.45
29.56
29.57
30.14
30.18
30.48
30.73
30.58
30.70
31.10
31.15
31.20
31.32
31.62
31.55
31.57
30.84
30.05
30.01
29.78
29.55
29.43
29.37
29.33
29.19
29.07
28.83
28.47
28.23
28.08
27.91
27.83
27.70
27.57
27.59
27.77
27.94
27.99
27.94
27.62
27.29
26.97
26.77
26.64
26.30
25.87
25.81
25.71
25.58
25.45
25.29
25.11
24.99
24.87
24.73
24.66
24.65
24.59
24.56
24.56
24.53
24.43
24.37
24.31
24.22
24.11
24.06
24.02
24.00
23.96
23.93
23.95
23.99
24.00
24.01
23.89
23.91
24.22
24.57
24.83
25.22
25.57
26.01
26.17
26.62
26.91
27.32
27.57
28.03
28.29
28.56
29.07
29.45
29.70
29.96
30.02
30.18
30.10
28.90
28.59
28.46
28.73
29.03
29.41
28.96
29.02
29.45
29.28
28.97
29.20
28.93
28.62
28.16
27.96
27.66
27.61
27.56
27.57
27.44
27.39
26.99
26.64
26.28
26.12
25.96
25.87
25.61
25.17
24.62
23.84
23.69
23.70
23.77
23.80
23.80
23.75
23.72
23.72
23.79
23.85
23.85
23.86
23.95
24.03
24.08
24.11
24.16
24.18
24.14
24.13
24.16
24.16
24.11
24.09
23.99
23.99
23.93
23.90
23.86
23.80
23.65
23.59
23.65
23.54
23.54
23.45
23.41
23.46
23.39
23.28
23.40
23.65
23.92
24.14
24.40
24.75
24.92
24.94
24.98
25.25
25.77
26.33
27.04
27.07
27.42
27.82
27.95
28.20
28.51
28.59
28.72
28.69
28.87
28.91
29.18
29.22
29.36
29.42
28.92
28.70
28.75
28.36
27.82
27.72
27.81
28.36
28.69
29.23
28.98
28.63
28.48
28.38
28.37
28.23
28.21
27.95
27.82
27.79
27.61
27.40
27.19
27.02
26.96
26.90
26.82
26.65
26.48
26.39
26.20
26.10
25.95
25.81
25.62
25.43
25.29
25.11
25.00
24.95
24.85
24.79
24.73
24.67
24.64
24.65
24.67
24.59
24.32
24.26
24.29
24.29
24.28
24.26
24.33
24.39
24.32
24.22
24.11
23.93
23.85
23.70
23.66
23.64
23.65
23.69
23.71
23.75
23.85
23.83
23.82
23.89
24.13
24.37
24.66
25.07
25.30
25.46
25.93
26.25
25.96
25.93
25.98
26.15
26.19
26.36
26.46
26.74
26.93
27.09
27.41
27.65
27.94
28.14
28.31
28.72
28.88
29.08
29.27
29.50
29.77
30.03
30.26
30.24
29.45
29.07
28.80
29.04
29.16
29.32
29.23
29.14
29.28
29.18
29.10
28.93
28.41
28.15
27.69
27.18
26.96
26.78
26.64
26.52
26.36
26.27
26.17
26.08
26.02
25.90
25.82
25.81
25.75
25.74
25.70
25.63
25.52
25.34
25.20
25.26
25.29
25.22
25.15
25.06
25.17
25.20
25.21
25.22
25.23
25.08
25.01
24.86
24.77
24.75
24.62
24.54
24.40
24.32
24.26
24.27
24.27
24.21
24.16
24.11
24.13
24.10
23.98
24.06
24.52
25.03
25.24
25.74
26.22
26.58
26.96
27.21
27.56
27.99
28.13
28.14
28.08
28.35
28.72
28.83
29.03
29.12
29.36
29.63
29.92
30.09
29.96
30.20
30.38
30.84
31.12
30.99
30.52
29.81
29.36
29.23
29.25
29.05
28.89
28.92
28.83
28.91
29.01
29.12
29.07
28.97
28.62
27.49
27.05
26.79
26.55
26.36
26.21
26.11
26.08
25.96
25.86
25.77
25.77
25.62
25.54
25.51
25.61
25.79
25.75
25.58
25.61
25.62
25.69
25.57
25.41
25.42
25.32
25.17
25.17
24.97
24.68
24.71
24.75
24.69
24.66
24.71
24.80
24.74
24.75
24.79
24.85
25.00
24.97
25.00
25.05
25.13
25.03
24.81
24.77
24.85
24.81
24.65
24.69
24.99
25.48
25.92
26.25
26.58
26.60
26.65
26.64
26.59
26.74
26.93
26.83
26.61
26.22
25.97
26.11
26.19
26.44
26.88
27.17
27.57
27.64
27.80
27.97
28.25
28.43
28.44
28.46
28.65
28.78
28.89
29.19
28.94
29.05
29.17
29.50
29.81
29.68
29.46
29.28
29.36
29.79
29.45
29.34
29.19
28.84
28.59
28.13
27.74
27.57
27.41
27.20
26.93
26.86
26.73
26.47
26.32
26.30
26.16
25.98
26.02
25.95
25.95
25.96
25.88
25.75
25.61
25.51
25.45
25.47
25.56
25.55
25.59
25.58
25.35
25.29
25.18
25.07
25.01
24.92
24.85
24.88
24.77
24.65
24.59
24.56
24.57
24.68
24.73
24.69
24.58
24.46
24.40
24.45
24.56
24.74
25.10
25.40
25.79
25.75
25.76
25.89
26.37
26.64
26.83
27.11
27.39
28.04
28.08
28.27
28.63
28.90
28.83
29.01
29.36
29.59
29.75
29.98
30.31
30.20
30.27
29.96
29.80
30.03
30.14
30.27
30.59
30.76
30.67
30.63
30.72
30.69
30.60
30.53
30.73
30.60
30.37
30.11
29.60
29.39
29.11
28.93
28.68
27.92
27.27
27.15
27.06
27.14
27.11
27.00
26.62
26.26
26.19
26.14
25.94
25.71
25.67
25.65
25.55
25.49
25.43
25.38
25.28
25.21
25.22
25.21
25.06
24.79
24.59
24.48
24.43
24.40
24.45
24.40
24.30
24.30
24.29
24.28
24.16
24.01
23.85
23.79
23.61
23.53
23.51
23.46
23.44
23.41
23.48
23.64
23.83
23.93
24.00
24.15
24.31
24.38
24.45
24.37
24.31
24.47
24.67
24.91
25.36
25.74
26.20
26.63
26.87
27.35
27.69
28.01
28.25
28.58
28.59
28.83
29.15
29.47
29.66
29.97
30.02
30.23
30.36
30.61
30.06
29.05
29.02
28.78
28.74
28.65
28.56
28.62
28.65
28.66
28.90
28.33
28.09
27.90
27.50
27.08
26.71
26.09
25.75
25.55
25.40
25.31
25.25
25.02
24.93
24.96
24.82
24.75
24.86
24.96
25.09
25.14
25.15
25.09
25.07
25.06
24.98
24.89
24.84
24.80
24.80
24.80
24.79
24.79
24.77
24.72
24.67
24.64
24.59
24.51
24.42
24.38
24.37
24.36
24.39
24.39
24.37
24.37
24.38
24.39
24.37
24.30
24.27
24.31
24.34
24.41
24.48
24.60
24.81
25.12
25.33
25.57
25.90
26.23
26.66
26.74
26.90
27.06
27.04
27.01
27.27
27.68
28.02
28.38
28.43
28.67
28.99
29.11
29.42
29.51
29.74
30.00
30.16
30.49
30.86
31.07
31.20
31.02
30.86
31.00
31.03
30.99
30.89
30.85
30.91
30.36
30.41
30.47
30.23
29.97
29.31
28.81
28.35
27.96
27.81
27.58
27.22
26.69
26.33
26.18
26.00
26.02
26.13
26.11
26.13
26.06
26.10
25.98
25.89
25.73
25.66
25.61
25.53
25.43
25.40
25.39
25.39
25.36
25.29
25.25
25.05
24.82
24.74
24.64
24.52
24.39
24.26
24.18
24.08
24.00
23.93
23.87
23.78
23.72
23.69
23.69
23.72
23.80
23.83
23.91
24.01
24.14
24.24
24.32
24.44
24.60
24.74
24.91
25.14
25.33
25.42
25.67
25.98
26.21
26.65
26.95
27.23
27.37
27.49
27.79
28.04
28.26
28.52
28.76
28.86
28.88
29.24
29.43
29.73
29.95
29.89
29.75
30.13
30.77
30.52
30.75
31.14
31.21
31.14
31.07
31.19
31.15
30.93
30.95
30.49
28.68
28.63
28.50
28.09
27.71
27.55
27.21
27.22
26.92
26.84
26.77
26.45
26.33
26.19
26.08
25.91
25.81
25.75
25.68
25.62
25.61
25.58
25.58
25.52
25.47
25.39
25.28
25.26
25.39
25.45
25.42
25.48
25.43
25.33
25.23
25.17
25.12
25.08
25.08
25.09
25.04
25.02
24.92
24.84
24.85
24.84
24.80
24.75
24.71
24.68
24.65
24.68
24.72
24.77
24.95
25.33
25.61
26.01
26.32
26.70
26.99
27.34
27.69
28.16
28.46
28.67
28.85
29.14
29.28
29.49
29.69
30.16
29.84
29.73
29.92
29.96
30.07
29.42
29.56
29.92
29.10
28.92
28.40
28.54
28.99
29.01
28.16
28.31
28.29
28.01
27.65
27.48
27.25
27.30
27.25
26.80
26.53
25.88
24.35
24.06
23.89
23.84
23.86
23.85
23.78
23.75
23.65
23.65
23.80
23.92
23.83
23.76
23.90
23.97
23.90
23.73
23.67
23.68
23.69
23.71
23.61
23.59
23.50
23.48
23.42
23.45
23.49
23.50
23.44
23.42
23.40
23.38
23.35
23.38
23.41
23.42
23.46
23.47
23.46
23.42
23.39
23.42
23.42
23.40
23.40
23.36
23.46
23.74
24.00
24.14
24.44
24.80
25.11
25.54
25.88
26.39
26.59
26.74
26.94
27.18
27.49
27.74
27.74
28.17
28.30
27.89
27.83
28.42
28.62
28.89
28.96
28.74
28.71
28.76
28.68
28.76
28.79
28.98
29.24
29.67
29.87
30.33
29.69
28.20
28.07
28.22
28.22
28.27
28.25
28.15
28.34
28.36
28.12
27.80
26.98
26.49
26.18
25.94
25.79
25.53
25.49
25.33
25.04
24.71
24.51
24.37
24.23
24.24
24.12
24.11
24.06
23.96
23.85
23.86
23.82
23.73
23.67
23.63
23.61
23.64
23.70
23.61
23.54
23.50
23.43
23.29
23.19
23.14
23.18
23.09
23.02
23.03
22.96
23.04
23.02
22.91
22.89
22.84
22.85
22.87
22.81
22.85
22.89
22.99
22.95
23.10
23.31
23.52
23.76
24.16
24.63
25.22
25.50
26.07
26.52
26.56
26.89
27.00
27.11
27.27
26.91
26.70
27.06
27.81
28.01
27.91
28.23
28.24
28.20
28.52
28.49
28.57
28.82
29.12
29.53
29.60
29.89
29.84
29.50
29.51
29.76
29.71
29.87
29.84
29.57
29.35
29.20
29.05
29.02
29.09
27.90
27.41
27.16
27.00
26.80
26.65
26.65
26.74
26.73
26.30
26.04
25.88
25.70
25.22
24.56
24.49
24.70
24.81
24.75
24.72
24.75
24.70
24.69
24.60
24.47
24.39
24.44
24.37
24.31
24.21
24.02
23.84
23.87
23.77
23.62
23.62
23.59
23.50
23.46
23.35
22.89
22.97
22.99
23.02
23.08
23.12
23.20
23.25
23.28
23.29
23.46
23.75
24.03
24.37
24.58
24.89
25.43
25.58
25.95
26.24
26.60
26.59
26.85
27.23
27.65
27.88
28.18
28.45
28.05
28.02
28.16
28.31
28.33
28.80
28.75
29.12
29.13
29.45
29.45
29.57
29.58
29.58
30.12
30.09
29.60
29.38
28.27
28.22
28.47
28.61
28.80
29.21
28.95
28.25
27.96
27.65
27.47
27.43
27.19
26.83
26.34
25.95
25.66
25.46
25.41
25.47
25.39
25.35
25.36
25.35
25.35
25.46
25.49
25.23
24.80
24.57
24.68
24.67
24.61
24.56
24.41
24.29
24.24
24.23
24.18
24.26
24.27
24.21
24.06
23.98
23.91
23.83
23.83
23.76
23.83
23.74
23.62
23.67
23.66
23.45
23.33
23.27
23.30
23.39
23.27
23.25
23.44
23.65
24.03
24.41
24.59
24.78
25.13
25.29
25.72
26.11
26.43
27.06
27.33
27.65
28.19
28.59
28.44
28.75
28.95
29.35
29.38
29.77
29.32
29.40
29.40
29.49
29.66
29.92
30.47
30.78
30.56
30.63
31.00
31.11
31.36
31.57
31.85
32.33
32.39
32.28
32.98
32.57
32.66
32.13
32.08
31.61
31.38
30.52
29.98
29.72
29.39
28.97
28.84
28.55
28.09
28.22
28.18
27.93
27.73
27.52
27.46
27.10
26.91
26.55
26.15
25.92
25.78
25.72
25.65
25.62
25.66
25.60
25.37
25.27
24.99
24.75
24.29
24.13
24.31
24.44
24.58
24.35
24.41
24.46
24.51
24.24
23.85
23.60
23.47
23.47
23.66
23.68
23.61
23.66
23.58
23.49
23.46
23.43
23.54
23.71
23.99
24.29
24.64
25.05
25.40
25.75
26.17
26.44
26.73
27.22
27.61
27.90
27.95
28.22
28.65
29.05
29.26
29.41
29.59
29.58
29.66
29.88
30.12
29.97
29.70
29.81
30.21
30.56
30.37
30.21
29.96
29.85
29.84
29.75
29.46
29.23
29.31
29.13
29.07
29.10
28.67
28.38
28.09
27.52
27.17
27.04
26.75
26.68
26.69
26.52
26.36
26.21
26.19
26.05
26.01
26.08
26.28
26.11
26.01
25.83
25.65
25.47
25.34
25.32
25.33
25.34
25.51
25.57
25.69
25.79
25.71
25.54
25.40
25.19
25.08
25.10
25.17
25.11
24.97
24.86
24.74
24.72
24.75
24.73
24.79
24.78
24.75
24.68
24.64
24.67
24.70
24.70
24.65
24.75
24.97
25.38
25.82
26.14
26.57
26.96
27.18
27.49
27.73
27.90
28.25
28.71
28.95
29.62
29.34
29.52
29.88
30.05
30.06
30.34
30.31
30.93
31.06
31.19
30.87
31.47
31.58
30.89
30.21
29.71
29.55
29.28
28.90
28.78
28.89
28.85
28.72
28.44
27.68
27.45
27.34
27.00
26.60
25.79
25.33
25.14
25.04
25.00
25.01
24.96
24.88
24.84
24.87
25.01
24.97
24.95
24.97
25.02
25.14
25.06
24.96
24.96
24.96
25.01
25.01
25.10
25.12
25.17
24.81
25.16
25.23
24.91
24.87
24.66
24.54
24.51
24.54
24.55
24.43
24.38
24.37
24.28
24.25
24.29
24.36
24.36
24.33
24.29
24.31
24.36
24.34
24.28
24.28
24.27
24.2
24.28
24.43
24.48
24.6
24.53
24.61
24.81
25.19
25.5
25.74
26.17
26.29
26.47
26.88
27.06
26.99
27.44
27.53
28.14
28.19
28.64
28.54
28.65
29.28
29.09
29.37
29.58
29.83
30.34
30.47
30.57
30.79
30.69
30.97
31.4
31.05
30.51
28.32
27.87
28.46
27.69
27.03
26.14
25.77
25.62
25.86
25.74
25.51
25.47
25.54
25.58
25.57
25.58
25.65
25.71
25.82
26.01
26.1
26.2
26.24
26.25
26.24
26.17
26.09
26.06
25.89
25.73
25.6
25.46
25.38
25.22
25.11
25.13
25.15
25.14
25.21
25.23
25.19
25.16
25.14
25.05
24.97
24.9
24.82
24.72
24.64
24.58
24.55
24.55
24.64
24.65
24.65
24.64
24.68
24.82
24.95
25.01
25.12
25.31
25.5
25.59
25.75
25.97
25.98
26.27
26.33
26.48
26.69
26.89
27.21
27.79
28.33
28.31
28.41
28.74
28.99
28.83
29.27
29.22
29.06
29.6
29.79
29.37
29.8
29.88
29.72
27.02
27.59
28.45
28.57
28.84
28.22
27.2
27.07
27.19
27.87
28.52
28.69
29.4
29.39
30.43
29.5
29.04
28.6
28.19
28.01
27.92
27.58
27.4
27.11
27.1
27.17
27.17
27.31
27.23
27.05
26.96
26.93
26.78
26.65
26.74
26.82
26.92
26.93
27
26.84
26.49
26.15
25.88
25.74
25.66
25.65
25.6
25.48
25.4
25.35
25.33
25.33
25.16
25.02
24.89
24.8
24.69
24.65
24.65
24.66
24.75
24.83
24.92
25
25.1
25.18
25.29
25.42
25.48
25.51
25.61
25.82
25.96
26.38
26.72
27.14
26.92
26.67
26.84
27.91
28.05
28.46
28.81
28.84
28.94
28.89
29.43
29.12
27.87
26.23
25.65
25.72
26.09
26.16
26.21
26.65
26.88
26.89
26.8
27.12
27.64
28.23
29.17
29.73
29.26
29.28
29.41
29.64
29.58
29.52
29.45
29.3
28.69
28.28
27.89
27.62
27.39
27.21
26.93
26.78
26.69
26.65
26.62
26.55
26.54
26.47
26.36
26.2
26.07
25.95
25.83
25.73
25.7
25.57
25.48
25.41
25.35
25.35
25.43
25.43
25.41
25.33
25.3
25.23
25.14
25.1
25.07
25.09
25.05
24.97
25.02
24.09
23.68
23.49
23.32
23.19
23.24
23.45
23.66
23.7
23.81
23.93
24.25
24.56
25.04
25.66
26.27
26.91
27.31
27.77
28.3
28.66
28.82
29.07
29.39
29.73
29.83
30.08
29.81
29.68
30.24
30.5
30.87
31.44
31.69
31.45
31.37
31.27
30.62
30.2
29.57
30.67
31.43
31.45
31.65
32.07
32.1
32.49
32.12
33.51
32.84
32.89
31.17
28.76
28.78
28.24
28.14
27.9
27.79
27.48
27.43
26.93
26.78
26.9
26.23
25.73
25.53
25.34
25.29
25.1
25.16
25.17
25.12
25.01
24.76
24.73
24.87
24.85
24.69
23.44
23.02
22.92
22.82
22.7
22.79
23.07
23
23.19
23.29
23.31
23.31
23.12
22.93
23.03
23.13
23.18
23.31
23.44
23.49
23.5
23.5
23.47
23.65
23.76
23.73
23.61
23.57
23.63
23.72
23.76
23.83
23.81
23.82
24.08
24.49
25.14
25.53
25.99
26.33
26.74
27.06
26.83
27.07
27.35
27.87
28.12
28.45
28.51
28.57
28.93
29.05
29.24
29.17
29.43
29.54
30.08
30.08
30.27
30.2
30.49
30.96
31.31
30.97
31.29
31.12
30.69
30.79
30.94
30.81
30.63
30.01
29.73
29.45
29.45
29.53
29.4
28.88
28.5
28.12
28.13
28.27
28.3
28.26
27.73
27.48
27.44
27.25
26.98
26.77
26.65
26.47
26.34
26.46
26.49
26.46
26.38
26.35
26.34
26.33
26.27
26.16
25.99
25.9
25.91
26.04
26.07
26.09
26.05
26.04
26.01
25.91
25.82
25.84
25.75
25.76
25.72
25.63
25.7
25.66
25.57
25.53
25.52
25.57
25.66
25.68
25.7
25.84
26.08
26.22
26.35
26.59
26.72
26.86
26.83
26.78
26.9
26.55
27.27
28.11
28.32
28.05
28.34
27.94
28.26
28.43
28.24
28.42
28.39
29.13
29.28
29.27
29.68
29.13
28.67
28.95
28.92
29.11
28.8
28.22
28.32
27.92
28.04
28.1
27.83
27.92
27.99
27.76
27.69
27.47
27.13
26.78
26.59
26.39
26.26
26.1
25.96
25.91
25.87
25.97
26.07
26.04
26.05
25.99
26
25.94
25.9
25.94
25.84
25.87
25.99
25.98
26.01
25.92