23.79
23.8
23.89
23.94
23.97
23.96
24.07
24.19
24.27
24.32
24.3
24.29
24.27
24.21
24.21
24.21
24.18
24.07
24.01
24
24.02
23.95
23.94
23.89
23.83
23.86
24.12
24.66
25.25
25.63
25.97
26.84
27.05
27.46
27.73
28.11
28.44
28.95
29.4
29.73
29.96
29.96
29.78
29.89
29.84
30.28
30.61
30.25
30.66
30.54
31.24
31.25
31.4
31.3
31.4
31.69
31.69
31.9
31.87
31.73
31.96
32.14
32.38
32.05
32.07
32.06
32.16
32.12
32.15
32.02
31.86
31.76
31.5
30.81
30.19
29.63
29.2
29.03
28.69
28.55
28.44
28.39
28.25
28.18
28.13
28.01
27.76
27.67
27.45
27.25
27.07
27
26.8
26.61
26.53
26.27
26.09
26.03
25.93
25.9
25.83
25.75
25.69
25.65
25.6
25.59
25.57
25.47
25.44
25.28
25.14
25.16
25.16
25.18
25.11
25.17
25.05
24.94
24.95
24.94
24.84
24.85
24.95
25.32
25.45
25.99
26.67
27.42
27.16
26.97
27.74
28.06
28.23
28.66
29.31
29.81
30.06
31.04
30.95
30.22
30.56
29.95
30.56
30.32
29.69
28.55
28.97
29.27
29.99
31.03
30.78
30.95
31.98
31.95
32.08
31.93
31.16
31.08
32.31
31.63
31.17
30.6
31.24
31.01
30.48
30.13
29.75
29.54
29.14
28.81
28.46
28.17
27.83
27.63
27.85
27.75
27.35
27.38
27.29
27.28
27.31
27.25
27.17
27.18
27.52
27.73
27.01
26.65
26.45
26.21
26.26
26.3
26.3
26.36
26.42
26.39
26.28
26.24
26.08
25.92
25.74
25.54
25.43
25.27
25.18
25.1
25.14
25.1
25.13
25.2
25.13
25.07
24.96
24.86
24.78
24.73
24.68
24.7
24.75
24.86
25.15
25.45
25.77
26.03
26.37
26.62
27.01
27.36
27.8
28.03
28.2
28.34
28.65
29.09
29.4
29.68
29.86
30.32
30.43
30.42
30.56
30.86
30.86
30.95
30.96
31.13
31.43
31.4
31.7
31.72
31.36
31.63
31.74
32.08
31.79
31.28
31.04
30.78
30.68
30.64
30.64
30.37
30.33
30.23
29.76
29.11
28.68
28.34
28
27.84
27.73
27.49
27.35
27.38
27.11
26.74
26.53
26.45
26.27
26.15
26.16
25.99
25.87
25.86
25.95
25.91
25.68
25.65
25.62
25.64
25.53
25.34
25.28
25.25
25.11
24.94
24.86
24.77
24.75
24.81
24.74
24.8
24.94
24.93
24.81
24.75
24.7
24.75
24.83
24.86
24.79
24.82
24.85
24.85
24.86
24.94
25.01
25.06
25.31
25.5
25.58
25.9
26.37
27.12
27.38
27.66
28.08
28.25
28.64
28.57
28.8
29.3
29.39
29.93
30.22
30.48
30.24
30.61
30.71
31.3
31.44
31.72
31.64
31.88
31.6
32.05
31.94
29.61
26.73
25.29
26.08
27.87
29.48
29.78
30.54
30.89
31.13
30.86
30.59
30.93
30.35
29.71
29.33
28.78
28.56
28.51
28.29
28.02
27.68
27.52
27.35
27.31
27.28
27.02
26.7
26.63
26.46
26.31
26.13
25.97
25.88
25.62
25.38
25.17
25.25
25.16
25.14
25.1
25.12
25.14
25.19
25.3
25.25
25.32
25.53
25.71
25.55
25.33
25.16
25.06
25.11
24.99
24.42
24.19
24.09
23.96
23.88
23.91
24.1
24.43
24.48
24.68
25.22
25.96
26.91
26.65
26.94
27.53
28.15
28.11
28.34
28.25
28.54
28.43
28.35
29.06
29.4
29.86
30.04
30.84
31.12
30.99
31.1
31.19
31.21
31.28
31.67
32
32.26
32.33
32.18
32.45
32.84
32.61
32.92
33.06
32.95
33.18
32.82
32.91
32.9
33.01
32.76
32.74
32.66
32.65
32.36
31.97
31.36
30.84
30.63
29.99
28.8
28.2
27.92
27.57
27.28
26.89
26.59
26.42
26.17
26.06
26.09
26.1
26.29
26.36
26.23
26.01
25.8
25.63
25.58
25.54
25.41
25.09
25.05
25.1
25.14
25.26
25.4
25.44
25.32
25.23
25.16
25.21
25.26
25.31
25.28
25.29
25.25
25.16
25.13
25.13
25.13
25.15
25.22
25.32
25.55
25.79
25.95
26.58
26.71
27.08
27.31
27.81
28.09
27.97
28.32
28.47
28.84
29.06
29.78
29.99
30.31
30.35
30.22
30.48
31.07
31.44
31.3
31.67
31.64
31.99
31.73
32.41
31.44
30.32
31.13
31.54
31.67
31.52
31.11
31.08
31.41
28.42
26.01
24.96
26.37
27.5
28
28.7
28.2
28.33
28.21
27.99
27.16
26.86
26.57
26.44
26.21
26.24
26.18
26.22
26.13
25.56
25.3
25.91
26.14
26
25.85
25.63
25.43
25.26
25.15
25
24.94
24.92
24.94
24.83
24.71
24.71
24.66
24.61
24.57
24.49
24.44
24.37
24.37
24.39
24.37
24.35
24.28
24.24
24.14
24.12
24.18
24.18
24.15
24.13
24.14
24.17
24.24
24.37
24.67
24.91
25.11
25.3
25.54
25.86
26.04
26.34
26.82
27.02
27.37
27.55
27.94
28.06
28.29
28.92
28.97
29.22
29.2
29.66
29.45
29.98
29.96
29.84
29.74
25.76
23.95
24.3
24.17
24.68
25.43
26.21
27.61
28.29
28.49
29
28.8
28.83
28.55
26.11
23.07
23.12
23.25
23.44
23.53
23.82
23.99
24.15
24.11
23.87
23.73
23.78
23.93
24.15
24.28
24.24
24.25
24.15
24.12
24.23
24.35
24.37
24.46
24.46
24.47
24.5
24.51
24.56
24.39
24.28
24.2
24.23
24.25
24.34
24.35
24.42
24.59
24.55
24.19
24.09
24.09
24.04
23.94
23.98
24.05
24.16
24.15
24.18
24.21
24.04
23.94
23.93
23.97
24.04
24.07
24.12
24.24
24.34
24.46
24.58
24.66
24.95
25.72
25.69
26.15
26.51
26.63
26.88
27.41
27.18
27.23
27.73
27.52
27.55
27.66
28.2
27.95
27.96
27.99
28.31
27.96
28.37
28.81
28.83
28.79
29.21
29.71
29.75
29.81
29.93
29.79
30.15
30.06
30.42
29.92
29.69
30.53
30.46
30.98
31.67
30.7
29.99
29.71
29.33
28.63
28.39
28.17
27.92
27.18
27.38
27.69
27.5
27.3
26.17
26.09
25.99
25.81
25.74
25.75
25.81
25.92
25.94
25.95
26.2
26.15
25.95
25.76
25.56
25.24
24.98
24.82
24.72
24.6
24.61
24.63
24.6
24.61
24.61
24.59
24.52
24.47
24.45
24.5
24.43
24.22
24.08
24.08
24.06
24.07
24.03
24.05
24.22
24.56
25.06
25.55
26.18
25.78
25.75
25.85
25.97
26.15
26.56
26.6
26.78
27.16
27.52
27.82
28.72
29.23
29.93
30.11
30.43
30.56
30.81
31.05
30.8
30.65
30.86
31.16
31.52
31.35
31.51
31.72
31.42
31.71
32.34
32.19
31.77
31.77
31.99
32.1
31.77
31.73
31.53
31.61
31.58
31.46
31.34
30.89
30.24
29.77
29.7
29.39
29.14
28.68
28.48
28.39
28.21
27.78
26.6
25.6
24.52
24.26
24.24
24.57
25.14
25.16
25.29
25.14
25.55
25.61
25.87
25.88
25.76
25.83
25.84
25.86
26.01
26.04
26.02
25.95
25.83
25.87
25.87
25.83
25.81
25.82
25.73
25.62
25.65
25.57
25.38
25.17
25.04
24.91
24.72
24.59
24.56
24.66
24.62
24.63
24.75
24.88
25.09
25.18
25.33
25.51
25.64
25.91
26.28
26.28
26.39
26.12
25.83
26.32
27.18
27.68
27.91
28.23
28.41
28.59
28.49
28.35
28.4
28.51
28.58
28.78
29.4
30.01
29.69
29.42
29.5
29.73
30.02
29.99
29.71
29.84
29.99
29.97
30.09
29.9
29.84
29.75
29.61
29.52
29.1
28.59
28.44
27.84
27.69
27.72
27.91
27.64
27.62
27.43
27.41
27.32
27.26
26.77
26.71
26.76
26.69
26.74
26.73
26.68
26.76
26.86
26.93
27.1
27.18
27.23
27.21
27.22
27.12
26.97
27.08
27.12
27.04
26.95
26.87
26.76
26.67
26.5
26.38
26.25
26.17
26.12
26.04
25.98
25.89
25.88
25.96
25.94
25.76
23.35
22.03
22.03
22.07
22.4
22.79
23.05
23.13
23.17
23.05
22.85
22.75
22.02
22.09
22.32
22.44
22.48
22.34
22.48
22.45
22.4
22.27
22.37
22.27
22.25
22.49
22.54
22.77
23.12
23.66
23.9
24.26
24.69
25.33
25.69
25.78
25.98
26.43
26.55
26.91
26.69
27.11
26.97
26.72
26.2
26.01
25.89
25.68
25.4
25.19
24.5
23.59
23.45
23.7
23.72
23.69
23.66
23.6
23.58
23.45
23.38
23.29
23.26
23.2
23.07
23.07
23.01
23.01
23.04
23.09
23.1
23.07
23.05
23.08
23.11
23.08
23.09
23.11
23.07
23.11
23.11
23.02
23.03
22.94
22.86
22.87
22.88
22.94
22.98
22.98
22.98
22.95
22.86
22.78
22.78
22.94
23.03
23.17
23.49
23.86
23.89
23.86
24.17
24.45
24.59
24.73
24.77
24.96
25.74
26.05
26.46
26.44
26.73
27.4
27.53
27.61
27.75
28.42
28.57
28.65
28.47
28.18
28.58
28.53
29.03
29.09
29.47
30.09
29.99
29.96
30.01
29.9
30.07
29.89
29.54
29.33
29.34
29.28
29.12
29
29.12
28.87
28.6
28.2
27.55
27.13
26.79
26.45
26.23
26.15
26.02
26.03
26.02
25.91
25.65
25.54
25.38
25.32
25.19
25.12
25.03
24.91
24.82
24.77
24.6
24.49
24.45
24.45
24.38
24.28
24.27
24.2
24.15
24.06
23.97
23.9
23.8
23.77
23.84
23.86
23.82
23.84
23.8
23.82
23.82
23.82
23.8
23.82
23.81
23.8
23.78
23.81
23.83
23.94
24.18
24.28
24.36
24.51
25.19
25.71
26.18
26.57
26.68
26.69
26.7
26.73
27.06
27.85
28.11
29.12
29.33
30.35
29.92
30.38
31.27
30.92
31.01
31.66
31.09
31.59
31.65
31.86
32.28
31.65
31.92
31.65
31.73
31.77
31.68
31.46
32.01
31.52
31.4
31.41
31.46
31.08
30.86
30.59
30.53
30.21
29.49
29.11
29.24
29
28.68
28.51
28.39
28.44
28.34
28.27
28.26
28.44
27.99
27.82
27.64
27.5
27.41
27.37
27.38
27.49
27.23
26.93
26.93
26.86
26.87
26.75
26.85
26.95
26.85
26.71
26.58
26.48
26.3
26.16
26.08
26.07
26.05
25.91
25.82
25.69
25.54
25.43
25.27
25.14
25.11
25.12
25.25
25.46
25.68
26.12
26.34
26.27
26.3
26.36
27.18
27.75
28.18
28.47
28.59
28.99
29.16
29.6
29.55
29.6
30.18
30.32
30.61
30.69
30.94
30.69
31.01
30.79
31.17
31.14
31.22
31.68
31.62
31.68
31.64
31.87
32.05
32.07
32.22
32.17
31.92
31.62
31.91
31.83
31.51
31.09
30.4
29.71
29.52
29.24
28.78
28.42
28.15
27.92
27.63
27.75
27.87
27.47
27.47
26.75
25.68
24.89
24.38
24.17
23.87
22.25
21.49
21.66
22.01
22.13
22.49
22.77
22.69
22.7
22.61
22.52
22.68
22.77
22.75
22.72
22.66
22.6
22.6
22.59
22.6
22.6
22.59
22.62
22.62
22.63
22.67
22.81
23.01
23.23
23.49
23.47
23.58
23.6
23.52
23.49
23.6
23.65
23.73
23.91
24.12
24.06
23.82
24.09
24.46
25.05
25.86
26.08
26.61
27.04
27.4
27.14
28.02
28.39
28.54
28.72
29.3
28.95
29.12
29.04
29.15
29.67
29.59
29.7
29.61
29.97
30.72
30.6
31.53
31.12
31.46
31.43
30.96
30.82
30.87
30.8
30.88
31.36
30.94
30.71
31.07
30.77
30.72
30.19
29.49
29.21
28.42
27.52
27.31
27.23
27.39
27.62
28.23
28.18
28.36
28.15
27.73
27.56
27.27
27.03
27.15
27.17
26.92
26.79
26.63
26.53
26.35
26.12
26
25.98
26
25.95
25.86
25.81
25.77
25.66
25.56
25.48
25.48
25.42
25.39
25.37
25.25
25.06
24.91
24.76
24.63
24.64
24.56
24.54
24.48
24.65
24.78
25.06
25.52
25.8
26.11
26.52
26.98
27.12
27.22
27.67
27.54
27.94
28.45
28.47
28.77
29.15
28.5
29.39
30.04
30.26
30.27
30.33
30.49
30.5
30.43
30.78
31.08
31.25
31.62
31.51
31.54
31.78
32.06
32.04
32.13
32.09
32.01
30.86
29.49
28.78
27.99
27.23
26.5
26.35
26.4
26.36
26.4
26.39
26.35
26.12
25.91
25.77
25.71
25.65
25.66
25.73
25.87
25.73
25.67
25.72
25.8
25.71
25.59
25.3
25.17
25.22
25.2
25.24
25.34
25.38
25.49
25.42
25.08
25.36
25.83
26.01
26.04
26.21
26.36
26.28
26.07
26.01
26.03
26.05
25.93
25.86
25.75
25.63
25.56
25.52
25.5
25.52
25.43
25.43
25.43
25.49
25.68
25.85
25.97
26.17
26.14
26.49
26.42
26.79
26.78
26.68
26.55
26.71
27.05
27.12
27.36
27.72
28.03
28.42
28.41
28.8
29.02
28.88
29.01
28.91
29.49
29.45
29.46
29.65
29.64
29.84
29.87
30.32
30.27
30.28
30.45
30.54
30.65
30.53
30.5
30.69
30.66
30.61
30.35
30.35
30.3
30.14
29.75
29.11
28.76
28.48
28.32
27.9
27.75
27.51
27.44
27.46
27.46
27.57
27.38
27.25
27.11
26.98
26.91
26.79
26.63
26.49
26.34
26.22
26.18
26.24
26.44
26.42
26.36
26.46
26.56
26.7
26.72
26.62
26.63
26.59
26.58
26.54
26.55
26.42
26.27
26.26
26.34
26.33
26.12
25.94
25.83
25.69
25.54
25.56
25.59
25.68
25.91
26.25
26.6
26.5
26.47
26.51
26.62
26.64
26.69
26.77
26.97
27.17
27.71
27.74
27.67
27.72
28.19
28.52
28.74
28.88
29.29
29.51
29.66
29.66
29.98
30.03
30
30.24
30.45
30.5
30.91
31.73
31.08
31.78
31.18
30.96
31.22
31.25
31.17
31.15
31.39
31.61
31.3
32.17
33.2
31.09
30.31
30.06
29.8
29.14
26.93
25.32
24.27
24.1
24.05
24.21
24.24
24.22
24.25
24.36
24.61
24.82
25.14
25.33
25.63
25.92
26.25
26.53
26.4
26.38
26.45
26.47
26.47
26.48
26.5
26.43
26.25
26.23
26.19
26.19
26.19
26.23
26.24
26.35
26.33
26.39
26.44
26.46
26.52
26.56
26.5
26.32
26.27
26.28
26.16
26.26
26.44
26.57
26.78
27.25
27.72
27.83
27.53
27.56
27.66
28.22
28.7
28.93
29.18
29.17
29.48
29.52
29.95
29.91
29.87
30.05
30.27
30.34
30.32
30.76
30.59
30.76
30.9
30.95
31.02
31.05
31.27
31.62
32.01
31.76
31.76
32.1
32.05
31.99
31.26
31.82
31.77
30.71
30.12
29.53
29.73
29.4
28.59
27.07
25.25
25.07
24.94
24.76
24.81
24.94
24.93
24.79
24.82
24.84
24.91
25.04
25.15
25.25
25.27
25.31
25.27
25.38
25.39
25.42
25.42
25.48
25.35
25.26
25.15
25.06
25
24.93
24.84
24.86
24.9
24.93
24.97
24.98
25
24.99
24.92
24.88
24.9
24.92
24.94
25.02
25.1
25.12
25.11
25.03
25.02
25.2
25.44
25.61
25.62
25.64
25.8
26.06
26.22
26.47
26.6
26.96
27.89
27.62
28.3
28.59
29.09
29.54
29.04
28.63
28.55
29.13
29.59
29.84
29.7
29.68
30.33
30.1
30.28
30.34
30.46
30.41
30.55
29.81
30.66
30.36
29.58
28.1
27.43
27.49
27.74
27.89
27.84
27.62
27.7
27.74
27.64
27.26
26.61
26.3
26.13
25.93
25.72
25.61
25.6
25.55
25.64
25.96
26.16
26.54
26.59
26.26
26.08
25.99
25.94
25.87
25.8
25.74
25.71
25.59
25.48
25.38
25.36
25.38
25.28
25.16
25.05
24.93
24.82
24.75
24.72
24.62
24.55
24.55
24.56
24.51
24.49
24.44
24.39
24.32
24.25
24.23
24.23
24.2
24.18
24.19
24.25
24.29
24.35
24.44
24.64
24.97
25.45
25.9
26.02
26.24
26.27
26.59
27.16
27.2
27.3
27.72
28.06
28.16
28.62
28.8
28.68
28.94
28.84
29.19
29.4
29.49
29.63
29.63
29.9
29.81
30.28
30.22
30.61
30.56
30.6
30.94
31.7
31.14
30.74
29.83
28.23
28.27
29.53
27.79
27.15
27.34
27.3
27.31
27.18
27.2
27.22
27.08
26.86
26.68
26.71
26.79
26.77
26.7
26.57
26.37
26.29
26.23
26.31
26.32
26.28
26.36
26.4
26.33
26.25
26.13
26.17
26.07
26.19
26.46
26.46
26.39
26.35
26.27
26.19
26.09
25.96
25.81
25.67
25.52
25.56
25.64
25.52
25.32
25.17
25.08
24.9
24.75
24.65
24.56
24.35
24.21
24.16
24.42
24.67
24.68
24.75
24.84
25.01
25.27
25.76
25.79
25.98
26.3
27.17
27.6
27.89
27.77
28.07
28.5
28.15
28.27
28.58
29.04
29.87
29.8
29.98
30.23
30.14
30.38
29.94
29.96
30.64
30.22
29.83
28.88
28.98
28.76
29.39
28.13
24.41
23.36
23.66
23.58
23.64
23.83
24
24.1
24.08
24.06
24.18
24.23
24.3
24.41
24.49
24.54
24.57
24.69
24.84
25.01
25.03
25.05
25.09
25.22
25.24
25.37
25.42
25.46
25.46
25.53
25.59
25.59
25.59
25.65
25.69
25.77
25.77
25.67
25.52
25.4
25.33
25.17
24.95
24.92
24.9
24.84
24.72
24.66
24.63
24.58
24.55
24.54
24.44
24.41
24.44
24.5
24.5
24.52
24.55
24.52
24.53
24.6
24.77
25.06
25.58
25.93
26.43
26.42
26.42
26.63
27.19
27.33
27.38
28.18
28.61
28.87
29.13
29.19
29.42
29.84
29.86
29.99
30.13
30.6
30.68
30.77
29.91
26.24
25.12
26.23
27.12
27.36
28.1
28.23
28.4
28.25
27.93
27.87
27.83
27.38
26.86
26.64
26.26
26.2
26.11
26
25.8
25.52
25.38
25.4
25.43
25.5
25.55
25.5
25.58
25.59
25.69
25.75
25.85
25.84
25.73
25.83
25.82
25.75
25.75
25.77
25.79
25.79
25.74
25.77
25.84
25.72
25.74
25.71
25.67
25.34
25.07
24.87
24.72
24.67
24.6
24.6
24.6
24.52
24.5
24.53
24.47
24.49
24.53
24.61
24.66
24.68
24.72
24.79
24.87
24.93
24.98
24.76
24.68
24.14
23.3
23.34
23.44
23.52
23.04
23.12
23.08
22.83
23.06
22.58
22.33
22.14
22.08
22.2
22.3
22.41
22.47
22.53
22.82
22.91
23.11
23.28
23.37
23.53
23.94
24.23
24.61
24.94
25.34
25.57
26
26.08
26.22
26.38
26.39
26.42
26.48
26.61
26.85
27.02
26.66
26.24
26.1
25.87
25.65
25.4
25.2
25.04
24.94
24.99
24.99
24.93
24.91
24.86
24.89
24.88
24.89
24.9
24.98
25.01
25.03
25.09
25.15
25.17
25.24
25.26
25.31
25.21
25.17
25.17
25.17
25.19
25.22
25.22
25.27
25.29
25.31
25.3
25.35
25.28
25.22
25.24
25.24
25.24
25.19
25.17
25.11
25.09
25.07
25.05
25.05
25.13
25.25
25.37
25.66
26.1
26.8
26.68
27.05
27.62
28.11
28.63
28.5
28.56
28.58
28.67
28.14
26.51
26.74
27.12
27.23
27.36
26.56
26.14
26.13
26.4
26.94
27.11
27.44
27.71
28.04
28.31
28.4
28.26
28.04
27.8
27.85
27.93
27.83
27.71
27.67
27.18
26.99
26.84
26.71
26.52
26.05
25.88
25.71
25.63
25.57
25.57
25.54
25.45
25.42
25.4
25.38
25.41
25.44
25.43
25.35
25.25
25.12
24.94
24.86
24.85
24.75
24.66
24.61
24.59
24.57
24.55
24.5
24.47
24.41
24.4
24.34
24.31
24.26
24.25
24.28
24.3
24.3
24.29
24.27
24.25
24.23
24.25
24.25
24.28
24.31
24.25
24.21
24.17
24.11
24.05
24.02
24.02
24.08
24.24
24.39
24.51
24.65
24.75
24.9
24.99
25.21
25.31
25.57
25.7
25.97
26.12
25.93
26.32
26.68
27.06
27.07
27.43
27.64
27.88
28.47
28.12
28.3
29.2
29.04
28.95
29.14
29.38
29.24
29.42
29.53
29.77
29.68
30.17
30.15
30.2
30.25
30.89
30.6
30.38
30.34
29.73
29.08
24.82
23.39
23.09
22.69
22.66
22.87
22.93
23.01
23.13
23.13
23.13
23.09
23.25
23.28
23.33
23.47
23.58
23.61
23.68
23.64
23.58
23.46
23.53
23.46
23.35
23.35
23.44
23.55
23.52
23.43
23.52
23.6
23.66
23.76
23.76
23.82
23.93
23.99
24.05
24.06
24.06
24.1
24.07
24.01
23.99
23.97
23.97
24.02
24.02
24.08
24.13
24.14
24.24
24.34
24.44
24.71
25.16
25.25
25.31
25.33
25.61
25.93
26.45
26.41
26.74
27.26
27.7
27.77
28.55
28.29
28.35
28.71
28.91
29.09
29.38
29.4
29.73
29.87
30.32
30.2
30.17
30.27
30.97
31.39
31.43
32.05
31.11
30.31
32.28
31.34
31.04
31.18
28.87
28.43
27.64
27.4
27.18
27.08
26.99
26.53
26.05
25.75
25.46
25.27
25.22
25.07
24.78
24.76
24.74
24.68
24.67
24.62
24.71
24.92
25.11
25.14
25.18
25.28
25.23
25.18
25.19
25.27
25.32
25.31
25.34
25.39
25.37
25.35
25.35
25.41
25.41
25.33
25.3
25.28
25.19
25.14
25.07
24.97
24.9
24.82
24.81
24.85
24.83
24.87
24.91
24.95
25.02
25.09
25.11
25.2
25.38
25.61
26.04
26.52
26.56
26.74
26.99
27.12
27.14
27.16
27.7
28.24
28.74
28.97
29.15
29.3
29.69
29.93
30.07
29.91
30.16
30.41
30.68
30.8
31.09
30.79
30.95
31
31.14
31.25
31.45
31.48
32.22
32.22
32.03
31.79
31.46
30.32
26.4
24.2
24.04
24.24
24.34
24.45
24.35
24.36
24.46
24.54
24.67
24.79
24.81
24.86
24.86
24.82
24.89
24.96
24.94
24.91
24.8
24.76
24.86
25.16
25.74
25.72
25.65
25.58
25.58
25.61
25.58
25.56
25.57
25.53
25.41
25.21
25.00
24.91
24.84
24.84
24.92
24.91
24.90
24.98
24.98
24.99
24.97
24.98
24.92
24.91
24.92
24.95
24.87
24.74
24.78
24.87
25.03
25.32
25.66
25.93
26.28
26.16
26.22
26.64
27.29
27.50
27.95
28.23
28.22
28.41
28.63
28.66
28.87
29.06
29.34
29.64
29.54
29.74
29.96
30.07
30.28
30.28
30.21
30.33
30.37
30.52
30.74
31.00
30.85
30.82
30.90
30.98
31.13
30.87
30.50
29.95
29.14
28.76
28.39
28.25
28.03
27.65
27.07
26.52
26.36
26.25
26.04
25.99
26.00
25.97
25.94
25.79
25.72
25.74
25.81
25.84
25.84
25.81
25.76
25.69
25.63
25.57
25.55
25.46
25.46