25.57
25.68
25.85
25.96
26.05
26.17
26.29
26.42
26.47
26.42
26.43
26.3
26.18
26.14
26.24
26.23
26.17
26.09
26.07
26.04
26.03
25.94
25.87
25.86
25.87
25.89
25.98
26.18
26.31
26.4
26.43
26.55
26.81
27.22
27.23
27.26
27.51
27.54
27.9
28.19
28.07
28.13
28.45
28.6
28.97
28.83
29.09
29.24
29.68
29.74
29.8
30.16
30.45
31.01
31.05
31.43
31.76
31.32
31.47
31.42
31.6
31.8
31.68
31.9
31.94
32.08
32.27
32.19
31.95
31.68
31.36
31.2
30.75
30.29
30.03
29.71
29.51
29.48
29.33
28.72
28.32
28.05
27.81
27.63
27.45
27.3
27.16
27.02
26.97
26.87
26.81
26.87
27.01
26.98
26.88
26.84
26.88
27.14
27.09
26.85
26.55
26.29
26.11
26.02
25.93
25.87
25.79
25.73
25.7
25.66
25.6
25.59
25.56
25.57
25.48
25.42
25.43
25.44
25.39
25.3
25.25
25.25
25.44
25.65
26.05
26.84
27.26
27.4
27.41
27.45
27.8
28.23
28.26
28.47
28.72
29.09
29.3
29.47
30.02
30.25
30.33
30.68
30.8
31.16
31.07
31.4
31.7
31.76
32.14
32.6
32.53
32.77
32.65
32.96
33.25
33.23
33.36
33.49
33.68
33.69
33.23
32.96
32.47
32.1
31.72
31.41
30.26
29.04
28.53
28.12
27.68
27.3
27.13
26.98
26.79
26.82
26.81
26.86
26.92
26.91
26.89
26.86
26.96
26.99
26.83
26.8
26.77
26.81
26.89
27.1
27
27.02
26.96
27.02
26.88
26.69
26.63
26.65
26.62
26.52
26.48
26.58
26.64
26.65
26.65
26.73
26.88
26.92
26.82
26.65
26.65
26.67
26.61
26.62
26.56
26.54
26.6
26.65
26.79
26.99
27.2
27.47
27.82
28.12
28.41
28.68
28.92
29.12
29.31
29.73
29.98
30.46
30.93
31.06
31.3
31.59
31.81
31.91
32.25
32.44
32.64
32.85
33.09
33.24
33.23
33.15
33.3
33.42
33.52
33.77
33.85
33.93
34.04
34.16
34.2
34.21
34.2
34.23
34.26
34.32
34.35
34.25
34.03
33.63
33.44
33.32
33.21
33.06
32.32
31.64
32.16
31.65
31.17
30.81
30.66
30.52
30.44
29.84
29.5
29.22
29.22
29.12
29.05
29.11
29.15
28.72
28.31
28.59
28.67
28.99
29.05
28.63
28.15
28.02
27.99
27.97
27.88
27.9
27.93
27.9
27.78
27.66
27.52
27.42
27.4
27.43
27.36
27.27
27.19
27.14
27.11
27.02
27.11
27.39
27.71
28.13
28.38
28.73
29.02
29.32
29.52
29.83
29.95
30.16
30.46
30.72
30.96
31.22
31.43
31.76
31.95
32.32
32.54
32.77
32.97
33.18
33.33
33.53
33.64
33.87
33.96
34.1
34.21
34.32
34.34
34.55
34.72
34.73
34.7
34.71
34.77
34.61
34.41
34.28
33.42
32.73
32.46
32.27
31.77
31.55
31.2
30.56
30
29.67
29.31
28.94
28.93
28.8
28.9
29.13
29.16
29.01
28.95
28.96
28.87
28.78
28.87
28.81
28.91
28.69
28.44
28.48
28.53
28.48
28.55
28.79
28.7
28.67
28.49
28.57
28.56
28.54
28.56
28.75
28.76
28.64
28.41
28.4
28.5
28.39
28.33
28.25
28.19
28.04
27.87
27.64
27.46
27.29
27.22
27.27
27.43
27.74
28.1
28.28
28.04
28.18
28.8
29.52
29.98
30.4
30.67
31.16
31.54
31.72
31.83
32.09
32.36
32.55
32.77
32.87
33.04
33.13
33.27
33.41
33.62
33.78
34.02
34.16
34.35
34.56
34.53
34.75
34.93
35.51
35.59
35.4
34.92
35.03
34.93
34.7
33.93
33.64
32.64
30.7
30.23
30.01
29.75
29.5
29.43
29.4
29.17
29.01
28.84
28.65
28.51
28.3
28.35
28.58
28.53
28.41
28.19
27.92
27.75
27.37
27.15
26.98
26.81
26.78
26.79
26.81
26.69
26.67
26.69
26.65
26.53
26.46
26.29
26.19
26.17
26.25
26.29
26.39
26.48
26.62
26.71
26.82
26.81
26.74
26.48
26.43
26.56
26.58
26.57
26.55
26.52
26.57
26.69
26.88
27.2
27.69
28.27
28.53
28.11
27.84
28.24
28.26
28.89
28.99
29.42
29.42
29.8
30.24
30.45
30.21
30.57
30.61
30.83
30.9
31.23
31.01
31.11
31.4
31.64
31.89
32.14
32.22
32.18
32.21
32.93
32.69
32.81
33.22
33.7
33.44
33.54
33.55
33.38
33.41
33.42
33
32.98
32.62
31.83
29.44
27.5
26.92
26.97
27
26.61
26.33
26.54
26.59
26.81
26.79
26.94
26.7
26.44
26.19
25.84
25.85
25.9
26
26.23
26.48
26.55
26.74
26.95
27.07
27.12
27
26.91
26.56
26.4
26.18
26.05
26.09
26.05
25.82
25.75
25.8
25.74
25.89
26.07
26.25
26.51
26.66
26.67
26.56
26.33
26.27
26.24
26.1
25.97
25.87
25.89
25.71
25.47
25.78
26.12
26.24
26.39
26.81
27.31
27.27
27.51
27.9
28.06
28.07
28.24
28.78
28.75
28.87
28.45
29.03
29.19
29.31
29.66
29.69
29.86
29.83
29.92
30.25
30.32
30.6
30.77
30.89
31.07
31.17
31.05
30.93
30.62
30.38
30.21
30.01
29.98
29.98
29.78
29.54
29.34
29.25
29.03
28.72
28.65
28.39
28.62
28.29
27.96
27.78
27.69
27.61
27.8
27.55
27.99
27.89
27.87
27.81
27.68
27.62
27.6
27.5
27.42
27.19
27.08
27.08
26.89
26.75
26.64
26.52
26.45
26.35
26.28
26.21
26.18
26.1
26.04
26.01
25.99
25.87
25.78
25.65
25.52
25.45
25.47
25.47
25.5
25.41
25.4
25.45
25.48
25.57
25.78
26.08
26.44
26.98
27.57
27.69
27.66
27.83
27.87
27.91
28.29
28.77
29.19
29.34
29.45
29.59
29.89
29.98
30.23
30.2
30.49
30.54
30.78
31.2
31.38
31.49
31.87
31.92
32.06
32.55
32.37
31.51
31.29
31.03
31.06
29.54
28.82
28.59
28.05
27.32
27.19
27.15
27.15
27.2
27.32
27.18
26.99
26.74
26.6
26.7
26.83
26.83
26.76
26.74
26.75
26.89
26.92
27.2
27.28
27.27
27.41
27.44
27.33
27.35
27.36
27.47
27.46
27.44
27.43
27.37
27.32
27.19
27.08
27
26.92
27.04
27.22
27.4
27.31
27.28
27.16
26.77
26.52
26.39
26.22
26.08
25.96
25.86
25.78
25.66
25.55
25.46
25.44
25.57
25.79
26.01
26.11
26.29
26.55
26.9
27.08
27.27
27.37
27.52
27.78
27.95
28.23
28.33
28.34
28.54
28.67
28.71
28.71
28.61
28.89
29.27
29.49
29.57
29.79
29.8
29.68
29.87
29.19
28.38
28.41
27.53
26.46
26.37
26.52
26.14
25.88
26.08
26.08
26.16
26.35
26.46
26.59
26.36
26.23
26.37
26.48
26.53
26.44
26.37
26.42
26.48
26.62
26.69
26.61
26.64
26.66
26.63
26.6
26.58
26.46
26.38
26.39
26.46
26.45
26.41
26.35
26.25
26.19
26.13
26.07
26.01
25.94
25.8
25.81
25.72
25.62
25.55
25.58
25.58
25.56
25.55
25.56
25.57
25.6
25.59
25.53
25.26
25.16
25.08
25.07
25.08
25.06
24.95
24.87
24.87
24.91
24.91
24.91
25.03
25.09
25.22
25.41
25.58
25.6
25.56
25.37
25.22
25.34
25.27
24.71
24.56
24.57
24.46
24.54
24.53
24.5
24.64
24.73
24.76
24.93
25.22
25.33
25.29
25.19
25.41
25.93
26.08
26.25
26.83
26.8
26.87
26.75
26.9
26.66
26.58
26.57
26.53
26.29
25.19
24.56
24.3
23.9
23.87
23.96
23.97
24.12
24.28
24.33
24.37
24.38
24.37
24.35
24.31
24.32
24.34
24.32
24.31
24.35
24.39
24.39
24.38
24.4
24.42
24.43
24.47
24.45
24.52
24.63
24.66
24.64
24.6
24.43
24.34
24.37
24.36
24.31
24.17
24.03
23.93
23.79
23.65
23.51
23.39
23.27
23.38
23.51
23.52
23.47
23.53
23.55
23.61
23.7
23.78
23.89
23.98
24.04
24.12
24.17
24.34
24.6
24.83
24.89
25.04
24.91
25.27
25.46
25.6
25.61
25.55
25.55
25.42
25.32
25.28
25.06
24.86
25.01
25.15
25.19
25.12
25.03
24.77
24.61
24.51
24.37
24.21
24.02
23.88
23.8
23.62
23.69
23.75
23.74
23.76
23.75
23.67
23.61
23.63
23.66
23.62
23.65
23.72
23.73
23.7
23.7
23.73
23.76
23.8
23.82
23.9
24.04
24.07
24.11
24.24
24.32
24.36
24.43
24.55
24.49
24.47
24.41
24.39
24.42
24.47
24.56
24.58
24.57
24.61
24.63
24.57
24.51
24.47
24.45
24.41
24.33
24.3
24.26
24.22
24.2
24.25
24.32
24.41
24.44
24.46
24.44
24.34
24.27
24.3
24.4
24.48
24.6
24.76
24.8
24.9
24.81
24.99
25.45
25.98
26.32
26.09
26.03
26.05
26.13
26.07
25.83
26.56
26.74
27.13
27.23
27.31
27.69
27.86
28.11
28.33
28.43
28.88
29.42
29.43
29.68
29.62
29.55
29.64
29.75
29.94
30.29
30.37
30.37
30.49
30.56
30.37
30.62
30.7
30.48
30.21
30.11
29.64
29.4
28.87
28.43
28.18
27.96
27.91
28
27.8
27.51
27.53
27.42
27.16
26.99
26.9
26.51
25.99
25.9
25.85
25.89
25.81
25.58
25.5
25.4
25.44
25.46
25.47
25.57
25.79
25.8
25.59
25.14
25.09
24.98
24.8
24.39
23.73
22.87
22.75
22.86
22.71
22.76
22.92
23.15
23.34
23.26
23.24
23.39
23.54
23.59
23.48
23.35
22.75
22.6
22.35
22.85
23.18
22.55
22.36
22.21
22.35
22.56
22.59
22.72
22.93
23
23.04
23.23
23.39
23.5
23.59
23.64
23.72
23.84
23.93
24.14
24.32
24.56
24.58
24.89
24.85
25.22
25.03
25.07
25.26
25.93
26.06
26.41
26.44
26.35
26.16
25.95
25.77
25.57
25.37
25.23
25.1
25.03
24.99
24.97
24.94
24.94
25.01
25.14
25.2
25.27
25.33
25.27
25.26
25.4
25.45
25.5
25.66
25.73
25.83
25.69
24.49
23.8
23.81
24.04
24.12
24.13
23.96
23.68
23.47
23.41
23.34
23.29
23.3
23.3
23.31
23.29
23.3
23.3
23.34
23.36
23.43
23.54
23.6
23.57
23.57
23.59
23.58
23.6
23.66
23.74
23.83
23.89
23.96
24.11
24.17
24.28
24.52
24.74
25.23
25.98
26.32
26.24
26.45
27.03
27.47
27.81
27.93
27.69
27.65
27.7
28.05
28.01
28.29
28.82
28.61
29.08
29.22
29.04
29.51
29.79
29.63
29.5
30.51
30.55
30.55
30.53
30.18
30.14
29.81
29.36
29.18
29.31
28.79
27.82
27.39
27.04
26.73
26.51
26.46
26.33
26.2
26.29
26.16
25.03
23.03
22.64
22.68
22.73
22.93
23.19
23.16
22.93
22.89
22.74
22.77
22.8
22.85
22.96
23.06
23.13
23.25
23.41
23.55
23.63
23.7
23.82
24.13
24.06
23.63
23.18
22.86
22.76
22.85
23.05
23.24
23.36
23.4
23.45
23.44
23.4
23.5
23.62
23.64
23.62
23.52
23.53
23.68
23.78
23.86
23.95
24.17
24.33
24.48
24.65
24.73
24.83
24.93
25.27
25.91
26.28
26.75
27.14
27.32
27.92
27.85
27.92
28.05
28.17
28.41
28.46
28.7
28.57
28.57
28.76
28.87
29.09
29.01
29.25
29.55
29.45
29.38
29.6
29.4
29.41
29.51
29.66
29.55
29.78
29.76
29.66
29.39
28.99
28.61
28.1
27.85
27.57
27.3
27.21
26.99
26.96
27.04
27
26.82
26.59
26.65
26.74
26.65
26.35
26.12
25.92
25.96
26.22
26.45
26.38
26.06
25.84
25.79
25.76
25.6
25.52
25.42
25.33
25.27
25.21
25.22
25.24
25.2
25.15
25.16
25.18
25.2
25.2
25.23
25.25
25.25
25.24
25.21
25.19
25.18
25.13
25.1
25.14
25.19
25.2
25.23
25.32
25.49
25.61
25.87
26.24
26.35
26.75
26.85
26.98
27.14
27.42
27.68
27.82
28.06
28.79
28.69
28.54
27.41
24.59
24.35
24.78
25.15
25.7
26.32
26.86
27.89
27.63
27.57
28.04
28.32
28.37
29.06
29.25
29.61
29.56
29.64
29.7
29.56
29.36
29.62
29.65
29.53
28.98
28.96
28.68
28.28
27.98
28.04
28.23
28.13
27.92
27.33
26.67
26.33
26.08
26.16
26.08
25.97
25.95
25.97
25.85
25.73
25.67
25.83
25.88
25.84
25.83
25.85
25.78
25.72
25.71
25.66
25.62
25.52
25.47
25.5
25.53
25.57
25.52
25.56
25.6
25.7
25.69
25.69
25.69
25.63
25.61
25.66
25.71
25.66
25.67
25.68
25.85
26.05
26.45
26.65
26.89
27.27
27.26
27.64
27.92
27.78
28.19
28.43
29.24
29.38
29.53
29.73
29.85
30.02
30
30.01
30.26
31.19
31.58
31.41
31.38
31.72
31.58
31.38
30.77
28.7
29.64
30.56
30.88
31.11
31.65
31.28
30.6
30.76
30.21
29
28.48
27.76
28.55
29.34
29
28.86
28.67
28.25
28.02
27.97
27.86
27.63
27.5
27.4
27.47
27.35
27.37
27.41
27.36
27.37
27.17
27.1
27.03
26.91
26.8
26.66
26.59
26.51
26.41
26.43
26.52
26.47
26.29
26.18
26.33
26.39
26.42
26.45
26.43
26.4
26.33
26.29
26.19
26.14
26.07
26.05
26.01
25.88
25.75
25.4
25.18
25.09
25.08
25.05
25.01
25.1
25.7
26.15
26.07
26.47
26.98
27.7
28.27
28.24
28.8
29.8
29.7
29.88
30.13
30.1
30.37
30.36
30.59
30.89
31.12
31.42
31.07
31.22
31.3
31.9
32.13
31.3
31.36
31.37
29.5
29.25
29.17
29.36
29.57
30.46
31.43
32.07
32.87
32.82
32.93
32.95
32.62
32.66
32.6
32.61
32.61
32.62
32.27
31.85
31.48
31.32
31
30.93
30.57
30.35
30
29.76
30
29
28.35
28.48
28.44
28.21
28.15
28.13
27.99
28.04
27.89
27.86
27.78
27.82
27.84
27.69
27.57
27.47
27.44
27.38
27.14
26.99
26.86
26.71
26.64
26.65
26.6
26.65
26.74
26.67
26.6
26.64
26.84
26.97
26.97
26.96
26.97
26.96
27
27.06
26.99
27.17
27.3
27.58
27.78
27.9
28.06
28.17
28.36
28.83
28.93
29.22
29.54
29.76
29.93
30.2
30.38
30.55
30.73
31.07
31.44
31.54
31.74
31.72
32.01
32.05
32.55
32.69
32.82
33.04
33.17
33.24
33.26
33.39
33.46
33.43
33.48
33.9
33.73
33.3
33.29
32.99
32.88
32.66
32.27
31.95
31.64
31.16
30.75
30.47
30.32
30.18
30.12
30.16
29.95
29.89
29.58
29.52
29.52
29.55
29.67
29.66
29.64
29.55
29.52
29.34
29.02
29.01
28.98
29
28.97
28.73
28.87
28.92
28.74
28.68
28.68
28.6
28.52
28.46
28.35
28.08
27.74
27.44
27.15
26.98
26.86
26.81
26.65
26.6
26.62
26.48
26.33
26.19
26.21
26.3
26.36
26.44
26.69
26.93
26.96
26.97
26.63
26.17
26.37
26.77
26.85
26.64
26.72
27.03
27.52
28.24
28.97
29.31
29.7
30.09
29.96
29.8
29.92
30.48
30.89
30.61
30.82
30.97
31.26
30.85
31.36
31.66
32.04
32.18
33.39
32.72
32.24
32.47
32.61
32.47
32.26
32.44
32.47
32.08
31.71
31.45
31.23
31.09
30.41
30.02
29.72
29.71
28.89
27.97
27.11
26.76
26.61
26.46
26.39
26.29
26.34
26.5
26.61
26.7
26.49
26.14
25.97
25.92
25.92
25.81
25.71
25.69
25.78
25.8
25.83
26.01
25.97
25.8
25.74
25.74
25.8
25.83
25.88
25.96
25.99
26.01
26.05
26.06
26.01
26.02
26
26.02
25.97
26.02
26.09
25.9
25.72
25.65
25.61
25.67
25.57
25.43
25.56
25.75
26.29
27
27.46
27.88
28.02
27.53
28.14
28.31
29
28.84
28.91
29.06
28.71
28.73
28.85
28.83
28.99
28.88
29.35
29.46
29.38
29.4
29.67
29.96
29.78
29.67
29.82
29.88
30.09
30.3
31.11
30.55
30.14
30.38
30.01
29.34
29.15
29.09
29.11
28.68
28.18
28.16
27.86
27.63
27.57
27.26
27.04
26.88
26.69
26.49
26.47
26.46
26.33
26.2
25.98
25.77
25.5
25.31
25.26
25.18
25.15
24.97
24.82
24.69
24.63
24.7
24.78
24.76
24.66
24.55
24.6
24.58
24.5
24.42
24.42
24.48
24.62
24.76
24.96
25.01
24.97
25.08
25.3
25.4
25.44
25.4
25.15
25.22
25.58
25.73
26.29
26.87
26.65
26.9
26.98
27.1
27.38
27.74
27.87
28.29
28.6
29.03
29.31
29.48
29.74
30.05
30.17
30.44
30.74
31.03
31.2
31.49
31.66
31.92
31.96
32.25
32.45
32.57
33.05
33.13
32.58
32.57
32.79
32.84
32.88
31.89
32.21
32.65
32.54
32.63
32.38
31
30.16
29.68
29.18
28.9
28.69
28.73
28.54
28.49
28.4
28.39
28.34
28.19
27.85
27.25
27.22
27.31
27.13
27.44
27.42
27.36
27.41
27.52
27.45
27.25
27.05
26.79
26.65
26.71
26.82
26.8
26.66
26.47
26.31
26.26
26.2
26.04
25.85
25.66
25.42
25.26
25.15
25.07
25.04
24.97
24.96
24.92
24.88
24.9
24.87
24.82
24.82
24.9
25.03
25.28
25.54
25.8
26.05
26.25
26.52
27.03
27.32
27.68
27.95
28.23
28.86
29
29.36
29.7
29.84
30.3
30.65
30.78
30.9
31.09
31.28
31.42
31.51
31.7
31.78
31.98
32.18
32.24
32.55
32.97
32.85
32.87
32.87
32.98
32.92
32.81
32.8
32.96
32.91
32.98
33.01
32.82
32.81
32.57
32.28
31.98
31.61
31.64
31.32
31.31
30.89
30.53
30.85
30.47
30.16
30.41
29.96
29.54
29.79
29.85
29.39
29.26
29.12
28.93
28.67
28.79
28.46
27.96
28.06
28.17
27.94
27.68
27.71
28.16
28.17
28.32
28.46
28.49
28.23
27.87
26.76
26.94
27.02
27.03
27.1
27.17
27.21
27.2
27.26
27.09
27.06
26.83
26.88
26.73
27.29
27.75
28.46
28.68
28.79
29.08
30.49
30.16
30.17
30.77
30.89
31.01
31.1
31.15
31.28
31.29
31.75
31.88
31.81
31.99
32.22
32.3
32.63
32.71
32.86
32.92
32.94
32.92
32.93
33.21
33.59
33.67
34.39
34.19
34.95
34.61
33.67
33.8
33.92
33.96
35.13
33.92
32.22
31.41
30.57
30.14
29.69
29.33
29.08
28.82
28.7
28.54
28.54
28.58
28.49
28.43
28.47
28.3
28.15
28.2
28.07
28.06
27.96
27.99
27.71
27.6
27.56
27.51
27.39
27.35
27.38
27.41
27.58
27.48
27.5
27.63
27.57
27.35
27.18
27.2
26.97
27.12
27.34
27.3
27.31
27.11
27.08
27.19
27.46
27.64
27.48
27.54
27.67
27.77
27.81
27.85
27.82
27.84
27.98
28.13
27.95
27.88
28.11
28.31
28.69
29.15
29.62
29.78
30.19
30.38
30.68
30.19
30.18
30.46
30.71
31.11
31.08
31.26
31.51
31.81
32.22
31.88
31.94
32.13
30.77
30.92
31.33
31.15
31.3
30.44
30.07
29.89
29.83
30.06
30.23
30.36
30.32
30.13
29.76
28.95
28.48
28.37
28.13
27.94
27.83
27.75
27.62
27.56
27.35
27.26
27.18
27.15
27.13
27.06
27.05
27.01
27
26.96
26.86
26.82
26.77
26.74
26.63
26.57
26.68
26.79
26.78
26.58
26.52
26.55
26.66
26.7
26.81
26.94
27.03
26.84
26.49
26
25.54
25.31
25.13
25.04
24.99
24.93
25.04
25.23
25.32
25.36
25.47
25.52
25.57
25.54
25.26
24.85
24.71
24.66
24.76
24.82
24.92
24.96
25.23
25.39
25.74
25.89
25.94
26.16
26.18
26.47
26.25
26.24
26.26
26.14
26.26
26.4
26.69
27.03
27.22
27.37
28.22
28.14
28.03
28.5
29.37
29.02
29.08
29.27
29.68
29.97
30.14
30.17
29.53
29.68
29.82
29.8
29.59
29.46
29.24
29
28.61
28.22
27.92
27.64
27.43
27.27
27.2
27.18
27.2
27.14
27.11
26.98
26.93
26.94
26.86
26.77
26.77
26.81
26.75
26.73
26.62
26.57
26.48
26.43
26.42
26.34
26.31
26.25
26.12
26.01
25.93
25.93
25.98
25.96
25.87
25.81
25.78
25.74
25.65
25.66
25.59
25.54
25.56
25.54
25.51
25.48
25.5
25.45
25.46
25.52
25.6
25.83
26.28
26.48
26.64
26.93
27.27
27.46
28.25
28.2
28.26
26.16
24.5
24.34
24.17
24.07
24.18
24.29
24.12
24.08
24.31
24.56
24.73
24.9
25.14
25.33
25.67
25.86
25.83
25.82
25.87
25.92
25.89
25.67
25.63
25.63
25.63
25.67
25.97
26.03
25.97
25.94
25.57
25.57
25.39
25.24
25.24
25.07
24.87
24.76
24.72
24.75
24.8
24.8
24.8
24.8
24.87
24.85
24.81
24.76
24.76
24.76
24.78
24.79
24.81
24.81
24.79
24.83
24.84
24.84
24.88
24.94
25.02
25.04
25.04
24.98
24.92
24.91
24.89
24.85
24.91
24.9
24.94
24.9
24.84
24.84
24.79
24.87
24.81
24.78
24.76
24.78
24.76
24.78
24.78
24.84
24.8
24.85
25.02
25.04
25.11
25.2
25.35
25.66
25.57
25.76
26.09
26.72
27.06
27.1
26.91
26.85
26.87
27.04
27.33
27.69
27.47
27.44
27.51
27.93
28.25
28.58
28.69
28.67
29.21
29.43
29.53
29.97
29.76
27.87
26.65
26.34
26.49
25.91
25
24.81
25.02
25.2
25.36
25.55
25.62
25.67
25.68
25.66
25.67
25.66
25.65
25.65
25.6
25.57
25.51
25.47
25.45
25.45
25.38
25.39
25.38
25.31
25.3
25.27
25.26
25.23
25.26
25.2
25.21
25.16