24.65
24.49
24.36
24.24
24.16
24.1
24.17
24.18
24.04
23.95
23.97
24.12
24.24
24.34
24.33
24.38
24.4
24.45
24.5
24.59
24.6
24.64
24.43
24.61
24.81
24.97
25.04
25.11
25.25
25.1
25.24
25.52
26.1
26.59
27.8
28.57
28.55
28.66
28.79
29.33
30
30.36
30.31
30.56
30.99
31.17
31.58
32.42
31.98
31.1
31.52
31.59
31.62
31.95
32.62
32.26
32.65
32.52
32.91
32.42
33.87
33.14
32.07
30.14
29.34
29.06
28.43
26.72
24.85
24.64
24.18
23.84
23.67
23.71
23.87
23.83
23.56
23.37
23.34
23.24
23.21
23.11
23.13
23.13
23.26
23.23
23.33
23.22
23.11
22.91
22.93
22.92
23.03
23.13
23.14
23.14
23.12
23.05
22.98
23.15
23.24
23.23
23.38
23.47
23.45
23.46
23.51
23.48
23.52
23.49
23.49
23.57
23.62
23.64
23.69
23.76
23.82
23.79
23.86
23.88
23.88
23.89
23.9
23.97
24.1
24.33
24.69
25.11
25.53
25.54
25.67
25.93
26.16
26.74
26.92
27.44
27.72
28.48
28.81
28.86
28.85
28.85
29.04
29.24
29.65
29.74
30.38
31.09
31.61
31.89
32.04
32.37
32.35
32.6
32.81
33.12
33.37
33.32
33.71
31.44
24.8
22.13
22.05
21.64
21.8
21.99
21.95
22.19
22.58
22.45
23.05
23.15
22.91
22.74
22.73
22.66
22.61
22.54
22.52
22.54
22.45
22.46
22.5
22.53
22.55
22.52
22.47
22.41
22.35
22.34
22.34
22.3
22.26
22.2
22.14
22.13
22.24
22.36
22.47
22.46
22.43
22.43
22.46
22.5
22.54
22.58
22.6
22.6
22.54
22.42
22.39
22.4
22.44
22.48
22.5
22.55
22.64
22.7
22.83
22.94
23.17
23.4
23.72
24.05
24.22
24.54
24.87
25.07
25.12
25.14
25.38
25.53
25.73
25.99
26.58
26.82
27.55
28.08
28.54
28.85
29.38
29.4
29.22
29.2
29.35
29.15
29.4
29.66
30.04
30.28
30.08
30.27
30.68
30.77
30.82
31.43
31.21
31.22
31.43
31.18
31.03
31.04
30.94
30.69
30.12
29.49
28.98
28.69
28.47
28.14
27.93
27.88
27.75
27.39
27.18
27.29
27.53
27.52
27.27
27.29
27.03
25.91
26.3
26.67
26.66
26.75
26.55
25.95
25.23
25.24
25.28
25.33
25.4
25.31
25.23
25.23
25.08
25.09
24.92
24.88
24.91
24.69
24.42
24.46
24.45
24.42
24.4
24.33
24.3
24.4
24.43
24.45
24.51
24.48
24.61
24.66
24.86
25.13
25.39
25.71
26.1
26.4
26.48
26.97
27.12
27.48
27.84
27.35
27.69
28.07
28.29
29.09
29.33
29.76
30.24
30.63
30.56
31.3
31.61
31.52
31.84
31.6
31.98
32.15
32.07
32.49
32.76
32.95
32.79
32.76
33.14
33.67
33.44
31.49
29.75
29.43
29.18
29.29
29.67
29.3
29.14
28.28
26.98
25.05
25.16
25.37
25.43
25.35
25
24.78
24.46
24.31
24.19
24.23
24.18
24.21
24.2
24.24
23.97
23.71
23.67
23.82
23.85
23.85
23.8
23.75
23.65
23.61
23.59
23.62
23.64
23.65
23.7
23.74
23.71
23.7
23.71
23.72
23.71
23.69
23.66
23.74
23.84
23.72
23.7
23.75
23.73
23.74
23.7
23.8
24.24
24.6
24.94
25.43
25.82
26.3
26.7
27.19
27.66
28.04
28.28
28.41
28.73
28.97
29.39
29.76
29.87
30.19
30.42
30.52
30.9
30.66
30.52
30.89
31.25
30.53
29.2
25.93
24.12
24.38
24.51
24.64
25.04
25.34
26.08
26.38
26.29
26.53
26.55
26.65
26.73
27.01
26.98
27.72
27.81
26.99
26.55
26.24
25.94
25.62
25.43
25.31
25.27
25.43
25.12
25.17
25.39
25.63
25.42
25.36
25.45
25.67
25.44
25.23
24.98
25.15
25.17
25.12
25.02
24.81
24.74
24.64
24.63
24.68
24.57
24.42
24.3
24.19
24.22
24.23
24.36
24.35
24.33
24.28
24.16
24.18
24.07
24.05
24.18
24.13
24.1
24.18
24.2
24.22
24.21
24.27
24.38
24.7
25.29
25.85
26.31
26.86
26.8
26.94
27.37
28.44
29.1
29.3
29.69
29.97
30.19
30.48
30.65
30.9
31.04
31.38
31.48
31.97
31.88
31.94
32.15
31.89
29.43
28.97
30.88
29.55
29.37
27.36
27.35
29.06
31.11
30.87
31.23
32.16
32.65
33.86
34.14
33.29
30.06
29.04
28.55
28.23
27.9
27.94
27.7
27.39
27.14
26.86
26.49
26.53
26.4
26.24
26.23
26.33
26.45
26.24
26.09
26.07
25.98
25.93
25.95
24.84
24.3
24.21
23.83
23.52
23.53
23.61
23.48
23.65
23.58
23.63
23.9
23.82
23.59
23.48
23.11
22.94
23.07
23.13
23.15
23.13
23.1
23.12
23.07
22.92
22.79
22.8
22.75
22.74
22.7
22.74
22.87
23.04
23.16
23.22
23.41
24.23
24.94
24.83
25.55
25.63
25.75
26.41
26.99
27.12
27.7
28.08
28.39
28.8
29.29
29.57
30.15
30.72
30.56
30.49
30.68
31.15
31.47
31.61
31.55
31.71
32.06
33.05
32.82
32.82
33.27
33.16
34.04
33.52
33.9
33.62
32.34
31.89
32.18
32.12
31.82
32.13
31.98
31.49
30.59
30.29
30
29.76
29.68
29.64
29.96
29.79
29.26
28.53
27.65
27.49
27.78
27.88
27.33
27.06
26.78
26.58
26.62
26.72
26.53
26.47
26.37
26.13
25.99
25.95
25.86
25.89
25.73
25.61
25.5
25.47
25.53
25.88
25.55
25.09
24.83
24.44
24.3
24.12
23.93
23.86
23.75
23.62
23.56
23.49
23.38
23.37
23.36
23.38
23.61
23.95
24.36
24.81
25
25.28
25.47
25.42
26.03
26.46
27.27
27.72
28.28
28.93
29.43
29.98
30.46
30.59
30.61
30.61
30.89
31.08
31.69
31.23
31.53
31.84
31.57
31.23
31.56
31.76
32.04
31.78
28.1
26.41
25.21
25.21
25.06
24.8
24.68
24.45
24.44
24.5
24.47
24.36
24.27
24.11
23.96
23.87
23.8
23.74
23.64
23.68
23.61
23.44
23.33
23.46
23.36
23.5
23.79
24.05
24.41
24.43
24.43
24.38
24.34
24.21
24.05
24
23.8
23.65
23.37
23.44
23.47
23.43
23.61
23.65
23.66
23.66
23.77
23.79
23.78
23.7
23.65
23.6
23.58
23.52
23.53
23.49
23.42
23.44
23.43
23.37
23.45
23.54
23.65
23.94
24.2
24.46
25.03
25.26
25.51
25.84
26.27
26.34
26.67
26.78
27.07
27.27
27.43
27.76
27.95
28.14
28.52
28.73
28.9
28.85
29.22
29.65
29.75
29.88
29.62
30.03
30.37
30.23
30.61
30.37
30.33
30.87
30.83
31.11
30.96
31.3
30.83
31.42
31.29
31.1
31.57
31.65
31.2
31.41
31.85
31.46
30.47
29.74
28.69
28.56
28.64
28.35
27.72
27.58
27.53
27.03
26.73
26.1
25.88
25.74
24.97
24.66
24.77
24.24
23.79
23.59
23.55
23.54
23.5
23.44
23.5
23.51
23.49
23.44
23.4
23.35
23.3
23.14
23.05
22.88
22.77
22.71
22.67
22.64
22.61
22.6
22.56
22.48
22.44
22.4
22.34
22.28
22.25
22.25
22.34
22.48
22.65
22.84
23
23.22
23.46
23.66
23.85
24.06
24.24
24.38
24.85
25.36
25.52
25.64
26.06
26.39
26.63
27.08
27.35
27.44
27.6
27.72
28.11
28.61
28.89
29.23
30.31
30
30.18
30.16
29.79
30.05
30.03
30.39
29.89
29.69
29.92
30.31
30.12
30.24
30.37
30.48
30.67
30.52
29.87
29.39
28.57
28.35
28.16
27.91
27.66
27.48
27.34
27.15
27.01
26.75
26.33
26.29
26.3
26.29
26.29
26.19
26.2
26.13
26.12
25.99
25.86
25.57
25.41
25.39
25.31
25.3
25.24
25.17
25.16
25.12
25.08
25.22
25.39
25.43
25.48
25.49
25.5
25.62
25.41
25.3
25.26
25.31
25.14
25.32
25.33
25.27
25.03
24.63
24.41
24.33
24.58
24.93
25.18
25.88
26.77
27.74
27.6
28.42
28.46
28.98
29.45
29.73
29.91
30.45
30.35
30.52
30.81
30.8
31.1
31.09
31
31.15
31.18
31.15
31.62
31.77
32.09
31.88
31.83
32.28
32.16
31.96
31.78
32.24
29.1
28.12
29.14
28.3
27.59
27.27
26.89
26.81
26.74
26.93
27.14
26.73
25.99
25.78
25.71
25.64
25.83
25.86
25.85
25.82
25.61
25.4
25.35
25.37
25.35
25.25
25.18
25.11
25.08
25.04
25.02
24.8
24.66
24.61
24.56
24.49
24.46
24.39
24.38
24.35
24.32
24.28
24.23
24.2
24.3
24.38
24.49
24.5
24.48
24.56
24.46
24.31
24.05
23.95
24.01
24.11
24.17
24.3
24.27
24.34
24.51
24.74
24.56
24.74
25.23
25.03
25.01
25.18
25.37
25.43
25.29
25.52
25.72
25.87
26.24
26.39
26.69
26.82
26.94
27.31
27.94
27.87
28.37
28.82
29.32
29.37
29.03
29.4
29.81
30.14
30.34
30.52
30.65
30.7
30.23
30.14
29.94
29.91
29.57
29.68
29.26
29.22
29.71
29.44
29.39
29.06
28.44
27.92
27.52
27.17
26.86
26.67
26.51
26.37
25.88
25.3
24.98
24.82
24.65
24.47
24.29
24.11
24.01
23.9
23.83
23.79
23.76
23.7
23.69
23.61
23.56
23.54
23.49
23.42
23.4
23.35
23.28
23.21
23.2
23.19
23.21
23.34
23.46
23.57
23.68
23.73
23.74
23.73
23.77
23.75
23.74
23.73
23.77
23.78
23.78
23.8
23.86
23.95
24.13
24.35
24.64
24.8
25.22
25.32
25.77
25.98
25.97
26.23
26.54
26.86
26.96
27.33
27.69
27.4
27.31
27.4
27.9
28.26
27.89
28.19
28.54
28.7
28.65
29.21
29.06
29.42
29.15
29.17
29.13
29.4
29.5
28.73
27.29
27.56
28.21
28.97
28.89
28.24
28.06
28.04
27.87
27.92
27.88
27.52
27.28
27.09
26.79
26.55
26.3
25.94
25.74
25.5
25.24
25.08
24.95
24.8
24.65
24.47
24.4
24.31
24.17
24.02
23.87
23.73
23.7
23.67
23.53
23.47
23.48
23.36
23.27
23.24
23.26
23.33
23.35
23.38
23.44
23.48
23.59
23.62
23.65
23.71
23.82
23.96
24.05
24.01
24.01
24.1
23.98
23.89
23.82
23.92
24.16
24.49
24.73
24.87
25.05
25.22
25.35
25.31
25.33
25.41
25.53
25.54
25.66
25.84
25.6
25.78
26.15
26.56
26.82
27.31
27.76
27.53
25.93
26.48
27.3
26.44
26.22
25.48
24.99
24.53
24.29
23.94
23.73
23.75
23.82
23.92
23.91
23.93
23.93
23.89
23.65
23.62
23.53
23.41
23.3
23.17
23.01
23.11
23.03
22.86
22.82
22.83
22.76
22.79
22.83
22.8
22.74
22.73
22.72
22.78
22.84
22.85
22.91
22.92
22.91
22.89
22.92
22.98
23.03
23.01
23.03
22.99
22.97
22.95
22.87
22.73
22.71
22.7
22.7
22.69
22.66
22.64
22.61
22.62
22.62
22.65
22.67
22.67
22.64
22.59
22.59
22.6
22.78
22.78
22.75
22.88
22.94
22.95
23.06
23.18
23.48
24.12
24.98
24.6
24.71
24.72
24.79
25.15
25.56
26.4
26.38
27.09
27.08
27.67
27.71
28.05
28.37
28.52
28.24
28.5
28.45
29.04
29.94
29.36
29.92
30.07
29.11
28.89
28.79
28.47
28.2
28.05
28.41
28.44
28.55
28.86
29.49
29.78
30.01
28.98
28.42
28.02
27.26
25.84
24.94
24.46
23.99
23.86
23.94
23.82
23.78
23.74
23.58
23.33
23.33
23.33
23.35
23.29
23.27
23.25
23.23
23.2
23.17
23.15
23.14
23.13
23.18
23.18
23.13
23.13
23.13
23.15
23.07
22.56
22.46
22.45
22.5
22.58
22.67
22.74
22.79
22.9
23.07
23.15
23.17
23.14
23.08
23.07
23.05
23.03
23.01
23.02
23.02
23.08
23.15
23.28
23.4
23.57
23.66
23.84
23.91
24.09
24.5
24.9
25.33
25.78
25.85
26.17
26.39
26.23
25.52
26.11
26.5
26.98
27.27
27.56
27.37
27.55
27.24
25.61
25.24
25.87
26.45
26.27
25.74
25.5
25.36
24.54
24.12
24.1
23.22
22.72
22.64
22.57
22.54
22.56
22.57
22.58
22.6
22.66
22.7
22.71
22.69
22.69
22.64
22.6
22.6
22.6
22.58
22.6
22.64
22.69
22.72
22.78
22.81
22.82
22.85
22.89
22.84
22.7
22.67
22.67
22.69
22.7
22.71
22.75
22.8
22.79
22.74
22.74
22.74
22.74
22.79
22.79
22.74
22.69
22.65
22.64
22.63
22.62
22.6
22.59
22.6
22.62
22.65
22.7
22.72
22.77
22.87
23.02
23.17
23.3
23.36
23.45
23.6
23.81
23.99
24.18
24.65
25.06
25.37
25.5
25.67
26.07
25.91
26.08
26.4
26.15
26.94
27.43
27.44
27.91
27.67
27.88
26.61
24.02
23.84
24.23
24.79
25.26
25.61
26.08
26.34
26.73
26.74
26.66
26.68
26.74
26.79
26.9
27.16
27.23
26.93
26.75
26.41
26.14
25.9
25.76
25.62
25.49
25.56
25.39
25.2
25.03
24.92
24.83
24.7
24.58
24.44
24.23
24.23
24.07
23.89
23.8
23.7
23.52
23.42
23.39
23.32
23.26
23.18
23.13
23.14
23.13
23.14
23.15
23.18
23.16
23.13
23.07
23.06
23.07
23.08
23.09
23.14
23.13
23.15
23.19
23.21
23.25
23.27
23.23
23.22
23.23
23.27
23.36
23.51
23.67
23.81
23.97
23.99
24.24
24.54
25.03
25.43
25.47
25.68
25.95
26.48
26.56
26.79
26.9
27.03
27.32
27.86
27.95
28.36
28.5
28.67
28.69
29.07
29.65
29.64
29.45
29.51
29.59
29.81
29.98
30.18
30.36
30.45
30.49
30.37
30.17
30.58
30.85
31.22
31.01
30.89
31.69
31.27
30.3
29.8
29.42
28.93
28.14
27.61
27.82
27.12
26.94
26.71
26.19
25.74
25.5
25.37
25.3
24.94
24.7
24.72
24.7
24.6
24.16
24.14
24.17
24.17
24.19
24.28
24.4
24.3
24.25
24.12
23.62
23.49
23.47
23.5
23.7
23.76
23.58
23.72
23.67
23.71
23.62
23.45
23.12
23.16
23.45
23.65
23.33
22.93
22.94
23.25
23.67
24.44
24.99
25.24
26.34
25.97
26.58
27.45
28.14
28.59
29.37
29.48
29.34
29.34
29.51
29.82
29.99
30.4
30.47
30.59
30.71
30.96
31.09
31.5
31.94
31.69
31.46
31.82
31.91
32.06
32.18
32.43
31.93
31.75
31.81
31.98
32.01
32.01
30.51
28.26
26.43
26.25
25.68
25.51
25.42
25.29
25.35
25.35
25.26
25.2
24.7
24.57
24.53
24.63
24.64
24.34
24.11
24.12
24.23
24.18
24.06
23.95
23.8
23.65
23.57
23.67
23.56
23.22
23.15
23.28
23.45
23.6
23.58
23.21
22.68
22.86
23.14
23.2
23.15
23.13
23.23
23.02
22.11
22.17
22.03
22.08
22.24
22.19
22.3
22.37
22.17
22.49
22.61
22.16
22.14
21.85
21.68
21.93
22.35
23.33
24.05
24.93
25.81
26.38
26.77
27.34
27.47
27.78
28.25
28.5
28.74
29.15
29.28
29.44
29.7
29.94
30.39
30.57
31.03
31.17
31.15
31.24
31.36
31.45
31.62
31.92
32.14
32.17
32.32
32.29
32.4
31.82
31.4
30.69
28
25.29
23.59
23.18
22.81
22.46
22.37
22.64
22.94
22.57
22.47
22.37
22.52
22.46
22.34
22.36
22.29
22.08
22.02
22.02
21.93
21.87
21.99
22.28
22.21
22.25
22.16
22.07
22.12
22.13
22.29
22.59
22.74
22.9
22.96
23.02
22.93
22.8
22.79
22.44
22.49
22.48
22.5
22.51
22.57
22.6
22.69
22.81
22.89
22.88
22.8
22.75
22.89
22.85
22.82
22.72
22.91
22.6
22.99
23.35
23.6
25.09
25.98
26.18
26.53
26.65
27.21
27.61
28.03
28.19
28.6
29.48
29.43
29.69
29.85
30.26
30.61
30.66
31.01
31.16
31.14
31.21
30.97
31.35
31.58
31.42
32.25
31.97
31.47
31.38
31.19
28.33
27.16
27.05
27.19
27.5
27.65
27.43
26.93
25.53
24.54
24.26
24.15
24.17
24.27
24.51
24.82
24.57
23.73
23.72
23.75
23.72
23.6
23.6
23.59
23.62
23.54
23.2
23.26
23.6
23.64
23.91
23.85
23.94
24.04
24.04
24.06
24.23
24.36
24.53
24.51
24.49
24.45
24.48
24.28
24.19
24.18
24.14
24.1
24.05
24.01
24
23.95
23.89
23.89
23.96
24.03
24.04
24.05
23.89
23.77
23.87
24.02
24.54
24.84
25.23
25.79
26.23
26.71
27.14
27.02
27.12
26.87
27.15
27.22
27.39
27.48
27.73
27.95
28.26
28.69
29
29.4
29.7
30.44
30.78
30.72
30.63
30.77
31.13
31.36
31.53
31.87
32.06
32.07
31.8
31.33
31.95
32.44
31.75
31.36
31.66
31.55
31.05
30.89
30.81
30.67
30.09
29.7
28.85
28.33
27.82
27.53
27.61
27.48
26.95
26.55
26.3
26.16
26.13
26.33
26.14
26.17
26.16
26.04
25.75
25.64
25.54
25.23
24.96
24.97
24.94
24.91
24.87
24.75
24.54
24.56
24.45
24.3
24.29
24.18
24.16
24.24
24.4
24.29
24.2
24.17
24.13
24.12
24.13
24.09
24.18
24.11
24.08
24.07
24.16
23.93
23.74
23.76
23.84
23.88
23.97
24.06
24.24
24.64
25.39
26.17
27.26
26.84
26.69
26.78
27.3
27.64
28.27
28.96
29.58
29.85
29.66
29.74
30.73
31.09
31.27
31.54
31.63
31.52
31.88
32.04
31.83
32.15
31.06
30.55
31.32
29.06
29.09
30.46
31.37
29.58
26.9
26.33
26.65
27.43
28.04
27.95
27.54
27.33
27.17
26.83
26.31
26.24
26.17
26.3
26.13
26.02
25.92
25.87
25.72
25.66
25.67
25.38
25.28
25.09
24.91
24.71
24.6
24.6
24.68
24.66
24.64
24.71
24.67
24.46
24.42
24.55
24.73
24.6
24.44
24.48
24.43
24.49
24.36
24.44
24.5
24.2
22.98
22.32
22.23
22.26
22.32
22.21
22.2
22.24
22.26
22.19
22.15
22.1
22.14
22.09
22.01
21.98
21.96
21.8
21.65
21.6
21.63
21.75
21.94
22.13
22.3
22.46
22.77
23.05
23.22
23.46
23.75
24.38
24.81
25.46
25.29
25.61
25.85
25.95
27.04
27.88
27.77
27.35
27.74
28.09
28.26
28.15
28.74
28.88
28.75
28.95
28.98
28.88
28.79
28.62
29.13
29.19
28.72
28.5
27.9
26.96
26.38
25.95
25.59
25.16
24.81
24.66
24.63
24.48
24.44
24.33
24.53
24.64
24.45
24.27
24.06
24.03
23.99
23.95
23.88
23.69
23.51
23.47
23.31
23.09
22.97
22.81
22.77
22.72
22.58
22.43
22.38
22.4
22.34
22.31
22.31
22.61
22.09
21.84
21.76
21.71
21.55
21.55
21.31
21.18
21.19
21.18
21.24
21.39
21.41
21.52
21.76
21.96
22.25
22.61
23.04
23.41
23.57
23.67
24.11
24.04
24.33
24.85
25.49
25.87
26.08
26.1
26.47
26.61
26.29
26.51
27.19
27.15
27.6
28.18
28.86
30.24
29.73
29.28
29.68
30.87
30.53
30.26
29.26
29.23
29.32
29.89
29.08
29.31
29.67
29.67
29.28
27.83
27.22
26.85
26.57
26.42
26.13
26.01
25.68
25.73
26.06
26.48
26.23
25.8
26.1
26.14
26.03
25.9
25.87
25.78
26.08
25.85
26.09
25.67
25.35
25.42
25.64
25.61
25.45
25.07
24.2
24.24
24.19
24.59
24.44
24.82
24.73
24.54
24.36
24.31
24.35
24.34
24.51
24.79
24.32
24.18
24.24
24.29
24.32
24.36
24.18
24.12
24.08
24.13
24.2
24.38
24.58
24.69
24.8
25.01
25.15
25.36
25.94
26.44
26.89
26.7
26.65
25.79
24.41
23.34
23.5
23.88
23.99
24.08
23.85
23.65
23.56
23.54
23.74
24.15
24.54
25.13
25.54
25.8
26.37
26.94
27.06
27.46
28
28.26
29.27
29.75
29.77
29.21
28.26
27.72
27.21
26.96
26.83
26.56
26.28
26.23
25.85
25.46
25.32
25.6
25.82
25.5
25.66
25.79
25.54
25.61
25.53
25.3
25.43
25.3
25.27
25.27
25.26
25.23
25.14
25.12
25.05
24.97
24.91
25.08
25.09
25.01
24.76
24.68
24.61
24.23
24.16
24.22
24.32
24.58
24.87
24.67
24.76
24.83
24.77
24.71
24.45
23.95
23.74
23.55
23.44
23.37
23.33
23.41
23.74
23.88
23.86
23.96
23.65
23.23
23.19
23.32
23.43
23.33
23.28
23.28
23.42
23.41
23.56
23.88
24.46
26
26.07
26.85
26.74
26.67
27.51
27.38
27.83
28.38
28.38
28.37
28.48
28.53
28.97
29.34
29.77
29.87
30.3
30.68
30.57
30.93
30.62
30.08
29.94
29.92
30.08
29.41
28.9
28.36
27.97
27.53
27.14
26.93
26.68
26.44
26.2
26.02
25.75
25.41
25.15
24.92
24.76
24.54
24.35
24.19
24.17
24.1
24.03
23.98
23.87
23.75
23.66
23.53
23.48
23.48
23.47
23.44
23.35
23.33
23.39
23.37
23.45
23.54
23.53
23.36
23.31
23.26
23.31
23.39
23.46
23.51
23.53
23.58
23.81
23.95
23.82
23.74
23.42
23.44
23.49
23.57
23.68
23.87
24.04
24.62
25.11
25.4
25.78
26.31
27.58
27.38
27.81
28.31
28.59
28.4
28.27
28.46
28.77
29.04
29.17
29.7
29.79
29.87
30.33
30.81
30.98
31.04
31.06
31.36
31.75
31.88
33.27
32.2
32.56
32.37
32.59
32.81
32.95
32.95
33.13
32.62
28.66
26.31
26.05
26.32
26.64
26.58
26.29
26.21
26.29
26.38
25.91
25.54
25.47
25.31
25.22
25.21
25.22
25.05
24.86
24.75
24.58
24.17
24.19
24.13
24.13
24.09
24.12
24.29