25.77
25.79
25.86
25.94
25.81
25.73
25.64
25.46
25.24
25.19
25.16
25.12
24.96
24.81
24.79
24.76
24.77
24.74
24.66
24.61
24.57
24.49
24.41
24.35
24.41
24.4
24.49
24.64
24.89
25.23
25.88
25.91
26.3
26.71
27.14
27.87
27.85
28.05
28.18
29.25
29.54
29.04
28.75
29.09
29.39
29.93
29.95
30.09
30
30.5
30.61
30.63
30.94
31.14
31.12
30.6
31.13
31.5
30.88
30.72
29.92
29.84
28.38
28.86
30.07
30.9
31.25
31.41
31.49
31.22
31.18
30.56
28.5
27.94
27.64
27.66
27.96
27.91
27.95
28.03
27.56
27.6
27.57
27.47
26.85
26.48
26.45
26.37
26.38
26.17
25.88
25.68
25.64
25.48
25.58
25.64
25.59
25.49
25.48
25.54
25.61
25.73
25.79
25.86
25.91
25.91
25.7
25.76
25.81
25.94
26.01
26.02
26.02
26.07
26.23
26.33
26.26
26.17
26.2
26.19
26.14
26.19
26.24
26.33
26.31
26.34
26.58
27
27.95
28.37
28.44
28.76
28.63
29.56
30.15
30.41
29.62
29.79
30.65
30.36
30.45
30.91
30.97
31.28
31.01
29.5
29.82
30.23
29.32
28.94
26.99
25.04
24.43
24.29
24.35
24.47
24.45
24.7
24.92
25.12
25.27
25.46
25.54
25.6
25.66
25.8
25.77
25.76
25.74
25.7
25.61
25.7
25.72
25.75
25.63
25.46
25.24
24.98
24.8
24.6
24.44
24.44
24.57
24.69
24.73
24.87
24.97
25.09
25.08
25.16
25.22
25.2
24.98
24.95
25.05
25.03
24.94
24.9
24.92
24.95
24.96
24.82
24.64
24.57
24.6
24.7
24.69
24.71
24.74
24.77
24.76
24.75
24.72
24.66
24.65
24.58
24.59
24.62
24.59
24.67
24.78
24.9
25.1
25.11
25.2
25.36
25.63
25.54
25.71
26.05
26.69
26.73
26.85
27.1
27.52
27.41
27.56
27.87
27.93
28.01
28.03
28.48
28.77
28.33
27.64
28.09
28.44
29.04
28.04
25.74
25.15
25.47
25.69
26.05
25.98
25.58
25.15
24.98
25.02
25.14
25.2
25.28
25.23
25.2
25.18
25.15
25.17
25.24
25.09
24.97
25.01
24.98
25.01
25.03
24.99
25.08
25.15
25.18
25.23
25.27
25.24
25.17
25.14
25.09
25.04
25.04
25.01
24.94
24.86
24.74
24.59
24.45
24.31
24.26
24.21
24.19
24.18
24.17
24.22
24.27
24.27
24.29
24.27
24.34
24.34
24.34
24.35
24.35
24.33
24.34
24.31
24.29
24.29
24.43
24.67
24.6
24.7
25.02
25.62
25.97
26.21
26.44
26.52
26.92
27.56
27.62
27.9
28.24
28.51
28.83
29.06
28.83
29.17
29.37
29.52
29.79
29.74
29.72
29.27
27.2
28.76
29.03
28.69
29.15
28.4
27.29
27.45
28.09
28.47
27.8
28.1
28.85
29.24
29.2
29.28
29.75
29.2
29.13
28.9
28.66
28.22
27.9
27.64
27.38
27.12
26.95
26.8
26.66
26.59
26.62
26.55
26.5
26.55
26.5
26.43
26.44
26.56
26.45
26.27
26.18
26.18
26.1
25.95
25.79
25.65
25.54
25.5
25.43
25.39
25.38
25.44
25.43
25.39
25.3
25.3
25.26
25.17
25.04
24.96
24.99
25.09
25.13
25.12
25.14
25.09
25.05
25.08
25.13
25.08
25.11
25.21
25.24
25.26
25.26
25.39
25.66
25.91
25.94
26.02
26.22
26.41
26.68
26.83
27.04
27.53
27.78
28.14
28.25
28.12
28.21
28.27
28.44
28.87
29.05
28.85
28.85
29.19
29.49
29.14
29.16
29.38
29.16
27.81
27.72
27.89
27.73
26.98
26.33
25.73
25.12
24.56
24.68
24.52
23.91
23.67
23.63
23.47
23.46
23.47
23.55
23.68
23.81
23.98
24.15
24.22
24.3
24.39
24.45
24.41
24.44
24.49
24.54
24.6
24.67
24.72
24.7
24.72
24.68
24.7
24.77
24.8
24.79
24.8
24.83
24.89
24.95
24.99
24.97
24.97
24.97
24.96
24.95
24.97
24.98
24.98
24.96
24.95
24.9
24.89
24.89
24.82
24.78
24.75
24.7
24.7
24.78
24.91
25.23
25.43
25.62
25.83
25.88
26.03
26.11
26.32
26.47
26.86
26.96
27.15
27.28
27.59
27.81
28.1
28.25
28.61
28.99
29.13
29.7
30.1
29.92
30.1
30.56
30.26
27.1
25.65
26.4
27.38
28.02
28.6
29.07
29.81
30.68
30.67
30.71
30.85
30.77
31.09
30.81
30.92
30.84
30.65
30.39
30.29
30.23
29.58
28.8
28.52
28.34
28.21
28.12
28.05
28.1
28.19
28.05
27.83
27.65
27.54
27.51
27.61
27.59
27.55
27.49
27.52
27.32
27.17
27.02
26.87
26.72
26.66
26.62
26.6
26.58
26.58
26.56
26.57
26.54
26.52
26.5
26.54
26.54
26.53
26.52
26.53
26.52
26.52
26.46
26.41
26.39
26.43
26.4
26.35
26.32
26.32
26.32
26.48
26.51
26.56
26.71
27.51
27.92
27.88
27.81
28
27.82
27.95
28.59
29.05
29.38
29.33
29.06
29.14
29.18
29.4
29.7
30.33
29.91
30.04
30.57
30.59
30.08
26.24
25.17
24.15
23.96
24.08
24.07
24.14
24
23.58
23.18
22.94
22.92
23.13
23.19
23.29
23.35
23.42
23.46
23.51
23.53
23.65
23.64
23.61
23.64
23.66
23.81
23.86
23.92
23.97
24.02
24.06
24.08
24.11
24.2
24.15
24.11
24.15
24.22
24.27
24.08
23.76
23.68
23.58
23.56
23.61
23.56
23.52
23.55
23.55
23.56
23.67
23.78
23.86
23.93
23.96
24
24
23.96
23.89
23.84
23.8
23.83
23.73
23.64
23.58
23.57
23.55
23.53
23.56
23.66
23.83
23.95
24.17
25.3
26.66
26.33
26.09
25.95
26.61
27.2
27.78
27.7
28.04
28.3
28.46
28.77
29.21
29.24
29.43
29.87
30.15
30.31
30.42
30.62
31
31.28
31.58
31.52
31.8
32.53
32.67
32.66
32.91
33.12
33.38
33.34
33.23
33.85
33.22
33.57
34.16
32.67
32.26
32.56
32.67
31.83
31.39
31.06
30.33
30.67
30.83
30.81
29.61
28.32
27.55
27.2
27.04
27
27.01
26.88
26.88
26.79
26.72
26.6
26.48
26.31
26.28
26.47
26.65
26.52
26.22
25.32
25.22
25.16
25.02
24.92
24.95
25.12
25.11
25.04
25.01
25.03
24.96
24.97
24.9
24.93
24.79
24.68
24.59
24.54
24.5
24.44
24.44
24.56
24.58
24.72
24.93
25
25.32
25.49
25.55
25.53
25.34
24.98
24.65
24.68
24.67
24.73
24.87
25.06
25.11
25.14
25.21
25.5
25.8
26.11
26.42
26.96
27.73
28.16
28.72
28.91
29.45
29.91
30.29
29.36
27.25
27.1
27.09
27.54
28.49
29.17
28.94
29.65
29.8
29.26
27.41
25.98
26.44
26.39
26.27
26.33
25.99
25.75
25.59
25.54
25.53
25.47
25.46
25.44
25.39
25.39
25.39
25.44
25.48
25.51
25.49
25.53
25.54
25.53
25.58
25.67
25.83
25.99
25.97
25.95
25.95
25.96
25.96
26.04
26
26.01
25.98
26
26.06
26.06
25.98
25.95
25.91
25.88
25.86
25.86
25.8
25.72
25.65
25.62
25.57
25.53
25.56
25.61
25.66
25.78
25.96
26.15
26.43
26.67
26.93
27.45
27.7
28.15
28.61
28.51
29.01
29.01
29.27
29.71
29.8
29.94
30.04
30.44
30.65
30.81
31.11
31.03
31.45
31.35
31.88
31.76
31.9
32.35
32.57
32.7
32.57
30.97
27.09
26.8
27.13
27.9
27.57
27.22
27.07
26.82
26.69
26.5
26.38
26.2
25.89
25.67
25.61
25.56
25.57
25.67
25.76
25.66
25.54
25.6
25.52
25.6
25.28
25.15
25.09
25.07
24.61
22.99
22.4
22.29
22.38
22.31
22.27
22.48
22.5
22.42
22.6
22.69
22.82
22.9
22.85
22.94
23.53
23.79
23.83
23.8
23.65
23.68
23.84
23.97
24.08
24.23
24.22
23.9
23.87
23.93
24.13
24.32
24.39
24.47
24.6
24.75
24.87
25.19
25.6
26.53
26.98
26.87
27.1
27.75
27.5
27.73
28.05
28.27
29.3
29.7
30.47
29.46
29.96
30.4
31.22
31.18
30.76
30.94
30.87
31.77
31.85
31.73
31.25
32.37
32.49
31.71
31.44
31.38
31.2
30.79
30.54
30.28
30.42
30.36
30.42
30.53
30.51
30.26
26.88
25.59
25.58
25.11
24.31
24.38
24.26
24.16
24.17
23.94
24.07
24.25
24.48
24.6
24.64
24.68
24.7
24.66
24.52
24.47
24.6
24.81
24.97
25.13
25.26
25.14
25.07
25.11
25.17
25.21
25.3
25.34
25.35
25.34
25.23
25.17
25.08
24.99
24.94
24.97
25.02
25.04
25.07
25.13
25.08
25.02
25.01
25.01
25.04
25.02
25.03
25.08
25.14
25.34
25.47
25.58
25.68
26
26.2
26.07
26.16
26.3
26.34
26.6
26.79
26.99
27.26
27.45
27.63
28.08
28.43
28.62
29.2
29.49
30.15
29.98
29.8
29.81
29.95
30.37
30.45
31.35
31.41
31.16
30.61
30.53
30.52
30.75
30.72
30.21
30.14
29.75
27.09
25.4
24.77
24.3
23.99
23.87
23.91
24.04
24.11
24.23
24.3
24.18
24.29
24.41
24.47
24.52
24.57
24.69
24.79
24.84
24.91
24.96
25
25.01
25.08
25.17
25.17
25.19
25.14
25.14
25.12
25.08
25
24.97
24.97
24.89
24.85
24.81
24.76
24.75
24.72
24.71
24.69
24.67
24.63
24.61
24.62
24.64
24.63
24.6
24.61
24.56
24.58
24.58
24.6
24.62
24.6
24.59
24.55
24.57
24.4
24.23
24.2
24.31
24.42
24.58
24.66
24.76
24.88
25.25
25.43
25.4
25.05
25.42
25.77
25.98
26.26
26.1
26.27
26.07
26.26
26.43
26.59
26.88
27.26
26.96
26.88
26.83
26.75
26.71
26.94
27.06
27.06
27.3
27.58
27.84
27.66
27.47
27.41
27.37
26.9
24.89
24.36
24.32
24.34
24.42
24.54
24.58
24.63
24.65
24.65
24.7
24.76
24.84
24.89
24.96
24.94
24.94
24.93
24.98
24.99
24.98
24.96
24.96
24.99
25.01
25.03
25.05
25.08
25.09
25.01
24.98
25.01
25.05
25.06
25.05
25.02
25.03
25.03
25.04
25.03
25.04
25.04
25.02
25.03
25.05
25.05
25.02
25.01
25.02
25.02
25.04
25.03
24.86
24.76
24.6
24.63
24.71
24.84
25.01
25.36
25.54
25.7
26.11
26.39
26.59
27.29
28.04
28.2
28.51
28.69
29.01
29.28
29.43
29.78
30.17
30.29
30.89
30.91
31.19
31.23
30.96
31.66
31.81
31.75
31.76
31.51
31.45
31.64
31.57
31.04
30.7
30.31
30.44
29.47
28.57
28.12
26.76
25.91
25.4
25.08
24.94
24.97
25.07
24.87
24.76
24.87
24.82
24.82
24.77
24.77
24.71
24.78
24.92
24.97
25.04
25.05
25.06
25.05
25.05
25.04
25.1
25.15
25.18
25.23
25.23
25.15
24.98
24.73
24.62
24.56
24.52
24.44
24.41
24.36
24.35
24.31
24.28
24.29
24.29
24.16
24.12
24.11
24.11
24.16
24.16
24.17
24.25
24.4
24.68
24.76
25.22
25.44
25.71
25.72
25.9
25.83
26.09
26.9
27.56
27.91
28.3
28.63
28.8
29.04
29.2
29.42
29.92
29.96
29.98
30.34
29.8
30.02
30
30.23
30.61
30.62
30.7
31.06
31.21
30.69
29.57
29.69
27.89
26.68
26.58
26.73
27.21
27.88
28.17
28.37
27.99
27.83
27.72
27.54
27.28
27.05
25.63
24.3
23.91
23.86
23.91
23.92
23.9
23.9
23.96
24
23.86
23.83
23.78
23.74
23.78
23.87
23.92
23.98
23.95
23.9
24
24.07
24.06
24.03
24.07
24.05
24.1
24.21
24.34
24.28
24.1
24.06
24.07
24.04
24.02
23.92
23.87
23.88
23.87
23.91
23.83
23.76
23.78
23.8
23.79
23.81
23.96
24.19
24.33
24.4
24.5
24.59
24.76
24.98
25.41
25.99
26.58
26.67
27.19
27.29
27.61
27.8
27.93
28.17
28.68
28.75
28.65
29.3
29.2
29.52
29.86
30.26
30.38
30.44
30.62
31.18
30.78
31.05
31.35
31.45
31.64
31.52
31.45
31.29
32.05
30.98
29.33
29.68
29.9
29.48
28.56
28.04
27.8
27.62
27.5
27.42
26.55
25.31
24.82
24.24
23.94
23.86
23.92
24.09
24.23
24.32
24.45
24.72
24.89
25.06
24.86
24.33
23.95
23.55
23.55
23.63
23.75
23.91
23.96
24.08
24.18
24.27
24.32
24.28
24.28
24.31
24.36
24.42
24.35
24.33
24.37
24.42
24.55
24.57
24.55
24.44
24.37
24.36
24.4
24.4
24.43
24.49
24.55
24.66
24.84
25.32
25.71
26.11
26.19
26.24
26.57
26.99
27.21
27.52
28.04
28.46
28.42
27.92
28.03
28.4
28.83
29.61
29.62
29.82
30.07
30.17
30.24
30.49
31.02
31.02
30.7
30.84
31.16
30.53
30.12
31.04
31.86
27.61
24.28
23.81
23.96
24.12
24.2
24.26
24.33
24.37
24.36
24.29
24.25
24.09
23.93
23.96
23.96
23.95
24.02
24.16
24.23
24.27
24.32
24.35
24.38
24.39
24.35
24.35
24.33
24.26
24.23
24.22
24.22
24.23
24.27
24.3
24.38
24.43
24.42
24.37
24.41
24.5
24.53
24.56
24.58
24.55
24.44
24.36
24.33
24.18
24.12
24.2
24.26
24.22
24.22
24.27
24.26
24.23
24.31
24.32
24.37
24.44
24.44
24.48
24.57
24.73
24.86
25.18
25.77
25.99
25.96
25.94
26.32
27
27.49
27.78
28.34
28.17
28.23
28.66
28.96
28.98
28.87
29.05
29.04
28.88
28.74
28.59
28.68
28.73
28.86
29.81
29.83
30.26
30.39
29.81
30.03
29.76
29.36
29.48
29.54
29.37
28.98
28.75
28.81
28.71
28.66
28.67
28.35
27.99
27.68
27.36
26.98
26.82
26.62
26.46
26.48
26.36
26.25
25.97
25.73
25.56
25.33
25.13
25
24.85
24.66
24.46
24.29
24.15
24.06
23.98
23.96
23.99
23.96
23.93
23.91
23.88
23.56
23.32
23.17
23.09
23
23.02
23.08
23.03
23.01
23.12
23.2
23.2
23.16
23.1
23.04
22.99
22.93
22.9
22.9
22.87
22.84
22.8
22.71
22.76
22.8
22.96
23.05
23.07
22.56
23.07
23.97
23.77
24.28
24.72
24.62
24.88
25.29
24.5
25.01
25.25
25.77
26.24
25.55
25.93
26.25
26.19
26.36
25.98
25.75
25.65
25.48
25.56
25.93
26.31
26.32
26.32
26.25
26.42
26.6
26.48
26.36
26.48
26.43
25.78
25.67
25.49
25.36
25.07
24.71
24.71
24.62
24.54
24.52
24.46
24.36
24.35
24.42
24.42
24.41
24.41
24.4
24.37
24.37
24.37
24.36
24.31
24.23
24.2
24.19
24.22
24.21
24.2
24.19
24.09
23.9
23.74
23.64
23.58
23.62
23.66
23.66
23.72
23.72
23.63
23.55
23.46
23.36
23.27
23.26
23.22
23.32
23.42
23.44
23.43
23.46
23.47
23.56
23.64
23.87
24.11
24.25
24.37
24.82
25.84
26.11
25.87
26.37
25.87
26.04
25.78
26.11
26.98
26.79
26.97
26.74
27.13
27.41
27.32
26.63
25.85
25.5
25.37
25.4
25.99
26.23
26.56
26.73
26.76
26.16
26.27
26.42
26.72
26.9
27.52
27.3
26.92
26.71
26.86
27.5
27.18
27.36
27.37
26.81
26.47
26.23
25.65
25.21
25.1
24.98
24.8
24.55
24.47
24.34
24.26
24.25
24.17
24.1
23.98
24.01
24.1
24.14
23.96
23.99
23.81
23.84
23.7
23.72
23.73
23.54
23.57
23.81
23.73
23.64
23.69
23.49
23.35
23.33
23.24
23.22
23.25
23.22
23.27
23.2
23.08
23.02
22.99
22.88
22.66
22.74
22.83
22.97
23.03
23.32
23.58
23.8
23.99
24.33
24.68
24.66
24.69
25.03
25.59
25.88
26.46
26.58
27.29
27.73
27.97
28.48
27.8
27.76
28.24
27.9
28.15
28.44
29.09
29.74
29.22
29.62
29.49
30.29
29.81
29.78
27.99
28.01
29.24
29.43
29.32
29.47
29.69
30.13
29.7
30.06
30.49
30.29
29.64
29.81
29.57
29.7
29.55
28.87
28.49
28.25
28.21
28.09
27.56
27.25
27.19
26.91
26.33
25.9
25.68
25.53
25.4
25.27
25.13
24.57
23.79
23.61
23.42
23.28
23.46
23.69
23.79
23.85
23.9
23.9
23.96
24
24.02
24.02
24
23.98
23.96
24.03
24.05
24.03
23.91
23.89
23.86
23.84
23.85
23.88
23.89
23.9
23.94
23.91
23.91
23.99
24.06
24.11
24.21
24.36
24.61
24.85
24.98
25.28
25.58
25.86
25.89
26.2
26.4
26.53
27.04
27.17
27.46
27.73
27.84
27.89
28.22
28.1
28.13
28.16
28.16
28.18
28.46
28.09
28.22
28.11
28.45
28.4
28.65
29.15
28.78
28.44
28.08
28.02
27.89
27.83
27.67
27.52
27.37
27.19
26.99
26.75
26.58
26.48
26.35
26.35
26.34
26.31
26.35
26.24
26.08
25.96
25.78
25.72
25.71
25.69
25.69
25.77
25.8
25.72
25.77
25.77
25.74
25.67
25.65
25.69
25.67
25.64
25.61
25.58
25.47
25.46
25.5
25.5
25.32
25.2
25.12
24.99
24.71
24.46
24.31
24.32
24.37
24.55
24.59
24.48
24.34
24.26
24.25
24.27
24.24
24.23
24.24
24.38
24.65
24.98
25.75
26.06
26.35
26.31
26.65
26.83
27.42
27.41
27.39
27.99
28.09
28.42
28.39
28.72
29.03
29.19
29.26
29.65
29.56
29.49
29.67
29.84
29.93
30.63
30.63
30.3
30.51
30.76
30.67
30.73
30.49
30.04
29.74
29.54
29.59
29.8
29.4
29.2
29.17
29
28.92
28.97
28.79
28.31
28
28.18
27.93
27.45
27.39
27.24
27.07
27.63
27.78
27.83
27.98
28.15
27.49
26.95
27.08
26.92
27.05
27.08
26.99
27.03
26.88
26.78
26.9
26.72
26.57
26.45
26.25
26.14
26.12
26.02
26.08
26.03
25.97
25.89
25.85
25.78
25.52
25.47
25.43
25.41
25.41
25.48
25.52
25.47
25.46
25.49
25.45
25.82
26.34
27.09
27.78
28.26
28.61
28.39
28.92
29.18
29.5
29.4
29.83
29.88
30
30.25
30.12
30.48
30.78
31.08
31.1
31.33
31.31
31.32
31.29
31.31
31.45
31.87
31.96
32.01
32.26
32.3
32.39
32.47
32.6
32.69
32.77
33.03
33.02
32.91
32.67
32.79
32.73
33.09
34.54
35.36
33.66
33.71
33.16
31.73
31.02
30.99
30.9
30.53
29.94
29.82
29.8
29.84
30.25
30.04
29.77
29.51
29.12
29.07
28.85
28.46
28.22
28.06
27.89
27.45
27.27
27.19
27.1
26.92
26.7
26.67
26.92
26.67
26.23
26.48
26.91
26.41
26.51
26.61
26.53
26.42
26.36
26.29
26.39
26.46
26.5
26.47
26.49
26.47
26.57
26.63
26.72
27.32
27.52
27.12
26.68
27.18
27.55
28.17
28.98
30.09
29.91
29.67
30.26
30.24
30.12
30.69
30.9
30.95
31.26
31.26
31.52
31.47
32.14
32.06
32.15
32.26
32.52
32.67
32.57
32.27
31.12
30.63
30.75
30.97
30.96
31.13
31.32
30.91
30.76
30.83
30.87
31.63
32.05
31.93
31.93
31.27
31.36
30.91
30.13
29.72
28.93
28.62
28.42
28.15
27.91
27.82
27.93
27.75
27.56
27.37
27.28
27.14
27
26.95
26.89
26.82
26.77
26.7
26.78
26.71
26.64
26.59
26.51
26.47
26.42
26.35
26.33
26.34
26.38
26.42
26.41
26.42
26.41
26.39
26.39
26.43
26.45
26.46
26.46
26.49
26.46
26.43
26.44
26.46
26.47
26.43
26.46
26.49
26.74
27.21
27.37
27.72
28.94
30.09
29.97
29.08
29.17
29.15
29.67
29.98
30.32
31.03
30.51
30.76
31.03
30.84
31.47
31.36
31.32
31.42
31.88
31.96
32.08
32.15
32.33
32.59
33.31
33.42
33.63
33.87
33.93
33.81
33.97
33.5
33.46
33.59
33.58
33.6
33.33
33.27
33.15
33.04
31.8
29.35
28.66
28.15
27.85
27.95
28.05
27.94
27.91
27.81
27.56
27.71
27.55
27.48
27.49
27.45
27.43
27.46
27.44
27.81
27.93
27.81
27.77
27.69
27.67
27.55
27.53
27.49
27.53
27.39
27.36
27.38
27.37
27.38
27.38
27.35
27.32
27.31
27.22
27.18
27.11
27.04
27.04
27.18
27.08
27.05
27
26.89
26.82
26.75
26.74
26.78
26.87
27.16
27.35
27.6
27.83
27.99
28.23
28.41
28.62
28.78
29.16
29.44
29.66
29.91
30.23
30.26
30.67
30.85
30.71
30.97
31.09
31.25
31.1
31.46
31.47
31.77
31.7
31.68
31.76
31.52
30.82
30.37
30.26
27.85
26.2
25.39
25.36
25.05
24.85
25.22
25.59
25.68
25.68
25.27
25.18
25.14
25
24.86
24.79
24.8
24.85
24.94
25.06
25.16
25.27
25.32
25.37
25.35
25.37
25.43
25.51
25.6
25.67
25.68
25.7
25.75
25.8
25.78
25.74
25.69
25.72
25.73
25.68
25.69
25.69
25.69
25.62
25.57
25.56
25.68
25.75
25.7
25.7
25.67
25.63
25.57
25.59
25.54
25.47
25.46
25.51
25.51
25.42
25.3
25.23
25.23
25.35
25.52
25.57
25.73
26.35
26.8
26.52
26.34
25.59
25.32
25.87
26.01
26.07
25.94
26.18
27
27.29
27.79
27.63
27.78
27.94
28.12
28.34
28.53
28.67
28.79
28.95
29.61
29.7
29.89
29.97
30.12
30.57
30.59
31.17
30.98
30.77
30.74
30.78
31.29
31.07
30.73
30.88
30.89
30.66
29.98
29.35
28.92
28.56
28.24
27.94
27.81
27.65
27.68
27.75
27.72
27.62
27.64
27.93
27.46
27.54
27.66
27.64
27.73
27.55
27.51
27.52
27.19
26.75
26.53