25.45
25.41
25.43
25.37
25.17
24.98
24.99
25.06
25.07
25.05
25.04
25.00
24.85
24.52
24.43
24.31
24.28
24.31
24.25
24.31
24.38
24.30
24.34
24.32
24.22
24.30
24.32
24.40
24.59
24.79
25.12
25.48
25.91
26.14
26.31
26.72
26.99
26.94
27.15
27.50
28.02
28.33
28.53
28.49
28.71
29.08
29.20
29.17
29.01
29.17
29.44
29.32
29.58
29.73
29.93
29.90
30.15
29.94
30.29
30.32
30.50
30.03
29.75
29.67
29.49
28.77
28.06
27.79
27.63
27.50
27.30
26.97
26.74
26.64
26.19
25.91
25.73
25.71
25.44
25.10
24.90
24.84
24.78
24.82
24.79
24.65
24.57
24.62
24.73
24.73
24.63
24.51
24.39
24.37
24.31
24.30
24.35
24.34
24.38
24.43
24.41
24.38
24.32
24.21
24.06
24.05
24.02
24.03
24.05
24.07
24.09
24.09
24.08
24.07
24.03
23.98
23.91
23.96
23.96
24.00
24.02
24.11
24.06
24.22
24.40
24.64
25.20
25.49
25.61
25.89
26.20
26.67
27.17
27.42
27.70
27.90
28.41
28.60
28.78
28.81
29.02
29.13
29.09
29.34
29.63
29.80
29.76
29.78
30.02
30.29
30.22
30.41
30.06
30.00
30.25
30.31
29.79
29.41
29.39
29.36
29.14
29.13
29.40
28.85
28.08
27.76
27.57
27.56
27.50
27.26
27.10
27.08
26.88
26.53
26.39
26.26
26.18
26.02
25.80
25.59
25.52
25.44
25.31
25.26
25.25
25.09
24.90
24.78
24.72
24.66
24.71
24.70
24.76
24.84
24.88
24.88
24.90
24.87
24.84
24.74
24.69
24.64
24.57
24.52
24.52
24.54
24.51
24.48
24.47
24.46
24.42
24.44
24.47
24.48
24.41
24.32
24.27
24.41
24.71
24.84
25.12
25.47
25.63
25.93
26.22
26.30
26.52
26.69
27.02
27.33
27.57
27.70
28.04
28.28
28.40
28.69
28.90
29.19
29.63
29.84
30.02
30.15
30.15
30.31
30.37
30.42
30.71
30.69
30.85
30.62
30.50
30.45
30.73
30.46
29.28
28.66
28.86
28.90
28.73
28.72
28.64
28.24
27.83
27.55
27.20
26.99
26.79
26.76
26.75
26.71
26.57
26.47
26.39
26.33
26.20
26.09
26.04
26.10
26.06
26.16
26.10
26.05
26.05
26.01
25.94
25.87
25.81
25.76
25.72
25.72
25.69
25.65
25.53
25.41
25.36
25.28
25.16
25.10
25.07
24.95
24.76
24.64
24.56
24.52
24.52
24.54
24.54
24.48
24.44
24.43
24.45
24.39
24.34
24.35
24.41
24.54
24.73
24.98
25.41
25.72
26.17
26.48
26.91
27.00
27.31
27.44
27.73
28.20
28.58
28.99
29.24
29.52
29.69
29.89
30.19
30.46
30.56
30.76
30.87
30.96
30.88
30.22
29.94
30.23
30.31
30.41
30.74
30.22
30.21
30.43
30.49
29.95
29.28
29.12
28.96
29.06
29.12
28.99
28.85
28.72
28.51
28.16
27.83
27.87
27.71
27.64
27.49
27.32
27.36
27.39
27.34
27.41
27.37
27.23
27.07
26.93
26.80
26.66
26.63
26.60
26.53
26.57
26.43
26.31
26.37
26.27
26.17
26.10
26.09
26.06
25.95
25.92
25.92
25.92
25.79
25.70
25.43
25.36
25.01
24.84
24.81
24.83
24.87
24.88
24.91
24.87
24.88
24.83
24.84
24.90
25.19
25.42
25.73
25.77
25.67
25.65
26.13
26.12
26.09
26.26
26.44
26.46
26.62
26.61
26.63
26.74
26.96
27.16
27.24
27.53
27.70
27.90
28.01
28.14
28.32
28.51
28.83
29.09
29.23
29.27
29.58
29.79
30.15
30.15
30.62
30.65
30.42
30.51
30.49
30.51
30.78
30.56
30.69
30.75
29.90
29.65
29.21
28.47
28.03
27.79
27.60
27.32
27.06
27.01
26.98
26.92
27.02
26.88
26.84
26.81
26.63
26.58
26.46
26.37
26.24
26.18
26.12
25.96
25.85
25.82
25.78
25.66
25.61
25.53
25.59
25.55
25.40
25.37
25.44
25.33
25.28
25.34
25.38
25.40
25.25
25.12
25.12
25.15
25.18
25.21
25.10
25.07
25.13
25.16
25.21
25.42
25.50
25.46
25.52
25.84
26.14
26.34
26.80
27.36
27.57
27.78
28.12
28.16
28.31
28.65
28.80
28.38
28.57
28.74
28.98
29.14
29.02
28.99
29.25
29.41
29.82
29.96
30.20
30.59
29.92
29.79
30.04
30.31
30.21
29.91
29.63
29.49
29.44
29.62
29.46
29.62
29.76
29.64
29.42
28.64
28.28
28.00
27.64
27.43
27.12
26.99
26.82
26.72
26.69
26.74
26.68
26.53
26.56
26.50
26.43
26.33
26.25
26.16
26.17
26.09
26.10
25.94
25.84
25.82
25.88
25.89
25.81
25.65
25.39
25.39
25.38
25.49
25.47
25.61
25.61
25.53
25.39
25.25
25.14
25.08
25.08
25.14
25.01
24.97
25.01
25.05
25.07
25.09
25.06
25.03
25.03
25.05
25.07
25.17
25.26
25.40
25.79
26.17
26.24
26.10
26.39
26.57
26.97
27.07
27.22
27.28
26.76
26.72
26.87
27.01
27.20
27.25
27.27
27.34
27.65
27.66
27.84
28.22
28.53
28.70
29.01
29.28
29.65
29.81
29.90
30.08
30.33
30.48
30.76
30.93
30.78
30.85
30.50
30.29
30.07
29.80
29.24
27.43
26.74
26.42
26.08
25.93
25.92
25.94
25.99
25.91
25.89
25.94
25.82
25.83
25.81
25.76
25.80
25.78
25.77
25.89
25.90
25.84
25.75
25.73
25.67
25.58
25.55
25.59
25.62
25.54
25.42
25.40
25.38
25.30
25.32
25.32
25.33
25.41
25.47
25.41
25.40
25.40
25.38
25.38
25.28
25.13
25.06
24.97
24.95
24.90
24.90
24.96
25.09
25.28
25.46
25.62
25.71
25.83
25.99
26.13
26.41
26.48
26.66
26.33
26.00
26.10
26.31
26.48
26.77
27.42
27.30
27.56
27.71
27.85
28.11
28.28
28.46
28.80
28.91
29.06
29.07
29.01
28.98
29.15
29.33
28.71
28.55
28.20
27.97
28.48
28.20
28.09
28.17
27.60
27.44
26.97
26.72
26.48
26.32
26.11
25.83
25.64
25.50
25.40
25.33
25.30
25.22
25.08
25.04
24.97
24.91
24.85
24.81
24.82
24.89
24.92
24.92
24.93
24.94
24.90
24.86
24.81
24.84
24.87
24.87
24.88
24.87
24.84
24.82
24.80
24.83
24.87
24.88
24.82
24.81
24.76
24.73
24.72
24.70
24.71
24.66
24.66
24.73
24.77
24.72
24.68
24.60
24.63
24.68
24.76
24.87
25.01
25.28
25.67
25.88
25.99
25.92
26.10
26.67
26.81
27.03
27.26
27.48
27.75
27.85
28.11
28.26
28.55
28.63
28.83
28.89
29.12
29.42
29.72
29.86
30.10
30.19
30.41
30.56
30.78
31.21
30.53
30.47
30.48
30.52
30.37
30.13
30.13
29.89
28.74
27.28
26.70
26.64
26.58
26.53
26.38
26.22
26.14
26.11
26.13
25.99
25.90
25.90
25.84
25.78
25.80
25.87
25.71
25.67
25.63
25.57
25.51
25.54
25.62
25.64
25.49
25.36
25.33
25.41
25.40
25.36
25.26
25.27
25.33
25.35
25.37
25.30
25.23
25.13
25.13
25.12
25.08
25.01
24.92
24.87
24.81
24.75
24.70
24.66
24.57
24.50
24.46
24.46
24.56
24.77
25.14
25.51
25.87
26.09
26.35
26.59
27.05
27.12
27.42
27.65
28.01
28.35
28.68
28.90
29.12
29.19
29.37
29.60
29.82
29.86
30.11
30.14
30.32
29.94
30.67
30.83
30.78
30.83
31.02
31.03
31.00
30.57
30.23
30.08
30.19
30.26
29.93
30.05
29.29
28.49
28.59
28.65
28.71
28.68
28.60
28.31
27.89
27.61
27.34
27.32
27.25
26.88
26.85
26.83
26.82
26.84
26.92
26.82
26.79
26.89
27.18
27.22
27.00
26.78
26.78
26.44
26.27
26.19
26.08
26.09
26.15
25.98
25.91
25.89
25.83
25.80
25.88
25.77
25.65
25.56
25.52
25.43
25.34
25.24
25.18
25.09
25.07
25.08
25.05
24.96
24.85
24.79
24.70
24.61
24.66
24.75
24.86
25.04
25.30
25.56
26.03
26.47
27.10
27.40
27.81
27.92
28.32
28.28
28.69
29.09
29.68
29.64
29.61
29.96
30.59
30.51
30.64
30.86
30.87
31.18
31.29
31.48
31.69
31.87
31.61
31.34
31.07
31.62
31.84
31.04
30.23
29.96
30.36
30.22
29.65
29.15
28.90
29.09
29.22
29.12
28.93
28.79
28.64
28.42
28.22
28.28
28.21
27.96
28.11
28.05
27.89
27.52
27.46
27.43
27.29
27.12
26.94
26.77
26.56
26.52
26.69
26.60
26.50
26.18
25.89
25.79
25.72
25.58
25.45
25.40
25.41
25.39
25.34
25.34
25.38
25.38
25.35
25.35
25.31
25.29
25.33
25.37
25.36
25.33
25.31
25.37
25.42
25.43
25.47
25.47
25.45
25.57
26.01
26.23
26.68
27.05
27.41
27.71
27.95
28.17
28.13
28.54
28.79
29.19
29.39
29.76
30.33
30.01
30.25
30.38
30.72
31.06
30.95
31.06
31.21
31.44
31.41
31.62
31.87
31.66
32.50
32.49
32.40
32.75
32.33
32.61
32.49
32.10
32.25
31.83
31.19
30.77
30.33
29.81
29.59
29.35
29.14
28.91
28.85
28.77
28.84
28.85
28.63
28.54
28.29
27.97
28.01
28.24
28.10
27.77
27.68
27.66
27.44
27.36
27.22
27.06
27.00
26.89
26.88
26.79
26.70
26.44
26.24
26.23
26.25
26.14
26.08
26.08
26.03
25.99
25.84
25.74
25.72
25.74
25.68
25.58
25.52
25.44
25.32
25.25
25.26
25.20
25.19
25.17
25.15
25.13
25.17
25.53
26.00
26.29
26.82
27.08
27.49
27.76
28.04
28.28
28.39
28.78
29.15
29.46
29.97
30.21
30.30
30.49
30.65
30.79
30.80
31.29
31.61
31.89
32.07
32.09
32.12
32.44
32.62
32.68
32.61
32.59
32.64
32.69
32.63
32.82
32.25
30.58
30.29
30.29
30.04
30.45
30.45
30.49
30.33
30.03
29.53
29.35
28.98
28.60
28.43
28.30
28.08
27.31
26.50
26.33
26.31
26.34
26.41
26.35
26.22
26.16
26.32
26.29
26.24
26.26
26.19
26.19
26.21
26.21
26.18
26.12
26.05
25.99
25.88
25.83
25.75
25.65
25.58
25.59
25.55
25.52
25.48
25.49
25.53
25.44
25.42
25.52
25.56
25.59
25.62
25.67
25.69
25.66
25.68
25.74
25.92
26.08
26.45
27.10
27.46
27.17
27.61
28.23
28.41
28.79
29.20
29.30
29.68
29.88
30.22
30.80
30.72
31.01
31.27
31.27
31.41
31.77
31.33
30.26
30.46
30.89
31.45
31.71
31.97
31.62
30.97
30.75
30.89
30.44
30.38
30.47
30.22
30.30
30.56
30.07
30.05
30.11
30.19
30.14
29.84
29.77
29.66
29.18
28.73
28.39
28.05
27.78
27.58
27.55
27.32
27.08
26.86
26.70
26.62
26.53
26.45
26.36
26.24
26.17
26.15
26.21
26.16
26.19
26.28
26.24
26.30
26.28
26.22
26.20
26.13
26.02
25.93
25.80
25.79
25.75
25.76
25.81
25.78
25.77
25.67
25.64
25.60
25.55
25.47
25.41
25.37
25.32
25.29
25.30
25.31
25.29
25.40
25.49
25.69
26.30
26.70
27.02
27.22
27.77
28.06
28.59
28.97
29.27
29.66
29.79
30.08
30.06
30.61
30.64
30.70
31.27
31.35
31.38
31.51
31.89
31.82
32.08
32.11
32.30
32.57
32.28
31.75
31.18
31.47
31.67
31.59
31.78
32.13
32.30
33.02
33.38
33.45
33.49
32.37
31.23
30.39
29.63
29.36
29.28
29.17
28.82
28.59
28.83
29.26
29.14
29.19
28.64
28.10
28.39
28.55
28.35
27.94
27.36
26.94
26.83
26.87
26.88
27.39
27.51
27.70
27.26
27.31
27.30
27.02
26.88
26.86
26.79
26.69
26.57
26.46
26.47
26.31
26.23
26.23
26.26
26.33
26.37
26.33
26.27
26.23
26.19
26.26
26.31
26.34
26.33
26.30
26.26
26.40
26.76
27.09
27.30
27.33
27.60
27.79
27.84
28.22
28.37
28.47
29.04
29.15
29.45
29.74
29.94
30.23
30.47
30.63
31.06
31.12
31.41
31.56
31.88
32.02
32.43
32.18
32.10
32.14
32.27
32.52
32.51
32.55
33.20
33.11
33.09
32.97
32.63
32.33
31.90
31.12
31.01
30.59
30.40
30.04
29.72
29.39
29.17
28.81
28.41
28.43
28.10
28.05
28.02
27.82
27.76
27.75
27.75
27.78
27.73
27.65
27.54
27.25
27.12
27.05
26.95
27.01
26.90
26.75
26.74
26.63
26.58
26.39
26.21
26.14
26.12
26.09
26.00
25.93
25.94
25.89
25.67
25.62
25.60
25.51
25.47
25.38
25.31
25.33
25.38
25.36
25.38
25.34
25.28
25.26
25.31
25.41
25.68
26.27
27.00
26.88
27.10
27.39
27.63
27.89
28.27
28.52
28.83
29.29
29.24
29.55
29.76
30.00
30.14
30.24
30.45
30.61
30.90
31.13
31.29
31.45
31.70
31.72
31.90
31.88
32.14
32.27
32.63
32.75
33.03
32.99
32.93
33.04
33.15
33.08
32.81
32.49
32.48
32.20
31.99
31.85
31.39
31.14
30.57
29.93
29.47
29.28
29.07
28.74
28.69
28.36
28.05
27.79
27.71
27.50
27.43
27.30
27.16
27.05
26.98
26.88
26.85
26.88
26.93
26.91
26.81
26.68
26.49
26.25
26.21
26.28
26.30
26.28
26.13
26.05
26.06
26.03
26.03
26.09
26.23
26.23
26.03
25.76
25.79
25.83
25.65
25.55
25.57
25.57
25.64
25.59
25.59
25.64
25.61
25.83
26.10
26.60
26.99
26.89
26.83
26.68
26.42
26.59
26.95
27.03
27.13
27.34
27.68
27.88
27.99
28.21
28.49
28.82
29.10
29.37
29.53
29.53
29.75
30.30
30.48
30.63
30.85
30.91
30.69
28.91
29.59
29.30
29.40
29.39
29.50
29.45
29.07
29.26
29.38
29.26
29.01
28.88
28.62
28.40
28.19
27.89
27.63
27.34
27.24
27.12
26.89
26.85
26.94
27.07
26.94
26.77
26.72
26.72
26.63
26.56
26.73
26.80
26.89
27.08
26.99
27.00
26.75
26.51
26.42
26.21
26.10
26.02
25.93
25.83
25.79
25.79
25.81
25.72
25.68
25.65
25.69
25.69
25.65
25.66
25.57
25.51
25.49
25.47
25.42
25.38
25.33
25.31
25.32
25.48
25.74
26.25
26.92
26.88
27.12
27.70
27.55
28.08
28.58
28.96
29.25
29.34
29.56
30.03
30.19
30.56
30.45
30.52
30.69
30.81
31.04
31.07
31.16
31.57
31.48
31.50
31.69
32.16
32.24
31.84
31.77
32.12
31.83
31.83
31.65
31.55
31.05
29.86
28.87
28.80
28.90
28.89
29.09
29.15
29.10
28.63
28.17
27.61
27.23
26.91
26.82
26.81
26.89
26.79
26.72
26.77
26.80
26.78
26.78
26.63
26.46
26.44
26.31
26.13
26.12
26.01
25.89
25.75
25.72
25.70
25.73
25.68
25.46
25.38
25.30
25.26
25.35
25.39
25.39
25.37
25.42
25.27
25.14
25.11
25.20
25.16
25.13
25.21
25.16
25.00
24.91
24.77
24.68
24.68
24.68
24.74
24.96
25.15
25.45
25.65
26.05
26.11
26.32
26.25
26.45
26.72
26.98
27.10
27.50
27.82
27.98
28.31
28.49
28.72
28.68
29.10
29.18
29.29
29.72
29.92
30.33
30.81
30.63
31.13
31.11
31.09
31.06
31.21
31.73
31.75
31.01
30.56
30.43
30.40
30.63
30.98
30.62
30.60
30.51
30.05
29.61
29.36
28.97
28.70
28.39
28.16
27.93
27.72
27.47
27.35
27.18
27.14
26.92
26.74
26.61
26.57
26.52
26.49
26.43
26.32
26.18
26.06
25.95
25.84
25.77
25.68
25.61
25.63
25.62
25.27
25.03
24.73
24.40
24.44
24.45
24.48
24.44
24.47
24.44
24.43
24.48
24.42
24.39
24.40
24.53
24.62
24.70
24.76
24.86
24.95
24.92
24.88
24.91
25.07
25.19
25.38
25.62
25.67
25.84
26.09
26.09
26.27
26.55
26.78
27.36
27.94
28.10
28.25
28.24
28.66
29.05
29.12
29.05
29.31
29.66
29.70
29.62
29.28
28.77
28.13
27.92
28.20
28.38
27.71
27.04
26.72
26.89
26.91
27.12
27.57
27.52
27.58
27.71
27.73
27.74
27.56
27.35
27.04
26.09
25.61
25.36
25.40
25.02
25.04
24.86
24.93
24.93
25.10
25.07
25.18
25.02
24.95
24.88
24.78
24.74
24.73
24.77
24.90
24.97
24.99
24.99
25.04
25.14
25.18
25.13
25.06
25.09
25.02
25.00
24.96
24.88
24.87
24.85
24.87
24.83
24.81
24.81
24.79
24.79
24.70
24.59
24.62
24.67
24.67
24.64
24.54
24.51
24.49
24.39
24.34
24.35
24.45
24.71
24.99
25.21
25.47
25.64
25.97
26.37
27.19
27.68
27.79
28.12
28.25
28.54
28.53
28.82
29.00
29.17
29.22
29.41
29.75
29.73
30.03
30.05
30.29
30.53
30.76
31.00
31.13
31.04
30.95
30.99
31.03
31.24
31.14
30.83
30.65
30.89
30.08
29.17
28.46
28.24
28.07
27.87
27.60
27.14
26.90
26.75
26.61
26.50
26.52
26.40
26.36
26.33
26.30
26.21
26.17
26.11
26.00
25.92
25.88
25.96
25.93
25.91
25.88
25.90
25.80
25.70
25.60
25.48
25.33
25.24
25.18
25.54
25.59
25.57
25.56
25.39
25.33
25.38
25.33
25.24
25.26
25.18
25.04
24.87
24.88
24.8
24.64
24.54
24.52
24.57
24.61
24.74
24.94
25.39
26
26.64
26.86
27.32
27.38
27.56
27.89
27.86
27.75
27.69
28.02
28.37
28.5
28.75
28.54
29.07
29.05
29.48
29.74
29.7
29.83
30.03
30.31
30.4
30.68
30.67
30.79
31.13
31.4
31.42
31.44
31.56
31.07
30.78
31.16
31.1
31.29
31.63
31.48
30.4
29.99
29.92
29.71
29.45
29.41
29.46
29.45
29.51
29.58
28.27
27.86
27.49
27.34
27.32
27.13
26.83
26.67
26.55
26.56
26.7
26.76
26.81
26.91
26.76
26.56
26.22
26.23
26.25
26.32
26.39
26.37
26.24
26.1
26.09
26.01
25.91
25.82
25.79
25.79
25.77
25.78
25.78
25.76
25.79
25.79
25.86
25.88
25.85
25.81
25.73
25.7
25.71
25.77
25.92
26.59
26.87
26.91
27.07
27.83
27.81
28.18
28.26
28.24
28.6
28.95
29.19
28.93
29.15
29.69
30.01
29.94
29.55
29.75
30.53
30.6
30.99
32.15
31.81
31.18
30.41
30.04
31.36
30.63
29.82
29.54
29.87
30.21
30.82
31.74
31.72
32.08
32.4
30.09
25.41
24.96
24.75
24.37
24.77
25.42
25.03
25.07
25.21
25.39
25.62
25.79
25.87
25.96
26.09
26.22
26.28
26.48
26.59
26.57
26.55
26.56
26.56
26.59
26.53
26.51
26.51
26.46
26.43
26.37
26.23
26.02
25.97
25.93
25.94
25.97
25.98
26.04
26.01
26.05
26.04
26.11
26.13
26.17
26.14
26.12
26.03
26.1
26.17
26.22
26.15
26.09
26.12
26.16
26.19
26.41
26.71
26.94
27.74
27.58
27.99
27.9
28.33
27.81
28.48
28.82
28.94
29.32
29.57
29.98
30.48
30.15
29.96
30.16
30.08
30.45
30.34
30.42
29.93
29.25
29.17
29.35
29.38
29.57
29.97
29.24
28.78
28.82
28.46
28.2
28.43
28.46
28.3
28.13
28.1
28.73
29.63
29.83
29.42
29.7
29.62
29.65
28.65
28.03
27.92
27.84
27.76
27.9
27.7
27.58
27.39
27.59
27.54
27.26
27.24
27.18
26.96
26.94
26.86
26.84
26.81
26.8
26.72
26.64
26.58
26.47
26.36
26.14
26.01
25.93
25.81
25.85
25.82
25.78
25.72
25.68
25.66
25.63
25.54
25.51
25.49
25.35
25.26
25.26
25.28
25.28
25.29
25.26
25.36
25.44
25.5
25.55
25.68
25.8
25.81
25.76
25.91
26.14
26.84
26.53
26.18
26.29
26.19
26.36
26.54
26.83
27.32
27.28
27.49
27.51
27.84
28.6
29.32
29.98
30.1
30.5
30.47
30.93
30.97
31.01
31.25
30.74
30.33
30.39
30.31
30.49
30.68
31.3
31.48
30.08
28.94
27.49
26.98
26.95
26.91
26.73
26.67
26.88
26.49
26.29
26.15
26.14
26.07
25.94
25.81
25.79
25.81
25.73
25.78
25.9
25.97
26.01
25.94
25.93
25.84
25.74
25.68
25.53
25.44
25.4
25.39
25.41
25.52
25.61
25.63
25.63
25.67
25.65
25.69
25.74
25.75
25.68
25.63
25.57
25.5
25.46
25.46
25.47
25.45
25.47
25.43
25.45
25.52
25.53
25.52
25.46
25.48
25.59
26.29
26.57
26.74
27.01
26.73
27.04
27.56
27.87
28.59
29.13
29.52
29.35
29.71
29.82
29.53
29.66
29.7
29.96
30.33
30.68
30.84
30.8
30.88
31.46
31.04
31.35
31.72
31.46
31.55
31.72
31.93
31.97
32.1
32.09
32.77
32.85
32.54
32.48
32.84
32.4
32.15
32.49
32.84
31.78
31.25
30.69
30.18
30.37
30.08
29.55
29.54
28.98
28.7
28.56
28.54
28.74
28.72
28.28
28.1
27.96
27.76
27.62
27.35
27.38
27.24
27.05
26.97
26.9
26.81
27.06
26.93
26.74
26.72
26.74
26.76
26.65
26.59
26.69
26.82
26.61
26.55
26.57
26.64
26.66
26.69
26.73
26.71
26.69
26.64
26.63
26.62
26.6
26.6
26.57
26.43
26.23
26.26
26.6
27.16
27.94
28.65
28.65
29.04
28.88
29.17
30.01
30.71
31.06
30.96
30.91
30.72
31.05
31.24
31.43
31.51
31.53
31.46
30.96
29.82
27.42
26.69
26.53
27.15
28.11
30.01
31.01
31.85
30.9
31.67
32.45
33.41
32.85
33.09
32.53
32.27
32
32.4
31.89
31.74
31.42
30.98
30.81
30.61
30.3
30.26
29.22
28.82
28.76
28.66
28.79
28.52
28.37
28.21
28.1
28.17
28.17
28.29
27.64
27.02
26.64
26.33
25.88
25.51
24.99
24.78
24.78
24.75
24.68
24.06
23.18
22.85
22.92
23.03
23.01
23.02
23.06
23.16
23.3
23.35
23.24
23.28
23.29
23.29
23.35
23.36
23.4
23.19
22.89
22.91
22.94
23.01
23.11
23.3
23.42
23.47
23.46
23.43
23.69
23.72
24.28
25.06
25.73
26.59
26.56
26.59
26.74
27.29
27.93
28.1
28.38
28.88
29.3
29.41
29.91
29.89
29.91
30.07
30.55
30.4
30.73
30.53
31.08
31.67
31.01
30.83
30.93
31.24
31.41
30.96
31.27
30.3
29.79
30.11
30.78
31.92
31.75
30.18
29.46
28.74
28.44
28.07
27.68
27.51
27.42
27.41
27.2
27.13
27.18
27.16
27.08
26.91
26.85
26.93
27.19
27.19
27.01
26.99
26.84
26.73
26.59
26.38
26.28
26.25
26.27
26.37
26.47
26.51
26.52
26.41
26.33
26.29
26.23
26.16
26.11
26.08
26.04
26.06
26.06
26.07
26.07
26.14
25.97
25.74
25.6
25.44
25.26
25.17
25.26
25.6
26
26.48
27.59
27.77
27.92
28.06
28.55
29.38
29.22
29.19
29.31
29.5
29.85
29.96
31.22
30.87
31.84
31.71
31.44
31.42
31.58
31.23
31.68
32.62
32.16
32.04
32.34
32.9
32.48
32.51
32.68
32.47
32.33
32.47
31.76
29.25
27.53
28.02
23.21
23.66
24.01
24.68
25.28
25.75
26.71
26.84
26.88
26.79
26.88
27.22
27.14
26.95
26.96
26.74
26.45
26.1
25.95
25.9
26.02
25.99
25.75
25.64
25.61
25.62
25.56
25.64
25.5
25.57
25.69
25.86
25.92
25.94
25.95
25.98
25.91
25.87
25.83
25.77
25.74
25.73
25.78
25.64
25.58
25.54
25.55
25.57
25.61
25.61
25.61
25.62
25.66
25.63
25.61
25.6
25.77
26.21
26.38
26.26
26.49
26.95
26.85
27.34
28.23
29.22
29.44
29.84
29.19
29.48
29.24
29.8
29.87
30.57
30.46
30.67
30.77
30.91
31.12
31.33
31.7
31.59
31.56
31.81
31.96
31.92
31.72
32.1
31.96
31.33
30.94
30.6
30.66
30.95
30.81
29.96
28.76
28.26
27.81
27.6
27.5
27.22
27
26.77
26.53
26.46
26.44
26.28
26.25
26.26
26.14
26.12
26.02
25.86
25.74
25.83
25.88
25.87
26.01
26.17
26.2
26.18
26.11
26.04
26.1
26.06
26.04