24.35
24.25
24.14
23.9
23.91
23.98
24.07
24.04
23.87
23.78
23.58
23.53
23.48
23.51
23.59
23.58
23.61
23.52
23.48
23.51
23.59
23.5
23.42
23.38
23.46
23.76
24.11
24.78
25.46
26.22
26.49
26.94
27.32
28.04
28.06
28.46
28.69
28.84
29.2
29.72
29.83
30.44
30.42
30.35
30.8
31.16
31.22
31.66
31.77
32
32.08
32.41
32.4
32.68
32.59
32.64
33
33.38
33.11
33.03
33.09
33.39
32.91
32.11
31.39
30.9
30.45
30.76
31.01
31.17
31.05
30.78
30.39
29.82
29.47
28.93
29.02
28.93
28.04
28.1
28.13
28.02
27.94
28.18
27.93
27.71
28.15
29.3
29.61
29
28.48
28.42
27.35
26.88
26.7
26.38
26.47
26.78
26.32
26.1
26.02
25.72
25.56
25.86
25.72
25.52
25.4
25.34
25.1
24.88
24.75
24.75
24.74
24.74
24.67
24.64
24.57
24.36
24.25
24.15
24.05
24.11
24.23
24.39
24.58
24.97
25.32
26.01
26.55
27.29
27.62
28.56
28.26
28.73
28.76
29.31
29.73
30.55
30.35
30.4
30.26
31.24
31.07
31.1
31.48
31.34
31.54
31.83
32.07
32.45
32.44
32.56
32.79
32.79
33.73
34.16
33.19
33.84
34.31
35.18
34.13
32.8
32.05
31.71
31.54
31.39
31.57
31.31
31.26
31.1
30.81
30.47
30.6
30.47
30
30.59
30.59
30.22
29.03
28.9
28.94
28.85
28.65
28.45
28.16
27.69
27.61
27.73
27.31
27.23
26.9
26.83
26.81
26.76
26.5
26.27
26.27
26.43
26.47
26.33
26.28
26.4
26.36
26.22
26.14
26.07
25.9
25.9
25.95
25.75
25.66
25.6
25.74
25.93
26.08
26.22
26.22
26.04
26.12
26.93
27.14
28.01
28.5
29.14
29.63
30.22
31
30
30.33
30.62
31.05
31.57
31.81
31.56
31.34
31.26
31.17
31.37
31.89
32.31
32.35
32.55
32.67
33.21
32.54
33
33.26
33.81
33.97
35.09
34.56
33.89
34.38
35.14
36.34
35.51
34.82
34.2
33.22
32.66
32.3
32.26
31.88
31.56
31.37
31.22
30.86
30.89
30.9
30.46
30.38
30.27
30.06
30.05
30.33
30.08
29.29
29.39
29.21
28.98
29.04
28.79
28.56
28.72
28.72
28.84
28.79
28.65
28.02
27.44
27.48
27.52
27.4
27.35
27.29
27.13
27.14
26.87
26.73
26.8
26.99
26.85
26.59
26.47
26.34
26.09
25.99
25.92
25.81
25.73
25.64
25.52
25.41
25.35
25.78
26.34
26.8
27.12
27.03
27.28
27.77
28.15
28.27
28.48
28.73
29.42
29.78
30.34
30.41
30.55
30.52
30.73
31.05
31.17
31.46
32.06
32.52
32.21
32.27
32.51
33.16
32.88
32.59
32.64
32.9
33.14
33.54
33.49
33.39
33.94
33.77
34.19
34.26
33.38
32.97
32.74
32.56
32.19
31.6
30.37
29.73
29.3
28.92
28.54
28.38
28.07
27.92
28.08
27.97
27.9
27.93
27.87
27.92
27.74
27.42
27.37
27.17
27.07
27.26
27.14
27.09
27.13
27.25
27.29
27.22
27.07
26.86
26.78
26.98
26.74
26.48
26.29
26.19
26.09
26.12
26.22
26.31
26.51
26.29
26.3
26.54
26.61
26.69
26.78
26.81
26.78
26.62
26.68
26.69
26.63
26.92
27.82
28.85
29.08
28.48
28.87
29.87
29.82
30.11
30.18
30.48
30.7
30.79
30.97
32.34
32.02
32.73
33.11
32.82
32.64
33.36
33.51
32.51
32.64
33.04
33.61
33.92
34.2
34.58
33.48
33.07
33.69
32.69
33.11
33.52
33.97
34.26
34.34
34.02
34
34.13
33.98
33.79
33.68
33.65
33.78
33.3
32.52
31.96
31.61
31.11
30.65
30.56
29.84
29.47
29.06
28.82
28.69
28.54
28.38
28.24
27.87
27.6
27.5
27.65
27.55
27.61
27.81
27.72
27.87
27.84
27.72
27.63
27.56
27.4
27.44
27.31
27.26
27.27
27.24
27.25
27.18
27.18
27.03
26.91
26.81
26.7
26.5
26.35
26.23
26.15
26.08
26.14
26.09
26.02
26.13
26.18
26.13
26.64
26.79
26.88
27.31
28.41
28.79
29.04
29.65
29.75
29.86
30.25
30.4
30.62
31.15
31.27
31.43
31.87
32.27
32.39
32.31
32.52
32.9
33.15
32.85
33.15
33.39
33.31
33.22
33.48
33.83
33.53
33.4
33.22
33.26
33.06
33.64
34.47
34.65
34.62
33.65
33.17
32.4
31.2
30.78
30.42
29.96
29.47
29.16
28.9
28.88
28.91
28.8
28.65
28.48
28.3
28.23
28.16
28.19
27.87
27.03
26.74
26.77
26.73
26.73
26.86
27.1
27.06
26.99
26.85
26.7
26.5
26.47
26.51
26.45
26.31
26.2
26.16
25.95
25.99
26.08
26.14
26.12
26.15
26.03
25.82
25.75
25.74
25.82
25.97
26.01
26.14
26.15
26.14
26.05
26.04
26.08
25.89
25.55
25.34
25.35
25.4
25.6
25.41
25.52
25.92
26.71
27.37
28.09
28.05
28.23
28.38
28.65
29.02
29.19
29.41
29.75
30.44
30.28
30.54
30.69
31.06
31.08
31.18
32.16
32.33
31.94
32.15
32.4
32.78
32.81
32.33
32.19
31.58
30.65
30.75
30.47
30.26
30.1
29.78
29.54
29.31
29.06
28.65
28.77
28.55
28.49
28.51
28.2
28.36
28.43
28.64
28.78
28.8
28.67
28.34
27.93
27.77
27.54
27.4
27.29
27.16
27.06
26.84
26.63
26.5
26.33
26.19
26.06
25.91
25.77
25.62
25.6
25.51
25.46
25.33
25.23
25.18
25.1
25.01
25.02
25.07
25.02
24.93
24.89
24.83
24.86
24.84
24.82
24.82
24.84
25.21
25.63
25.74
25.64
25.87
26.09
26.61
26.86
27.48
27.8
27.8
28.52
28.57
28.81
28.99
29.25
29.5
29.29
29.45
29.6
29.94
30.37
30.42
30.71
31.04
31.15
31.18
30.96
31.17
31.52
31.86
31.98
31.74
31.7
31.93
32.24
32.22
32.4
32.11
31.94
32.31
31.96
32.09
32.63
32.26
32.03
31.26
30.47
29.82
29.74
29.61
29.14
29.47
28.88
28.42
28.04
27.9
27.53
27.4
27.3
27.28
27.23
27.17
27.08
27.05
27.03
26.83
26.6
26.42
26.36
26.08
25.81
25.68
25.61
25.64
25.63
25.6
25.68
25.8
25.85
25.89
25.98
25.97
26.02
25.79
25.25
25.34
25.5
25.22
25.09
25.07
25.16
25.48
25.49
25.5
25.51
25.33
25.55
25.88
26.38
26.37
26.07
25.66
24.45
23.23
23.19
23.25
22.95
22.54
22.54
22.73
22.96
22.99
23.35
23.9
24.34
24.77
24.94
25.09
25.24
25.35
25.88
26.36
26.78
27.37
27.42
27.56
27.66
28.31
28.42
28.57
28.58
28.77
28.39
28.3
28.35
28.24
28.36
28.02
27.73
27.45
27.18
27.08
26.85
26.74
26.57
26.28
26.09
25.95
25.88
25.72
25.61
25.53
25.44
25.4
25.36
25.42
25.45
25.72
25.86
25.86
25.85
25.65
25.45
25.26
25.01
24.72
24.65
24.57
24.54
24.44
24.33
24.27
24.29
24.33
24.22
24.2
24.14
24.19
24.2
24.16
24.1
23.99
23.99
24.06
24.08
24.05
24.08
24.12
24.21
24.2
24.33
24.58
25.11
25.54
25.56
25.72
26.37
25.95
26.84
27.3
27.64
27.58
27.57
27.78
27.9
28.29
28.99
28.5
28.49
28.47
28.5
29.29
29.12
29.2
29.38
29.46
29.26
29.46
30.07
30.44
29.43
29.13
29.38
28.83
28.83
28.47
27.89
27.89
27.24
25.96
25.81
26.02
25.83
25.92
25.93
25.89
25.81
25.76
25.58
25.43
25.31
25.24
25.2
25.14
25.01
25.05
25.15
25.23
25.2
25.12
25.1
25.05
24.97
24.98
24.93
24.99
24.97
24.81
24.7
24.74
24.65
24.64
24.64
24.5
24.47
24.46
24.4
24.43
24.47
24.5
24.63
24.56
24.19
24
24.03
24.33
24.27
24.18
24.1
23.76
23.39
23.19
22.79
22.52
22.44
22.45
22.52
22.71
22.86
22.85
22.82
22.84
22.88
22.88
22.89
22.99
23.05
23.26
23.42
23.67
23.92
24.08
24.18
24.13
24.05
24.02
24.03
24.32
24.59
24.88
25.49
26.14
26.71
26.61
26.96
26.93
27.46
28.02
28.19
28.1
28.22
28.04
28.44
28.8
28.96
28.93
28.85
28.81
28.76
28.73
28.61
28.3
28.15
27.67
27.44
26.92
26.68
26.58
26.48
26.27
26.34
26.23
26.26
25.86
25.69
25.47
25.36
25.35
25.39
25.32
25.29
25.15
24.99
25.01
25.01
24.99
24.94
24.93
24.97
24.99
24.91
24.98
24.87
24.73
24.77
24.61
24.55
24.45
24.46
24.4
24.49
24.53
24.56
24.5
24.39
24.46
24.52
24.63
24.72
24.86
24.97
24.99
25.01
25.06
25.34
25.58
25.7
25.92
25.96
25.92
26.08
26.25
26.61
27.25
27.65
28.16
29
28.77
29.02
28.81
29.45
29.83
29.61
29.49
29.89
30.61
30.42
30.04
28.9
26.88
24.89
24.23
24.22
23.98
23.92
23.87
23.68
23.53
23.52
23.53
23.51
23.6
23.66
23.73
23.65
23.51
23.36
23.17
22.98
22.99
23.11
23.1
23.05
23.06
22.99
22.86
22.86
22.71
22.66
22.63
22.55
22.46
22.4
22.37
22.39
22.46
22.53
22.58
22.66
22.8
22.96
23.01
23.1
23.14
23.21
23.3
23.26
23.26
23.21
23.2
23.17
23.07
22.98
22.91
22.98
22.92
22.87
22.88
22.81
22.8
22.86
22.87
22.85
22.92
23
23.03
23.01
23.1
23.23
23.3
23.44
23.53
23.59
23.65
23.95
24.06
24.13
24.24
24.41
24.61
25.42
25.51
25.5
26.07
26.25
26.55
26.29
26.61
26.7
26.93
27.07
26.89
27.51
27.48
27.76
27.74
28.18
28.44
28.79
29.05
29.31
29.07
28.94
29.13
29.52
29.99
30.22
29.74
29.28
30.36
29.39
29.03
28.19
27.91
27.51
27.04
26.25
25.35
25.06
24.84
24.62
24.48
24.44
24.39
24.35
24.3
24.31
24.33
24.32
24.31
24.33
24.34
24.32
24.29
24.32
24.25
24.22
24.19
24.14
24.09
24.06
23.98
23.91
23.88
23.87
23.82
23.85
23.85
23.86
23.86
23.9
23.96
23.91
23.91
23.9
23.85
23.85
23.79
23.76
23.77
23.8
23.82
23.75
23.74
23.73
23.79
23.89
24
24.22
24.29
24.52
24.76
24.87
25.12
25.21
25.47
25.79
26.01
26.15
26.27
26.57
26.75
26.79
27.32
27.33
27.94
28.39
28.54
28.8
28.6
28.48
27.65
28.5
26.93
25.14
24.89
25.09
25.91
26.09
26.33
26.48
25.83
25.35
25.12
24.83
24.75
24.69
24.64
24.61
24.6
24.53
24.48
24.36
24.21
24.21
24.23
24.27
24.34
24.38
24.38
24.47
24.54
24.54
24.6
24.6
24.63
24.63
24.6
24.5
24.36
24.3
24.28
24.24
24.26
24.2
24.16
24.16
24.14
24.17
24.18
24.24
24.27
24.31
24.33
24.14
24.1
24.08
23.9
23.8
23.87
23.93
23.97
24.08
24.11
24.11
24.02
23.95
23.65
23.41
23.38
23.41
23.28
23.31
23.4
23.54
23.92
24.06
24.34
24.69
25.08
25.33
25.65
25.92
26.04
26.4
26.47
27.11
27.41
27.42
27.5
27.95
28.43
28.3
28.39
28.39
28.23
28.34
29.04
29.05
29.23
30.2
29.84
29.83
29.19
29.91
30.42
25.95
23.18
22.71
22.72
23.01
23.22
23.41
23.51
23.67
23.71
23.69
23.71
23.73
23.78
23.84
23.91
23.89
23.86
23.85
23.9
23.93
23.87
23.97
24.02
24.05
24.12
24.09
24.04
23.91
23.84
23.79
23.8
23.79
23.7
23.7
23.73
23.78
23.78
23.77
23.77
23.69
23.62
23.65
23.61
23.52
23.44
23.4
23.35
23.28
23.28
23.23
23.25
23.2
23.19
23.16
23.15
23.14
23.09
22.99
22.95
22.91
23.01
23.29
23.7
23.75
23.86
24.47
25.17
26.01
26.17
26.64
26.96
27.44
27.87
28.39
28.69
28.48
29.37
29.66
29.91
29.62
29.78
29.97
30.19
30.46
30.83
31.18
30.9
30.5
31.22
31.3
31.65
31.42
31.65
31.61
31.48
31
30.97
31.66
31.46
31.35
31.17
31.1
31.02
30.63
30.31
30.11
30.15
30.03
29.84
29.69
29.49
28.41
27.11
26.49
26.11
25.79
25.72
25.65
25.6
25.56
25.51
25.56
25.56
25.58
25.6
25.6
25.61
25.45
25.21
25.14
25.04
24.89
24.74
24.6
24.53
24.49
24.41
24.42
24.39
24.38
24.39
24.38
24.32
24.41
24.38
24.34
24.37
24.29
24.32
24.36
24.38
24.41
24.41
24.37
24.35
24.41
24.67
24.76
25.02
25.15
25.62
25.55
25.78
25.73
26
26.24
26.21
26.41
26.53
26.45
26.37
26.29
26.21
26.13
26.05
25.97
25.89
25.81
25.73
25.65
25.57
25.62
26.07
26.8
27.71
27.57
27.48
28.09
28.53
28.47
28.59
28.56
28.52
28.87
28.99
29.39
29.02
29.22
27.77
25.51
24.68
24.49
23.94
23.5
23.64
23.77
23.81
24.11
24.44
24.38
24.24
24.13
23.73
23.52
23.51
23.6
23.75
23.82
23.85
23.92
23.89
23.84
23.78
23.74
23.76
23.71
23.62
23.57
23.55
23.58
23.57
23.58
23.55
23.48
23.4
23.27
23.22
23.15
23.03
23
23.02
23.19
23.34
23.44
23.65
23.75
23.86
23.93
23.9
23.82
23.85
23.88
23.81
23.78
23.78
23.83
23.85
23.93
24.2
24.56
24.69
24.92
25.08
25.39
25.49
25.77
26.17
26.52
27.25
27.67
27.84
27.7
28.2
29.06
29.17
29.19
29.28
29.53
29.87
30.39
30.47
30.4
29.36
28.43
28.36
29.2
30.69
30.9
30.45
30.31
29.67
28.9
28.38
28.25
28.09
27.64
27.26
26.98
26.72
26.5
26.34
26.07
25.09
23.98
23.49
23.31
23.04
22.92
22.91
22.96
23.06
23.22
23.37
23.8
24.09
24.25
24.16
24.13
24.13
24.23
24.18
23.96
23.98
23.87
23.69
23.68
23.66
23.63
23.59
23.59
23.58
23.56
23.57
23.56
23.53
23.53
23.54
23.53
23.55
23.53
23.55
23.7
23.75
23.92
24.07
24.09
23.89
23.79
23.72
23.81
23.97
24.26
24.48
24.54
24.77
25.42
26.1
26.34
26.89
27.02
27.65
28.86
29.56
30.23
29.28
29.24
29.3
29.62
29.68
29.72
29.69
29.98
30.47
30.4
30.93
30.81
31.23
31.76
31.8
32.02
31.89
31.76
31.29
31.07
30.83
30.47
30.39
31.06
31.07
30.65
30.02
29.48
29.12
28.87
28.49
28.07
27.71
27.39
27.21
26.95
26.72
26.62
26.54
26.39
26.3
26.24
26.02
25.87
25.71
25.86
25.69
25.49
25.35
25.24
25.13
25.01
25
24.91
24.86
24.91
24.88
24.83
24.54
24.3
24.13
24.03
23.93
24.07
23.86
23.7
23.66
23.52
23.51
23.51
23.57
23.6
23.65
23.68
23.72
23.75
23.79
23.94
24.03
24.08
24.04
24.16
24.32
24.41
24.73
25.24
25.49
26.15
26.8
27.7
28.49
28.74
29.75
30
29.75
29.62
29.54
29.95
30.09
30.29
30.12
29.67
29.15
29.16
29.98
31.18
31.71
32.15
32.58
32.28
32.78
32.52
32.66
32.21
31.31
32.38
33.01
32.05
31.88
31.94
31.85
32.37
32.99
32.05
30.16
27.33
26.44
25.72
25.86
25.79
25.86
25.89
25.67
25.6
25.49
25.28
25.25
25.39
25.36
25.4
25.21
25.02
25.03
25.02
25.08
25.15
25.16
25.27
25.54
25.8
25.92
25.95
25.96
25.93
25.81
25.56
25.04
24.32
24.05
24.23
24.22
24.22
24.26
24.31
24.38
24.28
24.21
24.23
24.22
24.2
24.11
24.09
23.99
23.98
23.98
24.01
23.97
24.05
24.18
24.4
24.54
24.98
25.15
25.4
25.65
25.94
26.38
26.6
26.77
27.25
27.47
27.42
28.08
28.37
28.01
28.33
28.79
28.72
29.26
29.18
29.56
29.82
30.21
30.3
30.54
30.45
30.66
31.11
31.05
30.8
31.31
31.38
31.45
31.31
30.65
30.17
29.66
28.51
26.72
25.06
24.48
24.48
24.57
24.67
25.07
25.1
24.82
24.88
24.83
25.48
25.39
25.09
24.86
24.78
24.74
24.7
24.76
24.84
24.85
24.79
24.82
24.8
24.71
24.62
24.61
24.68
24.75
24.93
25.21
25.29
25.31
25.36
25.34
25.31
25.17
25.13
25.1
25.03
24.78
24.72
24.72
24.73
24.63
24.6
24.57
24.52
24.55
24.49
24.47
24.4
24.46
24.44
24.48
24.94
25.14
25.08
25.53
25.93
26.45
26.32
27.01
27.96
27.43
26.79
27
27.19
27.57
28.21
28.39
29
29.66
29.5
29.6
29.91
30
30.16
30.16
30.58
30.94
30.87
31.25
31.29
31.08
31.53
32.08
31.82
32.33
31.74
31.62
31.79
31.08
30.4
30.52
30.31
30.04
29.78
29.76
29.09
28.86
28.64
28.48
28.35
28.05
27.96
28.13
27.97
27.47
27.12
26.95
26.88
26.82
26.8
26.71
26.6
26.52
26.46
26.34
26.38
26.25
26.21
26.24
26.28
26.3
26.18
26.13
26.09
25.97
25.73
25.72
25.71
25.6
25.61
25.61
25.65
25.8
25.75
25.63
25.34
25.19
25.13
25.13
25.16
25.19
25.15
25.07
25.06
24.94
24.99
25.09
25.12
25.35
25.8
26.11
26.71
27.6
28.11
28.7
28.97
29.34
29.28
29.56
30.37
30.31
30.4
30.52
30.08
30.51
30.55
30.41
31.03
30.58
30.56
31.1
31.36
31.05
30.2
28.46
27.89
27.55
26.61
25.78
24.8
24.78
24.61
24.73
24.96
25.37
25.48
25.12
24.98
24.97
25.05
24.97
24.89
24.87
24.87
24.7
24.61
24.61
24.68
24.72
24.84
24.98
25.08
25.08
25.14
25.15
25.22
25.2
25.19
25.19
25.16
25.17
25.2
25.25
25.23
25.11
24.96
24.85
24.92
24.91
24.83
24.8
24.67
24.72
24.76
24.71
24.63
24.61
24.63
24.61
24.6
24.58
24.44
24.36
24.32
24.19
24.18
24.13
24.14
24.05
24.07
24.13
24.14
24.14
24.18
24.26
24.51
24.92
25.36
25.68
26.22
27
27.08
26.76
27.42
26.93
27.86
28
27.9
29.37
28.64
29.07
29.57
29.43
30.06
30.12
30.64
30.57
30.71
30.84
30.71
31.27
31.38
31.13
31.28
30.96
30.26
29.14
28.54
27.67
27.47
27.59
27.97
28
27.83
27.56
27.24
27.21
27
26.74
26.49
26.33
26.1
25.95
25.75
25.65
25.64
25.58
25.58
25.53
25.52
25.48
25.4
25.37
25.22
25.11
25.22
25.28
25.33
25.4
25.59
25.58
25.53
25.54
25.52
25.36
25.21
25.18
25.18
25.24
25.28
25.27
25.29
25.3
25.32
25.42
25.42
25.39
25.34
25.3
25.28
25.14
25.09
24.95
24.9
24.85
24.77
24.75
24.75
24.7
24.77
24.71
24.93
24.97
25.07
25.31
25.36
25.56
25.85
26.23
26.58
27.13
27.36
28.43
28.04
27.84
28.23
28.6
28.6
28.7
28.88
29.1
29.41
29.43
29.85
30.19
29.74
29.18
28.56
28.02
27.66
27.19
27.12
27.03
27.19
27.57
27.64
27.63
27.59
27.42
27.31
27.25
27.07
26.91
26.76
26.58
26.41
26.28
26.18
26
25.91
25.86
25.72
25.67
25.67
25.76
25.82
25.78
25.54
25.31
25.22
25.19
25.24
25.29
25.25
25.17
25.18
25.19
25.1
25.02
24.93
24.86
24.79
24.73
24.63
24.56
24.55
24.51
24.52
24.5
24.49
24.47
24.45
24.39
24.42
24.42
24.48
24.54
24.55
24.43
24.46
24.5
24.52
24.55
24.59
24.61
24.71
24.83
24.91
25.01
25.39
25.56
25.61
25.7
25.91
26.29
26.68
26.65
26.94
26.9
26.92
27.68
27.49
28.1
28.65
28.53
28.45
28.85
28.74
28.73
29.14
28.9
29.19
29.4
29.18
29.32
29.04
27
23.91
23.21
23.18
23.39
23.44
23.52
23.49
23.58
23.72
23.78
23.76
23.7
23.58
23.65
23.76
23.85
23.91
23.96
23.98
24.06
24.22
24.28
24.27
24.35
24.34
24.3
24.28
24.29
24.29
24.26
24.27
24.27
24.22
24.12
24.15
24.21
24.24
24.27
24.32
24.35
24.29
24.26
24.27
24.32
24.33
24.29
24.24
24.21
24.25
24.29
24.39
24.41
24.36
24.38
24.33
24.29
24.26
24.26
24.17
24.27
24.14
24.05
24.14
24.23
24.37
24.42
24.62
24.83
25.01
25.25
25.44
25.77
25.87
26.11
26.36
26.52
26.66
26.92
27.18
27.38
27.48
27.95
27.67
27.36
28.19
28.35
28.84
28.93
28.72
28.49
28.62
29.13
29.55
29.36
29.23
29.47
29.53
29.14
29.09
28.99
29.5
29.03
28.73
28.46
28.03
27.9
27.48
27.2
26.89
26.57
26.38
26.2
26.02
25.81
25.69
25.74
25.67
25.59
25.53
25.48
25.39
25.33
25.28
25.21
25.13
25.06
24.93
24.71
24.54
24.48
24.45
24.43
24.44
24.44
24.36
24.36
24.39
24.4
24.33
24.34
24.31
24.3
24.23
24.09
24.01
24
24.06
24.08
24.08
24.04
24.08
24.02
23.88
23.78
23.68
23.7
23.71
23.71
23.77
23.7
23.68
23.76
23.75
23.8
23.88
23.94
24.08
24.19
24.27
24.57
24.93
25.19
25.46
25.77
26.3
26.58
26.72
26.87
27.64
28.09
28.43
28.39
26.71
24.28
23.66
23.6
23.65
23.83
23.77
23.78
23.74
23.39
23.26
23.29
23.43
23.55
23.6
23.54
23.61
23.56
23.51
23.42
23.42
23.38
23.39
23.35
23.38
23.47
23.46
23.63
23.72
23.87
23.94
23.9
23.93
23.97
24.05
24.08
24.18
24.23
24.22
24.27
24.32
24.36
24.42
24.4
24.24
24.22
24.22
24.26
24.28
24.23
24.19
24.15
24.14
24.16
24.18
24.19
24.23
24.25
24.26
24.28
24.3
24.3
24.32
24.28
24.21
24.17
24.13
24.11
24.1
24.04
24.06
24.08
24.1
24.16
24.31
24.43
24.57
24.6
24.66
24.69
25.08
25.51
26.17
26.9
26.73
26.75
27.18
27.39
27.49
27.85
27.8
28.18
27.74
26.75
26.84
27.65
27.99
28.27
27.46
27.4
26.48
25.56
25.85
26.09
26.2
25.99
25.58
25.31
25.13
24.97
24.84
24.86
24.94
25.06
25.09
25.02
25
25.06
25.03
24.96
24.83
24.77
24.78
24.82
24.79
24.77
24.77
24.66
24.54
24.58
24.65
24.75
24.9
24.89
24.84
24.95
25.08
25.2
25.24
25.22
25.19
25.16
25.12
25.03
24.98
24.9
24.83
24.75
24.69
24.61
24.56
24.52
24.51
24.49
24.49
24.51
24.52
24.5
24.5
24.46
24.38
24.33
24.33
24.33
24.37
24.4
24.42
24.42
24.49
24.51
24.54
24.59
24.72
24.77
24.95
25.16
25.47
25.92
26.64
27.14
27.17
27.68
27.76
28.38
28.12
27.98
28.51
28.63
28.03
27.13
25.66
25.85
25.91
26.28
26.52
28.17
28.94
29.76
29.55
30
29.88
29.61
29.66
29.47
29.88
30.06
29.77
29.84
30.28
29.91
29.43
29.13
29.01
28.72
28.1
27.04
26.4
25.99
25.35
24.82
24.65
24.58
24.55
24.55
24.63
24.7
24.74
24.76
24.87
24.9
24.9
24.88
24.72
24.53
24.43
24.36
24.33
24.29
24.27
24.27
24.22
24.14
24.05
23.93
23.84
23.78
23.73
23.67
23.65
23.6
23.57
23.5
23.44
23.42
23.39
23.41
23.4
23.37
23.37
23.35
23.37
23.38
23.36
23.35
23.36
23.43
23.65
23.99
24.27
24.89
25.09
25.36
25.9
26.25
26.94
27.26
27.49
27.44
28.29
24.33
26.5
28.7
29.15
29.29
29.02
29.41
30.28
30.34
30.3
30.52
30.23
31.21
30.43
31.17
31.51
31.24
31.14
31.62
31.29
31.76
29.45
27.11
28.22
28.9
29.44
29.33
28.75
28.97
28.64
28.24
27.85
27.64
27.75
27.41
27.12
27.07
26.61
26.47
26.35
26.47
26.64
26.31
26.17
26.25
26.44
26.48
26.39
26.41
26.24
26.13
25.96
25.77
25.81
25.8
25.6