26.7
26.7
26.6
26.48
26.5
26.58
26.6
26.72
26.69
26.54
26.49
26.54
26.58
26.51
26.34
26.23
26.25
26.27
26.22
26.12
26.05
25.98
25.93
25.86
25.83
25.94
26.26
26.66
27
27.23
27.53
27.76
28.06
28.6
28.69
28.92
29.05
29.36
29.53
29.82
30.04
30.13
30.18
30.29
30.5
30.63
30.85
31.08
31.07
31.34
31.3
31.58
31.81
31.8
31.92
32.18
32.2
31.6
30.4
28.84
28.4
28.38
28.71
28.71
29.73
28.14
26.2
25.99
26.19
26.26
26.36
26.58
26.56
26.24
26.07
26.04
26.08
26.1
26.05
25.99
25.96
26.06
26.15
26.12
26.07
26.29
26.29
26.04
25.9
25.82
25.68
25.71
25.74
25.73
25.71
25.74
25.71
25.63
25.62
25.63
25.67
25.78
25.88
25.85
25.72
25.6
25.52
25.48
25.48
25.44
25.39
25.33
25.19
25.2
25.24
25.24
25.22
25.28
25.29
25.24
25.21
25.27
25.37
25.45
25.68
25.96
26.32
26.8
27.4
28.37
28.65
28.77
29.08
29.52
29.1
29.42
29.71
29.8
29.88
30.02
30.41
30.77
30.61
31.03
31.51
31.43
31.53
31.52
32.12
31.94
31.82
31.86
31.99
32.08
32.73
32.76
31.05
27.48
27.25
27.76
27.55
26.47
26.06
26.34
26.97
27.19
26.69
26.6
26.64
26.63
26.48
26.45
26.5
26.38
26.32
26.19
26.05
26.03
26.11
26
25.81
25.6
25.44
25.32
25.16
25.07
25.13
25.57
25.85
25.78
25.27
24.59
24.38
24.28
24.2
24.16
24.14
24.18
24.19
24.27
24.33
24.36
24.46
24.56
24.66
24.68
24.79
24.9
24.97
25.13
25.16
25.23
25.27
25.28
25.22
25.24
25.24
25.29
25.39
25.56
25.86
26.11
26.47
26.65
26.72
26.9
26.82
27.55
28.02
28.15
28.59
28.53
28.96
30.2
29.14
29.83
30.15
30.54
30.59
29.96
30.3
30.35
30.85
30.3
31.08
31.56
30.63
31.85
31.92
30.89
31.53
31.6
32.08
30.84
28.28
29.44
28.83
27.29
26.58
26
25.02
24.62
24.53
24.52
24.52
24.7
24.75
24.86
24.94
24.82
24.8
24.81
24.83
24.81
24.79
24.8
24.83
24.79
24.75
24.59
24.38
24.28
24.19
24.19
24.17
24.2
24.27
24.34
24.42
24.59
24.63
24.7
24.64
24.57
24.58
24.58
24.52
24.42
24.32
24.26
24.19
24.11
23.99
23.98
24.01
24.02
23.97
24.13
24.12
24.18
24.21
24.27
24.36
24.54
25.03
25.83
26.09
26.98
27.81
28.47
28.59
28.65
28.77
28.64
29.19
29.66
29.92
30.13
30.64
30.67
31.12
31.12
31.04
30.78
31.61
31.64
31.97
32.36
32.65
32.37
32.55
33.16
33.21
33.35
32.79
32.87
31.79
32.26
32.82
31.15
27.43
26.38
26.53
26.73
27.6
27.39
27.2
27
26.96
27.03
27.16
27.13
26.83
26.75
26.47
26.19
25.71
25.42
25.29
25.17
25.01
25.1
25.02
25.02
25.03
25.14
25.14
25.23
25.25
25.29
25.33
25.37
25.39
25.37
25.16
24.95
24.82
24.53
24.26
24.24
24.17
24.17
24.28
24.3
24.3
24.28
24.3
24.26
24.22
24.23
24.23
24.24
24.23
24.26
24.31
24.45
24.59
24.65
24.77
25.14
25.19
25.34
25.9
26.29
26.51
27.24
27.57
27.7
27.96
28.47
28.51
29.41
29.77
30.3
30.4
30.01
30.14
30.4
30.75
31.12
31.25
31.42
31.68
31.75
31.58
32.27
32.57
33.14
32.9
32.92
33.12
33.22
33.12
32.66
32.66
31.55
31.53
32.06
30.94
30.87
30.88
31.53
31.68
30.88
30.73
30.29
29.37
28.71
28.19
27.5
27.17
26.99
26.97
27
26.68
26.46
26.27
26.13
26.06
25.99
25.82
25.82
25.91
25.91
25.9
25.86
25.84
25.93
25.89
25.88
25.8
25.74
25.77
25.67
25.56
25.34
25.03
24.97
24.87
24.97
25.05
25.06
25.11
25.11
25.17
25.21
25.21
25.25
25.24
25.29
25.26
25.26
25.23
25.3
25.33
25.48
25.52
25.9
26.87
27.44
28.11
28.21
28.21
28.39
29.07
29.62
29.78
30.6
30.65
30.4
30.43
31.03
30.79
30.97
31.49
31.72
31.41
31.56
31.94
31.71
32.02
32.02
32.36
32.44
32.51
32.61
32.93
33.04
33.47
33.99
33.29
33.32
33.41
33.85
33.95
33.6
33.49
33.39
33.12
32.16
32.17
32
31.77
31.78
31.13
30.42
30.15
30.21
30.18
30.13
29.67
28.53
28.76
29.23
29.18
29.05
28.38
28.12
28.03
27.75
27.66
28.11
28.31
28.25
28.12
28.03
28.16
28.11
27.83
27.52
27.35
27.11
26.93
26.72
26.64
26.54
26.4
26.31
26.34
26.53
26.62
26.71
26.76
26.82
26.71
26.84
26.88
26.88
26.74
26.63
26.51
26.86
27.73
28.35
28.68
28.84
29.07
29.43
29.3
29.51
29.94
29.95
31.12
30.6
30.7
30.74
31.19
31.51
31.7
31.89
32.03
32.23
32.46
32.48
32.62
32.88
33.31
33.08
33.19
33.38
33.56
33.64
33.62
33.79
34.43
33.9
33.35
33.23
32.76
32.16
31.45
30.03
29.66
28.83
28.6
27.85
27.47
27.11
27.02
26.79
26.38
26.42
26.24
26.06
25.98
25.88
25.77
25.63
25.67
25.85
25.85
26.15
26.28
26.16
26.05
26.03
26.09
26.19
26.11
26.1
26.29
26.21
26.08
26.04
25.97
25.91
25.8
25.73
25.73
25.73
25.83
25.87
25.79
25.83
25.82
25.82
25.78
25.69
25.69
25.75
25.84
25.85
25.8
25.77
25.83
25.8
25.8
25.86
25.96
26.04
26.88
27.32
27.37
27.82
27.91
28.22
28.49
28.65
28.86
29.54
29.27
29.68
29.89
30.24
30.41
30.53
31.01
31.19
31.41
31.44
31.6
31.68
31.92
31.98
32.43
32.43
32.82
32.66
32.89
33.19
33.8
33.4
33.68
33.43
33.45
33.36
33.21
32.48
32.15
31.8
31.15
30.41
29.77
29.55
29.14
28.67
28.39
28.18
27.96
27.77
27.63
27.37
27.18
27.1
27.15
26.97
26.84
26.73
26.62
26.5
26.53
26.41
26.33
26.4
26.58
26.72
26.57
26.47
26.42
26.33
26.34
26.45
26.39
26.38
26.31
26.11
26.05
26.07
26.16
26.22
26.09
25.97
25.9
25.92
25.96
25.94
25.78
25.72
25.85
25.75
25.61
25.44
25.42
25.5
25.56
25.56
25.7
26.02
26.43
26.83
27.09
27.55
28.12
28.23
28.91
29.15
29.43
29.68
30.16
30.31
30.45
30.59
30.71
31.04
31.5
31.58
31.79
31.66
32.18
32.76
32.63
32.65
32.71
32.61
31.36
26.1
26.73
25.74
25.49
25.43
25.35
25.14
25.03
25.34
25.56
25.85
25.85
25.87
25.88
25.73
25.66
25.53
25.39
25.4
25.39
25.39
25.41
25.56
25.86
26.11
25.98
25.7
25.51
25.47
25.53
25.6
25.58
25.69
25.81
25.77
25.69
25.65
25.55
25.47
25.54
25.69
25.64
25.66
25.63
25.63
25.59
25.65
25.71
25.64
25.6
25.59
25.61
25.69
25.66
25.64
25.6
25.58
25.57
25.6
25.56
25.52
25.43
25.38
25.35
25.37
25.44
26.17
27.49
27.01
27.48
27.94
27.81
28.42
29.36
29.94
30.6
30.26
30.37
30.9
30.98
30.96
31.1
31.31
31.75
31.63
31.56
31.46
31.58
32.2
31.8
31.94
31.91
32.18
32.23
32.24
32.14
32.58
32.54
32.29
32.27
32.21
30.73
28.3
26.93
26.83
26.89
27.33
28.14
28.8
29.11
28.45
27.64
26.59
25.89
25.37
25.27
25.21
25.35
25.41
25.56
25.71
25.71
25.65
25.61
25.52
25.42
25.38
25.2
25.06
24.98
24.82
24.8
24.82
24.87
24.97
25.04
24.83
24.53
24.27
24.06
24.1
24.27
24.39
24.46
24.45
24.56
24.64
24.67
24.65
24.6
24.56
24.48
24.47
24.46
24.5
24.53
24.43
24.47
24.51
24.52
24.49
24.56
24.63
24.82
25.06
25.77
26.13
26.2
26.32
26.63
27.29
27.62
27.72
28.41
28.94
29.1
29.63
30
30.51
30.1
30.92
30.82
30.74
31.42
31.1
31.71
32.35
31.75
32.72
32.61
31.74
30.89
30.96
32.1
32.21
31.34
30.24
29.32
29.65
30.84
32.1
31.41
31.66
31.67
30.58
29.88
29.49
29.01
28.66
28.4
28.2
27.81
27.53
27.28
27.05
26.87
26.7
26.52
26.38
26.26
26.23
26.21
26.18
26.15
26.08
26.06
26.08
25.93
25.74
25.64
25.56
25.46
25.59
25.53
24.58
23.8
23
22.08
22.14
22.19
22.35
22.62
22.76
22.84
22.85
23.04
22.86
22.84
22.98
23.2
23.22
23.03
22.95
23.01
23.14
23.11
23
22.94
22.94
22.84
22.82
22.75
22.7
22.75
22.77
22.86
22.91
23.01
23.15
23.67
24.14
24.59
24.88
25.18
25.86
26.7
27
26.76
26.74
27.19
27.17
27.18
27.38
27.71
27.64
28
28.53
29.06
28.38
28.52
28.49
29.35
29.15
29.46
30.2
29.51
29.07
29.46
29.5
29.52
29.41
29.45
29.19
28.54
28.28
28.3
27.94
27.06
26.91
26.53
26.74
26.67
26.88
26.64
26.94
26.61
26.47
26.38
26.13
25.97
25.79
25.74
25.82
25.82
25.81
25.77
25.75
25.89
25.93
25.85
25.8
25.9
25.82
25.79
25.68
25.62
25.62
25.63
25.66
25.61
25.62
25.6
25.61
25.66
25.37
25
25.09
25.21
25.12
25.01
24.7
24.52
24.43
23.96
23.68
23.6
23.68
23.76
23.86
24.02
24.6
24.65
25.26
25.87
27.26
28.28
28.36
28.5
28.62
28.9
28.83
29.05
29.39
29.6
29.42
29.73
30.02
30.03
30.3
30.55
30.78
31.01
31.28
31.8
31.85
31.82
31.87
31.91
31.69
31.83
31.48
31.06
30.98
30.79
29.73
27.83
26.55
26.06
26.25
26.05
26.14
26.03
25.91
26.05
25.82
25.59
25.74
25.62
25.46
25.37
25.26
25.23
25.28
25.22
25.23
25.19
25.17
25.33
25.35
25.37
25.49
25.61
25.53
25.4
25.22
25.12
24.92
24.79
24.72
24.74
24.74
24.67
24.7
24.82
24.86
24.92
25.03
25.08
25.12
25.2
25.35
25.56
25.78
25.98
26.1
26.08
26
26.05
26.16
26.6
26.6
26.4
26.61
26.52
26.32
26.72
27.29
27.22
27.12
28.03
28.06
28.43
28.74
29.23
29.53
29.65
29.69
30.06
30.49
30.53
30.62
30.72
31.1
31.24
31.46
31.41
31.69
31.98
31.96
32.08
32.08
31.96
32.32
32.75
32.31
32.58
32.53
32.62
32.4
32.54
32.37
32.4
32.29
32.38
31.34
30.59
30.1
29.92
29.69
29.61
29.32
29.19
28.9
29.33
29.22
28.83
28.76
28.22
27.97
28.03
28.01
27.78
27.65
27.74
27.72
27.65
27.41
27.41
27.38
27.52
27.55
27.48
26.62
25.87
24.95
24.23
23.7
23.51
23.5
23.11
22.88
22.81
22.93
23.09
23.13
23.06
23.12
23.28
23.48
23.6
23.84
24
24.06
23.99
23.96
23.97
24.03
24.1
24.23
24.19
24.26
24.36
24.53
24.41
24.37
24.21
24.29
24.41
24.56
24.54
24.4
24.48
24.6
24.61
24.96
25.5
26.41
26.78
27.68
27.32
28.33
27.97
28.08
28.09
28.39
29.35
28.97
29.2
29.87
29.84
29.23
28.8
29.04
29.07
28.57
28.17
27.98
27.76
27.53
27.39
27.27
26.86
26.6
26.39
26.24
26.08
25.99
25.85
25.75
25.73
25.69
25.63
25.6
25.55
25.39
25.43
25.51
25.52
25.46
25.43
25.4
25.37
25.21
25.17
25.14
25.08
25
24.96
24.96
24.99
24.98
24.99
25.12
25.15
25.07
24.96
24.89
24.87
24.81
24.63
24.52
24.42
24.43
24.44
24.47
24.62
24.66
24.71
24.76
24.87
25.08
25.22
25.36
25.6
25.92
26.39
26.9
27.01
27.21
27.49
27.83
28.56
28.74
29.64
28.66
28.61
28.9
28.94
29.06
29.41
29.69
30.22
30.53
30.02
30.43
30.89
31.02
30.63
30.97
31.06
30.67
31
31.48
31.31
31.46
31.22
31.34
30.04
29.34
27.53
26.49
26.14
25.81
25.7
25.65
25.58
25.49
25.49
25.45
25.51
25.24
25.18
25.22
25.28
25.3
25.25
25.31
25.34
25.38
25.39
25.4
25.35
25.3
25.3
25.31
25.39
25.43
25.32
25.17
25.04
25.05
25.16
25.22
25.22
25.25
25.21
25.12
25.13
25.12
25.14
25.19
25.25
25.31
25.41
25.45
25.52
25.55
25.64
25.58
25.47
25.39
25.35
25.3
25.28
25.27
25.18
25.11
25.04
25.06
25.08
25.09
25.08
25.17
25.39
25.47
25.58
25.93
26.14
26.17
26.34
26.15
26.13
26.33
27.1
27.57
27.38
27.72
27.79
27.71
27.43
27.8
27.77
28.15
28.5
28.56
28.84
29.64
30.04
29.5
29.38
30.14
30.39
30.83
30.58
30.43
30.51
30.66
30.25
30.53
29.98
29.15
28.76
28.3
27.94
27.63
27.37
26.95
26.5
26.26
26.06
25.92
25.79
25.72
25.63
25.52
25.45
25.41
25.34
25.35
25.26
25.25
25.18
25.11
25.08
24.99
24.88
24.85
24.83
24.79
24.8
24.86
24.81
24.73
24.7
24.74
24.72
24.65
24.58
24.55
24.52
24.56
24.54
24.49
24.44
24.41
24.4
24.44
24.38
24.16
23.95
23.86
23.86
23.83
23.77
23.67
23.65
23.67
23.67
23.71
23.77
23.86
24.02
24.02
23.81
23.79
23.6
23.51
23.45
23.31
22.98
23.03
23.33
23.66
23.99
24.19
24.28
24.28
24.42
24.59
24.81
24.73
24.98
25.13
25.34
26.15
25.8
26.43
26.63
26.53
26.52
26.71
26.71
26.62
26.41
26.47
26.2
25.78
25.5
25.09
24.62
24.36
24.21
24.08
24
23.99
23.86
23.8
23.75
23.75
23.77
23.81
23.85
23.92
23.95
24.05
24.14
24.25
24.25
24.22
24.22
24.27
23.77
23.18
22.95
23
22.97
22.83
22.87
22.89
22.72
22.67
22.67
22.69
22.71
22.72
22.76
22.83
22.89
22.85
22.89
22.95
22.92
22.98
23.08
23.07
23.06
23.04
23.06
23.03
23.06
23.07
23.12
23.08
21.81
21.34
21.75
22
22.36
22.95
23.58
23.94
24.34
25.02
25.46
25.59
25.78
25.67
25.63
25.81
26.06
26.01
26.42
26.78
27.12
27.53
27.45
27.05
26.92
27.24
27.15
27.11
27.3
27.4
27.88
27.3
27.08
27.14
26.99
26.63
26.55
26.51
26.66
26.4
26.6
26.79
26.11
25.37
25.39
25.32
25.18
25.36
25.4
25.46
25.43
24.91
24.45
24.65
24.73
24.53
24.16
24.47
24.58
24.3
23.88
23.74
23.79
23.87
24.05
24.35
24.37
24.13
23.46
22.99
22.88
22.99
22.79
22.98
23.03
22.72
22.51
22.47
22.52
22.33
22.12
22.09
21.95
21.94
22.07
22.28
22.18
22.03
21.89
21.82
21.97
22.28
22.47
22.58
23.37
25.02
24.83
25.3
25.16
24.64
25.77
26
26.38
26.81
27.07
27.79
27.32
28.35
28.03
27.7
28.1
27.67
27.86
28.12
28.15
27.58
27.76
28.11
28.36
27.83
27.97
28.35
28.3
28.45
28.87
28.98
29.03
28.52
29.27
28.6
28.61
28.5
29.04
28.86
27.84
27.55
27.16
26.83
26.68
26.34
25.97
25.64
25.44
25.26
25.2
25.14
25.13
25.16
25.21
24.56
24.39
24.3
24.3
24.04
23.99
24.25
24.29
24.24
24.36
24.32
24.36
24.49
24.46
24.45
24.48
24.37
24.32
24.36
24.39
24.4
24.3
24.28
24.13
24.08
24.07
24.04
24.12
24.13
23.91
23.78
23.81
24
24.01
24
23.84
23.81
23.85
24.01
23.9
23.97
24.04
24.25
24.42
24.76
25.13
25.8
25.76
25.9
25.78
25.57
25.48
25.64
26.04
25.67
23.62
23.39
23.8
23.96
24.04
24.5
24.81
25.5
25.84
26.53
26.7
27.25
26.16
26.56
27.22
27.19
27.38
25.76
25.4
24.91
24.77
25.06
25.64
25.87
26.1
26.08
26.09
25.76
25.59
25.4
25.24
25.07
25.01
25.12
25.08
25.17
25.09
24.92
24.79
24.72
24.67
24.7
24.7
24.72
24.72
24.61
24.54
24.6
24.64
24.7
24.72
24.66
24.62
24.55
24.52
24.44
24.42
24.4
24.36
24.36
24.25
24.16
24.11
24.1
24.1
24.06
24.01
24
23.96
23.94
23.93
23.91
23.9
23.9
23.88
23.84
23.78
23.71
23.65
23.65
23.76
23.66
23.67
24.05
24.74
25.15
25.17
25.22
25.54
26.16
26.48
27
27.33
27.78
27.68
28.11
28.28
28.55
29.1
28.98
29.27
29.25
29.61
30.21
30.53
30.07
30.36
30.57
30.56
30.58
30.35
30.64
30.77
30.82
31.27
31.26
31.19
31.01
30.73
30.67
29.99
29.78
29.55
29.47
29.38
29.36
29.35
29.42
29.11
28.6
28.61
27.71
26.92
26.42
26.32
26.29
26.33
26.44
26.11
25.97
25.88
25.78
25.85
25.97
26.04
26.11
26.06
26.04
25.97
25.94
25.9
25.81
25.73
25.53
25.31
25.13
25.05
25
24.89
24.88
24.9
24.89
24.9
24.94
25
25.06
25.09
25.12
25.17
25.12
25.05
25.11
25.15
25.12
25.14
25.17
25.38
25.6
25.93
26.18
26.54
26.85
27.03
27.08
27.46
27.88
28.25
28.95
29.53
29.29
29.68
29.99
30.35
31.16
30.88
30.69
30.91
30.79
30.91
31.21
31.27
31.74
32.03
31.92
32.23
32.61
33.14
32.58
32.65
32.65
32.85
32.98
33.01
33.14
34.35
34.17
33.12
32.65
31.75
27.38
25.98
23.97
23.79
23.83
23.72
23.53
23.61
23.58
23.49
23.36
23.27
23.39
23.49
23.62
23.69
23.69
23.66
23.64
23.55
23.52
23.53
23.51
23.53
23.5
23.45
23.51
23.61
23.69
23.91
24.18
24.28
24.28
24.01
23.95
24.02
24.02
24.02
24.06
24.07
24.01
24.02
23.98
23.95
23.96
23.92
23.94
23.98
24.01
24.08
24.12
24.14
24.29
24.38
24.97
25.47
25.67
26.24
26.56
27.43
26.83
26.93
27.12
28.13
28.91
29.2
29.11
29.41
29.38
29.81
30.35
31.16
31.68
31.53
31.65
31.76
31.78
31.92
32.48
32.69
33.28
33.23
33.52
34.03
33.74
33.2
33.13
32.95
33.04
32.62
32.1
32.96
33.1
33.05
32.41
31.92
31.54
31.2
30.95
30.7
29.95
28.67
27.79
27.33
26.81
26.62
26.45
26.3
26.56
26.46
26.7
26.61
26.52
26.55
26.6
26.47
26.36
26.31
26.25
26.11
25.83
25.51
25.46
25.44
25.53
25.51
25.4
25.53
25.68
25.69
25.6
25.6
25.6
25.65
25.57
25.56
25.61
25.57
25.48
25.41
25.29
25.25
25.24
25.23
25.15
24.97
24.93
24.94
25.05
25.17
25.28
25.54
26.47
27.33
27.66
27.99
28.32
28.52
29.02
29.72
29.7
30.09
30.27
31.56
31.89
31.54
31.66
31.62
31.98
32.18
32.51
33.01
33.11
33.29
33.08
33.2
33.36
33.36
34.09
34.32
33.54
34.59
34.46
34.51
34.31
33.38
31.97
30.16
29.59
29.81
30.2
29.99
29.76
29.79
29.27
28.65
28.06
27.74
27.5
27.3
27.12
26.94
26.71
26.68
26.59
26.46
26.63
26.5
26.38
26.47
26.49
26.36
26.33
26.42
26.44
26.43
26.43
26.37
26.32
26.24
26.21
26.11
26.05
26.01
26.01
25.91
25.81
25.76
25.7
25.66
25.67
25.77
25.83
25.86
25.83
25.83
25.68
25.52
25.39
25.21
25.08
25.03
25.04
25.03
25.29
25.7
26.22
26.71
27.07
27.97
28.75
28.94
28.69
29.3
30.6
30.08
31.04
31.57
30.48
30.43
30.87
30.86
31.19
31.21
31.51
31.84
32.03
32.22
32.53
32.7
32.87
33.07
33.3
33.46
33.43
33.69
33.66
33.85
34.1
34.22
34.32
34.21
34.1
34.33
34.46
34.71
34.91
34.18
33.36
32.94
32.56
32.09
31.46
30.87
30.51
30.21
30.14
30.14
29.55
29.23
28.91
28.72
28.69
28.92
28.86
28.89
28.58
28.3
28.26
28.46
28.48
28.46
28.55
28.58
28.06
27.94
27.59
27.09
26.97
26.99
26.91
26.74
26.79
26.58
26.53
26.69
26.3
26.31
26.44
26.45
26.21
25.82
25.87
25.87
25.99
25.88
25.94
25.94
25.89
25.93
26.1
26.49
26.84
27.62
27.99
28.34
28.79
28.68
28.84
29.37
29.73
30.29
30.74
30.56
31.03
31.18
31.26
31.71
32.18
32.13
32.24
32.28
32.44
32.72
32.82
32.8
33.01
33.11
33.25
33.18
33.2
33.3
33.26
33.4
33.7
33.42
33.38
33.36
33.43
33.42
33.37
33.24
33.33
33.07
32.84
32.14
32.08
31.93
31.34
30.82
30.74
30.14
29.68
29.5
29.52
29.46
29.09
28.87
28.99
28.95
28.79
28.75
28.63
28.48
28.3
28.03
27.8
27.76
27.76
27.81
27.56
27.24
27.01
26.9
26.88
26.9
26.87
26.79
26.84
26.89
26.78
26.68
26.6
26.54
26.46
26.27
26.24
26.02
25.97
25.9
25.83
25.84
25.77
25.75
25.77
25.85
25.93
26.29
26.75
27.08
27.62
27.91
28.55
28.96
28.88
29.28
30
30.19
30.85
30.91
30.72
31.09
31.31
31.9
32.08
32.4
32.6
32.61
33.02
33.41
33.48
33.88
34
34.04
33.86
34.56
34.56
34.68
34.84
34.51
34.57
35.04
34.3
34.33
34.74
34.44
34.15
33.81
33.52
33.15
33.07
32.73
31.88
31.31
31.7
31.24
30.23
29.45
29.67
29.3
29.02
29.42
28.74
29.01
29.29
28.9
28.48
28.42
27.77
27.73
28.17
28.28
27.14
27.06
26.99
27.1
27.05
27.19
27.12
26.94
26.59
26.61
26.65
26.59
26.58
26.57
26.48
26.44
26.35
26.33
26.24
26.21
26.22
26.38
26.5
26.32
26.24
26.15
26.06
26
26.06
26.11
26.45
26.83
27.58
27.69
27.87
28.12
28.62
28.96
29.25
30.32
32.15
32.6
32.41
32.01
32.07
32.14
32.06
32.07
32.29
32.42
32.65
32.97
32.99
33.05
33.56
33.4
33.62
33.73
34.3
34.68
34.09
34.24
34.05
34.15
34.3
34.52
34.88
34.63
34.61
35.27
34.88
34.11
34.43
34.51
33.49
33.49
33.03
32.28
31.35
31.47
31.11
30.93
30.95
30.53
30.63
30.32
30.56
30.66
30.2
29.7
29.4
29.47
29.58
29.43
29.49
29.37
28.7
28.22
28.08
28.1
27.65
27.63
27.74
27.83
27.9
27.9
27.76
27.35
27.16
27.14
27.15
27.11
27.12
27.11
27.11
26.99
26.96
26.89
26.78
26.72
26.59
26.52
26.48
26.48
26.55
26.51
26.58
27.21
27.42
28.17
28.81
29.12
29.01
28.86
28.8
29.31
29.58
30.02
30.17
30.62
30.81
30.95
31.01
31.27
31.5
31.91
31.93
31.99
32.1
32.27
32.66
32.78
32.8
33.14
33.16
33.23
33.49
33.67
33.57
33.67
33.71
34.21
34.28
34.21
34.11
33.79
33.24
32.46
32.63
30.89
28.87
28.16
27.89
27.56
27.52
27.59
27.46
27.39
27.29
27.26
27.21
27.03
26.98
27.13
27.12
26.91
26.88
27.16
26.86
26.82
27.13
27.29
27.14
27.3
27.2
27.18
27.03
26.78
26.81
26.94
26.94
26.66
26.89
26.92
26.84
26.76
26.8
26.66
26.63
26.49
26.46
26.39
26.32
26.29
26.23
26.3
26.37
26.38
26.34
26.33
26.25
26.15
26.07
26.32
26.86
27.1
27.29
27.77
27.85
28.5
29.18
29.34
29.84
30.46
30.94
31.01
30.92
30.67
30.64
31.27
31.38
31.13
31.73
31.96
32.15
32.48
32.55
32.76
32.97
33.12
33.46
34.09
33.64
34.02
34.39
34.15
34.34
35.41
34.87
34.54
34.36
33.6
32.78
32.64
32.5
31.91
31.48
30.75
30.59
30.71
30.59
30.5
29.99
29.83
29.84
29.56
28.87
28.54
28.36
28.11
27.98
27.88
27.75
27.59
27.4
27.27
27.13
27.07
27.05
27.04
26.98
26.9
26.88
