25.18
25.26
25.34
25.39
25.4
25.42
25.38
25.36
25.33
25.37
25.33
25.31
25.29
25.21
25.09
24.95
24.74
24.64
24.54
24.46
24.33
24.22
24.16
24.14
24.08
23.99
23.93
23.97
24.06
24.17
24.26
24.36
24.39
24.51
24.61
24.88
25.21
25.82
26.33
26.51
26.84
26.79
26.98
27.48
27.51
27.67
27.51
27.59
27.58
27.63
27.62
28.01
28.28
27.87
27.98
28.23
27.89
28.03
28.19
28.81
28.74
28.81
29.15
28.98
29.04
28.83
28.81
29.02
28.74
28.71
28.63
28.44
27.97
27.61
27.3
27.06
26.86
26.73
26.54
26.47
26.41
26.37
26.43
26.47
26.45
26.37
26.23
26.2
26.14
26.18
26.18
26.2
26.22
26.2
26.16
26.13
26.09
26.05
26
26
25.97
25.99
25.97
25.92
25.87
25.83
25.77
25.74
25.71
25.71
25.57
25.46
25.34
25.28
25.34
25.28
25.09
24.92
24.84
24.71
24.58
24.6
24.64
24.73
24.85
24.97
25.05
25.28
25.47
25.64
25.94
26.09
26.41
26.71
26.97
27.35
27.84
28.69
28.7
28.4
29.2
29.75
29.85
29.8
29.6
29.85
30.48
30.53
30.24
30.69
31.34
30.4
29.25
28.33
28.39
28.6
28.88
29.37
28.33
28.13
28.99
29.67
29.34
28.65
28.75
29.08
29.11
28.89
28.48
28.19
27.98
27.75
27.75
27.79
27.56
27.54
27.5
27.42
27.41
27.49
27.54
27.43
27.26
27.05
26.99
26.91
26.83
26.76
26.63
26.49
26.37
26.26
26.18
26.13
26.04
25.93
25.8
25.62
25.52
25.42
25.42
25.38
25.32
25.27
25.26
25.19
25.19
25.19
25.19
25.21
25.17
25.11
25.09
25.04
24.99
24.95
24.94
25.02
25.2
25.55
25.69
25.92
26.18
26.45
26.79
26.72
26.7
26.85
27.28
27.59
27.92
28.07
28.51
29.22
29.54
29.65
29.83
30.25
30.7
30.58
30.54
30.73
30.8
30.73
31.23
31.06
31.08
31.85
31.57
31.21
32.16
31.49
31.38
31.49
31.68
31.79
31.84
32.09
32.51
32.33
32.1
31.9
31.65
31.34
30.83
30.64
30.69
30.76
30.7
30.6
30.43
29.78
29.02
29.18
29.59
29.42
29.2
28.85
29.01
28.74
28.65
28.58
28.43
28.08
27.79
27.59
27.3
27.1
26.88
26.7
26.58
26.54
26.38
26.31
26.37
26.37
26.31
26.24
26.17
26.1
26.05
26.09
26.16
26.1
25.98
25.84
25.78
25.74
25.67
25.65
25.66
25.66
25.62
25.62
25.78
25.83
25.97
26.36
26.41
26.71
26.92
27.33
27.81
28.04
28.41
28.36
28.68
29.45
29.58
29.68
29.83
30.11
30.28
30.44
30.81
31.14
31.19
31.65
31.36
31.47
31.62
31.82
32.23
31.83
32.09
31.92
32.73
32.13
32.25
31.66
30.53
30.3
30.09
30.02
30.77
31.22
31.72
31.81
31.54
31.19
31.17
30.5
30.04
30
30.05
29.97
28.29
25.99
25.74
25.85
26.07
26.26
26.1
25.89
26.02
26.44
26.57
26.43
26.27
26.15
26.15
26.14
25.99
25.89
25.97
26.14
26.28
26.32
26.26
26.27
26.3
26.28
26.31
26.27
26.14
25.94
25.85
25.83
25.81
25.74
25.79
25.83
25.85
25.82
25.88
25.84
25.77
25.72
25.77
25.98
26.12
26.19
26.54
27.02
26.51
26.71
27.25
27.7
28.3
28.95
28.92
28.92
29.09
29.38
29.66
30.14
30.15
30.29
30.25
30.46
30.7
29.07
26.6
26.99
28.05
28.46
28.64
28.58
27.37
26.51
26.05
25.75
25.52
25.36
25.24
25.14
25.11
25.28
25.26
25.29
25.33
25.06
24.95
24.95
24.92
24.92
24.88
24.97
25.01
25.04
25.05
25.09
25.12
25.13
25.09
25.06
25.02
25.04
25
24.99
25.02
25.02
25
25.03
25.07
25.08
25.11
25.1
25.11
25.14
25.19
25.19
25.19
25.15
25.1
25.02
25.07
25.15
25.11
25.08
25.12
25.09
25.01
24.88
24.84
24.77
24.75
24.67
24.65
24.58
24.56
24.53
24.54
24.55
24.53
24.59
24.78
25.03
25.38
25.87
26.06
26.13
26.7
26.99
27.65
27.65
28.27
28.53
28.46
29.44
29.13
29.64
29.86
29.7
30.46
30.06
30.35
30.66
31.2
30.86
31.08
31.47
31.4
31.88
31.01
29.43
27.12
27.54
28
27.37
28.82
29.82
30.44
31.57
31.73
32.1
32.36
30.07
27.41
26.6
25.51
25.3
25.65
25.78
25.86
26.19
27.45
28.69
28.33
28.63
27.6
27.28
28.12
28.18
27.72
26.59
25.84
25.68
25.71
26.1
26.25
27.32
27.37
27.75
26.61
26.92
26.9
26.24
26.3
26.58
26.51
26.52
26.47
26.45
26.62
26.45
26.3
26.31
26.3
26.33
26.33
26.26
26.23
26.13
26.12
26.11
26.08
26.13
26.1
26.11
26.12
26.29
26.51
26.85
27.34
27.61
28.38
28.58
28.82
29.54
29.75
29.93
30.08
30.14
30.27
30.4
30.57
30.96
31.33
31.36
32.14
31.93
32.36
32.45
32.59
32.91
33.43
32.76
32.05
31.96
32.07
31.75
31.58
31.93
33.02
33.02
33.13
32.86
32.79
32.65
32.66
32.68
32.61
32.46
32.35
32.16
31.92
31.52
31.17
30.57
30.2
30.11
29.51
29.61
29.57
29.38
29.14
29.2
28.95
28.7
28.55
28.12
28.01
27.67
27.53
27.57
27.35
27.55
27.43
27.09
27.1
27.04
27.15
26.81
26.46
26.45
26.64
26.76
26.64
26.47
26.49
26.33
25.9
25.8
25.8
25.61
25.61
25.42
25.18
25.23
25.36
25.35
25.51
25.39
25.18
25.17
25.31
25.53
25.87
27.13
28.37
27.67
28.07
28.26
28.38
28.59
28.84
29.12
29.84
29.8
29.88
30.15
30.41
30.5
30.5
30.91
30.89
31.04
31.34
31.58
31.84
31.97
32.14
32.04
32.1
32.25
32.44
32.64
33.14
33.09
33.56
33.88
33.18
33.46
33.79
33.48
33.1
33.05
32.98
32.83
32.73
32.51
32.13
31.83
31.31
30.65
30.21
29.91
29.65
29.31
28.98
28.82
28.56
28.23
28.08
28
28.06
27.86
27.59
27.41
27.25
27.14
27.17
27.22
27.37
27.41
27.45
27.21
26.96
26.6
26.61
26.77
26.88
26.83
26.49
26.36
26.33
26.18
26.04
26.08
26.62
26.69
26.39
26.11
26.08
26.04
25.95
25.85
25.78
25.81
25.83
25.85
25.84
25.9
25.93
26.39
26.72
27.4
28.18
27.78
27.74
28.04
27.9
28.35
28.7
29
29.43
29.8
30.14
30.38
30.52
30.68
30.85
31.08
31.04
31.59
31.71
31.69
31.73
32.25
32.46
32.46
32.46
32.69
33.14
32.96
33.73
33.74
34.14
34.17
34.37
34.83
33.88
34.08
34.35
33.56
33.17
33.04
32.54
32.29
31.83
31.3
30.75
30.04
30.06
29.88
29.31
29.12
29.23
29.48
29.31
29.16
29.25
29.33
28.95
28.63
28.88
28.85
29.01
29.62
29.63
29.89
29.43
29.06
28.99
28.29
28.09
27.87
27.73
27.52
27.5
27.44
27.38
27.31
27.24
27.23
27.27
27.18
27.14
27.24
27.12
26.96
26.83
26.72
26.64
26.54
26.43
26.34
26.4
26.74
27.21
27.48
27.73
28.06
28.16
28.79
28.88
28.98
29.08
29.29
29.57
30.18
30.53
31.28
31.3
31.73
31.76
31.77
31.86
32.29
32.27
32.64
32.71
33.12
33.17
33.3
33.71
34.23
34.06
33.85
34.04
34.4
34.12
34.37
34.21
34.54
34.52
34.04
33.71
33.77
33.78
33.51
33.21
32.71
32.3
31.63
31.1
30.66
30.36
30.04
29.94
30.03
30.17
29.95
29.56
29.45
29.45
29.48
29.6
29.28
28.92
28.96
28.76
28.41
28.38
28.24
28.06
27.73
27.56
27.47
27.52
27.57
27.35
27.41
27.39
27.27
27.34
27.31
27.21
27.04
27.14
26.97
26.76
26.65
26.67
26.66
26.74
27.05
27.25
27.1
27.02
27.08
27.06
27.09
27.08
27.21
27.61
27.97
28.69
29.08
29.55
29.33
29.88
29.53
29.72
29.82
30.05
30.17
30.43
30.61
30.76
31.13
31.35
31.59
31.93
32.34
32.41
32.53
32.87
33.16
33.14
33.36
33.52
33.7
33.8
34.06
34.28
34.47
35
34.81
33.64
32.99
33.16
32.59
32.13
32
31.63
31.39
31.12
30.96
30.66
30.44
30.24
30.01
29.84
29.59
29.4
29.14
28.87
28.67
28.44
28.47
28.37
28.16
28.09
28.12
28
27.89
27.82
27.59
27.33
27.11
26.92
26.77
26.69
26.54
26.45
26.34
26.35
26.31
26.31
26.33
26.38
26.42
26.54
26.53
26.26
26.19
26.07
25.94
25.86
25.83
25.82
25.83
25.93
26.11
26.45
26.61
26.72
26.74
26.66
26.62
26.73
26.93
27.16
27.61
28.19
28.35
28.85
29.41
29.16
29.29
29.39
29.53
30.24
30.69
30.94
30.86
30.72
30.67
30.62
30.75
30.9
31.29
31.17
31.51
31.64
31.55
31.72
31.86
31.54
31.85
32.1
30.82
28.74
27.99
27.78
28.05
28.36
29.01
29.45
30.01
29.95
30.03
30.18
29.91
29.42
28.94
26.74
25.44
24.69
25.22
24.95
25.23
25.2
25.18
25.41
25.75
25.95
26.05
26
25.99
25.89
25.81
25.8
25.87
25.99
26.23
26.29
26.2
26.19
26.27
26.4
26.41
26.25
26.12
26.12
26.02
26
26.03
25.96
26
26.01
25.98
25.97
25.94
25.94
25.96
25.92
25.86
25.89
25.91
25.89
25.9
25.87
25.9
25.9
25.8
25.9
25.91
25.92
26.08
26.71
27.17
27.56
27.67
28.02
28.23
28.62
28.9
29.24
29.51
29.8
29.88
30.17
30.46
30.8
30.9
30.98
31.16
31.62
31.72
31.68
32.02
31.87
31.91
32.13
32.22
32.14
32.24
32.23
32.03
31.92
31.89
31.89
31.73
31.7
31.68
31.51
31.12
30.64
30.65
30.76
30.46
30.51
30.42
30.04
29.73
29.37
29.39
29.42
29.37
29.2
29.26
29.31
29.33
29.06
28.92
28.81
28.43
28.24
28.16
28.26
28.13
28.11
27.94
27.9
27.74
27.6
27.51
27.33
27.15
27.06
26.96
26.86
26.92
26.9
26.79
26.7
26.65
26.62
26.57
26.61
26.65
26.65
26.66
26.63
26.63
26.55
26.45
26.38
26.33
26.28
26.21
26.38
26.64
26.92
27.32
27.7
27.99
28.04
28.15
28.39
28.5
28.27
28.09
28.37
29.07
29.41
29.57
29.91
30.3
30.54
30.82
30.89
30.51
25.42
25.16
25.61
25.31
25.28
25.66
26.01
26.67
27.98
28.36
27.28
26.3
26.43
27.46
28.42
28.81
29.44
29.66
29.61
29.62
29.57
29.41
28.96
28.74
28.46
28.11
27.8
27.62
27.61
27.46
27.38
27.23
27.08
26.9
26.79
26.76
26.72
26.68
26.54
26.52
26.62
26.64
26.76
26.92
26.95
27.07
27.05
27.01
26.89
26.77
26.72
26.64
26.64
26.65
26.63
26.53
26.45
26.48
26.5
26.41
26.26
26.14
26.13
26.06
26.01
25.99
25.98
25.98
25.92
25.87
25.88
25.79
25.89
25.85
25.78
25.86
25.92
26.35
26.68
27.25
27.68
27.83
28.07
28.25
28.49
28.81
28.98
29.41
29.55
29.82
30.25
30.33
30.27
30.46
30.43
30.41
30.81
30.85
31.1
31.32
31.49
31.92
32.13
32.13
31.89
32.31
32.43
32.43
32.44
32.07
30.95
30.44
29.54
28.33
27.18
26.65
26.34
26.29
26.04
25.91
25.68
25.59
25.38
25.17
25.12
24.96
24.98
24.87
24.51
24.39
24.45
24.44
24.42
24.49
24.78
25.11
25.04
24.02
23.78
23.56
23.51
23.68
23.63
23.63
23.63
23.82
23.98
23.68
23.51
23.45
23.4
23.33
23.28
23.27
23.24
23.22
23.17
23.19
23.19
23.18
23.2
23.26
23.41
23.51
23.66
23.83
23.94
24
24.05
24.06
24.11
24.15
24.25
24.32
24.28
24.32
24.5
24.68
25
25.3
25.83
26.05
26.39
26.73
26.88
27.26
26.91
27.28
27.54
28.57
29.01
29.06
29.31
29.3
29.12
30.07
29.87
29.87
30.18
30.11
30.39
30.75
30.96
31.38
30.92
30.9
30.8
30.43
30.44
30.62
30.39
30.32
30.14
29.99
29.44
29.1
28.58
28.18
27.99
27.54
27.28
27.19
27.14
27.25
27.07
26.79
26.58
26.36
26.27
26.16
26.1
25.94
25.87
25.78
25.77
25.63
25.54
25.49
25.43
25.45
25.4
25.3
25.3
25.26
25.14
25.16
25.22
25.27
25.29
25.25
25.34
25.4
25.5
25.52
25.52
25.51
25.52
25.52
25.48
25.51
25.56
25.59
25.54
25.53
25.53
25.67
25.8
26.37
27.3
27.07
27.2
27.3
27.99
28.36
28.72
29.52
29.56
29.35
29.35
29.84
30.08
30.02
30.23
30.17
30.28
30.57
30.92
30.65
31.07
31.12
31.26
31.4
31.49
31.65
32.13
32.24
32.72
32.95
32.94
32.28
32.41
32.67
32.74
32.7
33.18
32.69
32.72
32.74
32.7
32.65
32.56
32.18
31.92
31.7
31.2
31.23
30.92
30.59
30.57
30.61
29.73
29.06
28.66
28.48
28.4
28.38
28.52
28.19
28.07
27.92
27.82
27.71
27.81
27.83
27.45
27.44
27.39
27.05
26.88
26.73
26.59
26.55
26.62
26.67
26.81
26.83
26.8
26.8
26.74
26.74
26.67
26.61
26.61
26.5
26.53
26.31
26.24
26.21
26.24
26.27
26.28
26.38
26.53
27.04
27.61
27.68
27.86
28.16
29.02
29.39
29.37
30.34
30.4
30.99
30.51
30.68
31.27
31.08
31.13
31.07
31.47
31.46
31.86
32.04
32.39
32.41
32.71
32.83
33.06
33.16
33.37
33.35
33.85
34.33
34.18
33.97
33.8
34.46
34.9
34.33
34.11
34.29
33.84
33.79
33.49
33.05
32.76
32.18
31.7
31.3
31.17
31.11
30.8
30.92
30.51
30.8
30.72
30.44
30.13
30.48
29.82
29.18
28.89
28.58
28.4
28.53
28.78
28.45
28.18
27.93
27.83
27.53
27.34
27.47
27.52
27.59
27.53
27.44
27.57
27.69
27.51
27.19
27.03
27.02
26.94
26.74
26.89
26.97
26.96
26.9
26.88
26.75
26.6
26.49
26.44
26.39
26.39
26.42
26.62
26.82
27.02
27.46
27.8
28.13
28.34
28.44
28.63
28.94
29.37
29.76
30.09
30.64
31.03
31.11
31.53
31.97
31.81
32.12
32.02
32.64
32.67
33.15
33.1
33.21
33.13
33.34
33.47
33.48
33.54
33.8
34.35
34.75
34.41
35.72
34.99
34.54
34.2
34.32
33.86
33.62
33.31
33.03
32.67
31.97
31.62
31.36
31.22
31.16
31.05
30.99
30.8
30.52
30.68
30.43
30.17
30.16
29.89
30.46
30.98
30.55
29.09
28.42
27.85
27.5
27.26
27.09
26.9
26.77
26.65
26.61
26.56
26.58
26.49
26.42
26.41
26.39
26.38
26.31
26.19
26.18
26.26
26.24
26.21
26.08
26.09
25.99
25.89
25.85
25.83
25.92
25.92
25.87
25.69
25.59
25.82
26.04
26.38
26.88
27.24
27.61
27.6
28
28.32
28.96
29.12
29.16
29.55
29.97
30.01
30.24
30.47
30.76
30.99
30.65
31.28
31.34
31.71
31.85
31.95
31.79
31.85
31.54
31.08
30.89
29.73
27.3
26.45
25.92
25.29
25.63
25.94
25.93
25.69
25.77
25.73
25.75
25.99
26.04
25.97
26.09
26.2
26.11
26.06
26.22
26.43
26.49
26.58
26.54
26.44
26.47
26.49
26.46
26.5
26.66
26.68
26.71
26.68
26.72
26.76
26.83
26.83
26.85
26.83
26.87
26.84
26.84
26.78
26.77
26.67
26.55
26.51
26.47
26.39
26.25
26.12
26.02
25.97
25.87
25.81
25.78
25.71
25.57
25.37
25.25
25.11
25.04
25.03
24.97
24.9
24.86
24.91
25.11
25.45
25.72
26.2
26.44
27.25
27.31
27.3
27.43
27.87
27.95
28.15
28.29
28.52
28.64
29.2
29.72
29.98
30.36
30.7
30.91
31.12
31.13
31.36
31.57
31.52
31.33
31.47
31.45
31.42
31.39
31.06
31.26
31.62
31.83
28.26
25.95
25.01
25.47
26.51
27.33
27.76
27.58
27.41
27.38
27.31
27.43
27.34
27.31
27.13
26.97
26.92
26.97
26.99
27
27.02
26.99
26.98
26.94
26.94
26.88
26.73
26.62
26.58
26.61
26.65
26.64
26.59
26.58
26.55
26.52
26.41
26.37
26.39
26.32
26.36
26.38
26.35
26.29
26.18
26.09
26.01
25.91
25.89
25.88
25.99
26.05
25.99
25.88
25.8
25.8
25.82
25.78
25.77
25.83
25.94
26.14
26.41
26.71
26.94
27.33
27.72
28.26
28.44
28.77
28.98
29.12
29.36
29.68
30.02
30.08
30.44
30.72
30.89
30.92
31.15
31.6
31.49
31.95
31.87
31.47
31.77
31.75
32.34
31.35
28.77
30.43
31.5
32.04
32.34
32.53
32.5
32.59
32.61
32.08
31.77
31.75
30.78
30.87
30.75
29.34
28.57
28.38
28.08
28.36
27.93
27.97
28.26
28.36
28.34
28.33
28.23
28
27.74
27.62
27.47
27.19
26.73
26.67
26.85
26.88
26.83
26.73
26.61
26.49
26.41
26.22
25.99
25.85
25.78
25.76
25.78
25.77
25.72
25.67
25.56
25.48
25.43
25.39
25.37
25.34
25.35
25.38
25.41
25.39
25.35
25.27
25.22
25.25
25.23
25.2
25.14
25.26
25.3
25.38
25.8
25.85
25.9
25.97
26.35
26.84
27.2
27.18
27.15
27.26
27.39
27.55
27.59
27.76
27.84
27.88
28.42
28.52
28.34
28.45
28.85
28.98
29.04
28.84
28.79
29.02
29.53
29.74
30.02
30.54
30.05
30.37
30.09
30.15
30.2
29.46
26.7
25.9
25.62
25.49
25.62
25.84
25.75
25.75
25.82
25.89
25.86
25.93
25.9
25.9
25.95
26
26.01
25.91
25.97
26.13
26.24
26.21
26.08
26.12
26.14
26.2
26.21
26.18
26.2
26.19
26.29
26.24
26.28
26.29
26.25
26.41
26.48
26.54
26.75
26.64
26.54
26.57
26.6
26.56
26.48
26.47
26.48
26.42
26.35
26.25
26.12
26.09
26.05
25.99
25.99
25.99
26.02
26.1
26.17
26.24
26.38
26.5
26.68
27.19
27.49
27.46
27.35
27.41
27.51
27.7
28.06
28.44
28.29
28.58
28.98
29
28.95
29.2
29.6
29.28
28.87
28.97
28.87
28.9
27.86
27.51
28.31
28.44
27.22
26.86
27.28
27.94
28.08
28.14
28.35
28.41
28.23
27.89
27.81
27.13
26.21
25.93
25.94
25.79
25.67
25.64
25.64
25.64
25.58
25.67
25.7
25.66
25.68
25.71
25.82
25.85
25.92
26
26.02
26
26.08
26.09
26.18
26.17
26.14
26.17
26.17
26.07
26
25.83
25.68
25.56
25.44
25.28
25.19
25.12
24.98
24.91
24.91
24.86
24.83
24.8
24.74
24.73
24.74
24.72
24.77
24.69
24.62
24.57
24.54
24.63
24.69
24.97
25.53
25.84
26.08
26.16
26.53
26.85
27.25
26.94
27.63
27.73
27.53
28.07
28.06
28.96
29.4
29.6
29.11
29.42
30.31
30.16
29.94
30.68
30.17
30.4
30.69
30.26
29.31
28.42
27.75
27.36
26.34
25.83
25.82
25.88
26.07
26.25
26.42
26.6
27.01
27.64
28.16
27.81
27.68
27.63
27.48
27.63
27.56
27.41
27.42
27.76
27.3
26.56
25.83
25.01
24.56
23.86
23.96
24.05
23.95
23.7
23.7
23.95
24.18
24.36
24.35
24.37
24.39
24.43
24.43
24.48
24.48
24.5
24.58
24.65
24.73
24.73
24.74
24.7
24.68
24.74
24.78
24.8
24.62
23.82
23.48
23.39
23.24
23.44
23.45
23.58
23.6
23.56
23.44
23.38
23.41
23.48
23.56
23.62
23.66
23.69
23.74
23.77
23.9
24.11
24.39
24.41
24.5
24.7
24.89
25.01
25.3
25.43
25.41
25.37
25.48
25.77
25.78
26.06
26.54
26.91
27.34
27.91
28.72
29.03
29.1
28.94
29.36
30.01
29.95
30.24
30.57
30.29
29.93
29.63
30.49
30.7
30.15
29.36
29.64
29.64
28.48
27.71
27.51
27.25
26.88
26.5
26.5
26.44
26.33
26.31
26.44
26.33
26.41
26.42
26.28
26.16
25.99
26.11
25.84
25.89
25.98
26.01
26.04
26.08
26.06
26
26.05
26.05
26.01
25.93
25.9
25.86
25.79
25.79
25.82
25.8
25.66
25.42
25.28
25.16
24.95
24.81
24.66
24.56
24.51
24.51
24.49
24.52
24.57
24.56
24.58
24.78
24.78
24.82
25.03
25.33
25.39
25.53
25.75
25.9
25.9
26.29
26.62
26.41
26.4
26.57
26.5
26.54
26.49
25.74
25.75
24.57
23.52
23.24
23.17
23.12
22.89
22.96
23.03
23.15
23.27
23.42
23.49
23.58
23.54
23.55
23.69
23.76
23.62
23.82
23.86
23.93
23.92
23.94
23.89
23.86
23.82
23.79
23.76
23.8
23.84
23.93
24.04
24.09
24.03
23.9
23.87
23.88
23.96
23.96
23.88
23.81
23.82
23.85
23.9
23.91
24
24.14
24.22
24.23
24.27
24.31
24.35
24.39
24.41
24.47
24.49
24.53
24.55
24.57
24.53
24.5
24.48
24.52
24.53
24.51
24.48
24.49
24.45
24.43
24.47
24.5
24.52
24.47
24.46
24.45
24.49
24.6
24.68
24.78
25.2
25.42
25.43
25.42
25.6
26.31
26.76
27.33
27.6
27.68
28.21
28.42
28.3
28.62
28.78
28.65
28.84
29.11
28.02
27.61
26.63
25.06
24.78
24.57
24.79
25.24
26.18
27.43
28.45
28.93
28.42
28.46
28.67
29.54
29.54
30.71
30.37
30.19
30.65
30.24
29.05
28.56
28.34
28.31
27.6
27.07
27.18
27.08
26.88
26.67
26.47
26.38
26.28
26.2
26.18
26.1
26.05
25.92
25.75
25.66
25.58
25.55
25.57
25.6
25.64
25.62
25.66
25.68
25.68
25.68
25.67
25.7
25.65
25.63
25.62
25.55
25.47
25.37
25.31
25.23
25.16
25.13
25.1
25.04
24.97
24.92
24.92
24.96
25.02
25.07
25.1
25.08
25.06
25.09
25.12
25.14
25.23
25.31
25.53
25.7
25.88
26.3
26.59
26.7
26.84
26.84
27.24
27.45
27.8
28.18
28.27
28.42
28.36
28.5
28.77
29.11
29.68
30.13
30.08
29.12
27.35
26.85
28.28
28.93
29.42
29.38
29.74
30.02
29.67
29.58
29.55
29.15
28.85
27.66
25.97
24.91
24.69
24.54
24.38
23.98
23.75
23.74
23.87
23.92
24.06
24.19
24.31
24.39
24.4
24.27
24.32
24.43
24.45
24.48
24.56
24.62
24.63
24.71
24.7
24.68
24.68
24.59
24.51
24.5
24.51
24.55
24.55
24.57
24.57
24.58
24.6
24.6
24.58
24.52
24.52
24.5
24.5
24.46
24.46
24.44
24.46
24.49
24.53
24.59
24.57
24.52
24.54
24.63
24.77
24.92
25.11
25.25
25.42
25.77
25.79
25.88
25.98
26.02
26.21
26.3
26.54
26.71
26.88
27.07
27.77
27.99
27.78
28.17
28.21
28.57
28.48
27.89
26.84
25.73
25.28
24.58
24.84
24.49
24.51
24.45
24.38
24.1
24.03
24.13
24.19
24.22
24.27
24.34
24.41
24.44
24.34
24.29
24.28
24.25
24.26
24.28
24.37
24.38
24.39
24.43
24.45
24.44
24.46
24.47
24.47
24.47
24.44
24.42
24.48
24.52
24.56
24.64
24.71
24.79
24.81
24.8
24.8
24.68
24.59
24.45
24.4
24.44
24.41
24.36
24.39
24.44
24.41
24.43
24.47
24.48
24.47
24.5
24.5
24.46
24.4
24.39
24.36
24.33
24.35
24.39
24.42
24.41
24.38
24.38
24.36
24.38
24.43
24.44
24.49
24.63
24.87
24.91
25.1
25.13
25.31
25.48
25.84
26.06
27.01
27.7
27.67
27.71
28.28
27.51
27.92
27.73
27.67
28.01
27.7
27.64
28.07
28.7
29.73
29.34
29.2
29.62
29.54
29.65
29.41
28.86
28.71
28.47
28.19
27.96
27.74
27.51
27.39
27.38
27.22
26.91
26.32
25.72
25.44
25.37
25.33
25.11
24.97
24.91
24.85
24.81
24.78
24.78
24.6
24.45
24.38
24.37
24.3
24.31
24.34
24.33
24.41
24.46
24.46
24.47