25.33
25.3
25.49
25.34
25.2
25.23
25.16
25.03
24.93
24.79
24.7
24.92
25.13
24.98
24.87
24.8
24.78
24.66
24.68
24.62
24.63
24.67
24.62
24.55
24.48
24.4
24.44
24.71
25.03
25.53
26
26.18
26.24
26.39
27.21
27.27
27.73
27.87
28.53
28.89
28.96
28.91
29.23
28.91
28.87
29.69
29.97
30.47
30.42
31.24
30.35
30.68
30.73
30.58
30.65
30.67
30.24
30.41
30.7
31.15
31.68
32.36
31.23
31.17
30.94
31.11
31.6
31.48
31.14
30.83
30.76
30.45
30.05
29.83
29.88
29.8
29.85
29.39
28.06
27.75
27.46
27.02
26.51
26.07
26.41
25.9
23.8
23.06
23.08
23.25
23.52
23.38
23.42
23.5
23.58
23.64
23.79
23.76
23.76
23.76
23.81
23.77
23.78
23.84
23.86
23.74
23.69
23.67
23.69
23.67
23.73
23.8
23.86
23.92
23.86
23.81
23.93
23.95
23.93
23.83
23.71
23.7
23.76
23.74
23.91
23.97
24.1
24.05
24.03
24.05
24.25
24.59
24.86
25.14
25.23
25.43
25.59
26.02
26.6
26.57
26.54
27
27.19
27.1
26.98
27.07
27.12
27.13
27.25
27.85
28.43
28.59
29.12
29.39
29.89
29.58
29.98
30.34
31.29
30.35
30.08
29.81
29.41
28.77
26.37
25.54
25.29
25.14
24.86
24.72
24.56
24.51
24.48
24.51
24.48
24.4
24.28
24.21
24.13
24.1
23.92
23.76
23.69
23.6
23.54
23.52
23.52
23.48
23.41
23.34
23.3
23.18
23.18
23.29
23.4
23.56
23.59
23.45
23.36
23.28
23.29
23.38
23.39
23.38
23.43
23.12
22.79
22.66
22.82
22.84
22.89
22.92
22.84
22.99
22.94
22.86
22.84
22.85
22.99
23.04
23.23
23.31
23.52
23.72
24.06
24.78
25.95
26.42
27.17
27.2
27.51
27.82
28.09
28.23
27.88
27.86
27.83
28.23
28.59
28.44
28.73
29.36
29.26
29.82
29.75
29.27
29.08
28.56
26.49
25.34
25.91
25.9
25.07
24.94
24.79
24.69
24.61
24.54
24.43
24.32
24.17
24.15
24.05
23.89
23.74
23.7
23.67
23.7
23.72
23.78
23.87
23.83
23.88
23.99
24.08
24.15
24.21
24.28
24.33
24.4
24.44
24.46
24.46
24.51
24.52
24.49
24.43
24.4
24.38
24.36
24.42
24.48
24.51
24.44
24.39
24.35
24.41
24.42
24.43
24.43
24.41
24.43
24.45
24.43
24.51
24.47
24.39
24.37
24.39
24.34
24.25
24.17
24.14
24.09
24.11
24.29
24.69
24.91
25.16
25.58
25.75
25.95
26.45
26.85
26.81
27.09
27.41
27.29
27.67
28.13
28.44
28.75
29.19
29.32
29.36
29.23
29.26
29.55
29.63
30.06
30.13
30.48
30.34
30.64
30.83
31.08
29.61
25.59
24.16
23.55
23.61
23.7
23.88
24.03
24.14
24.16
24.26
24.14
24.03
24.04
24.09
24.2
24.27
24.33
24.33
24.31
24.18
23.97
23.91
23.94
23.97
23.99
24.15
24.47
24.7
24.79
24.95
24.91
24.23
24.05
23.97
23.96
23.91
23.94
23.94
24.04
24.12
24.19
24.1
24.15
24.26
23.87
23.68
23.58
23.56
23.64
23.68
23.67
23.67
23.76
23.91
23.99
24.06
24.14
24.16
24.15
24.19
24.23
24.31
24.37
24.22
24.34
24.59
24.72
24.78
24.94
25.33
25.99
26.55
26.92
27.01
27.42
27.79
27.98
28.32
28.56
28.83
28.77
29.01
29.37
29.23
29
29.51
29.59
29.94
29.93
30.26
30.37
30.14
30.37
30.51
30.38
30.51
30.67
30.96
30.58
30.22
29.47
29.16
28.3
25.93
26.15
26.19
26.18
26.13
25.9
25.67
25.49
25.46
25.35
25.24
25.23
25.2
25.18
25.14
25.17
25.16
25.18
25.12
25.1
25.01
24.97
24.91
24.89
24.83
24.64
24.45
24.44
24.52
24.6
24.6
24.66
24.66
24.64
24.63
24.62
24.62
24.65
24.57
24.49
24.39
24.37
24.36
24.34
24.18
24.05
24.03
24.07
24
24.01
23.99
24.01
24
23.98
23.9
23.89
23.9
24.09
24.11
24.6
25.06
25.7
26.58
26.83
26.61
27.24
27.22
27.54
28.18
28.61
29.24
28.89
28.89
28.85
29.13
29.01
29.18
29.61
30.02
29.97
30.74
30.72
29.86
30.28
30.89
30.13
29.98
30.55
31.13
31.57
31.4
31.68
29.68
29.59
29.08
28.59
28.24
28
27.67
27.43
27.19
27.02
26.79
26.65
26.62
26.54
26.46
26.32
26.13
25.98
26.05
25.97
26.06
26.28
26.17
26.09
25.77
25.53
25.44
25.55
25.58
25.95
26.07
25.77
25.4
25.35
25.49
25.52
25.56
25.57
25.52
25.51
25.43
25.22
25.11
25.03
24.98
25
24.96
25.13
25.29
25.35
25.34
25.27
25.37
25.54
25.47
25.27
25.22
25.38
25.51
25.59
25.74
25.85
25.89
25.89
26.22
26.64
27.08
27.31
27.43
27.76
27.99
28.58
28.54
28.63
28.94
29.06
29.37
29.89
29.84
30.17
30.61
30.79
30.74
31.04
30.98
31.22
32.02
31.64
30.79
30.97
30.21
28.86
28.07
27.91
27.97
28.1
28.07
27.98
27.9
28
27.95
27.9
27.76
27.48
27.3
27.22
27
26.81
26.62
26.43
26.24
26.25
26.19
26.23
26.6
26.33
25.9
25.37
25.19
25.09
24.98
24.88
24.71
24.64
24.62
24.62
24.6
24.66
24.72
24.6
24.25
24.24
23.74
23.37
22.59
22.06
21.98
22.16
22.33
22.46
22.64
22.83
23.01
23.1
23.11
23.2
23.36
23.44
23.51
23.52
23.51
23.49
23.49
23.48
23.48
23.49
23.52
23.61
23.67
23.75
23.82
24.03
24.31
24.55
24.76
25.21
25.45
25.59
25.89
26.11
26.45
27.09
27.13
27.42
28.03
27.97
28.06
28.14
28.62
28.93
29.09
29.18
29.15
28.86
29.07
29.45
30.05
30.24
30.46
30.3
30.37
30.03
29.71
30.09
29.96
29.86
29.9
29.57
29.24
29.25
29.06
28.62
28.09
27.73
27.39
27.07
27.07
26.84
26.88
26.73
26.23
25.92
25.91
26.06
25.97
25.72
25.75
25.78
25.63
25.71
25.67
25.54
25.46
25.45
25.35
25.28
25.26
25.3
25.4
25.3
25.18
25.07
25.1
25.03
25.02
24.97
25.04
25.07
25.1
25.15
25.15
25.15
25.17
25.26
25.29
25.21
25.14
25.1
25.01
24.92
24.78
24.65
24.64
24.62
24.68
25
25.19
25.73
26.17
25.88
26.11
26.57
26.77
26.81
26.94
27.3
27.56
27.7
27.91
28
27.84
27.9
27.93
28.28
28.56
29.02
29.07
29.6
29.39
29.86
28.88
29.32
30.02
30.39
29.4
29.51
29.6
29.8
30.24
29.7
30.27
30.77
30.36
30.36
29.97
29.67
29.49
28.86
28.29
28.03
27.89
27.77
27.59
27.6
27.27
26.6
26.67
26.58
26.64
26.51
26.51
26.52
26.19
26.26
26.28
26.3
26.32
26.23
26.1
26.03
25.8
25.6
25.48
25.55
25.52
25.38
25.26
25.21
25.17
25.11
25.04
25.02
24.9
24.89
24.93
24.84
24.82
24.78
24.72
24.69
24.62
24.59
24.49
24.45
24.39
24.42
24.39
24.41
24.55
24.85
25.46
25.72
26.25
26.54
27.17
27.45
27.85
28.07
27.92
28.37
28.67
29.05
29.23
29.73
30.33
30.28
30.99
30.81
30.89
30.92
30.87
31.5
31.49
31.04
30.63
29.92
30.34
30.29
30.6
30.71
30.9
30.77
31.02
31.18
31.24
30.97
31.09
30.34
24.98
24.43
24.27
23.69
23.81
24.26
24.92
24.91
25.94
26.87
27.73
26.34
24.87
24.75
24.99
25.07
25.4
25.34
25.54
25.56
25.11
25
25.04
24.9
24.89
24.73
24.72
24.75
24.57
24.44
24.4
24.38
24.42
24.47
24.35
24.28
24.29
24.36
24.34
24.35
24.34
24.36
24.22
24.19
24.27
24.38
24.46
24.59
24.63
24.54
24.42
24.25
24.18
24.09
24.03
24.05
24.14
24.27
24.54
24.86
25.27
25.47
25.72
26.65
26.91
26.96
27.39
27.58
28.35
28.99
28.91
28.98
29.51
30.12
30.26
30.28
30.45
30.92
31.18
31.43
31.82
31.63
31.45
31.55
31.53
31.7
31.66
31.67
31.75
32.15
32.34
32.28
32.42
32.76
33.18
33.39
32.94
31.79
31.15
30.64
30.17
30.02
29.48
29.12
28.92
28.79
28.58
28.11
27.74
27.35
27.23
26.97
26.81
26.64
26.47
26.46
26.31
26.34
26.15
25.74
25.5
25.4
25.37
25.27
25.11
25.1
24.98
25.12
24.97
24.97
24.85
24.67
24.72
24.59
24.37
24.28
24.19
24.25
24.04
23.98
23.87
24
24.28
24.33
24.25
24.11
23.92
23.76
23.63
23.39
23.29
23.14
23.04
23.05
23.22
23.59
24.28
25.75
26.93
27.36
27.58
28.1
28.43
28.41
28.59
28.59
28.84
29.2
29.09
29.34
29.69
30.2
30.89
30.73
30.91
31.06
31.13
31.45
31.91
31.7
32.07
32.24
32.24
31.96
32.09
32.24
32.33
32.58
32.17
32.97
31.88
30.93
30.56
30.16
29.87
29.6
29.1
28.67
28.31
28.1
27.84
27.71
27.56
27.54
27.37
27.6
27.42
27.13
27.07
26.75
26.57
26.63
26.59
26.52
26.43
26.35
26.22
26.1
25.92
25.83
25.79
26.06
25.9
25.74
25.73
25.7
25.71
25.92
26.03
26.08
25.94
25.82
25.66
25.56
25.52
25.42
25.35
25.29
25.22
25.12
25.05
25.03
24.97
24.9
24.85
24.78
24.78
24.74
24.76
24.83
24.94
25.11
25.27
25.48
25.98
26.45
26.86
27.62
27.71
27.64
28.21
28.49
28.55
28.88
29.45
29.68
29.98
29.84
29.95
30.2
30.3
30.33
30.71
30.96
31.4
31.35
31.29
31.16
31.08
31.43
32.14
33.02
31.88
31.91
30.97
28.12
27.17
26.76
26.61
26.55
26.34
25.93
25.69
25.6
25.45
25.44
25.49
25.36
25.25
25.29
25.51
25.55
25.5
25.31
25.17
25.15
25.1
25.14
25.12
25.1
25.09
25.24
25.5
25.48
25.01
24.63
24.61
24.68
24.77
24.87
24.94
25.13
25.32
25.39
25.44
25.42
25.46
25.45
25.5
25.54
25.47
25.44
25.36
25.35
25.27
24.5
24.42
24.54
24.67
24.76
24.9
24.96
24.66
24.56
24.66
24.76
24.91
24.85
25.37
26.21
27.19
27.84
27.74
27.34
28.05
28.5
28.84
28.45
28.37
28.37
28.58
29.08
29.02
29.16
29.16
29.26
29.5
29.92
30.01
30.83
30.79
30.74
30.33
30.09
30.44
30.06
27.03
25.9
25.62
25.46
25.51
25.05
24.46
24.56
24.8
24.78
24.74
24.78
25.02
25.05
24.98
25.21
25.23
25.4
24.85
24.29
24.29
24.28
24.2
24.16
24.13
23.92
23.68
23.57
23.31
22.88
22.7
22.65
22.62
22.59
22.76
22.98
23.16
23.3
23.35
23.33
23.21
23.02
22.89
22.84
22.88
22.89
22.91
22.96
22.97
22.88
22.76
22.7
22.6
22.59
22.62
22.71
22.84
22.91
22.88
22.73
22.63
22.4
22.23
22.14
22.1
22.21
22.38
21.25
23.31
23.57
23.83
23.86
23.84
24.28
25.16
25.6
26.05
26.5
26.93
26.64
26.73
27.18
28.17
28.13
28.76
28.68
28.95
29.11
29.64
29.47
29.67
29.79
30.22
30.65
29.93
29.72
29.71
29.6
30.12
29.81
30.11
29.17
29.96
30.21
30.05
30.03
30.04
29.78
29.39
28.78
28.3
27.86
27.58
27.41
27.39
27.42
27.41
27.25
27.06
26.77
26.25
26.04
25.94
25.78
25.73
25.59
25.6
25.53
25.27
25.22
25.23
25.26
25.41
25.46
25.5
25.78
25.82
25.79
25.79
25.62
25.3
25.05
24.82
24.76
24.76
24.69
24.6
24.61
24.45
24.3
24.27
24.41
24.56
24.61
24.51
24.37
24.36
24.33
24.35
24.4
24.54
24.7
25.15
25.43
25.9
26.51
27.36
27.78
28.04
28.17
28.12
28.57
28.73
29
29.2
29.45
29.53
29.96
30.27
30.25
30.43
30.85
30.79
30.97
31.49
31.31
31.17
31.4
31.6
30.81
31.54
31.36
31.62
31.19
31.62
31.37
31.3
31.06
31.04
31.03
30.91
30.79
30.53
30.2
29.73
29.22
28.67
28.72
28.82
28.24
27.89
27.73
27.36
27.29
27.04
26.94
26.85
26.74
26.66
26.53
26.21
26.11
26.2
25.88
25.7
25.93
26.04
25.8
25.99
25.68
25.6
25.44
25.2
25.03
24.99
24.67
24.46
24.49
24.51
24.39
24.23
24.1
24.21
24.18
24.07
23.96
23.85
23.74
23.66
23.57
23.41
23.28
23.16
23.05
22.96
22.89
22.9
23.05
23.36
23.73
24.15
24.58
25.22
25.74
26.09
26.74
27.16
27.5
27.75
28.01
28.34
28.7
29.25
29.32
29.51
29.67
29.83
29.91
30.12
30.38
30.5
30.55
30.97
30.73
31.26
31.4
31.09
32.07
32
31.88
32.57
32.36
31.58
31.67
31.61
31.37
31.23
30.94
30.66
30.2
29.67
29.09
28.61
28.4
28.45
28.36
28.1
27.7
27.22
26.94
26.75
26.46
26.39
26.39
26.2
25.96
25.79
25.66
25.48
25.37
25.22
25.07
25.03
24.96
24.85
24.82
24.84
24.77
24.67
24.56
24.54
24.41
24.25
24.2
24.07
23.98
23.93
23.86
23.79
23.73
23.7
23.61
23.64
23.52
23.49
23.52
23.52
23.53
23.39
23.44
23.59
23.65
23.89
24.48
25.32
25.71
26.12
26.72
26.97
27.37
27.95
28.94
28.31
28.85
28.84
29.12
29.1
29.3
29.38
29.85
30.04
30.17
30.41
30.19
30.34
30.55
30.52
31.07
31.33
31.58
32.24
32.03
31.47
32
31.6
31.7
31.93
32.11
32.15
31.79
31.91
31.67
31.51
31.6
31.32
30.62
30.23
30.31
29.99
29.48
28.79
28.49
28.31
28.22
28.23
28.37
27.94
28.11
28.46
28.3
27.71
27.28
26.94
26.68
26.62
26.5
26.43
26.47
26.34
26.29
26.09
25.84
25.95
25.99
25.55
25.41
25.32
25.28
25.32
25.28
25.27
25.33
25.31
25.18
25.13
25.01
25.01
25.22
25.53
25.65
25.51
25.36
25.28
25.26
25.2
25.25
25.22
25.06
25.05
25.18
25.45
25.79
26.13
26.33
26.54
26.85
27.52
27.78
27.87
28.28
28.56
28.56
29
29.17
29.56
29.76
30.6
30.58
30.47
30.96
30.91
30.79
30.64
31.01
31.14
31.49
31.35
31.44
31.95
31.91
32.16
32.33
32.35
32.2
31.72
31.64
31.71
31.93
32.31
32.51
33.18
33.12
31.38
30.39
30.15
29.83
29.55
29.28
29.66
29.39
28.47
28.1
27.95
27.57
27.27
27.29
27.36
27.05
27.05
27.1
27.12
27.15
26.89
26.79
26.51
26.15
25.88
25.65
25.63
25.69
25.63
25.91
25.58
25.54
25.29
25.06
24.87
24.66
24.5
24.68
24.56
24.52
24.59
24.79
24.65
24.86
24.82
24.98
24.9
25.05
24.96
24.92
25.12
25.36
25.52
25.54
25.68
25.37
25.52
25.62
26.5
27.34
28.23
28.5
28.65
28.82
28.22
28.34
28.9
29.15
29.18
29.18
29.69
29.43
30.42
30.25
30.9
30.63
30.98
30.97
31.19
31.16
31.16
31.57
31.48
31.73
32.37
32.83
31.44
30.06
30.67
29.84
29.61
29.9
29.87
29.9
29.52
28.98
28.52
28.23
27.97
27.87
27.57
27.45
27.15
26.74
26.66
26.47
26.47
26.4
25.99
25.95
25.83
25.96
26.08
26.27
26.13
26.08
26.06
25.9
25.79
25.46
25.34
25.4
25.63
25.58
25.41
25.23
24.95
25.02
25.03
24.87
24.52
24.35
24.29
24.25
24.15
24.34
24.37
24.45
24.41
24.61
24.49
24.34
24.2
24.13
23.96
23.94
23.97
23.94
23.93
24.1
24.23
24.78
25.1
25.58
26.46
26.97
27.01
27.08
27.38
27.33
28.19
28.47
28.96
28.94
29.34
29.5
29.71
29.78
29.81
30.26
30.02
30.36
30.61
30.66
30.42
30.62
30.91
30.81
30.65
30.72
30.84
30.7
30.81
31.09
30.89
31.63
31.28
30.18
30.02
29.77
29.86
29.26
28.88
28.39
28.24
28.22
26.87
26.6
26.7
26.66
26.48
26.54
26.33
26.36
25.9
25.78
25.63
25.43
25.39
25.3
25.06
25.1
25.02
24.79
24.53
24.46
24.37
24.43
24.46
24.25
24.17
23.98
24.04
24.14
24.13
24.03
23.95
23.99
23.92
24.03
23.96
23.95
23.89
23.85
23.91
24.04
24.06
23.97
24
24.22
24.27
24.1
23.83
23.88
23.86
24.25
24.51
24.92
26.12
26.69
26.46
26.82
26.97
27.4
27.37
27.41
27.56
28.15
28.45
28.53
29.3
29.46
29.7
30.17
30.89
30.64
30.53
30.13
30.62
30.7
31
30.5
30.81
31.23
30.96
31.38
30.93
30.82
30.87
30.86
30.49
30.39
30.34
30.07
29.65
29.72
29.64
28.96
28.35
27.43
27.62
27.93
27.97
27.9
28.02
27.7
27.68
26.42
25.56
25.55
26.07
26.82
26.16
26.39
26.31
25.86
25.51
25.4
25.41
25.47
25.42
25.43
25.72
25.25
25.02
24.91
25.08
25.29
25.37
25.4
25.83
25.55
24.95
24.75
24.66
24.82
24.8
24.95
24.91
24.31
24.12
24.12
24.16
24.15
24.09
23.91
23.88
23.88
23.98
23.88
23.86
23.95
24.49
24.94
25.39
25.72
27.36
27.78
28.04
28.17
28.12
28.57
28.73
29
29.2
29.45
29.53
29.96
30.27
30.25
30.43
30.85
30.79
30.97
31.49
31.31
31.17
31.4
31.6
30.81
31.54
31.36
31.62
31.19
31.62
31.37
31.3
31.06
31.04
31.03
30.91
30.79
30.53
30.2
29.73
29.22
28.67
28.72
28.82
28.24
27.89
27.73
27.36
27.29
27.04
26.94
26.85
26.74
26.66
26.53
26.21
26.11
26.2
25.88
25.7
25.93
26.04
25.8
25.99
25.68
25.6
25.44
25.2
25.03
24.99
24.67
24.46
24.49
24.51
24.39
24.23
24.1
24.21
24.18
24.07
23.96
23.85
23.74
23.66
23.57
23.41
23.28
23.16
23.05
22.96
22.89
22.9
23.05
23.36
23.73
24.15
24.58
25.22
25.74
26.09
26.74
27.16
27.5
27.75
28.01
28.34
28.7
29.25
29.32
29.51
29.67
29.83
29.91
30.12
30.38
30.5
30.55
30.97
30.73
31.26
31.4
31.09
32.07
32
31.88
32.57
32.36
31.58
31.67
31.61
31.37
31.23
30.94
30.66
30.2
29.67
29.09
28.61
28.4
28.45
28.36
28.1
27.7
27.22
26.94
26.75
26.46
26.39
26.39
26.2
25.96
25.79
25.66
25.48
25.37
25.22
25.07
25.03
24.96
24.85
24.82
24.84
24.77
24.67
24.56
24.54
24.41
24.25
24.2
24.07
23.98
23.93
23.86
23.79
23.73
23.7
23.61
23.64
23.52
23.49
23.52
23.52
23.53
23.39
23.44
23.59
23.65
23.89
24.48
25.32
25.71
26.12
26.72
26.97
27.37
27.95
28.94
28.31
28.85
28.84
27.18
27.89
28
28.13
28.5
28.96
29.05
29.3
29.47
29.64
30.28
29.94
30.45
30.24
30.8
30.76
30.99
31.83
31.98
32.43
31.21
31.41
30.9
31
30.31
29.52
28.97
29.08
29.75
29.1
28.62
28.23
27.71
27.86
28.05
28.17
28.21
28.09
27.96
27.2
26.63
26.43
26.4
26.22
25.93
25.69
25.52
25.43
25.36
25.4
25.39
25.28
25.18
25.15
25.2
25.05
24.95
24.82
24.73
24.64
24.67
24.62
24.51
24.6
24.76
24.73
24.65
24.56
24.54
24.51
24.46
24.49
24.51
24.44
24.52
24.46
24.47
24.39
24.34
24.27
24.25
24.2
24.18
24.19
24.17
24.05
23.58
23.93
25.02
25.18
25.14
25.76
25.92
25.99
26.61
27.34
27.74
25.14
28.4
28.88
29.24
29.39
29.83
30.04
30.39
30.22
30.57
30.93
30.72
31.05
31.17
31.19
30.9
30.96
31.38
31.08
31.3
31.32
31.53
31.23
31.18
30.97
30.87
30.67
30.21
30.07
29.88
29.29
28.93
28.56
28.32
28.43
28.14
28.27
28.02
27.86
27.72
27.61
27.29
27.44
27.29
27.24
27.15
27.3
27.35
27.29
26.91
26.74
26.63
26.52
26.52
26.39
26.23
26.1
26.05
25.93
25.89
25.73
25.52
25.48
25.41
25.16
24.98
24.9
24.92
24.86
24.81
24.72
24.52
24.39
24.26
24.12
23.93
23.77
23.6
23.41
23.32
23.24
23.18
23.23
23.46
24.52
25.33
25.56
25.78
26.53
25.72
26.51
26.39
26.4
27.31
27.51
27.83
28.43
29.07
29.12
29.23
30.25
29.96
30.71
31.01
30.94
31.49
31.94
32.16
32.02
32.79
32.36
31.97
31.51
31.26
31.21
31.23
31.17
31.07
30.93
30.9
30.69
30.81
30.54
30.38
30.13
29.71
29.14
28.61
28.14
27.43
27.05
26.75
26.62
26.71
26.53
26.58
26.46
26.21
26.13
26.3
25.87
25.6
25.79
25.81
25.87
25.89
25.66
25.52
25.14
25.08
25.08
24.94
24.89
24.95
24.79
24.68
24.78
25
24.89
24.58
24.42
24.32
24.39
24.06
23.55
23.35
23.09
22.8
22.76
22.68
22.65
22.63
22.56
22.61
22.7
22.63
22.59
22.66
22.61
23.04
24.04
25.25
26
26.33
26.27
26.64
26.32
26.35
26.38
26.82
27.85
28.24
28.45
28.97
29.12
29.61
30.02
29.54
29.31
28.94
29.66
29.46
29.73
30.84
30.42
30.46
30.59
30.51
30.89
31.27
30.25
30.77
31.85
31.25
31.61
32.54
31.8
30.79
30.13
30.22
29.77
29.01
28.44
27.84
27.47
27.41
27.18
27.02
26.94
26.85
26.94
26.75
26.53
26.71
26.14
26.19
26.08
25.81
25.41
25.28
25.39
25.46
25.15
24.93
24.83
24.92
25.01
24.97
24.76
24.62
24.68
24.53
24.41
24.68
24.7
24.37
24.07
23.95
23.99
24.02
24.13
24.17
24.22
24.28
24.18
24.27
24.12
23.93
23.81
23.95
23.96
23.82
23.75
23.78
23.81
23.91
23.78
23.63
23.48
23.49
23.94
24.93
25.76
27.03
27.09
27.15
27.21
27.56
28.03
28.16
28.69
29.33
30.03
30.14
30.44
30.23
30.36
30.44
30.28
30.5
31.33
31.3
31.06
31.81
31.86
31.75
31.14
31.04
31.05
31.87
32.17
31.85
30.77
30.45
30.03
29.76
29.26
29.14
29.16
28.81
29.01
28.86
28.86
28.6
28.13
27.91
28.23
27.85
27.28
26.89
26.75
26.65
26.41
26.18
26.03
26.22
26.58
26.31
26.36
26.03
25.61
25.59
25.42
25.17
24.98
24.79
24.85
24.95
24.04
23.52
23.63
23.79
23.57
23.36
23.16
22.99
22.9
23.07
23.63
23.26
23.25
23.86
23.4
23.35
23.28
23.38
23.62
23.51
23.41
23.5
23.32
23.13
23.09
22.92
22.97
23.15
23.46
24.47
25.55
26.13
26.6
27.2
27.63
27.95
28.13
28.78
28.94
29.17
29.84
30.23
30.21
30.13
30.36
30.56
30.93
30.95
30.89
30.88
31
31.22
31.04
31.1
30.94
30.94
30.75
30.77
30.8
30.66
30.58
30.43
30.24
30.02
29.8
29.46
29.16
28.34
27.95
27.78
27.42
27.29
27.3
27.11
26.88
26.71
26.77
26.69
26.58
26.47
26.41
26.55
26.63
26.32
26.14
26.04
25.99
25.99
25.63
25.66
25.59
25.38