24.51
24.52
24.47
24.45
24.5
24.49
24.5
24.5
24.52
24.45
24.4
24.32
24.35
24.37
24.43
24.5
24.49
24.48
24.45
24.42
24.42
24.35
24.33
24.29
24.25
24.18
24.09
24.14
24.18
24.22
24.27
24.44
24.59
24.87
25.05
24.89
24.99
25.17
25.45
25.59
25.58
25.59
25.63
25.67
25.65
25.64
25.53
25.53
25.51
25.7
25.88
26.32
26.63
26.95
27.22
27.41
27.54
27.81
28.58
28.65
28.65
28.33
28.1
28.02
27.73
27.39
27.23
27.23
27.18
27.02
26.83
26.62
26.44
26.31
26.27
26.38
26.31
26.07
26.01
25.92
25.83
25.76
25.74
25.64
25.48
25.48
25.46
25.47
25.53
25.46
25.44
25.44
25.48
25.47
25.35
25.28
25.27
25.21
25.07
24.94
24.84
24.7
24.66
24.68
24.64
24.6
24.53
24.46
24.38
24.25
24.28
24.36
24.41
24.48
24.5
24.56
24.55
24.51
24.48
24.42
24.36
24.43
24.98
25.12
24.99
25.05
25.1
25.15
25.1
25.1
25.09
25.13
25.16
25.31
25.62
26.07
26.32
26.63
27.04
26.88
26.84
27.22
27.47
27.76
27.77
27.7
27.55
27.16
26.12
26.5
27.75
28.57
28.88
28.93
29.56
29.64
29.27
29.45
29.9
30.23
30.11
29.76
29.56
29.37
29.08
28.87
28.46
27.99
27.82
27.82
27.04
26.39
26.12
25.93
25.87
25.84
25.81
25.83
25.76
25.63
25.52
25.46
25.42
25.23
25.05
24.94
24.71
24.26
23.9
23.69
23.63
23.57
23.63
23.64
23.62
23.7
23.81
23.88
23.97
24.04
24.04
24
24
23.96
23.9
23.85
23.86
23.83
23.83
23.85
23.85
23.79
23.82
23.84
23.86
23.9
23.94
24
24.1
24.21
24.33
24.47
24.66
24.77
24.91
25.08
25.3
25.37
25.51
25.65
25.98
26.17
26.51
26.73
27
27.16
27.13
27.39
27.68
27.78
27.75
27.63
27.98
28.8
28.15
28.14
28.32
28.74
28.51
29.01
28.62
28.86
28.72
29.08
29.32
29.42
29.48
29.61
30.12
30.48
30.25
29.43
29.08
28.71
28.51
28.46
28.45
28.06
27.98
28.01
27.61
27.67
27.48
27.05
26.92
26.77
26.83
26.96
26.72
26.74
26.63
26.62
26.57
26.35
26.14
26.12
26.09
26.19
26.21
26.13
26.05
25.98
25.84
25.86
25.79
25.55
25.54
25.56
25.58
25.72
25.71
25.72
25.67
25.46
25.09
24.92
24.95
25.02
25.11
25.17
25.27
25.37
25.43
25.45
25.52
25.61
25.7
25.82
26.06
26.43
26.88
26.97
26.92
27.05
27.22
28.16
29.27
29.08
29.13
28.75
26.84
24.9
24.18
24.56
24.76
24.08
23.98
23.98
23.92
23.89
23.66
23.61
23.64
23.85
23.96
23.95
23.97
24.02
24.01
24.05
24.18
24.18
24.32
24.37
24.3
24.32
24.34
24.37
24.41
24.38
24.31
24.25
24.22
24.23
24.15
24.09
24.03
24.04
24.03
23.97
23.98
24
24.03
24.05
24.07
24.1
24.13
24.21
24.26
24.36
24.38
24.38
24.32
24.21
24.12
23.99
23.84
23.68
23.55
23.42
23.12
22.9
22.8
22.75
22.68
22.63
22.62
22.6
22.6
22.57
22.56
22.51
22.48
22.39
22.32
22.28
22.2
22.16
22.14
22.14
22.11
22.18
22.22
22.24
22.26
22.33
22.43
22.73
22.7
22.46
22.47
22.52
22.73
22.89
23.2
23.55
23.67
23.71
23.7
23.72
23.76
23.8
23.99
24.34
24.5
24.97
24.84
24.55
24.34
24.27
24.11
24.11
24.18
24.3
24.3
24.17
24.2
24.37
24.49
24.49
24.72
24.75
24.92
24.3
24.1
23.97
23.81
23.63
23.53
23.33
23.1
22.97
23.1
23.22
23.26
23.41
23.7
23.25
23.19
22.86
22.58
22.62
22.66
22.57
22.48
22.46
22.43
22.42
22.42
22.43
22.4
22.38
22.28
22.23
22.23
22.17
22.08
22.02
21.96
21.89
21.77
21.72
21.71
21.61
21.57
21.51
21.44
21.39
21.34
21.29
21.23
21.17
21.13
21.09
21.08
21.03
21.01
20.96
20.94
20.93
20.95
20.92
20.92
20.93
20.89
21.01
21.25
21.4
21.59
21.7
21.82
21.97
22.2
22.37
22.14
22.02
22.18
22.3
22.43
22.51
22.56
22.87
23.01
23.09
23.42
23.64
23.4
23.49
23.57
23.44
23.3
23.33
23.46
23.39
23.31
23.15
22.83
22.71
22.47
22.24
22.07
21.96
21.85
21.74
21.68
21.49
21.28
21.1
20.95
20.86
20.7
20.62
20.61
20.57
20.49
20.47
20.44
20.43
20.43
20.41
20.44
20.45
20.52
20.59
20.7
20.79
20.89
20.96
21.05
21.06
21.08
21.08
21.1
21.12
21.11
21.13
21.11
21.07
21.03
21.02
20.98
20.9
20.77
20.52
20.29
20.1
19.93
19.75
19.63
19.54
19.42
19.47
19.63
19.88
20.19
20.6
21.08
21.87
22.43
22.84
23.58
23.8
24.15
24.43
24.76
25.04
25.43
25.58
25.82
25.93
26.28
26.24
26.32
26.51
26.84
26.85
27.08
27.36
27.6
27.56
27.14
27.71
27.79
27.54
26.91
27.54
27.65
27.73
27.3
27.7
27.59
27.26
27.53
27.43
27.15
26.65
26.31
25.9
25.59
25.28
24.95
24.66
24.53
23.94
23.35
23.14
22.81
22.68
24.27
22.2
21.97
21.83
21.43
21.38
21.15
21.08
20.91
20.66
20.61
20.29
20.52
19.85
20.09
19.65
19.61
19.41
19.36
19.2
19.18
19.05
18.89
18.79
18.64
18.57
18.43
18.34
18.19
18.09
18.09
18.06
17.96
17.78
17.7
17.7
17.62
17.75
17.59
17.62
17.84
18.23
18.53
18.97
19.54
20.47
24.12
23.08
23.66
24.58
23.8
23.8
24.43
25
24.55
26.4
25.22
26.4
25.73
25.57
25.76
25.91
25.7
26.18
26.34
26.39
27.36
26.65
26.97
27.58
26.51
26.45
26.78
26.91
26.69
27.01
27.18
27.24
27.26
27.59
27.11
26.89
26.64
26.16
25.57
25.13
26.76
24.61
24.29
23.74
23.65
24.05
24.44
23.87
24.06
23.35
23.39
23.31
22.75
22.34
22.82
21.88
21.51
21.49
22.13
21.07
25.25
20.7
20.25
20.06
20.09
19.86
19.75
19.55
19.31
19.19
18.97
18.88
18.69
18.5
18.69
18.29
19.04
18.01
17.9
18.81
17.73
17.78
17.56
18.33
17.38
17.52
17.25
17.35
18.7
17.9
17.56
21.26
21.2
22.76
30.15
28.13
28.16
29.15
23.05
22.48
28.04
24.56
27.46
25.79
26.33
25.08
24.88
25.17
25.38
25.91
25.7
25.84
26.08
26.2
26.59
26.76
26.76
27.47
26.94
27.25
28.58
27.18
27.37
29.04
28.22
27.55
27.71
27.27
27.31
27.26
27.4
26.58
26.5
26.12
25.72
25.15
24.75
24.29
23.92
23.74
23.49
23.25
23.01
22.7
22.46
22.39
22.15
21.85
21.8
25.22
22.2
25.46
24.68
28.92
28.45
28.45
23.2
25.02
25.27
25.1
30.08
26.96
21.24
26.11
25.6
27.5
25
25.37
24.75
25.5
26.84
23.24
25.17
23.65
22.91
22.95
18.95
22.72
22.72
21.44
19.82
19.39
20.53
19.98
19.27
23.77
23.2
28.06
29.59
34.31
36.02
40.01
31.65
28.39
29.14
25.75
31.98
38.35
37.57
36.6
39.9
36.52
41.51
36.71
35.27
35.88
33.49
30.01
33.18
34.24
29.02
34.55
30.49
30.63
32.83
30.05
32.65
32.09
30.22
36.73
34.36
33.85
37.13
30.12
30.13
32.32
30.51
28.7
28.48
28.16
27.61
27.28
27.32
27.25
27.29
26.94
26.48
26.02
26.35
26.5
26.95
26.3
25.25
25.15
24.88
24.1
24.89
27.19
26.11
26.23
22.92
22.29
24.56
25.37
28.4
33.06
24.8
27.84
30.69
25.52
24.44
24.87
28.23
31.58
31.44
31.31
31.17
30.29
29.42
28.54
27.67
26.79
25.92
25.04
24.17
23.29
27.42
21.59
32.4
32.61
20.11
20.02
20.27
20.84
21.40
21.97
23.21
24.45
25.69
26.93
28.18
29.42
30.66
31.90
33.14
34.38
38.87
31.56
32.7
33.76
34.81
35.87
36.92
34.53
35.56
36.58
33.23
29.22
29.59
30.36
31.22
30.94
30.16
30.37
30.23
30.31
30.21
30.2
30.28
30.84
30.65
31.13
31.32
30.4
30.02
29.64
29.3
28.28
27.94
27.59
27.35
26.9
26.7
27.04
26.41
26.16
26.83
26.11
27.41
27.97
26.46
26.11
26.46
27.26
25.64
24.84
24.76
26.1
24.86
26.95
29.96
23.66
22.61
23.13
24.96
26.34
30.17
30.5
31.39
31.47
31.09
36.18
32.07
32.65
33.73
30.58
25.59
28
25.43
24.85
26.95
26.16
25.17
23.38
22.94
22.68
23.16
26.89
24.12
22.98
28.32
32.29
31.37
32.97
34.57
36.17
36.2
35.89
34.27
32.65
31.04
29.42
27.80
28.28
28.45
30.615
32.78
29.08
29.6
29.61
30.02
29.92
30.22
30.14
30.04
30.19
30.49
30.73
30.88
30.62
30.75
31.01
30.98
30.96
30.98
30.99
30.98
31.18
31.29
31.16
31.32
31.03
30.58
30.03
29.68
29.08
28.42
28.02
27.43
26.91
29.79
26.61
26.53
26.34
26.24
25.84
25.47
25.83
26.01
25.52
25.44
25.57
25.45
25.29
33.29
25.06
24.86
24.97
25.09
25.20
24.73
24.94
25.16
25.37
25.59
25.80
26.01
26.23
26.44
26.40
26.36
26.32
26.28
26.24
26.21
26.17
26.13
26.09
26.05
26.01
25.97
25.93
25.89
25.85
25.81
25.78
25.74
25.70
25.66
25.62
25.58
26.06
26.49
27.07
27.48
27.86
28.06
28.34
28.85
28.62
28.72
29
29.53
29.59
29.66
29.84
29.89
30.26
30.26
30.5
30.46
30.72
30.64
30.8
30.9
30.98
31.22
31.31
31.5
31.41
31.53
31.65
31.88
32.01
32.3
31.72
31.47
31.12
31.07
30.8
30.68
30.27
28.91
28.45
28.37
28.14
28.27
27.7
27.16
27.23
27.21
27.22
27.18
26.68
26.42
26.08
26.12
26.07
25.79
25.51
25.5
25.01
24.39
24.58
24.83
24.9
24.4
24.09
24.01
23.62
23.15
22.63
22.64
22.73
22.88
22.9
23.04
22.93
22.69
22.58
22.44
22.41
22.64
22.84
22.75
22.77
22.83
22.83
22.75
22.76
23.28
24.06
25.1
24.87
24.69
25.28
25.82
26.29
27.12
27.6
27.77
27.73
27.95
27.92
28.41
28.49
28.59
29.08
28.94
29.13
29.24
29.36
29.78
29.81
29.89
30.1
30.19
30.46
30.75
30.73
31.27
31.43
31.27
31.28
31.25
31.57
32.61
31.91
31.9
32.43
32.08
32.23
31.4
30.62
30.07
29.44
29.37
28.91
28.55
28.58
28.55
28.03
27.69
27.86
27.93
27.89
27.73
26.95
26.87
26.78
26.32
26.52
26.51
25.61
25.32
25
24.71
24.95
24.57
23.97
23.8
23.87
23.81
23.85
23.66
23.16
23.18
22.98
23.34
23.61
23.49
23.34
23.23
23.1
22.95
22.44
22.6
22.64
22.77
23.18
22.74
22.64
23.1
23.34
22.25
22.18
22.26
22.45
22.8
22.99
23.35
24.01
24.68
25.14
25.56
25.81
26.47
27
27.47
27.7
28.01
28.4
28.71
29.44
29.87
29.97
30.37
30.52
30.91
31.18
31.1
31.2
31.46
31.78
31.83
31.55
32.17
31.54
32.28
31.5
31.63
32.51
32.83
31.64
31.67
31.54
32.1
31.95
30.7
29.92
29.17
28.7
28.22
28.04
28.08
27.73
27.13
26.99
26.42
25.86
25.36
25.06
24.77
24.6
24.31
24.09
24.05
24.06
23.9
23.71
23.46
23.31
23.15
23.07
22.87
22.79
22.62
22.54
22.35
22.23
22.17
22.04
21.95
21.85
21.78
21.71
21.6
21.51
21.48
21.47
21.38
21.39
21.42
21.43
21.6
21.66
21.77
21.91
21.85
21.83
21.8
21.92
22.17
22.57
23.19
23.76
23.89
24.32
24.52
24.9
25.22
25.07
25.55
26.04
26.72
27.34
26.89
27.26
27.92
28.22
28.19
28.66
28.86
29.35
29.16
29.43
29.42
29.66
30
29.96
30.17
30.47
30.49
30.73
30.97
30.75
30.98
30.88
30.9
30.98
30.89
30.79
30.71
30.51
30.11
29.82
29.47
29.09
28.75
28.79
28.65
28.64
28.68
28.78
28.78
28.71
28.71
28.61
27.86
27.41
27.63
27.35
26.71
26.41
26.43
26.21
25.99
26.17
26.05
25.94
26.12
26.24
26.52
26.39
26.32
26.15
26.13
26.27
26.19
25.58
24.84
24.44
24.37
24.19
24.22
24.36
24.56
24.7
24.65
24.58
24.4
24.32
24.02
24.04
24.08
23.76
23.88
24.02
23.82
23.99
24.52
25.68
26.33
26.62
27.5
27.9
28.06
28.35
29.3
28.82
28.58
28.88
29.57
29.59
29.86
29.93
30.13
30.7
30.56
30.69
30.96
31.44
31.24
31.56
31.63
31.62
31.78
31.93
31.79
31.87
31.85
31.82
31.83
31.64
31.38
31.12
31.18
31.11
31.2
30.96
30.52
30.22
29.82
29.48
29.16
28.87
28.53
28.5
28.5
28.2
27.91
27.59
27.51
27.17
26.81
26.57
26.37
26.28
26.26
26.16
26.09
26.09
25.92
25.84
25.61
25.43
25.36
25.27
25.3
25.31
25.4
25.52
25.46
25.51
25.52
25.47
25.23
25.16
25.07
25.01
24.96
24.87
24.76
24.7
24.13
24.04
24.37
24.28
24.37
24.34
24.38
24.46
24.57
24.76
24.86
25.14
25.59
26.11
26.2
26.55
27.12
27.59
28.15
28.53
28.88
29.37
29.83
30.55
30.83
31.11
31.21
31.43
31.49
31.7
31.92
32.24
32.35
32.2
32.08
32.34
32.35
32.47
32.61
32.51
32.64
32.89
32.71
32.63
32.63
32.51
32.41
32.35
32.25
32.04
31.73
31.45
31.29
30.99
30.59
30.35
30.19
30.08
29.95
29.93
29.94
29.91
29.47
29.09
29.28
29.18
29.06
29.01
28.66
28.4
28.24
28.04
27.86
27.89
28.29
28.29
28.34
28.06
27.79
27.67
27.39
26.89
26.52
26.63
26.4
26.12
25.94
25.86
25.7
25.59
25.44
25.38
25.53
25.62
25.6
25.53
25.5
25.41
25.29
25.19
25.05
25.21
25.29
25.3
25.38
25.37
25.4
25.77
26.73
27.18
27.54
27.6
28.51
28.72
29.03
29.66
30.22
30.81
31.05
30.62
31
30.77
30.51
30.7
31.07
31.41
31.54
31.57
32.1
31.82
32.02
32.33
32.38
32.52
32.81
32.81
32.95
32.93
33.2
33.29
33.38
33.46
33.64
33.48
33.18
32.94
32.88
32.73
32.77
32.69
32.55
32.35
32.23
31.57
31.04
30.79
29.92
29.62
29.54
29.43
29.23
29.14
29
28.79
28.49
28.44
28.34
28.19
27.99
28.03
27.92
28.15
28.16
27.86
27.22
26.94
26.78
26.72
26.59
26.4
26.25
26.27
26.22
26.15
26.04
26.13
26.01
25.67
25.55
25.47
25.42
25.49
25.45
25.41
25.32
25.25
25.2
25.19
25.15
25.04
24.93
24.95
25.21
25.6
26.09
26.51
26.74
27.16
27.38
27.75
27.99
28.46
29.03
29.32
29.86
30.03
30.35
30.5
30.88
31.17
31.23
31.6
31.88
31.94
32.53
32.76
32.75
32.72
32.5
33
32.95
33.21
33.21
33.31
33.34
33.39
33.34
33.46
33.34
33.33
33.31
33.3
33.05
32.75
32.61
32.25
31.82
31.28
30.82
30.6
30.27
30.33
29.98
29.76
29.63
29.52
29.55
29.22
28.84
28.56
28.26
28.08
27.88
27.57
27.48
27.35
27.2
27.11
26.97
26.81
26.64
26.4
26.41
26.4
26.55
26.42
26.37
26.34
26.35
26.25
26.22
26.17
26.09
26.04
26.01
26.19
26.18
26.06
25.96
25.86
25.86
25.76
25.8
25.83
25.85
25.86
25.85
25.59
25.93
26.16
26.62
26.79
27.09
27.45
28
28.31
28.72
29.09
29.44
29.95
30.31
30.63
30.86
31.49
31.74
31.89
32.16
32.41
32.53
32.44
32.88
32.9
32.62
31.92
32.28
32.24
33.01
33.28
33.15
33.24
32.99
32.55
30.53
27.87
27.55
27.71
27.58
28.03
27.79
28
28.34
29.11
28.55
28.41
28.5
28.75
29.07
30.02
29.41
28.81
28.07
28.04
28.15
28.2
28.38
28.44
27.94
27.19
27.17
27.37
27.67
27.67
27.69
28.15
28.36
28.22
28.4
28.36
28.16
28.01
27.83
27.65
27.32
27.07
26.97
26.9
26.81
26.77
26.74
26.68
26.21
25.82
25.78
25.71
25.7
25.88
26.19
26.3
26.31
26.35
26.37
26.41
26.37
26.38
26.39
26.47
26.97
27.08
27.04
27.6
28.35
28.67
29
29.05
29.19
29.4
30.16
30.75
31.15
31.5
31.55
31.8
32.18
32.69
32.79
32.94
33.21
33.23
33.08
32.99
33.53
33.67
33.55
33.73
33.92
34.05
33.92
33.95
34.08
34.06
33.62
32.86
32.7
33.18
33.31
33.63
33.55
33.43
33.02
32.97
33.03
32.71
32.6
32.35
31.87
31.01
30.67
31.16
30.82
30.5
30.25
29.87
29.58
29.39
29.33
29.17
28.91
28.73
28.68
28.44
28.21
27.98
27.91
27.69
27.54
27.37
27.3
27.29
27.07
26.99
26.96
26.88
26.84
26.75
26.73
26.63
26.49
26.42
26.37
26.29
26.23
26.17
26.15
26.2
26.2
26.11
26.07
26.03
26.06
26.13
26.4
26.6
26.94
27.39
27.81
28.03
27.93
28.34
28.82
29.27
29.6
30.01
30.34
31.26
31.4
31.41
31.14
31.76
31.96
32.73
32.94
32.44
32.34
28.97
27.64
29.67
30.43
31.58
32.21
31.83
31.33
31.05
30.54
29.74
28.57
28.29
28.17
28.13
28.14
28.19
28.07
28.12
27.9
27.65
27.86
27.62
27.32
27.47
27.38
27.37
27.19
27.04
27.06
26.79
26.63
26.67
26.72
26.42
26.2
25.94
25.6
25.33
25.07
24.85
24.63
24.41
24.16
23.94
23.73
23.5
23.4
23.29
23.2
23.07
22.99
22.95
22.91
22.84
22.8
22.75
22.61
22.55
22.47
22.4
22.33
22.36
22.44
22.47
22.54
22.57
22.56
22.5
22.49
22.45
22.35
22.29
22.28
22.28
22.25
22.29
22.36
22.51
22.7
23.11
23.39
23.41
23.51
23.54
23.58
23.51
23.6
23.7
23.75
23.83
24.17
24.49
24.66
25.53
26.11
26.79
26.51
27.21
27.32
27.81
28.05
28.01
28.47
28.04
28.33
28.09
28.02
27.96
28.19
28.2
28.75
28.45
28.6
28.58
28.39
28.16
27.89
27.62
27.41
27.34
27.27
27.16
26.52
26.53
26.32
26.16
26.05
26.16
26.13
25.94
25.91
25.93
25.92
25.82
25.6
25.44
25.35
24.97
24.69
24.73
24.74
24.75
24.73
24.76
24.84
24.95
24.93
24.85
24.65
24.68
24.89
24.99
25
25.02
25.04
25.04
25.07
25.07
25.07
25.08
25.08
25.06
25.04
24.97
24.88
24.72
24.61
24.55
24.52
24.59
24.47
24.78
24.81
25.28
26.93
27.04
27.38
27.86
27.85
27.63
28.36
29.07
29.02
29.36
29.77
30.29
30.49
30.97
31.22
31.55
32.08
32.89
33.3
32.56
32.56
32.28
32.37
32.53
32.64
32.52
32.5
32.62
32.75
32.67
32.89
33.26
33.24
33.5
33.96
32.76
32.41
32.06
31.83
31.75
31.68
31.33
30.38
30.11
30.47
30.99
29.8
28.78
29.13
28.6
28.05
27.84
27.85
27.85
27.78
27.87
26.95
26.9
26.86
26.93
27
26.94
26.61
26.7
26.63
26.5
26.47
26.35
26.34
26.18
25.96
26.04
25.98
25.98
26.04
25.94
25.91
25.84
25.7
25.48
25.45
25.47
25.45
25.44
25.55
25.75
25.66
25.63
25.52
25.5
25.62
26.31
26.84
27.44
27.62
27.77
28.04
28.31
28.49
28.97
29.16
29.87
30.27
30.2
30.38
30.48
30.78
30.85
31.45
31.92
32.16
32.1
32.78
33.31
33.14
32.57
32.67
32.5
33.21
33.61
33.85
32.87
32.92
33
32.55
32.11
32.54
33.4
32.6
31.87
30.76
29.96
29.42
29.24
28.82
28.48
28.18
28.04
27.83
27.58
27.65
27.76
27.65
27.73
27.87
27.87
27.94
27.43
27.07
26.79
26.56
26.27
26
25.73
25.51
25.33
25.21
25.04
24.97
24.83
24.77
24.87
24.76
24.55
24.34
24.15
23.99
23.84
23.67
23.54
23.42
23.31
23.19
23.11
23
22.94
22.88
22.84
22.76
22.75
22.72
22.74
22.7
22.69
22.68
22.73
22.85
22.96
23.03
23.13
23.32
23.53
23.75
24.02
24.47
24.89
25.55
25.54
25.75
26.04
26.67
26.7
27.43
27.52
28.06
28.71
28.13
28.33
28.95
29.01
29.47
29.29
29.57
29.95
29.92
30.15
30.63
30.51
30.49
30.51
30.53
30.73
30.79
30.95
30.98
30.65
30.48
30.4
30.09
29.88
29.62
29.38
29.23
29.17
29.08
28.95
28.66
28.71
28.81
28.5
27.68
27.46
27.48
26.88
26.67
26.62
26.41
26.18
26.18
26.05
25.89
25.61
25.39
25.29
25.26
25.12
25.02
24.93
24.81
24.68
24.61
24.5
24.39
24.31
24.17
24.12
24.04
24.05
24.04
24.01
24
23.97
23.9
23.89
23.91
23.97
23.96
23.92
23.96
24
23.99
24.03
24.15
24.31
24.67
25.27
26.31
27.49
28.6
28.78
28.92
28.95
29.28
29.19
29.68
30.15
30.12
30.88
30.84
30.93
31.52
31.88
32.04
32.42
32.19
32.27
32.89
33.02
32.83
33.03
33.07
33.57
33.28
33.75
33.13
33.36
32.87
32.63
32.42
32.43
32.28
31.87
31.13
30.76
30.43
29.88
29.51
29.31
29.18
28.8
28.32
27.98
27.77
27.56
27.41
27.27
27.11
26.94
26.96
26.88
26.61
26.42
26.31
26.34
26.24
26.2
25.95
26
25.93
26.09
26.06
25.91
25.82
25.74
25.73
25.66
25.67
25.54
25.42
25.3
25.27
25.23
25.21
25.17
25.16
25.22
25.25
25.13
25.11
24.99
24.67
24.5
24.55
24.54
24.5
24.57
24.62
24.68
24.69
24.83
25.11
25.44
25.35
25.3
24.93
25.32
26.2
26.59
26.98
27.43
27.65
27.94
27.95
28.19
28.82
29.45
29.25
29.78
29.88
29.85
30.01
29.92
30.16
30.4
30.63
30.67
30.86
30.97
30.95
31.03
31.04
30.96
30.89
30.84
30.67
30.58
30.44
29.8
29.36
29.18
28.88
28.56
28.17
27.8
27.41
26.93
26.53
26.24
25.98
25.74
25.53
25.31
25.1
24.86
24.7
24.6
24.53
24.46
24.32
24.29
24.2
24.09
24.03
23.9
23.81
23.75
23.7
23.64
23.63
23.64
23.61
23.52
23.39
23.27
23.14
23.04
22.97
22.89
22.84
22.76
22.71
22.71
22.74
22.67
22.59
22.57
22.51
22.38
22.24
22.23
22.28
22.28
22.23
22.21
22.24
22.23
22.34
22.41
22.52
22.72
22.78
22.94
23.17
23.43
23.71
24.04
24.35
24.52
24.91
25.01
24.97
25.32
25.3
25.61
25.63
25.68
26.03
25.94
26.14
26.15
26.73
26.98
26.67
27.27
27.51
27.21
27.8
28.54
28.25
27.9
28.41
28.34
28.3
28.07
27.95
28.08
27.89
27.5
27.19
27.13
27.16
27.02
26.82
26.83
26.93
26.93
26.62
26.55
26.22
25.63
25.57
25.63
25.54
25.46
25.3
25.32
25.29
25.02
24.79
24.74
24.7
24.6
24.67
24.77