26.82
26.73
26.58
26.47
26.38
26.23
26.19
26.06
25.92
25.78
25.74
25.72
25.67
25.65
25.66
25.6
25.54
25.56
25.6
25.64
25.67
25.72
25.88
25.9
26
26.13
26.44
26.89
27.36
27.74
28.03
27.9
27.73
28.17
28.17
28.56
28.58
28.76
29.24
29.47
29.99
30.48
30.63
30.77
30.99
31.09
31.81
31.9
31.62
31.95
32.49
32.25
32.36
32.52
32.3
33.33
33.45
31.34
30.44
30.13
29.33
30.27
31.48
30.91
29.12
28.76
28.86
28.79
29.03
29.04
28.04
26.81
25.8
25.06
24.87
24.84
24.68
24.96
24.96
24.66
24.38
24.36
24.37
24.31
24.36
24.48
24.47
24.47
24.38
24.38
24.35
24.25
24.17
24.2
24.28
24.25
24.33
24.43
24.56
24.64
24.7
24.93
25.07
25.27
25.28
25.17
25.25
25.18
25.23
25.3
25.35
25.43
25.46
25.18
24.65
24.33
24.43
24.56
24.66
24.81
24.74
24.86
24.91
25.01
25.32
25.99
26.83
26.9
27.31
28.41
29.16
29.7
29.69
29.16
29.09
29.69
29.85
30.82
30.78
30.68
30.73
31.33
31.19
32.13
31.78
31.96
32.08
32.4
32.55
33.08
33.35
33.76
33.48
33.5
33.45
34.09
34.13
34.15
33.91
34.13
33.7
33.54
33.87
34.51
34.86
34.94
33.28
32.38
31.2
30.44
30.28
30.41
30.43
30.26
29.99
29.69
29.59
29.56
29.66
29.3
29.23
29.13
29.03
28.88
28.8
28.55
28.44
28.68
28.66
28.67
28.39
28.12
27.96
27.88
27.83
27.88
27.86
27.6
27.53
27.8
27.79
27.67
27.1
26.55
26.58
26.53
26.6
26.73
26.48
26.48
26.45
26.33
26.17
26.05
26.19
26.27
26.38
26.53
26.58
26.72
27.46
27.54
27.83
28.43
29.01
29.55
29.99
30
30.47
30.11
30.88
31.42
31.58
32.1
32.49
32.26
31.96
32.25
32.78
32.98
33.81
32.87
32.96
33.5
34.1
33.6
33.5
34.09
31.2
31.06
31.64
32.53
32.83
33.1
33.43
33.75
33.69
33.67
33.43
33.48
34.02
33.72
31.01
29.17
28.71
28.26
27.97
27.96
28.09
27.91
27.74
27.76
27.53
27.53
27.42
27.89
27.65
27.67
27.5
27.14
27.08
26.8
26.75
26.79
26.64
26.52
26.53
26.66
26.83
26.92
26.96
26.91
26.79
26.77
26.8
26.92
26.86
26.68
26.66
26.73
26.76
26.84
26.82
26.83
26.83
26.76
26.69
26.69
26.65
26.43
26.42
26.45
26.4
26.22
26.41
26.57
26.69
26.75
26.71
27.16
27.77
27.89
28.32
29.04
29.19
28.93
28.88
29.51
29.97
30.41
31.12
30.81
31.15
31.6
32.07
32.07
31.91
32.03
32.36
32.94
33.23
33.6
33.74
33.5
33.77
33.68
34.35
34.06
33.86
33.79
33.5
32.9
32.8
32.53
32.47
32.29
31.93
31.64
31.17
30.58
30.31
29.94
29.91
29.75
29.63
29.65
29.55
29.27
29
28.84
28.61
28.37
27.55
25.93
24.75
24.09
24.49
23.64
23.53
23.86
24.06
24.07
23.78
23.81
23.81
23.64
23.45
23.49
23.25
23.2
23.25
23.02
22.88
22.96
22.84
22.75
22.58
22.61
22.56
22.64
22.83
23.02
23.26
23.55
23.75
23.85
23.88
23.93
23.95
24.08
24.43
24.78
25.16
25.19
25.07
24.58
24.46
24.55
24.93
25.53
25.87
26.06
26.51
26.79
27.17
27.8
27.79
28.1
28.57
28.79
29.26
29.8
29.65
30.03
30.32
29.95
30.57
30.53
30.23
30.08
30.31
30.3
30.63
30.6
30.43
30.51
30.58
30.9
30.9
30.55
30.68
30.39
30.06
29.74
29.25
28.65
28.32
28.13
27.98
27.66
27.61
27.41
27.35
27.5
26.59
24.92
24.44
24.18
24.23
24.22
24.09
24
24.05
24.31
24.36
24.38
24.37
24.24
24.03
23.89
23.77
23.56
23.33
23.33
23.26
23.21
23.28
23.35
23.37
23.49
23.45
23.47
23.44
23.45
23.38
23.28
23.14
23
23.1
23.16
23.1
23.01
23.09
23.13
22.98
22.97
23.06
23.17
23.7
24.15
24.61
24.66
24.9
24.94
25.91
25.52
25.93
26.89
27.28
27.98
28.44
28.89
28.72
29.55
29.64
29.9
30.11
30.39
31.04
30.94
30.96
31.51
31.82
31.45
31.48
31.96
31.87
31.75
32.4
32.85
33
31.9
32.66
33.22
32.09
32
32.15
32.35
32.26
31.9
30.66
30.46
30.44
30.21
29.87
29.42
29.6
29.06
28.39
28.21
28.36
28.18
28.14
27.63
27.53
27.55
27.1
26.94
26.89
26.98
26.85
26.58
26.51
26.37
26.33
26.19
25.84
25.53
25.48
25.44
25.28
25.16
25.08
25.07
25.12
24.97
24.93
24.96
24.93
25.02
25.18
25.29
25.31
25.35
25.54
25.84
25.9
25.6
25.16
24.71
24.43
24.57
24.8
25.22
25.68
26.01
26.43
26.78
26.96
27.12
27.34
27.34
27.83
27.84
28.55
28.94
29.25
29.35
29.88
30.57
30.14
30.8
30.56
31.07
31.27
32.07
31.38
31.21
31.38
31.67
32.18
31.99
32.46
32.53
32.12
33
33.29
33.95
34.13
33.68
33.28
31.5
29.31
27.73
26.42
25.81
25.5
24.64
24.08
24.13
24.24
24.3
24.06
24.12
24.22
24.29
24.37
24.52
24.35
24.06
23.94
23.9
23.93
23.96
23.78
23.53
23.36
23.36
23.35
23.4
23.49
23.58
23.69
23.84
23.96
24.13
24.16
24.17
24.02
23.7
23.61
23.53
23.5
23.49
23.49
23.57
23.68
23.77
23.85
23.91
23.96
23.95
23.95
23.98
24.05
24.12
24.17
24.12
24.08
24.15
24.39
24.64
24.91
24.94
25.55
26.79
26.87
27.98
27.17
26.78
27.21
27.32
28.4
29.43
29.06
29.01
29.15
29.64
29.56
29.72
30.02
30.14
30.32
31.45
30.9
30.36
30.6
31.07
31.15
31.04
31.05
30.65
30.77
30.83
30.82
30.79
30.81
30.41
30.32
29.45
28.82
28.97
28.64
28.37
28.07
27.71
27.48
27.36
27.22
27.01
27.09
27.18
27.14
27.02
26.81
26.59
26.46
26.36
26.16
26.04
25.85
25.78
25.72
25.67
25.59
25.46
25.4
25.46
25.41
25.36
25.24
25.15
25.07
24.96
24.92
24.93
24.86
24.83
24.85
24.82
24.77
24.75
24.75
24.77
24.72
24.74
24.7
24.69
24.77
24.88
24.96
24.97
24.96
24.94
24.96
25.01
25.05
25.08
25.13
25.82
25.9
26.24
26.32
26.26
26.34
26.78
26.91
27.05
27.09
26.92
27.57
27.89
28.19
28.28
28.22
28.2
28.37
28.32
28.35
28.46
28.54
28.59
28.71
28.71
28.48
28.43
28.54
28.46
29.02
28.89
28.85
28.51
28.47
28.5
28.5
28.34
27.77
27.23
26.83
26.55
26.24
26.22
26.15
26.01
25.72
25.82
25.95
25.79
25.56
25.57
25.46
25.49
25.14
25.11
24.91
24.76
24.52
24.28
24.28
24.31
24.23
23.97
23.82
23.79
23.66
23.66
23.69
23.54
23.51
23.47
23.4
23.35
23.04
22.94
22.87
22.95
23.05
22.99
22.9
22.89
22.83
22.76
22.96
23.05
23.06
23.17
23.26
23.3
23.31
23.35
23.65
24.24
25.08
25.2
25.15
25.48
25.84
25.74
26.22
26.11
26.22
26.91
27.13
27.66
27.65
27.86
28.63
28.67
28.06
28.47
28.83
28.83
28.94
28.61
29.5
29.77
30.06
30.31
29.34
29.88
29.88
30.22
30.2
31.13
30.46
30.65
31.94
31.42
31.13
31.62
30.65
30.65
30.35
30.09
29.73
29.25
28.57
28.13
27.77
27.35
26.94
26.95
26.75
26.32
26.07
26.05
26.06
26.04
25.87
25.92
25.92
25.72
25.7
25.72
25.72
25.58
25.62
25.48
25.45
25.57
25.61
25.65
25.76
25.63
25.42
25.26
25.3
25.39
25.25
25.13
25.03
25.01
24.96
25.02
24.89
24.75
24.76
24.72
24.7
24.66
24.58
24.49
24.55
24.6
24.55
24.62
24.94
25.39
26.15
26.2
26.36
26.87
27.21
28.11
28.24
28.33
28.22
28.37
28.7
28.88
29.24
29.66
29.75
29.95
30.48
30.76
30.91
31.38
31.17
31.26
31.44
31.37
31.53
30.87
27.87
28.42
30.04
30.59
30.61
30.12
30.23
30.66
30.95
31.06
31.18
30.58
31.12
31.18
31.6
31.29
30.88
30.17
29.79
29.81
29.59
29.39
29.17
28.93
28.66
28.24
27.95
27.8
27.38
27.35
27.66
27.04
26.69
26.48
26.66
26.5
26.32
26.47
26.52
26.68
26.73
26.77
26.82
26.78
26.73
26.66
26.58
26.57
26.56
26.56
26.55
26.45
26.44
26.36
26.33
26.21
26.16
26.1
25.99
25.89
25.87
25.84
25.82
25.8
25.72
25.64
25.64
25.7
25.73
25.95
26.29
26.58
26.83
27.01
27.83
27.9
28.42
28.96
28.99
29.23
29.6
29.98
30.3
30.58
30.68
31
31.37
31.82
32.08
32.37
32.09
32.35
32.73
32.42
33.15
33.25
33.4
33
33.14
32.87
32.99
31.71
29.9
29.89
30.21
30.25
29.94
29.8
29.7
29.39
29.26
29.09
28.61
28.06
27.56
27.63
28.08
27.64
27.23
27.32
27.48
27.31
26.58
26.51
26.62
26.47
26.41
26.35
26.36
26.35
26.31
26.19
26.08
25.99
25.93
25.89
25.86
25.93
26.09
26.13
26.06
25.93
26.08
26.16
26.16
26.17
26.17
26.04
25.89
25.6
25.35
25.34
25.19
25.2
25.2
25.13
25.09
24.92
24.81
24.74
24.78
24.84
24.86
24.68
24.69
24.91
25.22
25.5
25.79
26.07
26.31
26.49
26.75
26.98
27.16
27.37
27.52
27.91
28.73
28.93
29.3
29.63
30.22
30.5
30.77
30.94
31.12
31.11
31.51
31.55
31.38
31.79
31.83
31.75
31.85
32.35
32.39
32.46
32.28
32.53
32.31
32.28
31.71
31.12
30.78
30.62
30.4
29.97
29.55
29.56
29.68
29.27
29.05
29.01
28.99
28.4
28.17
28.14
28.21
28.24
28.11
27.77
27.59
27.55
27.46
27.05
26.93
26.81
26.57
26.32
26.38
26.26
26.1
25.97
25.95
25.88
25.91
25.8
25.48
25.36
25.36
25.35
25.36
25.49
25.54
25.39
25.56
25.89
25.77
25.59
25.38
25.52
25.65
25.65
25.58
25.65
25.75
25.81
25.69
25.74
26.02
26.37
26.67
26.57
26.75
27.24
27.58
28.07
28.67
28.59
28.7
28.96
29.36
29.61
30.06
30.22
30.74
31.05
31.42
31.5
31.7
31.76
31.91
31.96
31.97
32.27
32.51
32.87
32.72
32.29
32.74
33.27
33.08
33.49
33.62
33.21
32.96
33.06
33.06
33.21
33.12
32.83
32.59
31.94
31.26
30.99
30.97
30.55
30.08
29.84
29.54
29.5
29.51
29.29
29.09
28.95
28.76
28.81
28.38
28.37
28.2
28.03
28.08
28.02
27.88
27.65
27.74
27.84
27.42
27.19
26.82
26.72
26.7
26.6
26.61
26.67
26.73
26.83
26.72
26.47
26.41
26.43
26.46
26.65
26.52
25.93
25.44
25.26
25.14
25.08
25.19
25.3
25.23
25.08
24.93
25.01
25.2
25.39
26.05
26.81
28.15
28.67
29.27
28.85
28.92
29.06
29.2
29.35
29.74
30.28
30.44
30.65
30.91
31.7
32.14
32.02
32.14
32.45
32.52
32.62
32.83
33.02
33.31
33.3
33.71
33.59
34.08
33.54
34.57
34.81
34.73
34.68
33.67
33.34
32.83
33.13
33.61
33.29
33.62
32.86
32.64
31.78
31.29
31.44
31.58
31.44
30.95
30.79
30.47
29.67
29.63
29.28
29.02
28.63
28.58
28.79
28.79
28.42
27.89
27.9
27.71
27.38
27.34
27.69
27.53
26.76
26.77
26.82
26.79
26.5
26.52
26.5
26.44
26.14
26.16
26.15
26.18
26.35
26.55
26.55
26.78
26.67
26.63
26.61
26.54
26.75
26.52
26.11
26.02
25.77
26.09
26.35
26.17
26.13
26.21
26.43
26.5
26.98
27.83
28.64
29.08
28.79
29.02
29.44
29.8
30.44
31.04
31.48
31.63
31.8
32.07
32.35
33.28
33.1
33.22
32.74
33.29
33.33
33.26
33.49
33.9
34.36
33.75
34.7
34.6
34.74
33.34
33.56
33.29
33.27
33.09
33.16
33.08
32.46
32.23
31.94
31.36
30.52
30.22
30
29.94
29.81
29.74
29.9
30.02
29.78
29.7
29.38
29.14
28.93
28.76
28.47
28.07
27.86
28.33
28.6
28.23
27.42
27.91
28.08
27.43
27.25
26.96
26.43
26.37
26.25
26.39
26.25
26.07
25.98
26
25.67
25.66
25.53
25.37
25.09
25.16
25.49
25.45
25.37
25.07
24.91
24.79
24.79
24.96
24.95
24.9
25
25.36
26.1
27.45
27.69
29.01
29.32
28.71
28.88
29.2
29.67
29.38
29.54
30.22
30.44
30.49
31.31
31.42
31.92
31.71
31.99
32.34
32.23
32.23
32.68
32.63
32.83
32.85
33.14
33.27
33.37
33.44
33.94
33.8
33.73
34.2
34.58
35.4
34.63
34.93
34.1
33.66
32.48
32.01
31.63
31.18
31.02
30.37
30.06
29.7
29.36
29.24
28.74
29.12
29.05
29.01
28.73
28.46
28.44
28.36
27.84
27.6
27.42
27.23
27.01
27.07
27.1
27
27.07
27.26
27.26
27.02
26.92
26.86
26.84
26.95
27.03
26.59
26.16
26.04
26.15
26.21
26.12
26.14
26
25.86
25.84
25.86
25.91
25.9
25.75
25.74
25.76
25.82
25.71
25.7
25.68
25.83
26.22
26.91
27.35
27.68
28.35
28.63
29.24
29.12
29.98
29.94
29.34
29.67
29.8
30.34
30.81
31.16
31.61
31.84
32.31
33.01
31.67
31.87
31.99
32.16
32.61
32.6
32.3
32.81
33.71
33.19
33.23
33.43
33.2
33.16
32.94
32.78
32.61
32.58
32.4
32.36
32.25
31.83
31.47
31.13
30.74
30.92
30.84
30.32
29.92
29.95
30.15
29.5
28.34
27.63
27.24
26.91
26.66
26.52
26.41
26.25
26.02
25.92
25.82
25.71
25.7
25.51
25.32
25.15
25.05
24.92
24.86
24.85
24.76
24.7
24.63
24.59
24.62
24.49
24.47
24.38
24.42
24.44
24.44
24.36
24.36
24.33
24.34
24.34
24.32
24.35
24.36
24.39
24.38
24.26
24.23
24.45
24.61
24.88
25.17
25.55
26.13
26.58
26.94
27.08
27.28
27.4
27.87
28.27
28.41
28.69
29.13
29.66
29.83
29.85
30.42
30.54
30.16
30.42
30.82
30.7
30.89
31.04
31.43
31.84
31.37
32.13
32.23
33.61
32.56
32.64
33.15
32.88
32.19
32
32.59
32.03
32.26
32.43
30.78
30.22
30.29
30.1
29.96
28.97
27.81
27.46
26.97
26.69
26.47
26.23
25.87
25.65
25.64
25.56
25.3
24.97
24.83
24.46
24.34
24.28
24.48
24.61
24.58
24.6
24.78
24.76
24.8
24.85
24.82
24.82
24.8
24.74
24.79
24.81
24.72
24.72
24.77
24.72
24.68
24.71
24.81
24.87
24.84
24.78
24.5
24.23
23.95
23.81
23.75
23.73
23.85
24.19
24.38
24.18
24.87
25.3
25.27
25.43
25.79
25.76
25.85
26.8
26.96
27.51
27.62
27.83
28.31
28.75
29.31
29.49
29.91
30.05
30.32
30.42
30.83
31.15
31.18
31.5
31.64
32.27
32.27
32.59
31.91
31.79
31.45
31.24
31.58
32.14
31.73
31.1
30.24
27.2
22.97
22.13
22.35
22.24
22.28
22.5
22.61
22.72
22.55
22.54
22.4
22.3
22.35
22.35
22.48
22.51
22.56
22.49
22.46
22.49
22.43
22.28
22.23
22.21
22.3
22.42
22.43
22.5
22.63
22.74
22.77
22.9
23.09
23.2
23.27
23.3
23.35
23.35
23.32
23.2
23.11
22.94
22.73
22.65
22.62
22.67
22.76
22.77
22.73
22.73
22.74
22.69
22.68
22.64
22.34
22.41
22.62
23.09
23.81
24.5
26.43
26.33
26.68
27.04
27.38
27.23
27.79
28.43
27.99
27.82
28.01
28.85
28.43
29.07
29.23
29.99
29.93
29.75
30.38
30.22
30.51
30.62
30.95
31.09
31.16
31.22
31.57
31.4
31.74
31.45
31.46
31.25
31.38
31.21
31.76
30.84
30.26
29.86
29.85
28.59
27.01
26.25
25.85
25.57
25.46
25.46
25.6
25.71
25.47
25.06
25.24
25.41
25.87
26.12
25.77
25.67
25.4
25.29
25.54
25.42
24.97
25.09
25.12
24.85
24.73
24.6
24.69
24.51
24.41
24.32
24.28
24.24
24.24
24.4
24.72
24.6
24.57
24.4
24.22
23.98
23.95
23.85
23.63
23.47
23.48
23.4
23.45
23.41
23.38
23.3
23.32
23.44
23.5
23.75
23.9
24.87
26.78
26.41
27.14
27.19
26.53
26.72
27.27
27.84
28.21
28.63
29
29.28
29.73
30
30.3
30.63
30.78
30.69
30.55
31.19
30.95
31.16
31.21
31.35
31.56
31.38
31.79
32.22
32.35
32.01
32.02
31.93
32.14
31.81
31.29
30.74
27.87
27.62
25.2
22.45
22.56
22.92
23.24
23.59
24.2
23.62
24.22
24.54
24.35
25.18
25.94
25.18
25.09
24.9
24.69
24.43
24.28
24.3
24.33
24.27
24.24
24.16
24.22
24.25
24.3
24.36
24.41
24.44
24.45
24.54
24.65
24.69
24.62
24.55
24.5
24.48
24.48
24.43
24.36
24.3
24.25
24.17
24.08
24.06
23.99
23.99
23.96
23.91
24.01
24.16
24.43
24.77
25.06
25.28
25.48
25.84
26.18
26.67
27.08
27.45
27.18
26.94
27.42
27.69
27.74
27.91
28.18
28.66
29.32
29.49
29.91
30.22
30.29
30.04
30.39
30.78
30.49
30.58
30.91
31.28
31.45
31.95
31.85
31.72
31.95
32.92
32.27
32.36
33.08
33.47
32.58
31.93
31.34
30.84
30.9
30.71
30.24
30.06
29.42
28.75
28.42
28.52
28.42
28.13
27.57
27.46
27.47
27.2
27.16
26.98
27.09
27.2
27.2
27.19
27.16
27.07
26.8
26.6
26.53
26.5
26.66
26.66
26.76
26.61
26.5
26.35
26.13
26.01
25.99
25.95
25.93
25.82
25.75
25.69
25.56
25.56
25.52
25.46
25.4
25.33
25.34
25.38
25.42
25.42
25.46
25.53
25.51
25.74
26.02
26.44
26.79
26.95
27.16
27.44
27.78
27.71
27.97
28.46
28.79
29.34
29.69
29.96
30.24
30.45
31.11
31.22
31.31
31.58
31.51
31.97
31.98
32.06
31.97
32.35
32.42
32.57
32.8
32.83
33.04
33.09
33.26
33.15
33.04
32.57
32.74
33.06
33.31
32.54
32.06
32.02
31.99
31.86
31.38
29.68
29.92
29.8
29.1
29.17
28.99
28.35
27.92
27.51
27.18
27.09
26.89
26.6
26.18
25.96
25.89
25.9
25.82
25.84
25.87
25.93
25.86
25.84
25.67
25.62
25.41
25.23
25.12
25.15
25.06
25.02
25.12
25.31
25.45
25.78
25.88
25.81
26.09
25.95
26.06
26.29
26.26
25.98
25.83
25.72
25.67
25.62
25.59
25.64
25.58
25.82
26.44
26.58
27.12
27.49
27.68
28.02
28.41
28.68
28.67
28.87
29.35
29.89
30.18
30.52
30.78
31.36
31.57
32.03
32.12
32.37
32.62
32.54
32.63
32.82
32.67
32.65
33.16
32.72
33
32.19
31.93
31.82
30.68
29.16
27.84
27.04
26.34
26.37
26.55
27.6
28.86
29.14
28.84
28.6
27.94
27.5
27.06
27.07
26.66
26.62
26.55
26.41
26.51
26.51
26.6
26.6
26.57
26.43
26.45
26.56
26.61
26.63
26.52
26.42
26.81
26.79
26.63
26.47
26.42
26.18
25.83
25.57
25.61
25.59
25.44
25.28
25.19
25.21
25.2
25.34
25.36
25.23
25.11
24.94
24.8
24.66
24.54
24.48
24.38
24.33
24.33
24.33
24.24
24.22
24.26
24.31
24.8
25.07
25.37
25.79
26.1
26.55
26.88
27.52
27.53
27.99
28.35
28.75
29.29
29.7
30.07
30.34
30.74
30.86
31.29
31.86
31.62
32.06
31.31
30.84
30.69
31.72
32.14
32.16
32.04
31.9
32.63
32.59
32.08
31.97
31.51
29.09
27.91
28.15
28.4
28.19
28.02
28.33
28.23
27.82
27.31
26.99
26.69
26.37
26.34
26.2
26.13
26.19
26.31
26.28
26.38
26.4
26.31
25.33
24.73
24.53
24.37
24.32
24.04
23.84
23.75
23.73
23.65
23.66
23.69
23.7
23.71
23.67
23.64
23.55
23.47
23.32
23.17
23.03
22.9
22.76
22.8
22.71
22.31
21.99
21.77
21.63
21.46
21.5
21.59
21.6
21.66
21.62
21.46
21.28
21.21
21.18
21.24
21.24
21
20.9
21
21.25
21.52
21.88
22.24
22.5
22.31
22.19
22.04
22.08
22.02
22.14
22.64
23.33
23
22.64
22.04
22.21
22.33
23.15
23.27
22.82
21.83
21.61
21.67
21.31
21.32
21.4
21.03
21.39
21.55
21.31
21.18
20.85
20.69
21.03
20.93
20.74
20.7
20.55
20.43
20.4
20.33
20.12
20.15
20.16
20.21
20.22
20.18
20.2
20.21
20.23
20.26
20.25
20.19
20.21
20.29
20.31
20.32
20.3
20.3
20.31
20.31
20.29
20.27
20.2
20.12
19.99
19.92
19.88
19.85
19.81
19.74
19.76
19.67
19.61
19.52
19.54
19.52
19.44
19.37
19.32
19.25
19.24
19.25
19.19
19.18
19.1
19.06
19.05
19.08
19.26
19.34
19.59
19.86
20.06
20.38
20.83
21.15
21.31
21.6
22.13
22.19
22.55
22.99
23.68
24.02
24.22
24.86
25.33
25.68
25.78
25.86
26.33
26.22
26.33
27.06
26.62
26.74
27.61
27.33
27.52
27.1
27.3
27.35
26.98
27.25
27.08
27.05
27.03
26.91
26.62
26.46
26.15
25.82
25.36
24.78
24.43
24.1
24.01
23.8
23.54
23.36
23.21
23.06
22.82
22.71
22.61
22.58
22.45
22.27
22.09
21.94
21.81
21.56
21.43
21.38
21.42
21.41
21.26
21.11
20.97
20.83
20.72
20.59
20.5
20.53
20.56
20.57
20.56
20.53
20.6
20.57
20.56
20.57
20.56
20.53
20.54
20.48
20.39
20.27
20.22
20.15
20.04
19.97
19.94
19.88
19.88
20.22
20.61
20.75
20.89
21.26
21.88
22.39
22.51
23.01
23.2
23.82
24.42
24.73
25.27
25.56
26.03
26.27
26.75
27.01
27.65
28.34
28.72
28.35
27.99
28.09
27.76
27.91
27.84
28.04
27.84
27.89
27.59
27.76
27.8
28.25
28.21
28.37
28.25
28.33
28.18
27.99
27.83
27.48
27.03
26.7
26.36
26.38
26.32
26.15
25.84
25.78
25.65
25.43
25.36
25.24
25.25
25.09
24.82
24.6
24.42
24.12
23.92
23.8
23.75
23.85
23.83
23.84
23.87
23.8
23.87
23.75
23.68
23.59
23.34
23.34
23.19
23.1
23.17
23.19
23.05
23
22.97
23.1
22.97
22.91
22.87
22.65
22.6
22.57
22.6
22.66
22.8
22.94
22.86
22.81
22.92
23.1
23.4
23.97
24.38
24.85
25.34
25.52
25.87
26.01
26.51
26.14
26.69
26.99
27.32
27.83
27.79
28.56
28.98
28.98
29.48
29.41
29.73
30.16
30.61
30.59
30.69
30.99
31.31
31.53
31.95
32.24
32.77
32.53
33.18
33.24
33.09
32.26
32.38
31.88
31.14
31.11
30.92
30.45
30.19
29.96
29.53
29.69
29.58
29.85
29.28
28.59
28.49
28.7
27.5
26.98
27.39
27.57
27.59
27.46
26.94
27.29
27.39
27.17
26.56
26.3
26.14
26.12
25.92
25.8