25.98
26
26.01
26
25.94
25.84
25.77
25.87
26.02
26.09
25.8
25.82
26
26.08
26
26
26.04
25.97
25.9
25.99
25.94
25.91
25.85
25.81
25.63
25.6
25.51
25.64
25.65
25.8
26.39
26.78
26.96
27.21
27.3
27.38
27.34
27.79
28
28.62
28.56
29.17
29.31
29.55
29.98
29.95
30.29
30.71
30.66
30.72
30.88
30.86
31.24
30.88
31.07
31.3
31.33
31.16
31.06
31.2
31.46
31.87
31.21
30.71
30.02
29.6
29.42
29.23
28.96
28.69
28.48
28.34
28.24
26.85
24.83
22.33
22.3
22.24
22.31
22.29
22.22
22.3
22.47
22.55
22.69
22.79
22.6
22.41
22.35
22.35
22.43
22.58
22.62
22.55
22.67
22.64
22.82
22.81
22.75
22.69
22.4
22.46
22.45
22.32
22.39
22.46
22.64
22.8
22.93
23.07
23.15
23.15
23.16
23.19
23.23
23.19
23.16
23.19
23.12
23.09
23.09
23.09
23.12
23.15
23.25
23.18
23.08
23.26
23.31
23.58
24.24
24.9
25.34
25.31
25.37
25.91
25.88
25.92
26.18
26.26
26.48
27.01
26.93
27.38
27.31
27.38
27.35
27.53
27.39
27.55
27.56
27.51
27.52
27.6
27.9
28.03
28.13
28.11
27.85
28.44
28.93
29.37
28.82
28.37
27.21
26.57
26.23
25.93
25.6
25.32
25.11
24.89
24.69
24.51
24.41
24.35
24.23
24.14
24.08
24.09
24.02
23.93
23.87
23.91
23.93
23.98
23.68
23.25
22.85
22.66
22.47
22.47
22.27
22.1
22.36
22.64
22.6
22.4
22.31
22.22
22.45
22.62
22.74
22.8
22.74
22.73
22.77
22.73
22.78
22.81
22.85
22.85
22.88
22.9
22.87
22.86
22.98
23.05
23.05
23.07
23.26
23.46
23.78
24.13
24.03
24.05
24.12
24.08
23.99
23.87
23.94
24.08
24.08
24.48
24.67
24.73
24.94
25.15
25.11
25.18
25.3
25.58
26.03
26.04
26.06
26.22
26.48
26.46
26.54
26.34
26.48
26.41
25.85
25.57
25.6
25.15
24.83
24.68
24.66
24.57
24.49
24.38
24.28
24.21
24.08
23.92
23.72
23.58
23.29
23.16
23.11
23.13
23.18
22.99
22.88
22.8
22.74
22.77
22.77
22.78
22.82
22.96
22.94
22.92
22.95
22.99
23.03
23.03
22.85
22.73
22.42
22.16
22.06
22.17
22.16
22.04
21.83
21.68
21.56
21.49
21.44
21.32
21.31
21.28
21.14
20.76
20.49
20.55
20.61
20.61
20.58
20.63
20.61
20.62
20.65
20.79
20.91
21.08
21.29
21.71
22.11
22.45
22.61
22.42
22.36
22.63
22.74
22.78
23.21
23.26
23.53
23.77
23.88
24.05
24.53
24.63
24.77
25.05
24.93
25.36
25.75
25.6
25.57
25.04
25.05
25.13
25.28
25.39
25
25.11
24.83
24.73
24.8
24.7
24.66
24.5
24.84
24.42
23.83
23.57
23.43
23.31
23.23
23.2
23.23
23.42
23.53
23.49
23.47
23.4
23.3
23.25
23.22
23.19
23.06
22.94
22.88
22.9
22.9
22.97
23.01
23.04
23.02
22.99
22.92
22.87
22.8
22.78
22.68
22.55
22.4
22.22
22.01
21.79
21.57
21.46
21.37
21.36
21.29
21.21
21.13
21.14
21.15
21.09
21.04
20.98
20.91
20.86
20.8
20.86
21.03
21.19
21.3
21.5
21.87
21.95
22.28
22.59
23.21
23.29
23.36
23.31
23.53
23.8
24.01
24.16
24.68
24.94
25.17
25.26
25.43
25.28
25.05
25.12
25.7
25.77
26.22
26.05
26.27
26.52
26.58
26.54
26.81
26.49
26.29
26.36
26.55
26.56
26.59
26.53
26.49
26.27
26.06
25.93
25.6
25.04
24.57
24.24
24.19
24.24
24.17
24.19
23.98
23.76
23.64
23.55
23.47
23.28
23.04
22.82
22.71
22.68
22.6
22.6
22.54
22.47
22.42
22.46
22.38
22.33
22.25
22.18
22.12
22.03
21.96
21.96
21.93
21.89
21.83
21.81
21.82
21.82
21.79
21.74
21.7
21.68
21.65
21.65
21.57
21.47
21.43
21.37
21.36
21.36
21.37
21.5
21.75
22.16
22.37
22.59
23.02
23.75
24.03
24.59
24.98
24.88
25.03
25.2
25.49
26
26.42
26.63
27.46
27.21
27.31
26.33
27.78
27.43
28.08
27.61
27.4
27.73
27.77
27.93
27.98
28.27
28.39
28.3
28.72
29.1
28.63
29.13
29.1
29.14
29.13
29.12
29.46
29.26
29.7
28.91
28.17
27.76
27.36
26.86
26.72
26.19
26.1
26.05
25.76
25.54
24.99
24.95
24.9
24.89
24.68
24.34
24.2
23.95
23.75
23.63
23.6
23.58
23.6
23.56
23.51
23.31
23.26
23.22
23.16
23.16
23.15
22.94
22.76
22.68
22.56
22.42
22.36
22.38
22.34
22.36
22.25
22.21
22.12
22.04
22.1
22.12
22.06
22.02
21.91
21.82
21.8
21.96
22.33
22.69
22.98
23.65
24.35
24.82
25.41
25.7
25.84
26.36
26.26
26.49
26.9
27.52
28.05
27.93
28.14
28.64
28.68
28.96
29.2
29.58
29.52
29.71
29.14
28.58
28.69
29.49
30.02
29.94
29.75
30.07
29.99
30.25
30.22
30.44
30.65
30.57
30.03
30.05
29.8
29.59
29.5
29.09
28.68
28.21
28.01
27.59
27.55
27.33
26.79
26.74
26.63
26.32
25.96
25.98
25.7
25.24
25.22
25.13
25.01
24.99
25.01
24.94
24.83
24.75
24.6
24.75
24.62
24.58
24.44
24.16
24.01
24.05
24.04
23.97
23.78
23.55
23.31
23.18
23.16
23.13
23.15
23.12
23.13
23.14
23.24
23.1
23.17
23.2
23.17
23.13
23.1
23.11
23.16
23.28
23.46
23.78
24.23
25.13
27.06
27.27
27.31
27.57
28.07
28.27
28.2
28.29
28.84
28.84
28.92
29.67
29.94
30.49
30.57
30.73
31.24
31.47
31.31
31.93
32.78
32.07
31.71
31.08
30.93
32.3
31.49
31.57
31.38
31.34
31.57
31.5
31.48
30.39
30.48
31.07
31.25
31
31.13
30.57
30.19
29.6
28.89
28.57
28.34
28.18
27.8
27.65
27.59
27.55
27.4
27.47
27.26
27.2
27.13
26.85
26.76
26.69
26.52
26.68
26.53
26.34
26.18
26.15
26.18
26.24
26.27
26.4
25.97
25.92
26.06
25.93
25.86
25.52
25.26
25.18
25.05
25.03
25.06
25.03
25.06
25.09
25.04
24.95
24.93
24.95
25
24.89
24.84
24.85
24.82
24.83
24.93
25.1
25.5
26.03
26.11
26.18
26.27
26.62
26.84
27.28
27.29
27.95
28.05
28.94
29
29.16
29.65
29.78
30.26
30.61
30.72
30.83
30.74
30.41
30.36
31.28
31.34
31.18
31.98
32.07
31.72
32.24
32.84
32.43
31.94
30.28
26.19
25.2
24.68
24.58
24.82
24.89
24.94
25.01
25.14
25.3
25.44
25.5
25.37
25.2
25.07
25.06
25.04
25.14
25.14
25.2
25.21
25.26
25.3
25.31
25.37
25.47
25.5
25.5
25.54
25.52
25.49
25.51
25.53
25.53
25.5
25.51
25.52
25.54
25.48
25.25
25.07
24.84
24.7
24.65
24.64
24.63
24.52
24.51
24.56
24.67
24.71
24.75
24.61
24.58
24.63
24.73
24.8
24.86
24.91
25.1
25.52
25.69
25.86
26.52
27.33
27.77
27.71
28.42
27.97
28.07
28.22
28.28
28.53
28.82
29.26
29.32
29.82
30.25
30.52
30.74
30.93
30.93
31.33
31.3
31.46
31.88
31.83
31.89
32.22
33.18
32.94
32.86
32.74
32.62
32.53
32.59
32.48
32.67
33.26
32.89
33.04
33.47
32.76
31.77
31.09
30.96
30.88
30.08
30.02
30.12
30.44
30.17
29.1
28.75
28.82
28.77
28.48
28.13
28.32
28.48
27.55
27.49
27.61
28.08
27.83
27.63
27.56
27.37
27.11
26.97
26.71
26.82
26.72
26.71
26.49
26.48
26.53
26.39
26.33
26.27
26.22
26.2
26.24
26.19
26.12
26.06
26.03
25.92
25.9
25.92
25.95
26.01
26.08
26.16
26.27
26.42
26.83
27.11
27.49
27.82
28.24
28.61
29
29.37
29.5
29.72
29.94
30.22
30.08
30.18
30.31
30.83
31.18
31.34
31.38
31.59
31.94
31.66
32.2
32.35
32.72
33.22
32.96
33.22
33.43
32.91
33.1
33.91
33.36
33.64
34.05
33.69
34.04
34.77
34.39
33.4
33.71
33.48
32.32
31.84
31.43
31.13
30.96
30.72
30.65
30.47
30.81
30.96
30.87
29.32
28.7
28.88
28.31
28.46
28.16
27.96
27.79
27.64
27.62
27.68
27.6
27.59
27.46
27.28
27.17
27.12
27.18
27.09
26.94
26.96
27.01
27.03
27.04
26.94
26.78
26.61
26.6
26.57
26.33
26.1
26.04
25.93
25.84
25.93
26.05
26.04
26.12
26.03
25.96
25.91
25.88
25.94
26.19
26.56
27.01
27.34
27.84
28.41
28.98
29.45
29.61
29.59
29.43
29.52
29.65
30.13
30.56
30.88
31.44
31.85
31.87
32.05
31.96
32.17
32.25
32.18
32.45
32.92
32.36
32.36
32.49
32.55
32.43
32.72
32.86
33.05
30.66
29.49
28.11
28.59
28.69
28.73
28.77
28.71
28.46
28.25
28.05
27.9
27.75
27.67
27.62
27.6
27.68
27.55
27.4
27.15
27.09
26.9
26.98
26.94
26.76
26.73
26.71
26.77
26.9
26.83
26.84
26.88
26.89
26.86
26.77
26.84
26.87
26.96
26.83
26.7
26.64
26.63
26.58
26.46
26.49
26.46
26.43
26.44
26.44
26.43
26.47
26.47
26.51
26.58
26.61
26.48
26.43
26.29
26.23
26.3
26.3
26.24
26.19
26.14
26.06
26.09
26.14
26.33
26.65
27
27.21
27.7
28.07
28.48
28.89
29.2
29.38
29.57
29.98
30.4
30.76
31.07
31.28
31.5
31.7
31.83
31.82
32.03
32.15
32.51
32.67
32.45
32.57
32.31
32.29
32.75
32.55
32.28
32.35
32.37
32.55
32.81
32.76
32.66
32.5
32.12
31.59
31.48
31.17
30.86
30.66
30.81
30.63
30.57
30.14
29.27
29.5
29.81
28.57
28.23
28.13
28.04
27.93
27.74
27.77
27.75
28
28.24
27.92
27.51
27.15
26.89
26.7
26.54
26.43
26.31
26.25
26.21
26.25
26.25
26.19
26.11
26.03
25.94
25.87
25.73
25.63
25.55
25.46
25.48
25.49
25.5
25.44
25.43
25.36
25.29
25.28
25.23
25.19
25.27
25.54
25.12
25.05
25
25.05
25.4
26.63
26.54
26.64
26.78
27.29
27.76
28.43
28.86
29.2
29.99
30.11
28.24
24.27
23.62
23.61
23.75
24.07
23.78
23.4
23.13
22.84
22.75
22.77
22.83
22.91
23.04
23.34
23.52
23.46
23.33
23.19
23.01
22.85
22.76
22.66
22.48
22.26
22.08
21.88
21.74
21.64
21.59
21.5
21.2
20.23
19.72
19.54
19.46
19.17
18.99
18.87
18.73
18.66
18.73
18.72
18.57
18.33
18.17
18.13
17.98
17.96
17.92
17.84
17.8
17.73
17.58
17.41
17.43
17.4
17.36
17.45
17.27
17.12
17.12
16.99
16.78
16.68
16.68
16.62
16.65
16.49
16.39
16.28
16.17
16.2
16.28
16.45
16.4
16.34
16.43
16.41
16.4
16.47
16.72
17.06
17.37
17.3
17.33
17.46
17.59
17.66
17.9
17.76
18.14
18.89
18.4
18.61
19.09
19.69
20.31
19.75
20.38
20.17
20.66
20.71
21.43
21.08
21.13
20.82
20.61
20.97
21.24
20.8
20.82
20.78
20.91
20.8
20.69
20.75
20.76
20.7
20.5
20.41
20.36
20.39
20.43
20.4
20.4
20.44
20.47
20.5
20.49
20.47
20.46
20.47
20.48
20.51
20.5
20.5
20.49
20.54
20.5
20.39
20.24
19.95
19.77
19.73
19.68
19.63
19.68
19.63
19.63
19.62
19.59
19.62
19.65
19.6
19.57
19.58
19.57
19.57
19.57
19.54
19.6
19.63
19.64
19.67
19.59
19.57
19.59
19.59
19.58
19.6
19.61
19.71
19.79
19.86
19.97
20.18
20.38
20.67
21.08
21.49
21.96
22.53
22.96
22.9
23.04
23.2
23.25
23.37
23.48
23.66
23.62
24.04
24.9
24.31
24.31
23.49
23.21
23.2
23.13
23.09
23.07
23
23.43
23.54
23.43
23.62
23.5
23.63
23.47
23.45
23.39
23.37
23.33
23.32
23.22
23.08
22.99
22.94
22.84
22.7
22.67
22.59
22.59
22.59
22.59
22.58
22.51
22.44
22.35
22.33
22.29
22.28
22.44
22.47
22.46
22.51
22.48
22.44
22.4
22.35
22.27
22.25
22.2
22.12
22.06
22.01
21.98
21.95
21.88
21.83
21.84
21.79
21.72
21.65
21.6
21.51
21.48
21.48
21.48
21.53
21.57
21.63
21.68
21.71
21.75
21.83
21.85
21.98
22.1
22.28
22.45
22.68
23.05
23.43
23.63
23.51
23.81
23.91
24.13
24.14
24.85
25.09
24.85
25.19
25.38
25.38
25.61
25.84
25.99
26.23
26.18
26.61
26.79
26.48
26.31
26.52
27.13
26.89
26.63
26.54
26.63
27.11
26.44
26.06
26.07
26.16
26.75
26.87
27
26.89
26.7
26.25
25.62
25.23
25.01
24.84
24.84
24.71
24.69
24.72
24.52
24.27
24.22
24.13
24.05
23.96
23.87
23.79
23.68
23.55
23.47
23.43
23.39
23.33
23.31
23.29
23.21
23.24
23.26
23.24
23.24
23.24
23.25
23.33
23.43
23.57
23.66
23.71
23.61
23.55
23.55
23.46
23.49
23.38
23.35
23.32
23.3
23.23
23.18
23.14
23.14
23.22
23.23
23.27
23.52
23.53
23.95
24.56
24.85
25.24
25.31
25.48
25.76
25.97
26.16
26.24
26.76
27.08
27.34
27.52
27.74
27.99
28.75
28.32
28.78
28.94
28.69
29.42
29.73
28.84
28.85
28.91
29.19
29.69
30.22
30.11
30.24
30.67
30.47
30.41
30.29
30.38
30.34
30.04
29.86
29.62
29.4
28.97
28.73
28.4
27.89
27.54
27.3
27.05
26.94
26.71
26.45
26.24
26.09
26.1
25.95
25.72
25.56
25.35
25.24
25.16
25.1
25.01
24.91
24.78
24.68
24.61
24.52
24.48
24.41
24.32
24.17
24.08
24.02
24.01
24.04
24.05
24.01
24.01
23.92
23.98
24.1
24.05
24.03
24.04
23.96
23.84
23.76
23.72
23.64
23.59
23.6
23.66
23.64
23.71
23.87
23.98
24.09
24.28
24.59
25.31
26.26
26.73
26.72
26.87
27.65
27.78
28.15
28.26
28.66
28.46
29.08
29.69
29.49
29.39
29.74
29.91
30.23
30.26
30.56
30.51
30.24
29.74
30.23
30.67
30.86
30.58
30.57
30.87
30.67
30.55
30.66
30.55
30.31
30.43
30.5
30.26
29.56
28.96
28.51
28.09
27.96
28.04
27.93
27.73
27.3
26.99
27.2
26.77
25.94
25.45
25.29
25.01
24.54
24.2
23.68
24.27
24.48
24.08
23.96
23.96
23.86
23.87
23.74
23.81
23.96
24.03
24.14
24.23
24.21
24.11
24.09
23.98
23.9
23.79
23.62
23.62
23.68
23.73
23.74
23.76
23.75
23.84
23.86
23.9
23.93
23.82
23.65
23.51
23.5
23.85
24.29
24.22
24.35
24.6
24.96
25.63
25.52
25.73
26.01
26.29
26.54
26.45
26.5
26.94
27.13
27.43
27.33
27.26
27.28
27.83
27.98
28.03
27.64
27.68
27.74
28.13
27.82
27.86
28.11
28.26
28.35
28.13
28.85
28.73
28.39
28.1
27.83
27.67
27.67
27.92
28.01
27.68
27.36
27.2
27.16
27.07
26.79
26.59
26.45
26.25
24.92
22.87
21.43
21.67
21.82
21.84
21.89
21.78
21.95
22.12
22.27
22.32
22.22
22.22
22.11
22.01
22
21.96
22.1
22.2
22.21
22.19
22.18
22.11
22.13
22.16
22.18
22.2
22.32
22.26
22.24
22.23
22.21
22.19
22.23
22.21
22.14
22.17
22.35
22.43
22.34
22.35
22.34
22.28
22.35
22.43
22.64
22.9
22.92
23.11
23.81
24.43
24.29
24.83
26.24
25.12
25.09
25.74
26.42
26.97
27.02
26.91
27.06
27.97
28.4
29
28.52
28.97
29.55
29.04
29.55
29.51
29.98
30.03
30.4
30.38
30.44
31.39
32.31
32.04
31.44
30.87
30.7
30.59
30.19
30.01
29.69
29.41
29.24
29.22
29.25
28.71
27.24
27.32
27.23
27.23
27.22
27.62
27.04
26.97
26.98
26.08
25.53
25.23
25.58
25.46
25.29
25.11
24.88
24.76
24.62
24.45
24.33
24.37
24.18
24.12
24.05
23.94
23.87
23.77
23.78
23.82
23.75
23.74
23.82
23.77
23.77
23.86
23.92
24.08
24.24
24.21
23.92
23.77
23.86
23.78
23.76
23.54
23.53
23.62
23.75
24.1
24.47
24.59
24.63
25.1
25.8
26.18
25.95
26.1
27.26
27.35
27.09
27.8
27.76
28.48
28.36
28.76
28.63
28.98
29.69
29.76
30.18
30.52
30.4
31.25
31.08
31.28
30.89
31.51
31.36
31.65
32.38
32.39
31.94
31.4
30.38
30.37
31.49
31.69
31.3
31.17
31.05
30.54
29.81
29.14
28.85
28.85
29.04
28.94
28.54
28.58
28.66
28.69
28.67
28.69
28.73
27.44
26.02
25.58
25.33
25.21
25.11
24.94
24.97
24.96
24.8
24.7
24.57
24.46
24.43
24.41
24.35
24.28
24.25
24.23
24.16
24.13
24.12
24.04
23.98
23.97
23.96
23.94
23.91
23.92
23.91
23.91
23.83
23.72
23.6
23.47
23.26
23.18
23.19
23.2
23.22
23.32
23.42
23.46
23.53
24.02
23.88
24.63
25.6
26.35
26.97
27.32
27.49
27.66
28.04
28.86
29.42
28.94
29.23
29.56
30.18
29.86
29.9
30.13
30.12
30.86
30.81
30.94
31.65
31.69
31.6
32
31.82
31.94
31.19
31.47
31.57
31.39
30.93
30.99
30.61
30.25
30.47
30.29
30.02
29.7
29.17
28.95
28.62
28.45
28.29
27.77
27.61
27.21
27.26
27.33
27.46
27.43
27.36
27.03
26.65
26.71
26.82
26.31
26.13
26.28
26.46
26.68
26.68
26.49
26.51
26.67
26.87
27.08
26.98
26.99
26.42
25.49
25.33
25.33
25.64
26.1
26.28
25.84
25.57
25.46
25.29
25.19
25.1
24.89
24.78
24.75
24.66
24.5
24.42
24.4
24.45
24.52
24.56
24.88
25.21
25.69
26.45
27.24
27.91
27.76
27.65
27.95
28.39
29.08
29.17
29.03
29.51
29.81
29.98
30.36
30.44
31.03
31.73
31.47
32.15
32.22
32.25
31.79
31.74
31.42
31.53
31.74
31.84
31.94
31.74
31.89
31.52
31.9
32.16
32.18
32.13
32.19
32.02
31.69
30.75
29.21
28.43
28.2
28.33
28.5
28.86
29
28.86
28.49
27.55
27.29
27.24
26.86
26.84
26.99
26.97
27.08
27.39
26.85
26.51
26.46
26.4
26.63
25.84
25.76
25.9
25.88
25.95
25.98
25.87
25.72
25.71
25.56
25.48
25.34
25.29
25.49
25.43
25.18
25.03
25.08
25.01
24.88
24.77
24.74
24.71
24.82
24.88
24.89
24.95
24.87
24.92
25.15
25.6
25.89
26.83
26.86
27.3
27.29
27.29
26.94
27.13
27.17
27.48
27.97
28.4
28.79
28.81
29.15
29.45
29.66
29.58
29.98
30.58
30.49
30.7
30.55
30.8
30.86
30.97
31.17
31.53
32.44
32.11
31.73
30.8
31.63
31.46
31.79
31.51
31.01
30.18
30.16
30.19
29.44
28.84
28.59
28.57
28.26
28.03
27.75
27.78
27.49
27.32
27.6
27.49
27.51
27.2
27.01
26.87
26.54
26.56
26.55
26.46
26.51
26.57
26.36
26.23
26.7
26.55
26.34
26.15
25.93
25.71
25.61
25.53
25.38
25.22
25.11
25.04
24.99
24.96
24.92
24.85
24.81
24.76
24.78
24.78
24.77
24.69
24.62
24.42
24.26
24.16
24.15
24.09
24.07
24.19
24.36
24.66
24.89
25.2
25.57
25.68
25.79
26.29
26.69
27.03
27.3
27.73
28.01
28.48
28.78
29.11
29.58
29.89
30.21
30.6
30.82
30.8
30.84
31.12
31.26
31.44
31.7
31.75
31.83
31.96
31.92
31.84
32.12
31.84
31.45
31.32
30.52
29.7
28.86
29
29.09
30.2
30.12
29.04
28.45
27.72
27.5
27.46
27.24
27
26.74
26.61
26.66
26.62
26.61
26.64
26.75
26.83
26.89
26.87
26.64
26.51
26.59
26.51
26.61
26.56
26.47
26.43
26.4
26.38
26.25
26.07
25.98
25.88
25.85
25.87
26
26.05
26.04
26.13
26.4
26.42
26.31
26.3
26.31
26.17
26.01
25.77
25.65
25.59
25.64
25.66
25.54
25.41
25.34
25.37
25.41
25.87
26.24
26.56
26.75
26.53
26.52
26.97
27.62
28.14
28.26
28.57
28.87
29.12
29.45
29.98
29.98
30.32
30.99
30.84
31.01
31.15
31.38
31.37
31.79
31.19
30.06
27.55
24.19
24.14
24.68
25.27
26.01
26.35
26.8
27.68
28.83
29.13
29.3
29.38
28.49
28.53
28.85
28.3
27.74
27.44
27.53
27.62
27.69
27.79
26.93
26.61
26.54
26.61
26.47
26.49
26.48
26.54
26.71
26.65
26.69
26.73
26.65
26.51
26.45
26.56
26.69
26.78
26.76
26.64
26.53
26.5
26.37
26.23
26.07
25.99
25.87
25.81
25.77
25.69
25.6
25.42
25.33
25.25
25.15
25.14
25.14
25.1
25.01
25
24.95
24.92
24.94
24.99
24.96
25.07
25.32
25.79
26.28
26.4
26.71
27.14
27.64
27.55
27.95
28.24
28.42
28.78
29.07
29.33
29.49
29.69
29.89
30.3
30.65
30.83
30.88
31.16
31.69
31.39
31.32
32.02
32.03
31.9
31.78
32.35
32.23
32.15
31.98
32.57
32.66
32.61
32.69
32.74
32.54
32.37
31.76
31.35
31.26
31.1
30.71
29.48
29.2
29.3
28.88
28.47
28.26
28.09
27.9
27.8
27.7
27.59
27.5
27.43
27.4
27.28
27.14
26.93
26.89
26.88
26.88
26.81
26.76
26.68
26.72
26.79
26.77
26.88
26.93
26.94
26.91
26.84
26.79
26.75
26.71
26.71
26.78
26.75
26.64
26.57
26.51
26.45
26.34
26.24
26.14
26.08
26.01
25.92
25.88
25.76
25.74
25.79
26.01
26.45
26.94
26.97
27.13
27.38
27.79
28.38
28.73
28.79
29.12
29.47
30.02
30.55
30.69
30.88
30.98
31.22
31.46
31.74
31.59
31.96
32.13
32.15
31.35
30.64
31.83
32.53
32.53
31.51
29
25.92
25.3
25.67
24.81
24.08
25.01
25.58
25.77
25.67
25.71
26.03
25.63
25.57
25.63
25.74
25.42
25.19
25.26
25.31
25.28
25.31
25.49
25.68
25.87
25.61
24.92
24.43
24.21
24.01
23.93
23.82
23.65
23.59
23.52
23.47
23.26
22.91
22.57
22.31
22.1
22.1
21.98
21.82
21.73
21.71
21.4
21.12
20.7
20.36
20.15
20.13
19.97
19.9
19.79
19.72
19.66
19.62
19.62
19.59
19.53
19.48
19.46
19.51
19.53
19.56
19.64
19.61
19.6
19.61
19.54
19.58
19.62
19.72
19.74
19.91
20.04
19.91
19.9
19.55
19.13
19.18
19.32
19.29
19.18
19.46
19.66
19.57
19.67
20.04
20.42
20.56
20.27
20.47
20.27
19.55
19.49
19.75
19.69
19.7
19.04
18.9
19.07
19.03
19.31
19.38
19.46
19.56
19.47
19.45
19.48
19.42
19.4
19.26
19.08
18.99
18.4
18.01
17.81
17.9
18.12
18.3
18.36
18.41
18.46
18.42
18.39
18.34
18.38
18.24
18.15
18.2
17.92
17.77
17.74
17.63