24.89
24.62
24.46
24.51
24.41
24.25
24.21
24.18
24.07
24.03
23.97
23.87
23.77
23.62
23.67
23.58
23.56
23.58
23.56
23.49
23.45
23.38
23.33
23.32
23.32
23.48
23.52
23.59
23.79
24.3
24.57
25.02
25.78
26
26.29
26.47
27.01
27.76
27.64
27.99
28.63
28.85
29.65
29.72
29.49
30.34
30.5
30.4
30.6
30.54
31.04
30.92
31.52
31.69
31.58
31.8
31.66
31.97
32.58
32.22
32.51
32.05
32.39
31.82
31.69
31.36
31.02
30.66
30.53
30.33
29.84
29.44
29.25
28.87
28.53
28.38
28.2
28.14
27.99
27.85
27.64
27.33
27.37
27.12
26.69
26.52
26.4
26.19
25.92
25.76
25.66
25.61
25.67
25.78
25.86
25.74
25.45
25.39
25.54
25.49
25.4
25.36
25.26
25.05
24.87
24.76
24.64
24.66
24.54
24.46
24.5
24.58
24.65
24.45
24.16
24.15
24.17
24.34
24.47
24.4
24.2
24.24
24.39
24.62
24.79
25.52
26.91
28.04
28.2
28.13
28.39
28.62
28.87
29.14
29.05
29.47
29.96
30
30.21
30.61
30.82
30.75
30.76
31.07
31.01
31.08
31.26
31.6
31.67
31.71
31.77
32.26
32.23
32.23
32.34
32.46
32.58
32.7
32.73
32.54
32.58
32.53
32.39
32.14
32.07
31.49
30.88
30.54
30.39
30.09
29.61
29.02
28.59
28.22
28
27.96
27.98
28.23
28.06
27.95
28.07
28
28.36
28.02
28.03
27.8
27.12
27.01
26.78
26.57
26.68
26.7
26.45
26.18
26.17
26.13
26.11
26.03
25.93
25.68
25.47
25.36
25.39
25.3
25.13
25.06
24.9
24.91
25.04
24.94
24.8
24.79
24.82
24.95
25.14
25.25
25.17
25.4
25.66
25.77
25.93
26.39
26.85
26.81
26.88
27.01
27.06
27.2
27.29
27.87
28.06
28.78
29.18
29
29.01
29.87
30.1
30.22
30.34
29.73
29.9
29.95
30.23
30.71
30.79
28.43
26.42
26.72
26.97
26.98
26.94
27.67
27.89
27.85
28.14
28.3
27.97
27.64
27.2
27.12
26.77
26.69
26.48
26.67
26.44
26.29
26.5
26.36
25.66
25.59
25.81
26.37
26.72
26.54
26.71
26.72
26.4
25.97
25.49
25.7
25.79
26.11
26.05
25.76
25.37
25.26
25.03
25.04
24.98
24.02
23.14
22.76
22.83
22.67
22.41
22.18
22.14
22.15
22.18
22.16
22.19
22.26
22.25
22.11
22.03
22.09
22.08
22.03
22.02
21.88
21.83
21.84
21.81
21.88
22.04
22.11
22.11
22.17
22.3
22.47
22.48
22.74
23.26
23.33
23.3
23.43
23.61
23.72
23.67
23.67
23.69
23.73
23.82
23.78
23.84
24.06
24.33
24.57
25.02
25.13
25.42
25.35
25.71
25.88
25.6
25.85
25.97
26.2
26.19
26.36
26.71
27.11
26.3
26.31
26.38
26.18
25.92
25.57
25.16
24.97
24.98
24.97
24.92
24.71
24.58
24.3
23.96
23.7
23.59
23.49
23.51
23.36
23.28
23.09
23.1
23.18
23.14
23.08
23.07
23.07
22.96
22.86
22.74
22.59
22.56
22.48
22.34
22.28
22.26
22.24
22.18
22.14
22.11
22.1
22.07
22.03
21.98
21.99
22.02
22.1
22.11
22.13
22.13
22.16
22.24
22.28
22.28
22.32
22.37
22.46
22.56
22.75
23.22
23.78
23.94
24.12
24.37
24.58
25.12
25.38
25.67
26.19
26.19
26.57
26.86
27.36
27.67
28.07
28.17
28.18
28.85
29.23
29.06
29.15
29.27
29.61
29.23
29.03
29.6
29.7
29.59
30.02
29.73
29.85
29.87
29.78
29.7
30.03
30.12
30.03
29.98
29.75
29.13
28.57
28.31
28.17
28
28.05
28.09
28.23
27.84
28.06
27.39
26.69
26.32
26.27
25.82
25.76
25.58
25.18
25.06
24.91
24.85
24.86
24.91
24.85
24.62
24.52
24.38
24.28
24.39
24.29
24.14
24.07
24.02
23.93
23.83
23.79
23.79
23.82
23.87
23.85
23.65
23.56
23.58
23.61
23.48
23.39
23.36
23.37
23.32
23.3
23.3
23.31
23.27
23.18
23.46
23.9
24.41
24.83
25.09
25.38
25.88
26.45
26.93
27.32
27.85
28.42
28.56
28.88
29.3
29.45
29.63
30.09
30.4
30.54
31.1
31.13
31.5
31.63
31.9
32.12
32.07
32.3
32.44
32.29
32.38
32.46
32.54
32.57
32.33
32.42
32.53
32.44
32.41
32.47
32.33
32.02
31.72
31.38
31.16
30.69
30.49
30.14
30
29.5
29.13
28.81
28.26
27.81
27.45
27.14
26.95
26.79
26.66
26.45
26.38
26.15
25.94
25.64
25.46
25.25
25.25
25.3
25.23
25.13
25.21
25.05
24.8
24.74
24.69
24.72
24.79
24.69
24.61
24.56
24.42
24.51
24.54
24.54
24.51
24.43
24.29
24.27
24.09
23.92
23.95
23.8
23.83
23.93
23.89
23.96
24.24
24.65
25.21
25.75
26.07
26.37
26.42
26.75
27.41
28.1
28.97
29.04
29.05
29.47
29.89
30.25
30.58
31.17
31.3
31.57
32.09
32.13
32.64
32.52
32.77
32.74
32.8
33.04
32.95
32.81
33.43
33.28
33.25
33.54
34.33
34.05
33.67
32.58
31.95
31.8
31.57
31.83
31.98
31.64
31.08
30.33
30.28
30.45
30.34
29.98
29.94
30.05
29.74
28.97
28.66
28.02
27.56
28.09
27.81
27.59
27.74
27.36
27.47
27.16
26.83
26.72
26.94
26.89
26.81
26.34
25.59
25.17
24.88
24.72
24.64
24.47
24.26
24.06
23.9
23.74
23.61
23.53
23.47
23.46
23.44
23.39
23.28
23.14
23.06
23.13
23.19
23.17
23.14
23.22
23.21
23.15
23.12
23.09
23.06
23.08
23.11
23.05
23.02
22.9
22.8
22.7
22.5
22.4
22.2
22.23
22.15
22.26
22.77
23.3
22.62
22.65
22.66
23.54
23.95
23.66
23.9
23.56
23.44
23.7
23.57
23.66
23.66
23.29
22.69
22.26
21.86
21.78
21.31
20.77
20.43
20.12
19.91
19.78
19.56
19.21
18.81
18.63
18.48
18.21
18
17.74
17.68
17.77
17.78
17.81
17.76
17.61
17.34
17.36
17.47
17.44
17.46
17.33
17.23
17.25
17.44
17.57
17.68
17.76
17.73
17.59
17.5
17.43
17.41
17.42
17.47
17.56
17.56
17.53
17.49
17.59
17.64
17.65
17.69
17.79
17.82
17.73
17.54
17.52
17.52
17.56
17.63
17.65
17.64
17.65
17.63
17.67
17.72
17.76
17.79
17.88
17.95
17.95
18.01
17.99
17.93
17.96
18.04
18.05
18.04
18.02
18.12
18.25
18.48
18.7
19.02
19.07
19.03
18.93
19.01
19.47
19.68
20.06
20.19
20.5
20.45
20.75
20.72
20.5
20.5
20.38
20.35
20.21
20.03
19.9
19.66
19.53
19.45
19.31
19.11
18.91
18.72
18.53
18.33
18.13
17.89
17.71
17.62
17.64
17.66
17.59
17.43
17.25
17.21
17.22
17.26
17.29
17.24
17.26
17.3
17.25
17.19
17.16
17.13
17.15
17.12
17.09
16.99
16.96
16.97
16.94
17.05
16.93
16.7
16.54
16.49
16.29
16.1
15.82
15.52
15.37
15.35
15.1
14.86
14.68
14.38
14.25
14.09
13.98
13.81
13.65
13.54
13.45
13.56
13.77
14.02
14.51
14.98
15.49
15.8
16.26
16.55
17.04
17.47
17.84
18.36
18.62
19.1
19.23
19.28
19.65
19.89
20.35
20.48
20.48
20.86
21.03
21.27
21.05
21.13
21.26
21.52
21.88
21.87
21.83
21.62
21.39
21.53
21.68
21.53
21.3
21.02
20.83
20.58
20.19
19.79
19.28
18.64
18.04
17.54
17.25
16.9
16.4
15.93
15.82
15.6
15.27
14.98
14.7
14.5
14.45
14.4
14.3
14.11
13.98
13.88
13.83
13.71
13.56
13.6
13.51
13.51
13.62
13.68
13.69
13.53
13.32
13.15
13.27
13.22
13.23
13.26
13.16
13
12.77
12.62
12.71
12.68
12.63
12.66
12.67
12.74
12.76
12.74
12.75
12.75
12.84
12.96
13.08
13.2
13.39
13.8
14.2
14.53
14.95
15.64
16
16.29
16.82
17.14
17.34
17.79
18.38
18.68
19.08
19.44
19.44
19.91
20.66
20.67
20.87
20.79
21.37
21.35
21.82
21.55
21.7
21.72
21.99
21.74
22.02
22.21
22.54
22.51
22.21
21.79
22.58
21.84
21.69
21.53
21.29
20.66
20.21
19.76
19.28
18.87
18.56
18.25
18.04
17.77
17.55
17.29
17
16.7
16.5
16.19
15.95
15.67
15.38
15.06
14.71
14.47
14.37
14.47
14.34
14.22
14.24
14.03
13.85
13.84
13.69
13.52
13.28
13.11
12.91
12.8
12.86
12.97
12.98
12.74
12.64
12.62
12.55
12.49
12.23
12.1
12.04
11.94
11.81
11.65
11.59
11.47
11.31
11.17
11.01
10.92
11.14
11.58
12.12
12.72
13.53
14.31
14.96
15.39
16.04
16.57
17.22
17.47
18.17
18.28
18.49
18.82
19.15
19.36
19.64
19.84
19.9
20.56
20.81
20.8
20.88
21.04
21.17
21.34
21.36
21.4
21.48
21.46
21.77
21.72
21.78
21.69
21.9
21.76
21.58
21.08
20.71
20.44
19.82
19.58
19.21
18.84
18.62
18.67
18.48
18.03
17.42
16.95
16.48
16.34
16.19
15.97
15.78
15.51
15.23
15.04
14.67
14.24
13.94
13.48
13.21
13.04
12.7
12.6
12.53
12.59
12.43
12.45
12.37
12.48
12.59
12.5
12.53
12.41
12.43
12.32
12.15
12.36
12.39
12.39
12.51
12.3
12.34
12.29
12.13
11.44
11.43
11.44
11.26
11.32
11.46
11.87
11.88
12.07
12.53
13.01
13.59
14.35
15.07
15.86
16.82
17.67
18.21
19
19.66
20.22
20.58
20.72
21.21
21.4
21.65
21.92
22.12
22.29
22.44
22.5
22.82
23.25
23.07
23.3
23.59
23.36
23.89
23.68
24.07
24.06
24.14
24.18
23.73
23.72
23.72
23.41
23.15
23.01
22.87
22.5
22.09
22.02
22.22
22.07
21.79
21.66
21.32
21.55
21.55
21.34
21.3
21.18
20.98
21.08
21.08
20.96
20.83
20.49
20.23
20.24
18.99
15.5
15.97
16.44
17.33
17.59
17.85
18.01
17.85
17.16
16.84
16.4
15.54
14.68
14.35
14.51
14.73
14.93
14.88
15.22
15.39
15.36
15.38
15.19
14.45
13.91
13.15
12.82
12.79
12.67
12.8
12.84
13.29
13.58
14.26
15.18
15.98
16.54
17.04
17.68
18.63
19.49
20.02
20.61
21.27
21.36
22.07
22.47
22.93
23.51
23.52
23.91
24.22
24.41
24.7
25.2
25.55
25.53
26.05
26.76
26.68
27.24
26.85
27.1
28
27.24
27.75
27.5
27.12
27.3
27.07
26.88
26.77
26.53
26.12
25.24
24.64
24.52
24.23
23.92
24.03
23.57
23.21
23.51
24.24
24.03
22.56
21.94
21.77
21.96
21.52
21.7
21.41
21.49
21.41
21.18
21.11
21.18
21.08
20.7
20.28
19.95
19.6
19.44
19.37
19.12
18.87
18.51
18.11
18.01
17.73
17.8
18.13
18.17
18.1
18.23
18.23
17.85
17.78
17.96
18.04
18.16
17.78
17.41
17.59
17.66
17.91
18.31
18.61
19.02
19.75
20.44
21.34
22.01
22.55
23.21
23.85
24.54
25.43
25.81
26.41
27.01
27.8
28.32
28.59
29.42
30.04
30.11
30.39
30.65
31.39
31.31
31.31
31.56
31.64
31.93
32.09
32.05
32.31
32.53
32.75
32.56
32.76
33.29
33.13
33.39
33.22
32.83
32.48
32.15
31.9
31.42
30.74
30.01
29.78
29.43
28.96
28.95
28.79
28.6
28.17
27.6
26.27
25.95
26.17
26.09
25.89
25.74
25.48
25.85
25.39
24.75
24.52
24.71
24.6
24.81
24.21
24.32
23.76
23.93
23.91
23.82
23.35
23.33
23.76
23.66
24.24
23.83
23.63
23.29
23.23
23.39
23.27
23.41
23.5
23.34
22.87
21.98
21.37
21.14
21.21
21.44
21.71
21.8
21.78
22.12
22.62
23.81
24.74
25.21
26.03
26.83
27.75
28.25
28.96
29.15
29.34
29.67
29.8
29.99
30.32
30.45
30.82
30.85
30.91
30.97
31.26
31.55
31.52
31.57
31.62
31.67
31.73
31.84
31.88
32.02
32.01
31.98
32.04
31.99
31.92
31.88
31.63
31.34
31.02
30.7
30.24
29.74
29.4
28.99
28.34
27.86
27.43
27.12
26.79
26.59
26.37
26.17
26.03
25.77
25.56
25.29
25.14
25.1
25.12
25.08
25.08
25.18
25.19
25.12
24.92
24.91
25.14
24.83
24.76
24.69
24.54
24.53
24.76
24.62
23.99
23.21
23.64
23.68
23.07
23.34
23.29
22.57
22.26
22.27
22.02
22.17
22.85
22.71
22.89
22.78
22.02
22.06
21.84
22.15
22.68
23.17
22.82
22.72
23.19
24.01
24.66
25.17
25.43
25.57
25.55
25.77
25.7
26.13
26.43
26.96
27.7
28.07
28.29
28.56
28.95
29.31
29.98
30.33
30.15
30.46
30.4
30.77
31.08
31.21
31.49
31.65
32.35
31.39
31.59
30.63
30
30.04
29.95
29.6
29.05
28.7
28.34
27.95
27.66
27.35
26.99
26.72
26.53
26.31
26.12
25.88
25.65
25.36
25.1
24.89
24.63
24.46
24.22
24.05
23.86
23.71
23.58
23.36
23.12
22.94
22.71
22.47
22.29
22.06
21.74
21.48
21.29
21.05
20.83
20.65
20.39
20.08
19.63
18.82
17.84
17.36
16.99
16.76
16.4
16.2
16.15
16
15.78
15.66
15.52
15.43
15.44
15.2
14.85
14.62
14.49
14.51
14.49
14.42
14.38
14.44
14.61
14.69
14.97
15.19
15.29
15.44
15.42
15.35
15.29
15.26
15.44
15.44
15.51
15.55
15.32
15.4
15.51
15.06
14.92
14.45
14.13
14.24
14.38
14.72
15.1
15.1
15.24
15.42
15.46
15.67
15.56
15.6
15.65
15.67
15.71
15.69
15.7
15.67
15.69
15.69
15.69
15.66
15.56
15.53
15.51
15.47
15.43
15.44
15.51
15.6
15.57
15.53
15.53
15.55
15.54
15.5
15.46
15.38
15.39
15.42
15.4
15.35
15.38
15.36
15.41
15.44
15.44
15.44
15.4
15.33
15.25
15.22
15.19
15.13
15.16
15.18
15.13
15.05
14.92
14.89
14.86
14.8
14.75
14.67
14.59
14.58
14.55
14.47
14.43
14.42
14.52
14.93
15.25
15.67
16.28
16.71
16.87
17.28
17.6
17.61
17.83
17.97
18.38
18.78
19.46
20.08
20.05
20.7
20.21
20.5
20.59
21.44
21.48
21.79
22.39
22.66
22.4
22.25
22.08
22.37
22.55
23.1
23.36
23.33
23.65
23.29
23.68
23.59
23.53
23.2
22.53
22.07
21.63
21.25
20.91
20.57
20.36
20.12
20.32
20.51
20.37
20.59
20.75
20.77
20.98
20.74
20.61
20.35
20.15
19.79
19.58
19.49
19.17
18.98
18.45
18.43
18.13
17.77
17.61
17.73
17.93
17.91
17.97
18.01
17.81
17.64
17.62
17.5
17.5
17.35
17.18
17.18
17.06
17.03
16.95
16.98
16.79
16.66
16.65
16.57
16.48
16.32
16.26
16.01
15.93
16.01
16.26
16.57
16.83
17.54
18.54
19.04
19.15
19.31
19.68
20.56
21.01
21.47
21.76
22.47
22.92
23.5
24.02
24.42
24.91
24.97
25.39
25.48
25.96
26.29
26.22
26.82
27
26.99
27.12
27.37
27.41
27.51
27.57
27.3
27.66
27.45
27.63
27.58
27.49
27.48
27.27
26.28
25.56
25.16
25.2
24.94
24.52
23.96
23.52
23.07
22.92
23.04
22.75
22.44
22.15
22.15
21.67
21.58
21.51
21.39
21.35
21.1
20.76
20.8
20.62
20.7
21.08
21.02
20.85
20.62
20.29
19.91
19.3
19.01
18.57
18.43
18.17
17.9
17.61
17.45
17.34
17.28
17.24
17.05
16.84
16.7
16.54
16.46
16.47
16.4
16.36
16.43
16.51
16.5
16.45
16.39
16.53
16.88
17.37
17.93
18.57
19.27
19.46
19.85
20.43
20.71
21.85
22.16
22.67
23.07
23.87
24.26
24.82
25.2
25.51
25.44
25.56
26.03
26.46
26.78
27.28
27.64
27.8
28.21
27.98
28.31
28.72
28.6
28.68
28.75
28.35
28.29
28.05
27.76
27.54
27.37
26.96
26.43
25.84
25.29
24.88
24.58
24.49
24.64
24.6
24.25
23.85
23.94
23.61
23.33
23.21
23.08
22.37
22.17
22.51
22.41
22.04
21.79
21.59
21.46
21.37
21.15
21.14
20.88
20.67
20.28
20.01
19.8
19.54
19.37
19.16
18.85
18.81
18.74
18.54
18.54
18.6
18.51
18.34
18.21
18.29
18.19
18.04
18
17.98
17.95
17.95
17.87
17.87
17.96
17.95
17.91
18.01
18.06
18.31
18.65
18.73
19.09
19.45
20.34
21.14
21.75
22.22
23.17
23.84
24.25
24.89
25.08
25.77
26.3
26.73
26.76
27.2
27.11
27.18
28.03
28.07
28.78
28.98
28.76
28.54
28.77
28.92
29.05
29.03
28.73
28.66
28.75
29.45
29.74
29.89
29.01
28.58
27.81
27.53
26.89
26.16
26.08
25.59
25.5
25.3
25.27
24.8
24.4
24.01
23.72
23.67
23.7
23.33
23.2
23.01
23.14
23.46
23.4
23.66
23.69
23.69
23.67
23.3
23.11
22.9
22.56
22.24
22.02
22.01
21.81
21.62
21.51
21.44
21.13
21.19
21.27
21.39
21.54
21.61
21.62
21.63
21.55
21.48
21.25
21.26
21.34
21.23
20.87
21.26
21.33
21.43
21.24
20.52
20.47
20.98
21.54
21.58
22.59
22.75
22.49
22.53
23.6
24.56
24.27
24.58
25.42
26.14
27
27.63
28.52
28.78
29.15
29.43
29.7
30.01
30.19
30.45
30.65
30.87
31.24
31.38
31.26
31.51
31.61
31.6
31.95
31.68
31.78
31.81
31.65
31.62
31.51
31.28
30.39
29.47
29.03
28.76
28.43
28.16
27.82
27.7
27.53
27.39
27.17
26.82
26.49
26.33
26.11
25.96
25.9
25.88
25.69
25.33
25.19
25.25
25.15
25.12
24.95
24.7
24.87
24.81
24.9
24.8
24.59
24.33
24.08
23.95
23.7
23.44
23.19
22.95
22.71
22.68
22.54
22.6
22.53
22.3
22.09
21.97
21.89
21.88
21.8
21.81
21.76
21.93
22.16
22
22.09
22.26
22.28
22.48
22.61
22.98
23.33
23.87
24.37
24.93
25.82
26.44
26.94
27.38
27.9
28.36
28.59
28.84
29.01
29.23
29.4
29.43
29.31
29.3
29.3
29.31
29.38
29.21
29.25
29.04
28.33
28.13
28.37
28.45
27.62
26.72
26.1
25.69
25.28
24.86
24.59
24.38
24.18
23.99
23.8
23.64
23.49
23.35
23.27
23.17
23.08
23
22.92
22.87
22.93
22.92
22.83
22.81
22.8
22.8
22.68
22.58
22.47
22.43
22.41
22.34
22.35
22.34
22.35
22.32
22.29
22.29
22.27
22.24
22.17
22.06
22
21.95
21.88
21.9
21.95
21.98
21.96
22.01
22.04
22.06
22.07
22.06
22.09
22.09
22.1
22.1
22.1
22.07
22.04
22.02
21.94
21.93
21.93
21.96
21.95
21.81
21.69
21.7
21.68
21.73
21.76
22.04
22.23
22.15
22.34
22.59
22.72
22.92
22.74
22.55
22.64
22.86
23.32
23.78
24.22
24.68
24.93
25.39
25.46
24.97
24.95
25.02
25.27
25.2
25.46
25.95
26.72
25.45
25.4
25.84
26.03
25.73
25.35
24.67
24.2
23.92
23.61
23.36
23.2
23.1
22.9
22.72
22.57
22.42
22.4
22.32
22.18
22.08
22.02
21.89
21.79
21.73
21.63
21.53
21.45
21.36
21.29
21.26
21.23
21.19
21.14
21.11
21.07
21.02
20.96
20.89
20.82
20.67
20.61
20.58
20.53
20.41
20.32
20.18
20.14
20.15
20.21
20.2
20.15
20.06
19.94
19.89
19.87
19.82
19.8
19.75
19.81
19.83
20
20.2
20.5
20.92
21.29
21.56
21.75
22.14
22.46
22.85
23.07
23.88
24.09
24.4
25.51
25.57
26.05
26.59
27.2
27.31
27.66
28.13
28.42
28.84
29.01
29.95
29.72
29.77
30.37
30.23
30.33
30.42
30.39
30.44
30.63
30.66
30.58
30.6
30.5
30.2
29.94
29.71
29.63
29.06
28.39
27.76
27.33
27.09
26.9
26.64
26.3
26.1
25.93
25.88
25.73
25.61
25.45
25.26
25
24.87
24.67
24.58
24.63
24.56
24.29
24.23
24.26
24.23
24.13
23.98
23.87
23.7
23.62
23.48
23.28
23.17
23.03
22.99
22.92
22.83
22.71
22.66
22.55
22.46
22.41
22.31
22.15
22.11
22.09
22.13
22.12
22.1
22.1
22.03
22.06
21.95
21.79
21.9
22.57
23.06
23.68
24.31
25
25.42
25.88
26.52
26.85
27.27
27.76
28.27
28.58
28.96
29.12
29.33
29.52
29.88
30.26
30.57
30.7
30.63
30.83
30.89
31.02
31.37
31.61
31.76
32.06
31.79
31.87
31.98
31.89
31.74
31.7
31.52
31.31
30.81
30.09
29.38
28.81
28.37
28.03
27.82
27.53
27.28
27.03
26.81
26.48
25.98
25.96
25.72
25.58
25.56
25.35
25.05
24.67
24.27
23.95
23.68
23.6
23.39
23.22
23.1
22.59
22.29
22.04
21.76
21.51
21.41
21.32
21.25
21.18
21.1
20.93
20.82
20.7
20.5
20.45
20.45
20.26
20.03
19.71
19.68
19.54
19.44
19.35
19.31
19.33
19.22
19.03
18.98
18.99
18.99
19.19
19.45
19.71
20.13
20.47
21.1
21.74
22.01
22.59
22.98
23.26
23.46
24.35
24.64
25
26.04
26
26.19
27.22
26.98
27.35
27.77
27.86
28.38
28.82
28.76
28.95
29.41
29.73
29.65
29.88
30.1
30.42
30.12
29.89
29.66
29.59
29.31
29.2
28.94
28.6
28.39
28.1
27.48
27.11
26.67
26.42
26.06
25.81
25.72
25.45
25.08
24.94
24.88
25.02
25
24.68
24.51
24.27
24.58
24.38
24.29
24.41
24.42
24.42
23.97
23.54
22.77
22.26
21.93
21.85
21.66
20.95
21.34
21.46
21.3
21.13
20.86
20.64
20.92
21.19
21.4
21.64
21.94
22.16
22.27
22.5
22.42
21.86
21.42
21.49
21.09
20.54
20.36
20.07
20.32
20.49
20.95
21.08
21.65
22.08
22.38
23.25
23.63
24.51
25.26
25.69
26.09
26.66
27.19
27.65
28.04
28.53
28.85
29.1
29.39
29.8
30.2
30.35
30.48
30.71
31.07
31.15
31.35
31.53
31.5
31.58
31.68
31.74
31.75
31.9
31.9
31.72
31.74
31.85
31.67
31.14
30.58
29.25
28.97
28.92
28.45
28.29
28.23
28.08
27.61
27.38
26.82
27.01
26.91
26.72
26.08
26.09
25.7
25.52
26
25.93
25.79
25.83
25.8
25.39
25.06
24.85
24.53
24.25
23.94
23.61
23.4
23.34
23.17
23.09
22.91
22.61
22.59
22.71
22.83
22.28
21.46
21.36
21.24
21.09
21.06
21.44
21.57
21.39
21.17
21.29
21.41
21.68
21.43
21.09
21.76
22.03
21.86
21.92
22.38
23.52
24.5
24.88
25.7
26
26.33
26.68
27.18
27.82
28.53
29.11
29.58
30.11
30.2
30.5
30.6
30.87
31.23
31.09
31.16
31.19
31.31
31.51
31.06
30.45
30.84
29.97
29.4
29.18
28.95
28.52
28.16
28.33
28.51
28.13
27.68
27.31
26.96
26.61
25.8
25.17
24.73
24.38
24.02
23.68
23.16
22.62
22.26
21.97
21.74
21.5
21.2
20.95
20.73
20.49
20.29
20.23
20.19
20.18
20.14
20.07
19.92
19.78
19.63
19.46
19.3
19.18
19
18.86
18.82
18.75
18.58
18.42
18.22
18.07
18.02
17.82
17.63
17.53
17.51
17.42
17.41
17.39
17.37
17.47
17.47
17.49
17.45
17.47
17.39
17.3
17.18
17.12
17.09
17.18
17.53
17.92
17.73
17.83
18.13
18.48
18.82
19.1
19.01
18.89
19
19.45
19.38
19.58
19.82
20.23
20.43
20.69
21.07
21.05
21.19
21.46
21.63
21.89
21.92
22.05
21.81
21.91
21.94
21.95
22.05
21.9
21.76
21.71
21.46
21.19
20.94
20.59
20.09
19.66
19.62
19.39
19.39
19
18.86
18.51
18.33
17.5
16.99
16.79
16.68
16.47
16.32
16.03
15.83
15.54
15.43
15.31
15.24
15.12
15.09
14.98
14.92
14.85
14.69