25.54
25.52
25.62
25.32
25.37
25.1
24.9
24.84
24.96
24.96
24.61
24.65
24.77
24.67
24.54
24.46
24.39
24.32
24.33
24.31
24.22
24.21
24.13
24.13
24.16
24.14
24.19
24.57
25.25
25.78
26.47
26.73
26.81
27.18
27.44
27.58
28.01
28.3
28.75
29.13
29.27
29.47
29.98
30.57
30.97
31.09
31.3
31.38
31.97
31.91
32.17
31.97
31.85
31.99
32.15
32.3
32.84
32.85
31.72
32.97
31.87
30.83
31.11
30.72
31.18
31.31
31.54
31.28
31.1
30.62
30.13
30.08
29.83
29.2
27.71
27.1
26.79
26.68
26.67
26.6
26.48
26.06
25.93
25.94
25.9
25.83
25.83
26.01
26.13
25.85
25.59
25.62
25.65
25.49
25.01
24.75
24.58
24.49
24.4
24.29
24.12
24.03
24.04
24.05
23.93
23.89
23.76
23.83
23.82
23.84
23.86
23.8
23.86
23.83
23.76
23.82
23.67
23.35
23.23
23.17
23.17
23.23
23.41
23.78
24.26
24.89
25.81
26.61
27.65
27.78
28.12
28.11
28.32
29.03
29.56
29.92
30.27
30.37
30.7
31.19
31.67
31.81
31.79
32.21
32.13
32.24
32.66
32.58
32.63
32.87
32.8
32.76
32.97
33.23
33.15
33.04
32.84
33.01
32.7
32.93
32.77
32.26
32.1
32.53
31.95
31.56
31.48
31.38
30.69
29.73
29.64
29.62
29.41
29.4
29.14
28.59
28.36
28.2
28.08
27.91
27.72
27.4
27.3
27.07
27.11
27
26.56
26.74
26.94
26.73
26.58
26.23
26.47
26.67
26.66
26.32
26
25.46
25.06
25.16
25.39
25.39
25.08
25.2
24.97
24.72
24.48
24.13
24.12
24.29
24.11
24.11
23.84
23.25
23.02
22.93
22.81
22.56
22.83
23.04
23.32
24.23
25.74
26.07
26.53
26.65
27.14
27.57
27.49
27.93
28.45
28.95
29.61
29.65
29.92
30.56
30.72
31.08
31.23
31.58
31.71
32.35
32.27
32.34
32.76
33.28
33.44
33.19
33.12
32.96
32.88
32.98
33.32
33.26
33.01
33.16
32.98
32.41
32.09
31.88
31.55
31.58
31.11
30.26
29.93
29.97
29.63
28.84
28.39
28.22
27.78
27.68
28
27.27
26.86
26.75
26.32
26.93
26.63
26.46
27.1
26.28
24.99
24.57
24.35
23.85
23.34
22.95
22.82
22.67
22.25
22.32
22.46
22.02
21.74
21.67
21.49
21.37
21.2
20.64
20.66
20.7
20.61
20.45
20.49
20.02
19.79
19.49
19.56
19.57
19.49
19.48
19.46
19.42
19.7
20.23
20.57
20.92
21.13
21.52
22.3
23.72
24.64
25.19
25.43
25.61
25.74
26.38
26.95
27.34
27.54
28.03
28.59
28.95
29.36
30.16
30.22
30.55
30.75
30.92
31.22
31.45
31.61
31.87
31.41
31.57
31.73
32.41
32.2
32.11
32.68
32.49
31.85
31.74
31.58
31.52
30.69
30.38
29.81
29.68
29.51
28.87
28.5
28.13
28.21
27.7
27.4
27.09
27.45
27.38
26.99
26.59
26.43
25.75
25.57
25.63
25.43
25.7
25.76
25.55
25.17
24.84
24.26
24.2
23.98
23.59
23.42
23.62
23.57
23.45
23.55
23.77
23.31
23.02
22.77
22.32
21.5
20.85
20.66
20.35
20.3
20.27
20.29
20.29
20.24
20.42
20.52
20.52
20.51
20.35
20.6
21.26
21.96
22.69
23.67
24.43
24.79
25.33
26.17
25.93
25.91
26.49
26.71
27.26
27.66
28.04
28.55
28.81
29.41
30.32
29.84
30.56
31.21
31.6
31.69
31.63
32.36
32.06
32.67
32.98
33.37
33.24
32.87
32.88
33.65
34.07
33.81
33.53
33.14
32.71
32.77
31.95
31.51
31.25
30.79
30.11
29.45
29.2
28.78
28.25
27.58
26.84
26.39
26.12
25.92
25.66
25.46
25.23
24.99
24.82
24.58
24.41
24.33
24.26
24.34
24.27
23.93
23.57
23.2
23.05
23.32
23.46
23.09
22.79
22.78
22.79
22.63
22.61
22.45
22.58
22.89
22.79
22.92
23.09
23.2
23.3
23.34
23.49
23.56
23.59
23.56
23.46
23.43
23.25
23.01
22.99
23.26
23.64
24.05
24.51
24.97
25.47
25.76
26.56
26.9
27.1
27.68
27.99
28.05
28.41
28.94
28.88
29.15
29.75
30.32
30.61
30.79
31.17
31.46
31.63
31.67
31.84
31.94
32.1
32.09
32.4
32.29
32.43
32.44
32.56
32.54
32.91
32.62
32.36
32.42
32.3
32.1
31.8
31.31
30.81
30.11
29.62
29.36
29.22
28.96
28.69
28.52
28.38
28.4
28.19
27.93
27.6
27.41
27.09
26.74
26.78
26.78
26.66
26.62
26.63
26.58
26.31
26.14
25.97
25.86
25.78
25.67
25.61
25.79
25.8
25.61
25.55
25.47
25.4
25.31
25.18
25.17
25.36
25.41
25.05
24.8
24.49
24.33
24.24
24.32
24.38
24.26
24.06
23.93
23.92
23.91
24.28
24.66
24.43
24.59
25.14
25.66
26.09
26.63
26.81
26.98
27.29
27.56
28.05
28.53
28.73
29.24
29.45
29.87
30.68
31.26
31.2
31.48
31.83
31.99
32.24
32.31
32.49
32.62
33.15
32.9
33.11
33.23
33.29
33.13
33.42
34.31
33.15
33.27
33.54
34.72
34.93
33.44
32.71
32.29
31.63
31.36
30.96
30.46
30.19
29.87
29.5
29.19
28.89
29.09
28.93
28.88
28.85
29.15
28.7
28.4
27.97
27.39
27.4
27.21
26.98
26.66
26.56
26.43
26.27
25.8
24.78
24.93
24.43
24.13
24.47
24.45
24.43
24.68
24.85
24.77
24.76
24.51
24.33
24.67
25.34
25.56
25.43
24.65
23.57
23.74
23.46
23.17
23.03
23.02
23.17
23.34
23.49
23.63
23.61
23.52
23.42
23.3
23.1
22.64
22.36
22.27
22.04
21.94
21.93
21.96
21.63
21.38
21.4
21.58
21.39
21.22
21.21
21.23
20.85
20.97
21.24
21.19
21.18
21.13
20.86
21.38
20.9
20.96
20.7
20.13
19.81
19.83
19.77
19.75
19.92
20.02
19.75
19.53
19.36
19.19
18.94
18.64
18.37
18.18
18.06
17.89
17.66
17.49
17.19
16.97
16.78
16.68
16.58
16.45
16.39
16.35
16.28
16.19
16.13
16.07
16.06
16.03
15.97
15.95
15.88
15.79
15.7
15.34
15.03
14.75
14.54
14.54
14.43
14.39
14.27
14.18
14.19
14.29
14.23
14.14
13.97
13.84
13.79
13.76
13.71
13.72
13.74
13.77
13.81
13.78
13.76
13.72
13.75
13.77
13.72
13.66
13.65
13.69
13.79
14.03
14.23
14.31
14.3
14.32
14.55
14.79
14.9
14.9
15.12
15.32
15.55
16.06
15.95
16.01
16.22
16.4
16.81
16.34
16.81
16.87
17.36
17.66
17.88
18.19
18.73
18.49
18.16
18.38
18.78
18.9
19.1
18.86
18.8
18.75
18.58
18.12
17.59
16.99
16.3
15.91
15.52
15.32
15.03
14.77
14.48
14.21
14.14
13.98
13.84
13.8
13.76
13.67
13.76
13.78
13.73
13.59
13.54
13.42
13.28
13.11
13
12.88
12.82
12.73
12.59
12.49
12.43
12.36
12.31
12.26
12.23
12.28
12.26
12.27
12.33
12.43
12.45
12.44
12.46
12.43
12.26
12.07
11.83
11.65
11.5
11.44
11.34
11.25
11.26
11.47
11.87
12.11
12.63
12.86
13.18
13.73
14.44
15.06
15.55
15.9
16.5
17.01
17.3
18.05
18.88
19.02
19.71
20.32
20.49
20.98
21.28
21.73
21.98
22.46
22.59
23.07
23.43
24.18
24.03
23.87
24.24
24.05
24.29
24.39
24.34
24.59
24.56
24.78
24.28
24.11
24.04
23.83
23.3
22.78
22.13
21.68
21.4
21.04
20.66
20.37
20.32
20.22
20.21
19.85
19.85
19.7
19.68
19.5
19.38
19.49
19.07
18.53
18.21
17.97
17.83
17.61
17.48
17.34
17.24
17.19
17.03
16.88
16.65
16.53
16.48
16.3
16.2
16.13
15.98
15.99
16.01
15.97
15.94
15.78
15.74
15.78
15.62
15.52
15.49
15.39
15.39
15.55
15.57
15.51
15.57
15.66
15.96
16.46
17.09
17.77
18.37
18.85
19.28
20.03
19.96
20.86
21.27
21.36
21.9
22.52
23.26
24.03
24.45
24.37
25.12
24.95
25.3
25.41
25.82
25.56
26.21
26.23
26.71
26.75
26.8
27.39
27.41
27.08
27.6
27.94
28.14
28.17
28.76
28.2
27.96
27.84
27.72
27.39
26.78
26.1
25.37
25.05
24.74
24.62
24.81
24.79
24.67
24.32
24.08
23.67
23.5
23.4
23.27
23.25
23.15
23.07
22.91
22.79
22.71
22.88
23.19
23.07
23.08
23.17
22.82
22.35
22.26
22.27
21.94
21.84
22.06
21.68
20.75
20.37
19.95
19.74
19.79
20
19.97
19.72
19.86
19.77
19.61
19.55
19.61
19.77
19.78
19.81
19.73
19.52
19.45
18.97
19.12
19.45
19.91
20.39
20.99
22.1
23.2
23.71
23.83
24.75
25.22
25.51
25.99
26.58
26.93
27.71
28.2
28.54
29.04
29.48
29.82
31.03
30.69
29.93
30
30.13
30.07
29.95
30.29
30.25
30.29
30.33
30.17
30.27
30.5
30.23
30.13
30.16
29.98
29.91
29.77
29.47
28.94
28.38
27.86
27.62
27.45
27.27
27.05
26.96
26.99
26.65
26.67
26.67
26.46
26.35
26.19
25.67
25.23
25.09
24.94
24.42
23.77
23.3
23.31
23.36
23.77
23.76
23.95
24.03
23.87
23.37
23.08
22.9
22.86
22.83
22.86
22.87
22.5
22.24
22.41
22.64
21.95
21.17
20.99
21.03
21.04
21.2
21.29
21.4
21.46
21.51
21.66
21.68
21.5
21.62
21.9
22.01
22.69
24.07
24.56
24.6
24.92
25.58
24.99
25.63
25.93
26.14
26.92
27.27
27.94
28.43
29.13
29.44
29.56
29.56
29.76
30.05
30.23
30.46
30.9
30.7
31.35
31.38
31.41
31.35
31.94
31.43
31.55
31.76
32.53
32.33
32.15
32.13
31.53
31.33
31.25
31.36
31.17
30.67
30.43
30.29
30.11
30
29.61
29.36
28.29
27.4
27.2
27.47
27.81
27.83
27.48
27.08
26.9
26.65
26.75
26.43
25.64
25.72
25.75
25.55
25.48
24.93
24.89
25.06
24.9
24.63
24.66
24.69
24.61
24.43
24.39
24.09
23.43
23.09
22.96
22.98
23.28
23.49
23.63
23.66
23.29
22.83
22.86
22.93
22.98
23.01
23
23.17
23.46
23.51
23.33
23.57
24.2
24.85
25.43
25.96
26.45
27.2
27.48
27.85
28.58
28.75
29.07
29.53
30
30.18
30.97
31.62
31.43
31.77
31.72
32.13
32.43
32.86
32.64
32.34
32.7
32.63
32.64
32.8
32.62
33.15
33.05
33.44
33.48
31.66
31.38
31.9
32.13
31.62
31.62
31.32
30.71
30.44
30.37
30.39
30.26
29.75
29.2
28.7
28.32
28.16
27.92
27.7
27.57
27.22
26.7
26.61
26.54
26.47
26.46
26.33
25.95
25.73
25.62
25.45
25.26
25.06
24.83
24.82
24.88
24.99
25.24
25.11
24.87
24.84
24.69
24.37
24.1
23.73
23.38
23.33
23.5
23.61
23.42
23.01
22.94
22.92
22.97
23.16
23.26
23.07
23.15
22.89
23.06
23.33
23.43
23.79
24.42
24.99
26.03
26.73
26.96
27.53
27.64
27.76
27.85
28.34
28.64
28.96
29.14
29.43
30.06
30.44
30.54
30.66
30.96
31.31
31.39
31.57
32.15
32.03
32.28
32.24
32.35
32.65
32.21
32.89
32.73
32.94
32.57
32.57
32.58
32.46
32.45
32.18
32
31.65
31.24
30.77
30.64
30.5
30.2
29.65
29.5
29.51
29.44
29.06
29
29.05
28.27
27.08
26.72
26.79
26.96
27.19
27.03
27.13
27.07
27.2
27.15
26.79
26.6
26.33
25.8
25.47
25.29
25.04
24.94
24.71
24.65
24.35
24.17
23.97
23.77
23.66
23.59
23.62
23.44
23.36
23.11
22.94
22.75
22.61
22.34
21.92
21.71
21.55
21.5
21.38
21.7
21.72
22
22.6
23.12
23.51
23.97
24.63
25.09
25.56
25.93
26.25
26.61
27.02
27.69
28.07
28.61
28.85
29.47
29.8
29.83
30.09
30.51
30.77
30.82
31.07
31.14
31.35
31.78
31.78
31.94
31.74
31.95
33.04
32.39
32.11
31.97
31.79
31.53
31.11
30.88
30.66
30.53
30.61
30.5
30.3
30.27
30.06
29.03
28.76
28.12
27.53
27.71
27.64
26.67
25.56
25.7
25.91
26.18
26.19
26.13
26.18
25.75
25.35
25.12
24.79
24.54
24.49
24.42
24.4
24.37
24.27
24.16
23.96
23.8
23.46
23.32
23.09
22.93
22.61
22.44
22.56
22.53
22.35
21.94
21.93
21.72
21.63
21.91
22.05
21.87
21.77
21.86
22.24
22.26
22.12
22.09
22.4
22.5
22.74
23.01
23.27
23.25
23.41
23.92
24.78
25.44
25.85
26.23
26.51
27.78
28.16
28.51
29.07
29.91
29.95
30.31
30.68
30.96
30.73
31.55
31.97
32.03
32.23
31.89
32.28
32.06
32.12
32.12
32.57
32.49
31.8
32.24
32.71
31.61
30.46
29.79
29.33
29.05
28.79
28.4
27.9
27.5
27.21
26.95
26.79
26.56
26.32
26.07
25.74
25.51
25.35
25.12
24.94
24.74
24.53
24.3
24.09
23.84
23.69
23.47
23.28
23.11
22.98
22.86
22.67
22.46
22.31
22.14
22.04
21.92
21.91
21.88
21.88
21.81
21.78
21.7
21.6
21.46
21.31
21.25
21.18
21.13
20.88
20.74
20.7
20.68
20.65
20.64
20.63
20.58
20.5
20.42
20.34
20.25
20.21
20.23
20.23
20.24
20.14
20.15
20.21
20.2
20.17
20.19
20.38
20.68
20.86
21.06
21.13
21.25
21.09
21.03
21.17
21.07
21.47
22.27
22.16
22.22
22.9
23.18
24.06
23.82
23.72
24.18
24.16
24.34
23.94
23.92
24.02
23.86
24.11
24.8
25.1
24.66
24.32
23.59
23.32
23.22
23.08
23.34
23.22
23
23.05
23.1
23.03
22.65
22.27
22.08
22.1
22.03
21.82
21.66
21.53
21.43
21.37
21.29
21.25
21.24
21.23
21.24
21.2
21.21
21.18
21.11
21.06
20.97
20.93
20.92
20.88
20.81
20.69
20.56
20.46
20.45
20.43
20.34
20.18
20.15
20.19
20.14
19.96
19.82
19.69
19.58
19.5
19.44
19.36
19.35
19.33
19.38
19.47
19.56
19.69
19.87
19.99
20.17
20.33
20.58
20.69
20.85
21.01
21.51
21.91
22.39
22.57
23.05
23.62
24.6
24.56
24.66
25.01
24.28
23.46
22.85
22.7
22.63
22.65
22.51
22.69
22.44
22.25
22.43
22.59
22.84
22.8
22.92
22.87
22.95
22.89
22.65
22.59
22.48
22.34
22.22
22.14
22.07
22.04
22
21.91
21.91
22.6
22.38
22.18
21.97
21.82
21.7
21.62
21.64
21.59
21.51
21.43
21.35
21.28
21.21
21.18
21.14
21.1
21.07
21.06
21.03
21
20.95
20.93
20.86
20.8
20.76
20.7
20.64
20.59
20.53
20.49
20.47
20.44
20.4
20.41
20.45
20.4
20.35
20.35
20.36
20.34
20.32
20.32
20.31
20.32
20.39
20.44
20.53
20.64
20.75
20.92
21.35
21.59
21.78
22.02
22.33
22.31
22.59
23.01
23.16
23.41
23.81
24.46
24.93
25.51
25.82
26.44
26.37
25.74
26.46
27.16
26.7
27.05
27.35
27.32
27.97
28.26
28.14
28.6
29.02
28.37
28.12
28.21
27.98
28.53
28.33
27.66
27.07
26.52
26.02
25.87
25.73
25.67
25.02
24.61
24.33
24.08
23.97
23.87
23.8
23.63
23.02
22.99
22.77
22.7
22.65
22.6
22.61
22.44
22.25
22.07
21.89
21.7
21.71
21.78
21.71
21.75
21.71
21.54
21.48
21.52
21.53
21.41
21.28
21.2
21.13
21.09
21.17
21.3
21.35
21.38
21.33
21.26
21.14
21.07
21.11
21.09
20.91
20.77
20.79
21
21.37
21.4
21.52
21.81
22.15
22.68
23
23.33
23.88
24.89
24.78
25.34
25.75
25.96
26.1
26.53
26.79
27.21
27.73
27.65
28.57
28.72
28.66
28.7
28.9
29.49
29.64
30.47
30.1
30.02
29.85
29.81
29.6
29.51
30.2
30.43
30.27
29.52
29.31
28.56
28.2
28.2
28.05
27.73
27.73
27.6
27.66
27.64
27.61
27.57
27.43
26.97
26.84
26.47
26.29
26.44
26.5
25.7
25.6
25.99
26.16
26.01
26.22
25.97
25.77
25.65
25.34
25.23
25.05
24.69
24.46
24.38
24.26
24.25
24.28
24.74
24.5
23.45
23.26
23.29
23.26
23.21
23.43
23.33
23.29
23.2
23.12
23.15
23.09
23.18
22.98
23
23.07
23.08
23.1
23.08
23.07
23.13
23.21
23.3
23.45
23.66
23.9
24.43
24.94
24.94
25.39
26.01
26.34
26.8
27.12
27.5
27.66
28.58
28.89
29.5
30.2
30.02
30.3
29.97
29.96
27.73
27.01
26.22
25.82
25.49
23.91
23.47
24.01
24.56
25.13
25.41
25.31
25.29
25.31
25.32
25.24
25.1
25
24.93
24.89
24.89
24.87
24.74
24.69
24.63
24.66
24.61
24.55
24.67
24.65
24.57
24.5
24.52
24.48
24.34
24.04
21.69
20.94
20.93
21
21.05
21.08
21.17
21.23
21.32
21.42
21.48
21.54
21.72
21.86
22
22.08
22.13
22.1
22.1
22.1
22.08
22.08
22.06
22.04
22.04
22.01
21.98
21.95
21.47
20.54
20.16
19.96
19.74
19.44
19.3
19.13
19.08
18.91
18.85
18.85
18.59
18.49
18.29
18.39
18.33
18.32
18.42
18.5
18.39
18.56
18.66
18.59
18.42
18.32
18.39
18.3
18.17
18.25
17.97
18.23
18.89
18.83
18.6
18.65
18.6
18.19
18.01
17.59
17.34
17.07
16.9
16.87
16.81
16.44
16.13
15.91
15.8
15.75
15.74
15.76
15.74
15.68
15.68
15.63
15.52
15.53
15.49
15.34
15.21
15.17
15.15
15.13
15.15
15.15
15.11
15.12
15.15
15.16
15.2
15.26
15.25
15.23
15.25
15.27
15.21
15.16
15.12
15.08
15.02
14.99
14.93
15
14.95
14.79
14.64
14.45
14.27
14.21
13.87
13.63
13.62
13.76
13.71
13.6
13.42
13.33
13.31
13.26
13.11
12.99
12.97
12.89
12.89
12.92
12.97
13.02
12.96
13.06
13.98
14.64
15.17
15.63
16
16.11
16.35
16.68
17.1
17.28
17.37
18.1
17.99
18.02
18.06
18.4
18.5
18.89
19.1
19.5
19.6
19.58
19.67
19.96
19.99
20.16
20.32
20.11
20.21
20.16
19.96
19.78
19.56
19.33
18.94
18.27
17.62
17.13
16.91
16.54
16.18
15.9
15.65
15.78
15.18
14.74
14.4
14.27
14.13
13.99
13.68
13.56
13.33
13.21
13.11
12.85
12.65
12.54
12.38
12.21
11.98
11.83
11.68
11.65
11.8
11.73
11.66
11.55
11.59
11.65
11.56
11.57
11.33
11.23
11.15
11.03
10.95
10.88
10.9
10.88
10.84
10.87
10.85
10.8
10.53
10.52
10.55
10.44
10.47
10.71
11.15
11.37
11.93
12.17
12.75
13.52
14.05
14.66
15.05
16.1
16.76
17.14
17.5
17.65
18.01
18.6
19.18
19.2
19.9
19.77
20.5
20.63
20.89
21.23
21.45
22.32
22.18
22.32
22.48
22.53
22.84
22.43
23.17
23.41
22.98
22.97
23.01
23.26
23.14
22.41
21.92
21.28
20.83
20.61
20.32
19.56
18.89
18.6
18.59
18.94
18.71
17.98
17.77
17.74
17.76
18.01
18.06
17.87
17.72
17.57
17.23
16.81
16.54
16.35
16.59
16.51
16.53
16.57
16.59
16.61
16.6
16.38
16.27
15.81
15.49
15.38
15.42
15.59
15.7
15.43
15.2
15.18
15.01
14.69
14.35
14.09
14.03
13.97
13.77
13.68
13.62
13.69
13.64
13.61
13.78
14.01
14.59
14.96
15.51
16.37
17.33
18.06
18.69
19.89
19.83
20.26
20.66
21
21.29
21.8
21.91
22.66
22.91
23.64
24.1
24.56
24.43
24.93
25.45
24.79
25.7
25.78
25.66
25.45
26.03
25.69
26.26
26.44
27.02
26.56
26.47
26.93
27.35
27.17
26.53
26.31
26.05
25.41
24.99
24.84
24.67
23.75
23.51
23.14
23.06
22.87
22.49
22.22
22.01
21.87
22.01
21.94
21.97
22.25
22.16
22.07
21.82
21.78
21.68
21.47
21.32
20.92
20.78
20.09
19.68
20.04
20.07
19.44
19.04
19.17
19.61
20.11
20.22
20.41
20.41
19.93
19.56
19.86
19.39
19.03
19.22
19.19
19.02
18.75
19.17
19.32
19.17
19.1
18.93
18.82
19.02
19.06
19.23
19.33
19.95
20.45
21.04
22.25
22.99
23.05
23.26
23.86
24.62
25.6
25.66
26.25
26.62
27.27
27.76
27.86
28.06
28.43
28.93
28.63
28.7
29.05
28.81
29.25
28.85
28.95
29.12
29.18
29.17
29.14
29.2
29.49
29.31
28.96
28.89
28.83
28.69
28.24
27.77
27.18
26.61
26.12
25.78
25.37
24.95
24.67
24.44
24.18
23.98
23.63
23.54
23.52
23.44
23.26
23.2
23.16
23.09
22.96
22.58
22.43
22.51
22.55
22.21
21.83
21.67
21.55
21.49
21.37
21.26
21.19
20.99
20.76
20.54
20.31
20.16
20.09
20.03
19.97
19.88
19.75
19.67
19.58
19.63
19.64
19.59
19.69
19.59
19.44
19.35
19.24
19.19
19.04
18.94
18.94
19.43
19.72
19.83
20.63
21.04
21.59
22.28
22.73
23.02
23.44
23.92
24.5
25.06
25.52
25.75
26.14
26.48
26.8
26.99
27.14
27.4
27.07
26.83
26.82
26.74
26.98
26.77
27.07
26.81
26.85
26.66
27.02
27.37
27.17
27.49
27.52
27.41
26.96
26.38
25.98
25.56
25.12
24.72
24.38
24.17
23.92
23.94
23.92
23.67
23.34
22.86
22.39
21.98
21.67
21.38
21.1
20.88
20.66
20.42
20.16
19.94
19.75
19.53
19.36
19.34
19.4
19.32
19.27
19.32
19.29
19.19
19.05
18.95
18.88
18.82
18.69
18.66
18.63
18.53
18.45
18.37
18.24
18.17
18.11
18.02
17.92
17.78
17.72
17.6
17.45
17.33
17.2
17.08
16.96
16.89
16.82
16.82
16.83
16.84
16.88
16.98
17.03
17.1
17.17
17.23
17.31
17.46
17.65
17.91
18.25
18.6
18.92
19.54
19.94
20.14
20.61
21.18
21.97
22.35
22
22.62
22.83
23.04
22.92
22.89
22.89
22.86
22.9
22.68
22.87
22.58
22.28
21.97
21.4
21.16
20.81
20.31
19.81
19.26
18.78
18.33
17.97
17.77
17.54
17.33
17.04
16.79
16.55
16.3
16.14
15.91
15.69
15.51
15.39
15.25
15.15
14.96
14.78
14.48
14.21
14.01
13.85
13.67
13.55
13.39
13.24
13.17
13.1
13.01
12.87
12.78
12.67
12.57
12.4
12.22
12.12
12.05
11.97
11.91
11.85
11.79
11.75
11.67
11.6
11.54
11.45
11.35
11.31
11.24
11.18
11.3
11.43
11.71
12.02
12.48
13.01
13.68
14.19
14.65
15.3
15.55
16.04
16.74
17.06
17.38
17.7
17.96
18.56
18.66
19.06
19.34
19.58
19.99
20.6
20.55
21.03
21.63
21.71
21.95
22.17
22.2
22.21
22.27
22.37
22.3
22.48
22.39
22.3
22.18
22.21
21.97
21.68
21.29
20.69
20.01
19.53
19.15
18.8
18.51
18.49
18.16
17.86
17.71
17.41
17.14
16.93
16.74
16.54
16.39
16.14
15.85
15.61
15.42
15.27
15.06
14.95
14.86
14.67
14.49
14.23
14.01
13.86
13.72
13.62
13.59
13.53
13.37
13.24
13.12
13.08
13.1
13.21
13.22
13.17
13.13
13.05
12.9
12.58
12.39
12.18
12.13
12.18
12.19
12.14
12.16
12.01
12.09
12.31
12.58
13
13.35
13.81
14.13
14.44
15.44
15.54
16.54
16.22
16.88
18.02
17.95
18.68
19.34
20.22
20.62
21.49
21.85
22.36
22.74
22.73
23.41
23.5
24.07
24.95
24.69
24.92
26.02
25.66
25.87
26.22
26.04
25.99
26.46
26.64
26.44
26.93
26.61
26.53
25.34
24.86
24.47
24.37
24.18
24.02
23.88
23.6
23.24
22.88
22.89
22.86
22.44
22.74
22.29
22.51
22.52
22.64
22.28
22.15
21.85
21.76
21.92
21.57
21.27
20.98
20.89
20.72