17.7
17.62
17.63
17.62
17.57
17.67
17.79
17.75
17.72
17.75
17.74
17.7
17.8
17.84
17.92
17.92
17.92
17.94
18
17.91
17.94
17.94
17.89
17.78
17.75
17.8
17.86
17.98
17.97
18.12
18.3
18.36
18.41
18.57
18.61
18.83
18.92
19.04
19.25
19.63
19.64
20.22
20.55
20.89
21.31
21.82
22.07
22.22
22.98
22.1
21.93
21.99
21.74
21.6
21.54
21.38
21.38
21.66
21.71
21.47
21.38
21.46
21.7
21.51
21.3
21.09
21.06
21.11
20.93
20.77
20.7
20.59
20.48
20.44
20.4
20.37
20.35
20.35
20.36
20.39
20.41
20.35
20.33
20.32
20.3
20.28
20.26
19.99
19.92
19.91
19.83
19.73
19.65
19.56
19.5
19.47
19.41
19.38
19.38
19.34
19.31
19.25
19.11
18.74
18.06
17.33
17.29
17.49
17.6
17.7
17.76
17.77
17.83
17.78
17.73
17.61
17.44
17.36
17.21
17.09
16.94
16.83
16.8
16.75
16.68
16.65
16.65
16.71
16.75
16.82
16.91
16.99
17.05
17.16
17.28
17.44
17.55
17.58
17.44
17.39
17.46
17.77
18.03
18.26
18.72
18.78
18.96
19.2
19.47
19.28
18.93
18.61
18.55
18.58
18.61
18.62
18.66
18.42
18.51
18.33
18.07
17.91
17.73
17.58
17.37
17.15
17
16.93
16.86
16.86
16.89
16.89
16.88
16.86
16.81
16.77
16.73
16.74
16.78
16.82
16.85
16.88
16.81
16.71
16.61
16.47
16.36
16.3
16.27
16.24
16.23
16.28
16.18
16.15
16
15.92
15.82
15.85
15.93
16.1
16.11
16.17
15.95
15.82
15.7
15.48
15.23
15.04
14.81
14.58
14.47
14.37
14.22
14.04
13.87
13.76
13.65
13.65
13.81
13.88
14.24
14.7
14.84
15.28
15.61
15.95
16.25
16.74
17.16
17.16
17.58
17.76
17.98
18.35
18.99
18.97
18.92
19.49
19.37
19.97
19.92
19.95
19.95
20.23
20.17
20.28
20.58
20.86
20.5
20.68
21.08
20.98
20.75
20.96
20.95
20.91
20.72
20.72
20.5
20.28
20.03
19.58
18.95
18.33
17.9
17.49
17.38
17.15
16.86
16.61
16.57
16.46
16.27
16.21
16.21
15.91
15.63
15.43
15.33
15.27
15.18
15.21
15.13
15.04
14.93
14.88
14.74
14.68
14.63
14.55
14.45
14.41
14.35
14.26
14.27
14.21
14.21
14.14
14.13
14.08
14.03
13.88
13.77
13.74
13.66
13.64
13.6
13.48
13.38
13.4
13.43
13.43
13.4
13.44
13.71
14.02
14.27
14.69
15.28
15.3
15.82
16.33
16.69
17.2
17.57
17.81
18.4
18.42
18.74
18.94
19.16
19.48
19.87
19.62
20.65
20.21
20.45
20.68
21.64
21.27
21.16
21.48
21.44
21.91
21.86
22.53
21.98
22.19
22.29
22.31
22.46
22.34
22.39
21.79
21.05
20.67
20.56
20.37
20.17
19.98
19.86
19.79
19.54
19.31
19.06
18.91
18.65
18.9
19.04
19.06
18.98
18.93
19.07
19.23
19.12
18.83
18.57
18.3
18.05
17.82
17.66
17.43
17.41
17.37
17.42
17.5
17.47
17.43
17.38
17.44
17.43
17.31
17.23
17.2
17.13
17.04
17.02
17.05
17.11
17.17
17.17
17.09
17.05
17.02
16.99
16.99
16.99
16.96
16.91
16.94
16.96
17.06
17.18
17.44
17.62
17.81
18.14
18.33
18.65
18.84
18.97
19.33
19.59
20.09
20.41
20.63
20.84
21.25
22.08
22.62
22.88
23.05
22.83
23.44
23.49
23.41
23.28
24.18
24.42
24.05
24.29
24.58
24.5
24.22
23.7
23.57
23.45
23.54
23.11
22.74
22.58
22.29
22.05
21.84
21.61
21.31
21.07
20.93
20.89
20.79
20.75
20.77
20.74
20.64
20.59
20.65
20.49
20.42
20.32
20.17
19.91
19.72
19.45
19.22
19.04
18.88
18.78
18.67
18.61
18.57
18.57
18.58
18.6
18.58
18.58
18.49
18.41
18.39
18.37
18.37
18.32
18.29
18.23
18.14
18.1
18.01
18.01
17.98
17.97
17.79
17.72
17.67
17.51
17.55
17.73
18.01
18.3
18.59
19.07
19.58
20.54
21.92
21.31
20.73
20.98
21.22
21.41
21.72
22.19
22.86
23.13
23.77
24.04
24.49
24.71
25.15
25.4
25.62
26.01
26.25
26.41
26.9
27.73
27.19
26.8
27.05
27.63
27.63
28.26
28.32
28.12
28.67
28.68
27.99
28.42
28.87
27.89
27.74
27.51
26.9
26.06
25.52
25.37
25.35
25.25
25.13
24.66
24.16
23.88
23.74
23.91
23.75
23.73
23.15
23.41
23.5
23.5
23.41
23.26
22.97
22.54
22.2
22.25
22.18
22.15
21.87
21.66
21.37
21.15
21.24
21.2
21.19
21.25
21.14
21.04
20.89
20.82
20.58
20.6
20.55
20.53
20.54
20.56
20.55
20.61
20.57
20.59
20.44
20.41
20.55
20.63
20.77
21.17
21.67
21.6
22.03
22.6
22.76
23.26
24.5
24.32
24.86
24.84
25.5
25.94
26.26
26.91
27.28
27.71
27.82
28.39
28.63
29.02
29.27
29.89
30.04
29.73
29.94
30.45
30.76
30.43
30.93
31.25
31.1
30.92
30.91
31.37
31.92
31.41
30.83
31.04
30.95
30.66
30.47
30.18
29.8
29.37
28.67
28.25
28.14
27.8
27.44
26.77
26.64
26.48
26.14
25.93
25.38
25.26
25.08
24.99
24.83
24.71
24.47
24.46
24.27
24.05
24.12
24.11
24.15
24.1
23.87
23.83
23.57
23.34
23.1
22.98
22.95
22.9
22.96
22.84
22.7
22.46
22.28
22.29
22.3
22.27
22.32
22.36
22.4
22.44
22.55
22.63
22.89
23.01
22.78
22.85
22.78
22.7
22.74
23.01
23.61
24.22
24.65
25.46
26.01
26.1
26.26
26.45
26.79
27.06
27.81
28.45
28.87
28.96
29.38
29.37
29.64
30.22
29.77
29.79
30.84
30.64
31.04
30.77
30.28
30.04
29.93
29
28.27
27.93
27.98
28.1
28.2
28.34
28.29
28.12
27.88
27.48
27.15
26.83
26.47
26.16
25.92
25.75
25.65
25.52
25.33
25.09
24.9
24.75
24.55
24.36
24.18
24.03
23.88
23.77
23.64
23.55
23.45
23.3
23.15
23.02
22.98
22.97
23.04
23.06
22.95
22.8
22.76
22.74
22.76
22.8
22.83
22.76
22.72
22.63
22.55
22.53
22.5
22.46
22.45
22.46
22.45
22.46
22.48
22.5
22.51
22.51
22.53
22.47
22.42
22.37
22.36
22.37
22.49
22.58
22.78
23
23.21
23.41
23.46
23.79
24.34
24.97
25.21
25.84
25.8
25.79
25.47
26.05
26.32
26.86
27.06
27.47
27.58
27.11
27.48
28.23
29.19
28.67
28.6
28.18
27.81
27.22
27.43
27.17
27.56
28.04
27.93
28.29
28.04
28.08
28.11
28.04
28.14
27.81
27.28
26.78
26.35
26.17
25.96
25.73
25.56
25.44
25.21
24.83
24.76
24.63
24.56
24.46
24.44
24.4
24.41
24.24
24.04
23.89
23.77
23.83
23.67
23.52
23.37
23.19
22.97
22.79
22.73
22.68
22.61
22.53
22.44
22.33
22.31
22.31
22.23
22.18
22.11
22.05
22.02
21.96
21.93
21.94
21.93
21.89
21.9
21.96
22
22.03
22.06
22.14
22.15
22.2
22.31
22.57
22.81
22.67
22.61
23.02
23.67
24.17
24.6
25.87
26.15
25.91
26.41
27.04
27.79
28.31
28.2
28.18
27.93
28.4
28.85
28.25
28.57
29.09
29.59
28.99
28.82
28.56
28.65
28.94
28.97
28.77
28.59
28.23
27.93
27.5
27.22
27.03
26.93
26.86
26.74
26.58
26.52
26.21
25.87
25.9
25.96
25.91
25.87
25.65
25.35
25.11
24.89
24.71
24.59
24.43
24.37
24.34
24.22
24.19
24.04
23.88
23.65
23.53
23.39
23.28
23.17
23
22.88
22.78
22.69
22.64
22.63
22.54
22.42
22.4
22.3
22.2
22.19
22.17
22.11
22.03
22.03
21.94
21.89
21.85
21.75
21.67
21.61
21.56
21.51
21.46
21.4
21.36
21.35
21.37
21.35
21.51
21.7
21.98
22.07
22.24
22.55
22.78
23.47
23.72
24.15
24.69
25.47
25.77
26.22
26.59
26.99
27.63
28.03
28.29
28.75
28.57
28.29
28.74
29.21
28.92
29.27
29.61
29.7
29.71
29.94
29.79
29.97
29.85
30.04
29.73
29.32
29.32
29.17
28.79
28.33
27.41
26.8
26.45
26.17
25.95
25.81
25.7
25.6
25.46
25.29
25.13
24.77
24.56
24.08
23.56
23
22.75
22.62
22.57
22.65
22.62
22.65
22.72
22.73
23.18
23.13
22.91
22.76
22.69
22.73
22.8
22.72
22.56
22.44
22.34
22.2
22.15
22.11
21.99
21.92
21.88
21.8
21.71
21.67
21.68
21.73
21.7
21.63
21.52
21.49
21.46
21.42
21.34
21.29
21.24
21.24
21.33
21.42
21.5
21.62
21.96
22.13
22.34
22.79
22.94
23.28
23.38
23.67
23.74
24.23
24.51
24.81
24.66
24.83
24.91
24.68
24.38
24.26
24.55
24.71
24.85
25.01
25.03
24.84
24.95
25.29
25.2
25.5
25.34
25.27
25.25
25.02
25.07
25.29
25.12
24.79
24.55
24.41
24.21
23.97
23.91
23.97
23.95
23.81
23.69
23.62
23.39
23.03
22.69
22.47
22.28
22.1
21.96
21.87
21.8
21.72
21.67
21.6
21.52
21.47
21.45
21.38
21.31
21.26
21.23
21.21
21.12
21.02
20.96
20.9
20.94
20.92
20.88
20.82
20.69
20.59
20.58
20.52
20.51
20.46
20.42
20.42
20.38
20.36
20.3
20.3
20.25
20.17
20.09
20.07
20.09
20.31
20.41
20.6
20.9
21.15
21.94
21.87
21.78
21.81
22.5
22.9
23.33
24.03
24.3
24.48
25
25.34
25.89
26.55
26.69
27.72
28.32
28.67
27.78
28.14
29.66
30.25
30.45
27.7
27.39
28.25
27.04
27.23
27.76
27.08
27.32
27.15
27.19
27.2
27.14
26.72
26.27
25.83
25.34
24.88
24.63
24.44
24.2
24
23.97
24.01
23.99
23.82
23.85
23.84
23.84
23.78
23.59
23.3
23.04
22.82
22.71
22.46
22.34
22.13
21.89
21.74
21.63
21.45
21.3
21.25
21.21
21.11
21.06
21
20.94
20.86
20.8
20.83
20.73
20.62
20.59
20.55
20.51
20.45
20.39
20.34
20.28
20.2
20.13
20.09
20.01
19.92
19.89
19.92
20.02
20.19
20.66
21.35
21.66
21.8
21.69
22
23.25
24.18
24.7
25
25.04
25.67
26.29
26.72
26.92
27.18
26.98
26.88
27.19
27.85
28.26
28.45
28.82
28.8
28.5
28.71
28.47
28.77
29.83
30.02
29.78
29.87
30.19
29.82
29.37
29.83
29.44
29.14
28.79
28.38
27.93
27.57
27.14
26.61
26.15
26.25
26.3
26.07
25.76
25.59
25.36
25.05
24.79
24.42
24.2
24.2
24.16
24.18
23.9
23.68
23.41
23.27
23.25
23.13
23.06
22.88
22.7
22.6
22.58
22.44
22.3
22.19
22.15
22.03
21.87
21.89
21.77
21.54
21.46
21.49
21.43
21.29
21.21
21.22
21.25
21.27
21.25
21.19
21.23
21.14
21.09
20.93
20.77
20.65
20.73
20.92
21.36
21.96
22.66
23.32
24.22
24.4
25.04
25.48
26.09
26.56
27.2
27.46
28.08
28.69
28.8
28.53
28.76
29.08
29.89
30.1
30.23
30.57
30.52
30.47
31.02
31.42
31.82
31.39
30.83
30.97
31.21
30.68
31.27
30.8
31.35
31
31.09
31.16
30.65
30.22
29.97
29.15
27.65
26.96
26.57
27.08
27.26
27.56
28.05
28.54
28.49
28.7
28.51
27.5
25.88
25.56
26.22
26
25.71
25.59
25.46
25.07
24.52
24.5
24.69
24.7
24.82
24.7
24.7
24.61
24.55
24.67
24.24
24.13
23.96
23.64
23.43
23.46
23.38
23.34
23.29
23.25
23.15
23.06
23.21
23.2
23.23
23.19
23.04
22.82
22.76
22.74
22.6
22.45
22.37
22.51
22.67
22.77
22.98
23.32
23.73
23.91
24.54
24.96
25.46
25.4
25.82
26.32
26.71
27.29
27.15
27.27
27.89
28.34
28.32
28.86
28.95
29.15
29.28
28.72
28.24
27.64
25.86
21.13
19.64
19.64
19.77
19.97
20.34
20.51
20.59
20.79
20.93
20.83
20.7
20.67
20.64
20.36
19.97
19.55
19.36
19.2
19.19
19.12
19.08
19.06
18.97
18.91
18.84
18.79
18.72
18.7
18.79
18.86
18.98
18.98
18.81
18.67
18.59
18.62
18.72
18.82
18.83
18.88
19.04
18.99
19.03
18.98
18.83
18.76
18.7
18.69
18.69
18.71
18.67
18.73
18.75
18.68
18.49
18.33
18.19
17.91
17.72
17.9
17.89
17.83
17.51
17.26
17.24
17.11
17.27
17.61
18
18.28
19.08
19.55
20.3
21.01
21.5
21.97
22.54
22.92
23.32
23.95
24.2
24.49
25.28
25.85
25.82
26.04
26.65
26.31
26.79
26.94
27.39
27.34
28.07
28.1
27.89
28.22
28.08
28.43
28.37
28.38
28.5
28.59
28.94
28.9
29.68
30.02
29.38
28.9
28.37
27.87
27.12
26.7
26.41
25.98
25.5
25.52
25.35
24.97
24.68
24.42
24.15
24.04
23.98
23.83
23.79
24.13
24.06
23.64
23.48
23.21
23.1
23.04
23.17
23.15
23.2
23.26
23.37
23.47
23.39
23.3
23.23
23.32
23.28
23.05
22.97
23.07
23.06
23.04
22.87
22.6
22.39
22.3
22.28
22.23
22.05
21.88
21.77
21.65
21.55
21.48
21.42
21.48
21.65
22.32
22.93
23.41
23.86
24.38
24.66
25.15
25.23
25.69
26.16
26.74
26.94
27.31
27.7
28.05
28.87
29.19
29.81
29.61
29.81
30.15
30.53
30.44
30.69
30.94
30.99
31.37
31.26
31.6
31.91
32.01
31.89
31.73
32.22
32.34
31.72
31.61
31.47
31.23
31.02
30.83
30.71
30.37
29.62
29.05
28.57
28.21
28.03
27.84
27.62
27.43
27.33
27.41
27.37
27.12
26.87
26.78
26.45
26.32
26.2
26.17
26.21
26.07
25.84
25.68
25.53
25.4
25.17
25.06
24.94
24.7
24.44
24.26
24.12
24.04
24.01
24.11
23.93
23.96
24.04
24.12
24.12
24.11
23.94
24.01
24.02
23.93
23.61
23.26
23.16
23.11
23.1
23.02
22.88
22.79
22.94
23.46
24.57
24.58
24.65
25.22
25.94
25.73
26.17
26.79
27.11
27.72
28.12
28.55
28.79
29.02
29.03
29.89
30.07
30.17
30.52
31
31.11
31.24
31.56
31.75
31.99
32.01
31.81
31.83
31.6
31.84
32.05
32.01
31.87
31.93
31.99
32
31.97
31.83
31.74
31.48
31.14
30.8
30.34
29.96
29.38
28.88
28.46
28.17
28.08
27.96
27.74
27.63
27.63
27.2
27.24
27.03
26.93
26.8
26.44
26.57
26.49
26.32
26.02
25.77
25.58
25.36
25.26
25.12
25.08
25.16
25.22
25.24
24.8
24.48
24.12
23.95
23.79
23.68
23.79
23.98
24.03
23.88
23.87
23.88
23.78
23.84
23.99
24.03
23.81
23.85
23.88
23.89
23.6
23.17
22.97
23.32
23.76
24.02
24.65
25.11
25.63
26.24
26.56
26.8
27.16
27.26
27.73
28.39
29.22
29.72
30.13
29.76
30.14
30.54
30.71
30.91
31.07
31.4
31.83
31.63
31.8
31.87
32.03
32.12
32.26
32.6
32.39
32.69
32.63
32.5
33.26
33.75
33.79
33.52
32.83
32.32
31.79
31.41
30.9
30.34
29.87
29.37
28.88
28.79
28.17
28.22
28.42
28.74
28.44
27.89
27.78
27.6
27.3
27.1
26.89
26.55
25.96
25.64
25.95
25.99
25.91
25.58
25.55
25.27
25
24.94
24.7
24.55
24.52
24.2
23.85
23.65
23.51
23.43
23.47
23.51
23.57
23.78
23.77
23.65
23.65
23.69
23.7
23.64
23.54
23.48
23.42
23.25
23.07
22.94
23.03
23.13
23.48
24.05
24.62
25.07
25.53
26.08
26.81
27.12
27.68
28.22
28.52
28.77
29.2
29.63
29.99
30.34
30.63
30.91
31.04
31.22
31.41
31.53
31.66
31.6
31.85
32
32.03
31.99
31.96
32.08
31.98
31.98
32.12
32.19
32.17
31.92
31.92
31.77
31.67
31.17
30.81
30.11
29.22
28.73
28.48
28.4
28.09
28.2
28.12
27.81
27.47
27.43
27.49
27.57
27.35
27.23
26.94
26.81
26.51
26.33
26.03
25.96
25.92
25.7
25.62
25.7
25.52
25.32
25.13
24.99
24.45
24.04
23.66
23.46
23.38
23.18
23.15
22.96
22.99
22.92
22.82
22.8
22.87
22.75
22.66
22.79
22.98
22.87
22.68
22.48
22.28
22.06
21.85
21.72
21.95
22.61
22.94
23.45
23.65
24.13
24.45
24.69
24.77
25.27
26
27.2
27.44
27.84
27.69
27.62
28.41
28.33
28.84
29.35
29.49
29.59
29.87
30.01
30.07
30.35
30.52
30.46
30.77
30.85
30.79
30.94
31.18
31.26
31.42
31.51
31.32
31.11
31.18
31.07
31.05
30.88
30.48
29.78
28.98
28.64
28.67
28.68
28.36
28.1
27.85
26.7
26.09
26.77
26.83
26.78
26.81
26.81
27.29
27.28
26.84
26.48
26.02
25.78
25.26
25.13
24.8
24.46
23.94
23.19
22.88
22.51
22.49
22.43
22.47
22.74
22.57
22.65
22.86
22.1
21.86
21.66
21.24
21.02
20.84
20.9
21.1
21.22
21.25
21.26
21.31
21.35
21.43
21.42
21.28
21.23
21.3
21.62
22.06
22.64
23.71
23.82
24.69
25.29
25.37
25.67
25.99
26.53
27.63
28.15
28.37
29.29
29.17
29.34
29.39
30.13
30.22
29.85
30.07
29.96
30.28
30.31
30.53
30.85
30.92
30.93
30.99
30.91
31.02
31.23
31.3
31.2
31.17
31.18
31.18
31.21
31.11
30.78
30.21
29.88
29.22
28.69
28.22
27.67
27.48
27.78
27.78
27.38
27.77
28.5
27.93
29.04
28.68
26.41
25.72
26.49
24.11
26.39
26.69
24.32
22.86
23.16
23.11
22.26
22.05
22.11
22.34
22.02
21.82
21.73
22.12
21.71
21.62
21.98
22.33
22.07
22.06
21.14
20.61
20.1
20
19.9
19.95
20.03
20.11
20.17
20.37
20.36
20.62
21.2
20.9
20.78
20.62
20.73
21.05
21.73
22.21
22.99
23.97
24.92
25.47
26.17
26.86
27.56
28.47
29.81
29.77
30.43
30.95
30.62
30.93
30.93
30.94
30.1
30.37
31.13
31.23
31.15
31.57
31.32
31.65
32.15
32.45
32.83
32.25
31.65
31.09
31.26
31.17
31.58
31.28
31.32
31.13
30.31
30.18
30.03
29.49
29.24
28.51
28.73
28.65
28.39
28.32
27.96
28.51
28.59
27.88
27.87
27.47
27.02
26.32
25.28
25.6
24.95
24.74
24.5
23.91
23.13
22.62
22.32
22.44
22.34
22.55
22.28
22.19
21.91
22.04
22.08
21.97
21.65
21.65
21.62
21.51
21.85
21.37
21.08
20.9
20.94
20.97
20.87
20.76
20.93
20.61
20.47
20.61
20.42
20.46
20.45
20.48
20.49
21.35
22.21
22.69
23.08
23.56
24.09
24.96
26.15
26.49
26.83
27.31
28.17
28.03
29.18
29.58
29.69
29.86
30.06
30.41
30.32
30.22
29.89
29.28
29.31
28.96
29.26
29.16
29.49
29.85
29.47
29.64
29.46
29.45
29.54
29.68
29.56
29.78
29.44
29.73
29.18
28.58
28.16
27.58
27.45
27.22
27.08
26.01
25.49
25.16
25.19
24.66
25.04
24.72
24.51
24.35
23.86
23.58
23.26
22.91
22.71
22.83
22.92
23.06
22.44
21.93
22.06
21.88
21.82
21.47
21.24
21.26
21.35
21.05
20.74
20.91
21.08
21.36
21.65
21.77
21.75
21.22
20.76
21.11
20.84
20.67
20.59
20.53
20.61
20.55
20.56
20.44
20.42
20.34
20.37
20.53
20.58
20.68
20.87
20.99
22.15
22.31
22.14
22.97
23.94
25.05
26.65
27.4
27.07
27.15
27.77
27.84
28.1
28.43
28.91
29.11
28.67
29.02
29.35
29.2
29.34
29.7
29.74
29.79
29.99
30.4
30.51
31.02
30.89
30.67
30.49
29.94
29.79
30.1
29.91
29.98
29.7
28.68
28.5
28.17
27.76
27.13
26.96
26.71
26.62
26.39
26.08
25.66
25.33
25.42
25.46
25.88
25.62
25.34
25
24.96
24.51
23.98
23.82
23.58
23.57
23.02
23.2
23.58
23.29
23.07
23.31
23.42
23.25
23.1
22.93
22.49
22.14
21.97
21.52
20.98
21.02
21.09
21.01
20.89
20.84
20.61
20.74
20.81
20.84
20.76
20.77
20.86
20.9
20.97
21.13
21.19
21.61
22.19
22.58
22.99
23.28
23.55
23.89
24.6
25.29
25.46
26.31
26.22
26.82
27.21
27.74
27.88
28.3
28.83
29.07
29.39
29.67
30.18
30.6
30.52
30.79
31.08
29.23
29.08
29.48
29.07
28.38
28.24
28.20
28.03
27.52
27.32
27.06
26.89
26.63
26.40
26.16
25.85
25.55
25.21
24.83
24.58
24.29
24.13
23.95
23.75
23.62
23.39
23.12
22.96
22.87
22.84
22.77
22.61
22.49
22.32
22.33
22.18
22.07
22.07
22.04
22.05
21.92
21.76
21.52
21.36
21.27
21.23
21.11
20.83
20.90
20.90
20.79
20.70
20.57
20.43
20.47
20.52
20.52
20.54
20.59
20.60
20.53
20.46
20.35
20.12
19.83
19.67
19.38
19.10
18.86
18.63
18.57
18.60
18.77
18.78
18.94
19.13
19.17
19.45
19.60
19.94
20.29
20.54
20.79
21.08
21.42
21.67
21.88
22.34
22.66
22.95
23.14
23.48
23.86
24.08
23.97
24.30
24.45
24.62
24.70
24.79
24.75
24.77
24.79
24.70
24.78
24.73
24.56
24.37
24.10
24.01
23.79
23.43
23.05
22.39
22.09
21.87
21.57
21.43
21.34
21.22
20.97
20.81
20.56
20.55
20.47
20.34
20.06
20.01
19.85
19.77
19.89
19.82
19.72
19.63
19.52
19.30
19.13
18.99
18.84
18.70
18.53
18.40
18.29
18.22
18.10
18.04
17.86
17.67
17.55
17.53
17.52
17.30
16.99
16.92
16.87
16.80
16.78
16.85
16.87
16.78
16.66
16.64
16.63
16.68
16.56
16.48
16.73
16.91
16.95
17.14
17.46
18.13
18.74
19.06
19.65
19.84
20.13
20.60
20.98
21.34
21.83
22.16
22.50
22.75
23.05
23.39
23.51
23.82
24.21
24.18
24.36
24.56
24.49
24.68
24.61
24.55
24.63
24.29
24.05
23.92
23.87
23.63
23.47
23.53
23.53
23.34
23.09
22.73
22.35
21.96
21.44
21.05
20.73
20.47
20.32
20.10
19.83
19.61
19.38
19.18
19.04
18.89
18.72
18.60
18.45
18.28
18.15
18.06
17.98
17.93
17.89
17.84
17.72
17.62
17.49
17.35
17.24
17.14
17.02
16.93
16.87
16.79
16.68
16.57
16.49
16.44
16.44
16.35
16.26
16.20
16.16
16.07
15.93
15.83
15.76
15.72
15.67
15.62
15.52
15.48
15.37
15.32
15.32
15.39
15.56
15.73
16.05
16.37
16.45
16.81
16.97
17.47
17.43
17.72
18.20
18.26
18.60
18.97
19.28
19.50
19.91
20.33
20.65
20.89
21.02
21.35
21.42
21.48
21.85
21.82
21.88
22.19
21.91
21.93
22.08
22.05
21.99
21.88
21.78
21.57
21.47
21.21
21.14
20.66
20.34
20.09
20.06
19.91
19.84
19.63
19.46
19.22
19.03
18.76
18.58
18.38
18.43
18.23
18.25
18.15
18.12
17.90
17.83
17.66
17.57
17.55
17.36
17.18
17.04
16.97
16.82
16.61
16.42
16.35
16.24
16.08
15.99
15.98
15.92
15.79
15.69
15.60
15.57
15.51
15.41
15.35
15.28
15.27
15.18
15.11
15.10
15.06
14.95
14.91
14.96
14.99
14.97
14.93
15.05
15.37
15.64
16.02
16.39
16.79
17.14
17.57
17.94
18.38
18.64
18.86
19.12
19.44
19.98
20.47
20.87
20.95
21.28
21.91
21.98
22.38
22.62
22.95
23.10
23.27
23.48
23.69
23.80
23.97
23.99
24.03
24.02
24.15
24.09
24.04
23.99
23.97
23.90
23.71
23.40
23.01
22.59
22.31
21.94
21.72
21.46
21.33
21.35
21.19
20.69
20.50
20.35
20.19
19.98
19.84
19.72
19.54
19.49
19.42
19.31
19.18
19.12
18.99
18.95
19.01
19.03
18.95
18.92