25.14
24.82
24.67
24.48
24.6
24.63
24.54
24.4
24.3
24.13
24.02
23.9
23.79
23.67
23.65
23.58
23.36
23.12
22.93
22.85
22.79
22.77
22.69
22.61
22.44
22.3
22.22
22.61
23.6
24.99
24.84
25.22
26.79
27.77
27.13
26.59
27.08
27.07
27.17
27.44
27.94
27.99
28.27
28.48
29.6
29.97
29.79
29.94
30.09
30.3
30.85
31.6
30.79
31.48
31.91
31.02
30.81
30.67
30.56
30.44
30.65
30.7
30.95
30.73
30.53
30.53
30.05
30.02
29.65
29.24
28.48
28.68
28.85
28.45
28.18
27.73
27.12
26.54
25.93
25.35
25.15
24.94
24.76
24.99
24.98
24.67
24.46
24.35
24.25
24.07
24.14
24.16
23.86
23.86
23.93
23.76
23.61
23.3
22.98
23.13
23.36
23.51
23.06
22.81
22.56
22.41
22.2
22.05
21.97
22.06
22.33
22.53
22.46
22.5
22.69
22.67
22.69
22.65
22.62
22.81
22.43
22.29
22.21
22.22
22.49
22.84
23.2
23.43
23.67
23.92
24.04
24.59
24.96
25.42
25.76
26.22
26.61
27.17
27.61
27.78
27.94
28.67
28.64
29.19
29.7
29.51
29.87
29.88
29.91
30.29
30.61
31.01
30.92
30.78
30.7
30.8
30.97
30.77
31.03
31.14
30.47
30.22
30.19
30.02
29.82
29.66
29.47
28.8
27.98
27.54
27.35
27.18
26.84
27.01
27.04
27.05
27.11
26.85
26.33
25.48
25.11
25.29
24.94
24.98
25.34
25.2
24.71
23.97
23.59
23.27
23.11
22.79
22.51
22.33
22.28
22.25
22.33
22.53
22.53
22.6
22.61
22.05
21.69
21.59
21.69
21.7
21.3
21.45
21.77
21.78
21.73
21.67
21.33
21.46
21.59
21.68
21.44
21.34
21.39
21.9
22.27
22.98
23
22.9
23.3
23.81
24.24
25.03
25.21
25.82
26.46
27.29
28.1
28.24
28.5
29.16
29.58
29.64
29.81
30.21
30.45
29.97
29.79
30.24
30.43
29.98
30.46
30.35
30.79
32.14
31.12
30.9
30.51
30.31
30.33
30.28
30.14
29.65
29.37
29.2
28.83
28.58
28.28
27.64
27.24
26.76
26.25
25.83
25.79
25.57
25.65
25.35
25.16
25.02
24.71
24.21
23.91
23.71
23.51
23.25
23.16
23.04
22.75
22.61
22.43
22.29
22.21
22.13
22.08
22.06
21.96
21.89
22.02
22.05
21.85
21.57
21.41
21.28
21.51
21.36
21.05
20.95
20.95
20.92
20.87
20.81
20.78
20.69
20.7
20.71
20.84
20.81
20.86
21.05
21.09
21.34
21.73
22.45
24.11
24.39
24.34
24.84
25.1
25.67
25.7
25.95
26.24
26.42
26.77
27.12
27.31
28.07
28.36
28.44
28.54
28.83
28.8
29.16
30.17
29.98
30.06
29.76
29.74
29.96
29.99
30.41
30.13
30.7
30.32
30.38
30.6
30.55
30.26
30.22
30.4
30.74
29.81
29.57
29.41
28.8
28.4
27.82
27.15
27.23
26.97
26.88
26.82
26.42
26.29
26.17
26.29
26.35
26.11
25.96
25.75
25.78
25.89
25.82
25.7
25.43
25.1
24.89
24.86
24.72
24.52
24.25
23.92
23.61
23.45
23.38
23.31
23.23
23.12
23.08
23.15
23.11
22.82
22.86
23.04
23.2
23.51
23.7
23.75
23.72
23.68
23.65
23.64
23.53
23.45
23.51
23.82
23.63
23.12
23.48
23.09
23.15
22.98
22.68
22.59
22.72
23.07
23.38
23.63
23.91
24.97
25.79
25.63
26.37
26.94
27.04
27.28
27.17
27.48
27.93
27.36
28.01
27.96
28.48
28.68
28.88
29.09
28.96
29.18
29.1
29.47
29.42
29.69
29.64
29.75
30.61
29.95
29.23
28.84
28.47
28
27.4
26.8
26.45
26.18
25.87
25.6
25.37
25.12
24.92
24.79
24.64
24.62
24.49
24.24
24.27
24.18
24.2
24
23.97
23.82
23.82
23.55
23.55
23.61
23.58
23.43
23.19
23.2
23.18
23.17
22.94
23.01
22.9
22.77
22.65
22.45
22.15
22.04
22.02
21.82
21.61
21.57
21.54
21.56
21.54
21.66
21.78
21.89
22.24
22.66
22.86
22.91
23.1
23.05
22.93
23.07
23.35
23.75
24.2
24.87
25.42
25.61
26.06
26.58
26.79
27.25
27.49
27.81
28.28
28.86
29.54
29.69
29.24
29.68
29.7
29.61
30.09
29.97
30.18
30.49
30.66
30.77
30.65
30.69
30.91
31.17
31.12
30.74
30.99
30.75
30.24
29.83
29.43
29.31
29.3
28.75
28.12
27.7
27.42
26.94
26.74
26.45
26.42
26.28
26.68
26.45
26.09
26.05
25.83
25.74
25.54
25.21
25.16
24.99
24.88
24.85
24.56
24.15
24.17
24.17
24.26
24.25
24.33
24.21
23.97
24.09
24.08
23.99
23.96
23.61
23.31
23.25
23.29
23.25
23.35
23.32
23.11
23.06
22.99
23.11
23.07
22.81
22.58
22.4
22.25
22.23
22.12
22.04
22.27
22.71
23.29
23.93
24.4
25.28
25.96
26.32
26.58
26.96
27.13
27.73
27.9
28.15
29.19
29.06
29.59
29.99
30.3
30.29
30.48
30.55
30.69
31.15
31.05
31.52
31.25
31.26
31.36
31.21
31.43
31.59
31.83
32.07
31.31
31.19
31.28
31.5
31.59
31.17
30.56
29.82
29.29
29
28.95
28.3
28.32
28.06
27.84
27.37
27.23
27.41
27.89
27.78
27.73
27.48
27.02
26.42
25.88
25.84
25.86
25.88
26.14
25.6
25.44
25.61
25.6
25.31
25.08
24.78
24.59
24.62
25.06
24.98
24.54
24.44
24.12
24.02
23.96
23.77
23.53
23.54
23.59
23.56
23.51
23.42
23.36
23.34
23.35
23.6
23.65
23.82
23.88
23.95
23.97
24.05
24.11
24.31
24.64
25.24
25.67
25.64
26.13
26.51
26.89
27.09
27.55
27.8
28.16
28.54
28.75
29.05
29.4
29.99
29.98
30.39
30.91
30.64
30.93
31.01
31.29
31.86
32.05
31.38
31.56
32.18
33.01
33.23
32.2
32.04
32.04
31.91
32.07
31.88
31.74
31.11
30.8
30.61
30.5
30.17
29.56
29.01
28.4
28.19
27.85
27.58
27.54
27.4
27.37
26.96
26.84
26.91
26.01
25.68
25.95
25.71
25.55
25.33
25.43
25.72
25.58
24.99
25.1
25.57
25.49
25.47
25.39
25.17
25.09
24.94
25.03
24.76
24.09
24.03
23.79
23.83
23.88
23.82
23.84
23.81
23.54
23.39
23.24
23.18
23.29
23.38
23.37
23.38
23.31
23.27
23.18
23.3
23.49
24.12
24.84
25.37
26.05
26.16
26.8
27.25
27.27
27.43
27.86
28.12
28.31
28.74
29.15
29.43
29.68
30.85
31.72
30.9
30.69
30.63
30.57
30.74
30.81
31.21
31.37
31.57
31.49
31.76
31.64
31.57
31.5
32.18
31.73
31.46
31.34
31.33
31.26
31.12
30.76
30.22
29.91
29.43
28.78
28.63
28.4
28.24
28.24
28.19
28.19
28.03
27.88
27.67
27.43
27.33
27.01
26.72
26.35
26.15
25.91
25.94
26.07
26.11
26.09
25.88
25.79
25.64
25.53
25.6
25.63
25.4
25.1
24.73
24.61
24.49
24.34
24.03
23.91
23.89
23.91
24.01
24.11
24
23.98
23.94
24.02
24.12
24.11
24.05
24.32
24.13
23.88
23.74
23.68
23.74
24.08
24.55
24.98
25.3
25.54
25.68
25.94
26.1
26.64
26.64
26.87
27.12
27.47
27.64
28.04
28.25
29
29.26
29.66
30.06
30.23
30.38
30.82
31.45
31.33
32
31.94
31.96
31.84
32.01
32.34
32.98
32.14
32.48
32.75
32.68
32.18
31.65
30.97
30.27
29.75
29.59
29.26
29.12
28.42
27.83
27.12
26.6
26.25
26.14
26
25.77
25.47
25.34
25.3
25.39
25.42
25.54
25.66
25.61
25.55
25.43
25.32
25.32
25.57
25.56
25.36
25.48
25.59
25.56
25.48
25.29
25.2
25.16
25.04
24.98
24.76
24.58
24.71
24.73
24.62
24.43
24.06
23.97
24.05
24.12
24.22
24.36
24.35
24.21
24.14
24.09
24.07
23.93
23.9
24.03
24.33
24.57
25.18
25.68
26.07
26.46
26.91
27.21
27.41
27.7
27.95
28.38
28.59
28.94
29.21
29.48
29.75
30.06
30.35
30.53
30.79
30.99
31.49
31.49
31.83
32.24
32.26
32.02
32.32
32.22
32.63
32.43
32.44
32.6
33.02
32.75
32.35
31.67
31.14
30.83
30.75
30.28
29.98
29.66
28.89
27.98
27.44
27.05
26.67
26.35
26.08
25.96
25.87
25.67
25.38
25.26
25.07
24.86
24.79
24.84
24.82
24.67
24.78
24.75
24.78
24.79
24.6
24.7
24.76
24.62
24.33
24.27
24.53
24.54
24.43
24.25
24.11
24.06
24
23.72
23.56
23.41
23.7
23.77
23.53
23.26
23.1
22.98
22.82
22.86
22.86
22.78
22.73
23
23.17
23.35
23.86
24.97
25.36
25.99
26.15
26.21
26.51
26.94
27.18
27.47
27.72
28.17
28.49
28.8
29.2
29.31
29.77
30.31
30.43
30.67
30.83
31.55
31.61
32.14
32.04
31.67
32.28
32.4
32.39
32.37
32.19
32.14
32.16
31.44
31.16
30.88
30.41
29.85
29.79
30.16
29.57
28.96
28.76
28.75
28.53
27.8
27.27
26.9
26.63
26.28
26.1
26.03
26.07
25.92
25.74
25.67
25.83
25.78
25.67
25.26
25.22
24.88
25.19
25.56
25.33
25.44
25.41
25.41
25.37
25.36
25.27
25.24
25.25
25.24
25.19
25.1
25.08
25.03
24.88
24.78
24.71
24.65
24.75
24.68
24.57
24.57
24.56
24.7
24.69
24.64
24.58
24.63
24.62
24.61
24.62
24.56
24.57
24.71
24.83
24.95
25.04
25.24
25.38
25.67
25.85
26.19
26.38
26.61
26.71
27.4
28.01
28.1
28.35
28.4
28.58
28.73
28.87
29.18
30.05
30.16
30.02
30.04
30.41
30.24
29.98
29.68
30.17
30.93
31.62
31.51
31.62
31.39
31.91
31.63
30.75
30.12
29.86
29.57
28.77
28.15
27.22
26.75
26.46
25.93
25.79
26.02
25.86
25.18
24.91
24.79
24.58
24.53
24.66
24.85
24.75
23.99
23.88
24.04
24.09
24.23
24.31
24.46
24.4
24.48
24.6
24.59
24.72
24.79
24.74
24.62
24.49
24.45
24.4
24.38
24.4
24.36
24.34
24.41
24.28
24.13
24.07
24.12
24.12
24.03
23.77
23.56
23.81
23.78
23.78
23.83
24.07
24.22
24.25
24.26
24.36
24.47
24.75
24.92
24.72
24.74
24.83
25.47
25.88
26.51
26.93
27.43
27.21
26.96
27.03
27.26
27.93
28.12
28.43
28.42
28.59
28.51
28.72
28.4
26.62
24.82
24.12
23.78
23.46
23.1
22.83
22.67
22.49
22.23
22.07
21.95
21.85
21.79
21.93
21.81
21.78
21.78
21.8
21.8
21.83
22.03
22.03
21.86
21.98
22.06
22.17
22.2
21.86
21.68
21.52
21.39
21.09
21.04
21.08
21.14
21.21
21.22
21.24
21.25
21.22
21.2
21.19
21.17
21.19
21.15
21.17
21.12
20.75
20.59
20.57
20.16
19.92
19.77
19.51
19.39
19.26
19.17
19
18.85
18.7
18.65
18.63
18.63
18.57
18.58
18.53
18.5
18.45
18.37
18.36
18.36
18.34
18.34
18.32
18.42
18.48
18.31
18.21
18.25
18.24
18.24
18.2
18.32
18.51
19.12
19.29
19.25
19.02
18.75
18.49
19.08
19.42
19.2
19.06
19.19
19.22
19.53
19.79
19.8
19.97
19.48
19.4
19.32
19.22
19.17
19.19
19.24
19.22
19.22
19.18
19.09
18.96
18.9
18.67
18.19
17.99
18.05
18.13
18.14
18.15
18.18
18.25
18.3
18.34
18.38
18.39
18.48
18.5
18.54
18.62
18.64
18.61
18.6
18.7
18.69
18.65
18.64
18.7
18.73
18.79
18.76
18.79
18.79
18.75
18.78
18.74
18.7
18.67
18.69
18.71
18.73
18.74
18.68
18.69
18.69
18.65
18.62
18.59
18.59
18.63
18.61
18.59
18.57
18.54
18.56
18.58
18.74
18.87
19
19.12
19.33
19.48
19.62
19.96
20.37
20.84
21.18
21.73
21.93
21.86
22.72
22.88
23.23
23.5
23.06
23.39
24.6
23.85
24
24.17
23.75
23.93
23.75
23.68
23.99
24.92
24.75
24.66
24.65
24.57
24.25
24.06
24.24
24.26
23.86
23.69
23.5
23.39
23.34
23.14
22.82
22.66
22.57
22.43
22.34
22.15
21.91
21.77
21.67
21.63
21.56
21.45
21.27
21.11
21
20.88
20.84
20.82
20.74
20.67
20.64
20.54
20.48
20.42
20.37
20.34
20.3
20.26
20.2
20.13
20.02
20.09
20
19.91
19.87
19.82
19.76
19.51
19.43
19.53
19.75
19.88
19.83
19.67
19.51
19.51
19.55
19.5
19.68
19.91
19.96
19.96
19.98
20.02
20.15
20.26
20.46
20.75
20.99
22.12
23.18
22.93
23.17
23.62
23.94
24
24.12
24.32
24.8
25.08
25.5
25.53
25.99
26.27
26.88
27.14
27.14
27.07
27.12
26.9
26.91
27.19
27.01
27.37
27.99
27.45
27.49
28.09
27.99
27.9
27.64
27.58
27.49
27.13
26.92
26.63
26.39
26.27
26.2
25.72
25.14
25.09
24.82
24.32
24.16
24.14
24.26
24.17
24.33
24.08
24.08
23.99
24.03
23.76
23.82
23.79
23.82
23.85
23.67
23.82
23.91
23.77
23.7
23.85
23.67
23.62
23.52
23.51
23.41
23.1
22.85
22.64
22.65
22.56
22.32
22.29
22.15
22.02
22.01
21.97
21.97
21.87
21.8
21.77
21.75
21.77
21.77
22.02
22.78
23.42
23.87
24.48
24.95
25.74
25.6
25.99
26.18
26.25
26.66
26.82
27.2
27.62
27.87
28.54
29.55
29.37
30.09
30.03
30.63
30.68
30.31
30.35
31.26
30.42
30.97
31.47
31.39
31.56
31.58
31.28
31.71
31.45
31.64
32.24
31.96
31.88
31.11
30.18
29.87
29.2
28.42
27.72
27.57
27.41
27.15
27.14
26.85
26.37
26.18
25.9
25.83
25.72
25.53
25.25
25.09
24.76
24.73
24.67
24.54
24.45
24.46
24.47
24.22
24.16
23.97
23.76
23.67
23.56
23.24
23.13
23.04
22.84
22.98
22.59
22.65
22.65
22.51
22.24
22.02
21.78
21.7
21.74
21.84
21.75
21.83
21.62
21.33
21.15
21.12
21.11
21.02
20.93
21.14
21.52
22.05
22.52
22.82
23.37
23.79
24.44
25
25.59
26.04
26.3
26.73
27.24
27.63
28.29
28.57
29.04
29.22
30.23
29.86
29.97
29.95
30.67
30.65
30.43
31.02
31.01
31.02
31
31.25
31.18
31.41
31.04
31.32
31.3
31.06
30.92
30.89
30.83
30.67
30.35
30.01
29.56
29.16
28.65
28.5
28.53
28.34
27.63
27.25
26.73
26.91
27.05
27.03
26.87
26.73
26.73
26.62
26.43
26.09
26.12
26.08
25.71
25.31
25.12
24.98
24.83
24.57
24.68
24.57
23.94
23.8
23.87
23.94
23.75
23.7
23.81
23.75
23.88
23.43
22.68
22.72
23.05
22.96
22.58
22.43
22.38
22.38
22.47
22.53
22.55
22.53
22.55
22.46
22.42
22.47
22.72
23.1
23.45
23.92
24.27
24.41
24.97
25.67
26.1
26.44
26.46
26.64
26.77
27.22
27.35
27.63
27.88
28.27
28.26
28.59
29.15
29.4
29.19
29.21
29.32
29.74
29.86
29.75
29.98
30.03
30.15
30.37
30.48
30.5
30.88
30.43
30.74
30.32
30.21
30
29.71
29.51
29.12
28.71
28.16
27.38
27.1
26.92
26.92
26.57
26.52
26.28
25.65
25.42
25.64
25.73
25.37
25.11
24.85
24.28
24.27
24.23
24.1
24.28
24.52
24.82
24.72
24.77
24.52
24.51
24.49
24.5
24.26
24.07
24.26
23.84
23.38
22.94
22.62
22.57
22.62
22.79
22.75
22.53
22.41
22.45
22.44
22.5
22.65
22.81
22.99
22.85
22.59
22.32
22.15
22.38
22.12
22.19
22.92
23.78
23.44
24.03
25.53
25.77
26.76
26.69
26.51
26.82
27.16
27.5
27.86
28.14
28.65
28.94
29.07
29.54
29.8
29.64
29.71
29.62
29.8
30.02
30.27
30.13
30.29
30.27
30.36
30.49
30.21
30.16
30.23
30.2
30.37
30.17
30.04
29.88
29.59
29.29
28.87
28.27
27.86
27.66
27.62
27.44
27.39
26.95
26.73
26.76
26.46
26.12
25.59
25.53
25.89
25.54
25.08
24.93
24.92
24.84
24.66
24.4
24.42
24.69
24.49
24.14
24.17
24.14
24.1
24.18
23.7
23.57
23.44
23.31
23.1
23.05
23.09
22.91
22.75
22.66
22.63
22.57
22.27
22.18
22.33
22.18
22.22
22.17
22.05
22.03
22
22.14
22.27
22.39
22.6
22.9
23.17
23.47
24.05
24.8
25.21
26.02
26.61
26.73
27.11
27.15
27.42
27.74
27.98
28.35
28.93
29.23
29.29
29.69
29.89
29.98
30.27
30.43
30.76
30.99
30.96
31.03
30.88
30.93
31.04
31.28
30.93
31.29
31.08
30.86
30.99
30.84
30.78
30.55
30.28
29.78
29.17
28.75
28.2
27.97
27.81
27.53
27.19
26.97
26.73
26.48
26.57
26.31
26.39
26.27
26.52
26.37
26.17
26.12
25.95
25.78
25.63
25.57
25.75
25.85
25.64
25.2
24.9
24.67
24.55
24.43
24.34
24.43
24.45
24.41
24.32
23.99
23.74
23.46
22.96
22.91
22.83
22.62
22.46
22.36
22.33
22.33
22.53
22.63
23.03
23.05
22.84
22.66
22.54
22.48
22.57
22.88
23.28
23.24
23.94
24.59
25.25
25.62
26.13
26.71
26.92
26.96
27.27
27.74
27.94
28.14
28.6
28.94
29.32
29.7
29.71
30.05
30.47
30.22
30.24
30.38
30.67
30.98
31.18
31.45
31.28
31.56
31.58
31.55
31.71
31.66
31.54
31.29
31.26
30.97
30.68
30.31
29.88
29.34
28.97
28.57
28.23
28.08
27.92
27.82
27.55
27.26
27.16
27.2
27.16
27.07
26.98
26.95
26.73
26.96
26.9
26.4
26.15
26.17
26.04
25.82
25.85
25.88
26.09
25.68
25.29
24.82
24.61
24.59
24.53
24.3
24.22
24.21
24.08
23.96
23.97
23.79
23.54
23.42
23.48
23.47
23.39
23.4
23.28
23.22
23.16
23.12
23.08
23.12
23.08
23.08
23.24
23.65
23.97
24.2
24.53
25.22
25.69
26.25
26.39
26.84
27.17
27.45
27.85
28.33
28.7
28.92
29.23
29.49
29.77
30.31
30.44
30.51
30.82
30.8
30.87
31.04
30.8
30.38
30.39
30.57
30.5
30.62
31.12
31.28
31.29
31.57
31.67
31.8
31.56
31.64
30.95
30.36
29.88
29.97
29.6
29.53
29.61
28.84
28.73
29.26
28.93
28.83
27.89
27.51
27.52
26.96
26.58
26.62
26.9
27.11
26.26
26.22
26.13
26.14
26.01
25.86
25.64
25.67
25.61
25.38
25.28
25.36
25.32
25.38
25.2
24.94
24.78
24.69
24.72
24.67
24.7
24.72
24.63
24.45
24.3
24.17
23.93
23.78
23.69
23.56
23.48
23.37
23.27
23.21
23.18
23.19
23.38
23.75
24.09
24.43
24.81
25.41
25.89
26.48
26.81
27.22
27.73
27.69
28.05
28.58
28.96
29.17
29.67
29.93
30.2
30.27
30.59
30.57
30.88
31.01
31.21
31.23
31.38
31.34
31.17
31.43
31.53
31.94
31.82
31.85
31.83
31.92
32.02
31.92
31.59
31.47
31.42
30.85
30.72
30.43
29.92
29.64
28.81
28.29
28.28
28.22
27.95
27.45
27.11
26.75
26.35
26
25.68
25.41
25.22
25.08
25.02
25.14
25.15
25.06
24.92
24.84
25
24.99
24.77
24.97
24.95
24.78
24.62
24.52
24.46
24.32
24.36
24.37
24.16
24.1
24.24
24.31
24.23
24.08
23.99
24
23.74
23.57
23.67
23.66
23.61
23.59
23.49
23.43
23.44
23.47
23.66
23.85
24.13
24.4
24.88
25.39
25.79
26.27
26.67
27.03
27.41
27.6
27.99
28.38
28.82
29.11
29.61
29.8
30.18
30.25
30.54
30.75
31.06
31.24
31.22
31.39
31.55
31.6
31.77
32.05
32.08
32.04
32.35
32.41
32.03
31.73
31.32
30.75
30.31
30.11
30.12
29.81
29.52
29.33
28.79
28.57
28.14
27.93
27.84
27.72
27.49
27.2
26.86
26.75
26.8
26.58
26.35
26.26
26.03
26.4
26.07
25.49
25.39
25.14
25.22
24.94
24.7
24.81
24.81
24.55
24.34
24.04
23.65
23.76
24
23.69
23.13
22.99
22.78
22.65
22.76
22.9
22.89
22.77
22.68
22.82
22.94
22.92
22.91
22.93
22.94
22.94
22.97
23.08
23
22.71
22.78
23.04
23.21
23.77
24.36
24.77
25.29
25.7
26.77
26.83
27.64
27.57
27.68
28.06
28.56
29.21
29.75
30.43
30.54
30.79
30.86
30.87
31.17
31.28
31.62
31.56
31.83
31.62
32.3
32.2
31.23
31.58
31.34
31.53
31.36
31.16
30.9
30.9
30.57
30.33
30.08
29.52
29.13
28.82
28.52
28.28
28.02
27.78
27.46
27.24
27.23
26.92
26.43
26.06
25.74
25.41
25.3
25.31
25.37
25.11
24.44
24.2
24.06
23.91
23.84
23.92
23.83
23.9
23.81
23.9
23.78
23.65
23.76
23.71
23.59
23.4
23.16
23.31
23.2
23.11
22.9
22.69
22.59
22.51
22.6
22.59
22.33
22.34
22.44
22.43
22.5
22.66
22.7
22.93
22.82
22.89
22.64
22.92
23.21
23.73
24.34
25.25
25.66
26.45
27.3
27.1
27.85
28.69
29.16
29.23
29.66
29.83
30.31
30.87
31.05
31.17
32.02
31.39
31.47
31.85
31.77
31.66
31.95
31.53
31.96
30.67
28.64
28.17
27.48
26.3
25.28
24.57
23.99
23.68
23.61
23.61
23.57
23.4
23.14
22.8
22.62
22.46
22.29
22.04
21.88
21.77
21.81
21.87
21.9
21.95
22.06
22.13
22.2
22.28
22.29
22.28
22.26
22.21
22.17
22.27
22.33
22.4
22.38
22.42
22.51
22.5
22.6
22.66
22.63
22.59
22.48
22.41
22.39
22.31
22.21
22.12
22.04
22
21.91
21.82
21.72
21.62
21.41
21.09
20.92
20.89
20.63
20.18
19.85
19.67
19.25
18.93
18.58
18.5
18.52
18.42
18.29
18.33
18.09
18
17.99
18.09
18.31
18.48
18.63
18.67
18.82
18.75
18.69
18.96
19.18
19.61
19.43
19.46
19.4
19.54
19.44
19.57
19.44
19.68
19.84
19.94
19.85
19.87
19.79
19.69
19.73
19.72
19.49
19.41
19.17
19.02
18.9
18.83
18.76
18.65
18.52
18.35
18.28
18.23
18.25
18.24
18.25
18.27
18.3
18.33
18.36
18.38
18.41
18.43
18.47
18.55
18.53
18.56
18.59
18.58
18.54
18.51
18.48
18.45
18.43
18.46
18.42
18.41
18.36
18.31
18.26
18.25
17.99
17.82
17.66
17.66
17.61
17.56
17.53
17.5
17.51
17.53
17.54
17.45
17.45
17.42
17.36
17.27
17.18
17.11
17.08
17.04
17
16.98
16.97
17.01
17
17.19
17.53
17.66
17.96
17.98
18.02
18.38
18.7
18.82
19.26
19.42
19.36
19.47
19.88
20.32
20.34
20.6
20.81
20.91
20.9
20.85
20.45
20.58
20.59
21.01
20.85
20.64
20.37
20.28
20.18
19.99
19.96
20.08
19.87
19.92
19.91
19.6
19.41
19.26
18.98
18.82
18.65
18.51
18.45
18.47
18.47
18.49
18.48
18.43
18.45
18.43
18.43
18.47
18.49
18.5
18.55
18.54
18.49
18.55
18.57
18.6
18.56
18.59
18.6
18.58
18.56
18.52
18.44
18.33
18.27
18.24
18.23
18.18
18.17
18.14
18.09
18.02
17.97
17.95
17.92
17.88
17.79
17.71
17.73
17.57
17.35
17.17
16.96
16.8
16.72
16.57
16.46
16.47
16.58
16.66
16.82
17.07
17.18
17.16
17.25
17.38
17.24
17.19
17.57
17.94
18.12
18.12
18.23
18.31
18.43
18.92
19.16
19.23
19.26
19.6
19.56
18.9
18.97
18.89
18.81
18.51
18.25
18
18.07
18.16
17.92
17.28
16.95
16.55
16.02
15.83
15.96
16.04
16.08
16.15
16.19
16.17
16.11
16.01
15.93
15.9
15.89
15.9
15.89
15.9
15.88
15.92
15.93
15.91
15.89
15.89
15.91
15.83
15.71
15.6
15.41
15.3
15.23
15.16
15.04