20.29
19.91
19.75
19.55
19.29
19.17
19.19
19.13
18.84
18.56
18.31
18.32
18.17
17.98
17.92
17.89
17.94
17.85
17.81
17.82
17.74
17.76
17.82
17.84
17.87
17.99
18.04
18.21
18.69
19.05
19.42
20.18
20.99
21.72
22.63
23.35
24.29
24.39
24.83
25.29
25.88
26.53
27.56
28.49
28.1
28.29
29.07
29.14
29.47
29.65
29.96
30.27
30.39
30.6
30.72
30.77
30.95
31.11
31.05
30.93
30.95
30.99
31.04
30.84
30.79
30.78
30.87
30.26
29.83
29.56
29.38
28.82
28.39
28.09
27.63
27.58
27.17
25.91
25.39
24.97
24.67
24.4
24.2
24.08
23.92
23.85
23.63
23.5
23.37
23.26
22.91
22.88
23.11
23.12
23.16
23.2
22.99
22.71
22.96
22.69
22.69
22.81
22.72
22.56
22.42
22.18
22.31
22.23
22.05
21.79
21.35
21.13
21.02
20.93
20.81
20.68
20.39
20.09
19.61
19.2
18.97
18.75
18.59
18.5
18.55
18.65
18.56
18.52
18.65
18.76
18.83
19.17
19.05
19.24
19.85
20.26
20.56
20.71
20.39
20.58
20.83
21.46
22
22.2
22.57
22.06
21.89
21.9
22.06
21.8
21.9
21.8
21.4
21.16
21.2
21.35
21.69
21.69
22.1
21.94
21.77
21.7
21.53
21.34
21.15
20.62
20.12
19.75
19.49
19.29
19.17
19.05
18.84
18.67
18.58
18.5
18.58
18.48
18.51
18.46
18.32
18.18
18.1
18.34
18.31
18.12
17.97
17.72
17.49
17.32
17.18
17.07
16.99
16.87
16.78
16.64
16.52
16.41
16.32
16.29
16.31
16.3
16.35
16.33
16.3
16.38
16.51
16.51
16.51
16.49
16.48
16.47
16.47
16.52
16.53
16.45
16.38
16.34
16.37
16.41
16.46
16.56
16.6
16.59
16.74
17.06
17.24
17.29
17.35
17.56
17.94
18.16
18.38
18.59
19.5
19.6
19.87
20.08
20.06
20.47
20.89
20.97
21.21
21.71
22.14
21.92
22.05
22.67
22.31
22.69
22.61
22.88
22.42
22.37
22.25
22.03
21.93
21.77
21.44
21.12
20.91
20.6
20.28
20.07
19.86
19.67
19.36
19.15
19
18.84
18.68
18.52
18.4
18.18
17.91
17.66
17.43
17.24
17.05
16.92
16.76
16.66
16.59
16.51
16.41
16.38
16.38
16.31
16.23
16.16
16.07
15.87
15.69
15.61
15.49
15.45
15.41
15.33
15.27
15.24
15.22
15.07
14.96
14.86
14.81
14.74
14.66
14.58
14.63
14.6
14.47
14.43
14.37
14.39
14.33
14.48
14.48
14.64
14.96
15.42
15.95
16.3
16.64
17.14
17.57
18.3
18.52
18.97
19.23
19.89
20.33
20.87
21.78
21.89
22.01
22.36
22.39
22.81
23.19
23.47
23.78
23.86
23.7
23.77
24.11
24.6
24.48
24.49
24.54
24.7
24.54
24.44
24.69
24.84
24.29
24.1
23.88
23.49
23.02
22.75
22.53
21.98
21.65
21.17
20.89
20.44
20.23
19.99
19.94
19.96
20.06
19.99
19.67
19.27
19.14
18.94
18.81
18.65
18.63
18.6
18.7
18.62
18.43
18.36
18.31
18.38
18.26
18.15
18.09
17.98
17.96
17.93
17.77
17.56
17.53
17.28
17.2
17.16
17.1
16.88
16.65
16.4
16.57
16.03
15.57
15.66
15.77
15.83
15.61
15.63
15.64
16.08
16.4
16.86
17.5
18.53
19.29
19.54
20.02
20.9
21.87
22.14
22.22
22.58
23.25
23.86
24.24
24.63
25.11
25.52
25.89
25.98
26.88
26.75
26.88
26.96
27.26
27.79
28.09
28.08
28.76
29.35
29.22
28.94
29.33
29.72
29.98
30.57
29.94
29.74
29.36
29.51
29.03
27.97
27.47
27.36
27.02
26.84
26.45
25.76
25.42
25.32
24.76
24.45
24.45
24.31
23.73
23.63
23.56
23.67
23.53
23.34
23.14
23.26
23.16
23.14
22.78
22.32
22.14
21.98
21.98
21.91
21.66
21.4
21.44
21.46
21.53
21.24
21.04
20.98
20.94
20.89
20.82
20.71
20.44
19.93
19.59
19.81
19.9
19.8
19.48
19.27
19.24
19.17
18.99
18.97
18.94
19.15
19.57
20
20.35
20.48
21.07
22.22
23.36
23.25
23.87
24.48
24.89
25.22
25.85
26.66
27.44
28.3
28.47
29.03
29.51
29.68
29.9
30.18
30.52
30.65
30.93
31.05
31.17
31.44
31.58
31.84
32.01
31.92
32.01
32.14
32.26
32.24
31.76
31.69
31.65
31.41
31.03
30.49
29.87
29.6
29.38
29.08
28.65
28.32
28.33
27.51
26.75
27.59
27.86
27.85
28.11
28.25
28.1
27.42
26.35
26.52
25.98
25.55
24.9
24.2
23.22
22.92
22.97
23.25
23.54
23.83
23.75
23.39
23.17
22.76
22.56
22.38
22.18
22.17
22.11
21.75
21.16
20.72
20.18
20.02
20.01
19.97
20.05
20.66
21.15
20.83
20.51
20.3
20.8
21.54
22.47
21.7
21.35
20.96
21.22
22.31
24.29
25.15
25.46
27.21
27
26.71
26.73
26.75
27.01
27.57
28.04
28.61
29.03
29.14
29.37
29.63
29.97
30.01
30.38
30.61
30.69
30.71
30.8
31
31.24
31.27
31.55
31.52
31.95
31.75
31.44
31.46
31.64
31.92
31.41
31.01
30.76
30.23
29.7
29.15
28.82
28.69
28.38
28.41
28.07
27.61
27.28
26.7
26.11
25.72
25.78
26.04
25.61
25.34
25.3
24.97
24.51
24.5
24.71
24.48
24.33
24.71
24.9
24.39
24
24.29
24.71
24.78
24.52
24.67
23.72
22.99
22.8
23.1
22.44
22.2
21.94
21.86
21.69
21.59
21.67
21.51
21.56
21.59
21.27
21.02
20.97
20.94
21
21.42
21.57
21.51
21.97
22.61
23.41
23.7
23.86
24.3
25.2
25.96
26.25
26.89
27.14
27.43
28.15
28.62
28.89
29.45
30.06
29.96
30.44
30.54
30.75
30.86
30.75
31.22
31.44
31.41
31.34
31.48
31.61
31.59
31.62
32.01
32.03
32.09
32.49
32.14
32.36
31.78
31.61
31.55
31.04
30.53
29.86
29.4
29.55
28.35
28.21
29.17
29.59
27.85
27.86
27.43
26.9
26.56
26.32
26.4
26.61
26.48
26.35
26.4
26.28
26.11
26.08
26.02
25.61
25.48
25.45
25.18
25.03
25.11
24.8
24.49
24.1
23.69
23.58
23.51
23.01
22.47
22.13
22.02
21.75
21.51
21.4
21.24
21.09
21.09
21.03
21.08
21.14
20.75
20.78
20.86
20.29
19.96
20.34
20.64
20.88
21.4
22.41
23.2
23.99
24.7
25.36
25.82
26.24
26.86
27.09
27.4
27.78
28.44
28.79
29.38
30.03
30.49
30.82
31.5
31.12
31.43
31.71
31.54
32.05
32.07
32.27
32.38
32.36
32.63
32.64
32.72
32.83
33.15
33.09
33.05
33.08
32.8
32.15
31.47
30.88
30.33
29.89
29.69
29.36
29.07
28.76
28.66
28.66
28.78
28.46
27.38
26.51
26.64
26.49
26.77
26.43
26.23
26.19
26.23
25.77
25.49
25.36
25.48
25.75
25.43
25.4
24.98
24.59
24.14
23.79
23.69
23.66
23.85
23.61
23.35
23.39
22.73
22.2
21.9
21.74
21.67
21.34
21.28
21.47
21.22
21.08
20.92
20.74
20.38
20.2
19.98
19.82
19.92
20.25
20.43
20.79
21
21.56
22.1
22.68
23.35
23.81
24.43
25.05
25.29
25.53
26
26.52
26.91
27.58
28.21
28.81
29.6
29.92
30.2
30.76
31.01
31.33
31.64
31.68
31.91
31.94
32.09
32.06
32.04
32.06
32.14
32.12
31.95
31.82
31.75
31.58
31.28
30.89
30.57
29.98
29.7
29.49
29.22
29.15
29.1
29.21
29.74
30.12
29.78
28.23
27.18
27.76
26.31
26.18
25
25.01
25.09
25.05
24.63
24.37
24.46
24.35
23.85
23.77
23.53
23.39
23.16
23.01
22.85
22.32
22.03
21.74
21.31
20.83
20.49
20.34
19.77
19.68
19.83
19.84
19.56
19.33
19.84
19.45
18.77
18.81
18.69
18.54
18.55
18.77
18.42
18.67
18.36
18.35
18.45
18.98
19.49
20.04
20.57
21.34
21.9
22.46
23.15
24
24.82
25.07
25.52
26.31
26.89
27.27
27.68
28.11
28.73
29
29.23
29.65
30.08
30.17
30.24
30.42
30.49
30.64
30.82
31.27
31.36
31.56
31.52
31.31
31.47
31.63
31.41
31.36
31.07
30.91
30.84
30.67
30.26
29.92
29.57
29.52
29.48
28.75
28.5
28.04
27.63
26.57
26.23
26.01
25.77
25.5
25.4
25.51
25.48
25.52
25.18
24.86
24.96
24.76
24.72
24.64
24.33
23.65
22.97
22.69
22.28
22.02
21.92
22.04
22.27
22.51
22.8
22.81
22.91
22.87
22.67
22.37
21.44
20.74
20.41
20.28
20.01
19.65
19.38
19.37
19.57
19.87
19.8
19.69
19.61
19.89
20.03
20.07
20.04
20.44
21.01
21.52
22.06
22.94
23.67
24.61
25.46
25.65
26.21
26.6
27.17
27.39
28.17
28.69
29.44
30.04
29.92
30.33
30.37
30.5
31.05
30.95
31.12
31.59
31.64
31.75
31.6
32.16
32.59
32.21
32.15
31.94
32.15
32.23
32.39
31.98
31.39
30.79
30.3
29.66
29.21
28.69
28.21
27.74
27.42
27.26
27.16
26.95
26.77
26.38
26.04
25.74
25.83
25.8
25.89
25.69
25.43
25.51
25.26
24.94
24.67
24.57
24.12
23.56
23.17
22.89
22.91
22.91
22.96
22.85
22.8
22.52
22.16
21.76
21.29
20.84
20.53
20.33
20.28
20.01
20.27
20.31
20.35
20.18
19.92
19.73
19.58
19.62
20.02
20.46
20.31
19.98
20.09
20.66
21.02
21.43
22.13
22.51
23.12
23.69
23.99
24.44
24.78
24.77
25.05
25.64
26.39
27.24
27.98
28.6
29.26
29.38
29.74
30.03
30.33
30.67
30.91
31.07
31.27
31.29
31.34
31.41
31.47
31.72
31.77
31.61
31.72
31.65
31.52
31.48
31.29
31.2
31.02
30.5
30.49
30.17
29.52
29.52
29.45
29.4
29.24
28.12
27.47
26.72
26.18
25.97
26.66
27.1
26.51
26.41
27.11
27
26.74
24.81
23.54
23.39
23.27
23.25
23.02
23.14
23.12
22.82
22.46
22.31
22.35
22.23
21.38
20.39
20.03
20.15
20.03
20.57
20.82
20.49
20.29
20.16
20.25
20.35
20.06
20
19.89
20.03
19.85
19.88
19.75
19.77
19.79
19.78
19.98
20.29
20.38
20.88
21.5
22.41
23
23.65
24.28
25.12
25.62
25.81
26.13
26.51
26.96
27.75
28.39
28.55
29.07
29.85
29.94
30.36
30.55
30.64
31
31.1
31.33
31.43
31.74
31.66
31.67
31.69
31.84
32.27
32.15
31.97
31.93
31.85
31.67
31.38
31.18
30.75
30.06
29.25
28.76
28.8
28.55
28.3
27.94
27.9
28
28.18
28.08
28.24
29.2
29.53
28.94
27.74
27.5
26.64
27.47
27.37
25.66
24.18
24.21
24.2
24.18
24.23
24.2
24.12
24.16
23.9
23.97
24
23.92
23.86
23.65
23.1
22.71
22.4
22.12
21.98
21.91
21.83
21.62
21.48
21.32
21.15
20.99
20.5
20.34
20.13
19.86
20
20.07
20.05
20.68
20.71
20.77
21.19
21.66
22.13
22.86
23.77
24.58
25.26
25.96
26.48
26.89
27.35
27.88
28.66
29.57
29.97
30.33
30.74
31.18
31.38
32.07
32.2
32.17
32.37
32.68
32.74
32.93
33.18
33.14
33.53
33.49
33.62
33.76
33.7
33.53
33.29
33.04
32.92
32.54
32.14
31.57
31.17
30.62
30.4
29.83
29.29
28.81
27.55
28.45
28.51
27.74
27.11
27.3
27.23
26.91
26.46
26.16
25.85
25.59
25.66
25.7
25.34
25.3
25.32
25.3
25.23
25.03
24.84
24.57
24.24
24.08
23.96
23.77
23.61
23.55
23.17
22.39
21.85
21.54
21.31
21.07
20.76
20.47
20.27
19.98
19.54
19.19
18.91
18.66
18.4
18.14
17.89
17.69
17.55
17.48
17.49
17.58
17.7
17.86
17.89
17.95
18.1
18.18
18.27
18.42
18.47
18.54
18.59
18.79
18.75
18.83
18.91
18.82
19.05
19.22
19.42
19.12
19.24
19.24
19.24
19.46
19.5
19.55
19.43
19.39
19.35
19.39
19.47
19.59
19.53
19.21
19.13
19.09
19.09
18.98
18.87
18.79
18.7
18.6
18.59
18.49
18.37
18.32
18.28
18.29
18.26
18.24
18.23
18.23
18.16
18.11
18.1
18.11
18.02
17.99
17.95
17.93
17.88
17.88
17.86
17.85
17.87
17.85
17.81
17.77
17.77
17.77
17.69
17.62
17.58
17.59
17.63
17.63
17.62
17.6
17.6
17.62
17.64
17.65
17.61
17.62
17.64
17.65
17.72
17.73
17.74
17.73
17.76
17.77
17.81
17.87
17.94
17.98
18.02
18.1
18.2
18.31
18.42
18.47
18.54
18.68
18.94
19.15
19.36
19.69
20.24
20.61
20.74
22.38
22.77
22.36
22.55
23.06
24.02
24.52
25.27
25.9
26.07
26.73
27.07
27.88
27.57
27.73
28.09
28.13
28.26
28.89
28.44
28.57
28.14
27.63
27.18
26.58
25.92
25.33
25.04
24.76
24.33
23.85
23.5
23.12
22.86
22.68
22.38
22.2
22.13
22.07
21.94
21.84
21.58
21.43
21.21
21.15
21.14
21.21
21.22
20.66
20.59
20.01
19.95
20.63
20.96
20.85
20.26
20.13
20.12
19.81
19.88
19.82
19.66
19.61
19.62
19.5
19.42
19.44
19.3
19.23
18.75
18.21
18.01
18
17.95
17.96
17.99
18.1
18.17
18.31
18.48
18.72
18.96
19.33
20.06
20.84
21.91
22.91
23.53
24.25
24.23
24.93
24.86
25.24
26.08
27.01
27.64
28.52
28.77
29.92
29.74
29.86
30.2
31.21
31.08
30.96
31.57
32.06
31.92
32.15
31.9
31.8
32.34
32.22
32.5
33.02
33.11
32.98
32.95
31.62
30.98
30.28
29.53
29.42
28.48
28.55
29.21
28.15
27.34
27.01
26.91
26.69
26.78
26.3
25.86
25.71
24.82
24.36
24.34
25.03
25.12
24.98
25
24.75
24.17
23.86
23.56
23.15
22.74
22.56
22.35
22.01
21.88
21.75
22.05
22.12
21.9
21.67
21.62
21.62
21.51
21.27
21.4
20.83
20.45
20.18
20.05
19.84
20.33
20.43
20.61
20.46
20.32
20.24
20.12
20.22
20.29
20.7
21.01
21.36
21.83
22.88
23.34
24.24
24.64
25.26
25.69
26.18
26.74
27.39
27.93
28.31
28.79
29.15
29.73
30.14
30.54
30.99
31.3
31.54
32.36
32.49
32.76
33.09
33.17
33.21
33.09
33.17
33.01
33.08
33.03
32.94
32.79
32.69
32.57
32.25
31.65
30.93
30.24
29.85
29.66
29.93
30.4
30.67
29.47
28.73
28.76
27.81
27.63
27.45
27.28
26.72
26.71
26.77
26.72
26.78
26.72
26.66
26.64
26.38
26.14
25.94
25.44
25.24
25.02
24.85
24.91
24.88
24.65
24.49
24.5
24.4
23.89
23.57
23.17
23.02
22.83
22.54
22.39
22.04
22.42
22.67
21.69
20.66
20.71
20.76
20.48
20.35
20.45
20.42
20.55
21.04
20.93
21.08
21.49
21.95
22.62
23.07
23.54
24.05
25.1
25.61
26
26.74
27.29
27.69
28.31
29
29.85
30.05
30.46
30.92
31.37
31.38
31.72
31.94
31.84
32.11
32
32.2
32.4
32.52
32.96
32.84
32.87
32.77
32.55
32.44
32.39
32.25
32.11
31.64
31.17
30.47
29.8
29.55
29.24
28.94
28.87
28.64
28.31
27.99
27.83
27.4
26.5
26.23
26.41
26.17
26.19
26.29
26.66
26.47
26.32
26.08
26.07
26.12
25.63
25.02
24.63
24.28
24.02
23.94
23.87
23.79
23.68
23.65
23.4
23.54
23.89
24.02
24.43
24.53
24.53
24.77
24.56
24.15
23.51
22.78
22.1
21.21
20.64
20.14
20.16
20.12
20.23
20.6
20.66
20.59
20.59
20.59
20.76
21.13
21.58
22.19
22.99
23.85
24.72
25.23
25.85
26.32
26.98
27.57
28.14
28.79
29.27
29.8
29.91
30.35
30.73
30.94
31.14
31.39
31.49
31.53
31.62
31.65
32.23
31.99
31.98
32.06
32.3
32.27
32.25
32.25
32.05
31.8
31.66
31.41
31
30.51
29.89
29.38
29.27
29.11
28.78
28.31
27.66
27.44
26.95
26.53
26.76
26.98
27.24
26.55
26.29
26.07
25.96
25.75
25.66
25.78
25.63
25.51
25.28
24.51
24.21
23.92
23.61
23.09
22.74
22.54
22.68
22.87
22.84
22.48
22.3
22.2
21.78
21
20.34
19.92
20.1
20.08
19.65
19.47
19.41
19.62
19.45
19.3
19.73
20.49
20.38
19.43
19.03
19.39
20.18
20.72
21.14
21.53
22.18
23.21
23.73
24.64
25.3
25.91
26
26.46
26.9
27.3
28.08
28.7
29.01
29.43
29.71
30.11
30.41
30.39
30.72
30.97
30.98
31.23
31.24
31.25
31.37
31.7
31.93
31.71
31.88
31.89
31.98
31.84
32.03
32.5
32.57
32.42
31.54
30.71
30.27
30.04
29.82
29.64
29.06
28.58
28.04
27.43
26.85
26.31
26.38
25.61
25.25
25.35
25.22
24.75
24.29
23.88
23.55
23.2
22.93
22.48
21.78
21.21
21.48
21.21
21.49
21.84
21.33
21.36
21.22
20.9
20.56
20.66
20.38
19.24
18.76
18.85
19.19
19.25
19.08
19.14
18.86
18.58
18.37
18.07
17.86
17.59
17.48
17.39
17.3
17.48
17.75
18.39
18.66
18.85
18.98
19.35
20.11
20.95
21.51
22.48
23.29
23.92
24.44
25.3
25.73
26.29
26.78
27.33
27.78
28.03
28.69
29.12
29.4
29.66
29.8
30.19
30.24
30.45
30.55
30.84
30.76
30.97
31.09
31.04
31.02
30.95
31.44
31.19
31.01
30.78
30.43
29.87
29.37
28.96
28.12
27.69
27.39
27.02
26.59
26.68
27.13
28.38
27.43
27.41
27.72
27.1
24.69
23.96
23.65
23.11
23.09
23.35
23.13
23.29
23.01
23.1
23.04
22.82
22.7
23.17
23.65
23.27
20.85
20.03
20.33
20.79
20.69
20.83
20.67
19.79
19.36
18.98
18.75
18.75
18.78
18.81
18.78
18.83
18.83
18.7
19.18
18.97
19.09
19.23
19.79
20.5
19.56
18.28
17.63
17.71
18.39
19.2
21.25
22.48
22.74
22.58
23.52
23.78
23.9
24.53
25.15
25.86
26.58
27.42
27.83
28.32
28.63
28.97
29.47
29.53
30.02
30.26
30.74
31.2
31.09
31.85
32.86
32.03
31.62
32.22
32.85
32.05
31.65
32.22
31.88
31.03
30.81
30.72
30.18
29.99
29.28
28.99
28.86
29
28.47
27.45
26.76
26.57
26.28
24.96
25.19
24.59
24.59
24.27
23.8
23.16
22.39
21.95
21.76
21.51
21.23
21.17
21.21
21.06
20.82
20.5
20.15
19.9
19.68
19.47
19.31
19.14
18.99
18.81
18.89
18.86
18.79
18.69
18.63
18.62
18.59
18.48
18.42
18.33
18.31
18.27
18.12
18.03
17.98
17.93
17.78
17.61
17.59
17.58
17.5
17.51
17.53
17.53
17.57
17.52
17.5
17.53
17.67
17.82
17.95
17.82
17.76
17.86
18.09
18.26
18.46
18.67
19.09
19.53
19.45
19.78
19.78
19.74
20.09
20.56
20.73
20.85
20
20.21
20.42
20.4
20.48
20.74
20.89
20.41
20.28
20.65
20.33
19.99
19.66
19.45
19.14
18.83
18.63
18.51
18.36
18.15
17.95
17.74
17.59
17.4
17.24
17.01
16.83
16.64
16.45
16.27
16.16
16.05
15.96
15.86
15.79
15.78
15.74
15.75
15.81
15.76
15.69
15.66
15.62
15.58
15.36
15.31
15.32
15.24
15.12
14.84
14.78
14.83
14.67
14.91
15.01
13.95
13.62
13.67
13.44
13.16
12.85
12.94
13.07
13.11
13.1
13.14
13.15
13.24
13.49
13.6
13.7
13.84
14.1
14.56
15.02
15.24
15.38
15.67
16.2
16.35
16.75
16.94
17.15
17.57
17.97
18.84
19.54
20.32
21.17
21.93
22.31
22.83
23.13
23.43
23.86
24.69
25.34
25.71
26.64
27.63
27.49
27.15
27.09
27.4
27.18
27.99
27.32
26.53
25.71
25.03
24.69
24.2
23.67
23.08
23.06
23.07
23.41
23.17
22.63
22.06
21.93
21.64
21.68
21.65
21.38
21.25
20.98
20.73
20.28
19.99
19.85
19.89
20.03
20.16
19.9
19.51
19.33
19.38
19.61
19.29
18.88
18.54
18.47
18.69
19.03
18.95
18.5
18.27
18.1
18.65
18.52
18.3
17.94
17.64
17.59
17.66
17.79
17.91
17.72
17.73
17.82
17.86
18
18.1
18.35
18.36
18.61
18.77
18.88
19.24
19.73
20.62
21.24
21.93
22.35
22.37
22.84
23.24
24.04
24.66
25.28
26.16
26.32
26.78
27.21
27.54
27.73
27.93
28.38
28.71
28.36
28.57
28.73
28.97
28.85
29.02
28.98
29.41
29.22
29.31
28.82
28.57
27.77
27.51
27.09
26.48
25.61
25.04
24.66
24.36
24.06
23.61
23.22
22.99
22.8
22.5
22.06
21.7
21.42
21.09
20.78
20.53
20.29
20.07
19.81
19.53
19.29
19.07
18.93
18.75
18.6
18.48
18.35
18.21
18
17.82
17.67
17.52
17.33
17.16
17.1
16.96
16.97
16.98
16.86
16.66
16.47
16.19
16.09
15.98
15.79
15.66
15.6
15.55
15.4
15.34
15.22
15.14
15.1
15.13
15.17
15.38
15.65
16.07
16.61
17.16
18.15
18.02
18.36
18.73
19.01
20.34
20.3
20.69
21.22
21.83
22.19
22.83
23.43
23.73
24.42
24.22
24.6
25.1
25.38
25.92
26.01
26.63
26.63
26.98
27.14
28.1
27.68
27.59
28.14
27.98
27.65
27.54
27.19
26.77
26.29
25.71
25.01
24.52
24.11
23.83
23.63
23.29
23.14
23.06
22.89
22.66
22.37
22.16
22.06
22.02
21.97
21.93
21.8
21.61
21.33
21.12
20.88
20.66
20.46
20.24
20.17
20.2
20.28
20.24
20.05
19.99
19.78
19.6
19.48
19.45
19.26
19.35
19.34
19.43
19.1
18.89
18.77
18.9
18.44
18.34
18.31
18.04
18.04
18.12
18.16
18.03
18.14
17.92
17.77
17.73
17.81
18.26
18.8
19.56
20.12
20.12
20.36
20.33
20.75
21.56
21.78
22.66
22.6
22.89
23.11
23.8
24.42
24.8
25.16
25.93
26.41
26.4
26.63
27.09
27.64
28.01
28.45
29
29.55
29.44
29.85
29.83
29.24
29.14
29.21
29.02
29.08
29.13
29.08
28.8
28.37
27.65
27.01
26.4
25.93
25.5
25.09
24.64
24.39
24.14
23.86
23.64
23.32
23.1
22.85
22.54
22.31
22.1
21.9
21.72
21.54
21.28
21.09
21.08
20.95
20.75
20.58
20.42
20.29
20.23
20.27
20.19
20
19.95
19.84
20.02
19.9
19.41
19.28
19.19
19.05
18.91
18.82
19.04
18.94
18.89
18.69
18.22
18.19
18.26
18.19
18.19
18.15
18.15
18.07
17.98
18.08
18.25
18.29
18.48
18.92
19.37
20.02
20.76
21.24
21.22
21.85
22.22
22.52
23.41
24.37
25.05
25.47
26.13
26.31
26.81
27.06
27.73
28.08
28.63
28.63
29.07
29.09
29.37
29.45
29.6
29.59
29.71
29.68
29.79
29.78
30.03
30.35
29.67
30.21
29.54
29.08
28.49
27.77
27.05
26.38
25.96
25.69
25.24
24.95
24.86
24.66
24.37
24.01
23.77
23.42
23.17
22.98
22.68
22.42
22.19
21.99
21.79
21.59
21.28
21.14
20.87
20.7
20.68