14.54
14.41
14.41
14.31
14.15
14.12
14.16
14.06
13.98
13.98
14.01
13.96
13.97
13.9
13.84
13.72
13.67
13.52
13.41
13.36
13.38
13.29
13.28
13.34
13.34
13.2
13.15
13.33
13.68
14.03
14.67
14.89
15.17
15.42
15.67
15.85
16.12
16.37
16.48
16.83
16.95
17.32
17.79
18.08
18.43
18.84
19.26
19.51
20.29
20.37
20.48
20.78
20.81
20.93
20.98
20.91
21.02
20.92
21.07
21.13
20.96
21.05
20.91
20.92
20.64
20.43
19.98
19.73
19.49
19.29
19.05
18.82
18.56
18.26
18.13
18.11
18.09
17.98
18.05
18.07
18.05
17.77
17.59
17.51
17.29
17.19
17.15
17.09
16.89
16.84
16.85
16.85
16.88
17.01
16.81
16.77
16.78
16.77
16.76
16.78
16.76
16.75
16.68
16.6
16.55
16.54
16.46
16.41
16.41
16.49
16.42
16.41
16.36
16.37
16.51
16.57
16.6
16.55
16.52
16.48
16.52
16.49
16.62
16.7
16.69
16.85
16.94
17.25
17.7
18
18.48
18.95
19.31
19.84
20.22
20.27
20.7
21.22
21.68
22.09
22.49
22.53
22.95
23.49
23.8
24.24
24.59
24.91
24.95
25.22
25.27
25.57
25.89
26.02
26.15
26.35
26.39
26.68
26.18
26.32
26.03
26.28
26.31
25.56
25.3
24.74
24.12
23.59
23.26
22.89
22.57
22.12
21.79
21.51
21.2
20.98
20.7
20.41
20.19
20.01
19.84
19.71
19.6
19.5
19.28
19.06
18.87
18.78
18.75
18.74
18.63
18.47
18.36
18.26
18.26
18.29
18.3
18.31
18.11
17.96
17.99
17.98
18.06
18.21
18.04
17.89
17.84
17.86
17.73
17.81
17.95
18.23
18.23
18.08
17.94
17.57
17.38
17.19
17.11
17.28
17.62
18.11
18.7
19.82
20.18
21.06
22.18
22.46
23.22
23.19
24.19
24.91
24.81
25.04
25.53
25.97
26.61
27.12
27.55
28.12
28.65
28.79
29.08
29.28
29.34
29.48
29.77
29.93
29.93
30.16
30.32
30.76
30.59
30.91
31.4
30.63
30.61
31.03
31.02
30.6
30.1
29.87
29.34
28.96
28.91
28.63
28.23
28.15
27.96
27.43
27.3
27.1
26.5
26.24
26.24
26.22
26.09
26.25
26
26.44
26.47
26.37
26.15
26.51
26.8
26.55
25.88
25.27
25.2
25.4
25.15
24.89
24.79
24.24
23.86
23.25
22.87
22.67
22.61
22.88
23.37
22.99
22.58
22.21
21.98
22.23
21.5
21.35
21.65
21.61
21.47
21.15
20.88
20.97
21.36
21.48
21.39
21.84
22.32
22.88
23.76
24.28
24.69
25.5
25.98
26.69
27.03
27.33
27.84
28.38
28.7
29.22
30.13
30.47
30.55
31.22
31.45
31.46
31.61
31.92
31.9
32.04
31.39
31.6
31.18
30.65
30.73
30.5
30.24
30.88
31.13
30.85
30.05
29.66
29.37
29.45
29.37
29.01
28.7
28.33
27.67
27.23
26.84
26.44
26.12
25.76
25.35
24.97
24.62
24.31
24.04
23.71
23.43
23.08
22.84
22.62
22.31
22.17
22.14
22.13
22.12
22.08
21.95
21.77
21.7
21.6
21.53
21.5
21.48
21.44
21.29
21.18
20.94
20.69
20.5
20.34
20.22
20.14
20.04
20
19.95
19.9
19.84
19.79
19.7
19.48
19.17
19
18.83
18.78
18.74
18.75
18.82
18.86
18.84
18.91
18.98
19.03
19.03
19.11
19.16
19.08
19.27
19.63
20.36
20.98
21.32
22.02
22.29
22.65
22.48
22.62
22.76
22.33
22.23
22.59
22.66
23.07
23.19
23.06
23.11
22.82
22.16
21.97
21.87
21.82
21.65
21.47
21.37
21.23
21.12
21.04
20.98
20.81
20.7
20.6
20.52
20.37
20.34
20.28
20.18
20.14
20.01
19.89
19.82
19.82
19.67
19.45
19.21
19.04
18.86
18.71
18.58
18.45
18.38
18.25
18.01
17.88
17.77
17.65
17.47
17.37
17.24
17.13
17.01
16.81
16.68
16.54
16.49
16.45
16.29
16.15
16.09
16
16
16.08
15.91
15.71
15.63
15.62
15.54
15.5
15.43
15.4
15.23
15.09
15.13
15.24
15.54
15.8
16.13
16.74
17.28
17.73
18.33
19.14
19.44
19.98
20.27
20.7
21.19
21.54
21.84
22.17
22.18
22.62
23.44
23.65
23.7
24.28
24.36
24.63
24.94
24.93
25.19
25.25
25.56
25.2
25.82
25.48
25.59
25.5
25.47
25.83
25.6
25.62
25.81
25.52
25.22
24.88
24.52
24.34
24.21
23.69
23.16
23.46
23.63
22.59
22.17
22.37
22.06
22.05
21.68
21.51
21.41
21.08
20.8
20.7
20.6
20.32
20.26
20.15
20.06
19.96
19.91
19.97
19.64
19.64
19.76
19.89
20.06
19.99
19.8
19.62
19.41
19.32
19.23
19.3
19.31
19.25
19.33
19.4
19.45
19.32
19.23
19.3
19.47
19.42
19.2
19.09
18.85
18.49
17.86
17.43
17.24
17.33
18.01
19.43
20.3
21
22.2
22.65
22.99
23.81
24.43
24.89
25.38
25.99
25.79
26.2
26.71
26.92
26.93
27.31
27.55
28.13
28.11
28.4
28.88
29.15
29.27
29.65
29.56
29.44
29.44
29.85
29.65
29.73
29.78
29.6
29.22
28.89
28.54
28.07
27.61
27.12
26.88
26.72
26.48
26.23
25.58
25.28
25.04
24.78
24.45
24.4
24.39
24.19
24
23.84
23.82
23.97
24.09
24.17
23.46
23.36
22.9
22.54
22.39
22.04
21.85
21.7
21.57
21.43
21.34
21.33
21.19
21.25
21.16
21.23
21.14
20.94
20.88
20.74
20.67
20.63
20.63
20.58
20.55
20.55
20.48
20.29
19.89
19.55
19.39
19.38
19.51
19.63
20.23
20.26
20.35
20.45
20.28
20.49
21.81
23.09
23.31
23.85
24.6
24.88
25.05
25.75
26.2
26.33
27.24
27.81
28.47
29.03
29.11
29.31
29.89
30.24
30.41
30.52
30.58
30.77
30.61
30.9
31.24
31.33
31.17
31.19
30.94
30.39
30.73
30.83
30.69
30.63
30.53
30.25
29.89
29.37
28.92
28.59
28.12
27.88
27.43
27.12
26.62
26.08
25.68
25.45
25.24
24.9
24.59
24.51
24.39
24.17
23.87
23.54
23.3
23.13
22.9
22.71
22.53
22.41
22.25
22.09
21.93
21.79
21.64
21.5
21.35
21.12
20.93
20.8
20.65
20.53
20.45
20.47
20.56
20.43
20.28
20.25
20.17
20.24
20.21
20.33
20.39
20.16
20.38
20.25
19.95
19.55
19.49
19.69
19.86
19.7
19.71
20.34
21.11
21.52
22.12
22.97
23.73
24.24
24.75
25.01
25.66
26.16
26.89
27.15
27.46
27.94
28.42
28.75
29.13
29.32
29.51
29.87
30.09
30.31
30.39
30.37
30.5
30.48
30.52
30.88
30.79
30.74
31.16
30.96
30.66
30.68
30.43
30.25
29.91
29.11
28.37
27.94
27.67
27.15
26.7
26.39
26.06
25.68
25.39
25.31
24.98
24.71
24.47
24.22
24.04
23.94
23.83
23.66
23.47
23.21
22.87
22.64
22.41
22.22
22.17
22.14
22.15
22.14
21.92
21.86
21.89
21.63
21.26
21.04
20.91
20.89
20.91
20.86
20.83
20.77
20.75
20.7
20.58
20.5
20.38
20.1
19.93
19.88
19.81
19.8
19.77
19.63
19.6
19.71
19.85
20.12
20.6
21.21
21.78
22.19
22.76
23.27
23.83
24.39
24.99
25.57
26.31
27.01
27.28
27.74
27.72
28.17
29.01
29.01
29.08
29.24
29.55
29.83
29.91
30
30.14
30.18
30.22
30.33
30.81
31.16
31.1
31.36
31.2
31.13
30.97
30.73
30.27
29.83
29.38
28.55
27.78
27.43
27.02
26.64
26.34
26.08
25.87
25.66
25.48
25.29
24.99
24.72
24.55
24.23
24.06
23.82
23.55
23.29
23.05
22.8
22.53
22.33
22.07
21.8
21.59
21.41
21.24
21.13
21.04
20.91
20.77
20.6
20.47
20.37
20.26
20.19
20.16
20.06
19.87
19.57
19.85
20.16
20.12
20.17
19.6
19.58
19.24
19.11
18.96
18.84
18.72
18.64
18.59
18.66
18.9
19.22
19.56
19.98
20.51
20.78
21.34
21.7
22.15
22.73
23.3
23.86
24.4
24.75
25.39
25.91
26.46
26.93
27.13
27.76
28.42
28.51
28.82
29.11
29.59
29.92
29.99
30.04
30.28
30.55
30.67
30.54
30.73
30.93
30.83
30.75
30.64
30.42
30.15
30.01
29.9
29.72
29.36
28.87
28.25
27.51
26.95
26.82
26.23
26.01
26.12
25.97
25.53
25.14
24.86
24.48
24.17
23.81
23.44
23.06
22.9
22.83
22.76
22.52
22.47
22.5
22.4
22.43
22.25
22.02
21.84
21.58
21.63
21.56
21.66
21.56
20.42
20.1
20.45
20.84
21.06
21.08
21.13
20.7
20.49
19.77
19.47
19.82
20.37
20.43
20.29
20.54
21.1
21.05
20.58
20.24
20.1
20.06
20.36
20.93
21.7
22.26
23.46
24.21
25
25.36
25.7
26.19
26.74
27.43
27.78
27.95
28.22
28.62
28.67
29.11
29.35
29.48
29.69
30.04
30.18
30.43
30.6
30.83
30.9
31.07
31.27
31.77
31.8
32.01
32.23
32.16
31.59
31.17
31.35
31.42
31.19
30.71
30.25
29.95
29.32
28.87
28.5
27.84
27.54
27.16
26.84
26.8
26.79
26.62
26.74
26.69
26.74
26.23
26.01
26.12
25.98
25.98
25.47
25
24.12
23.19
23.17
22.82
22.69
22.36
21.97
21.98
21.64
21.28
21.09
20.89
20.69
20.41
20.14
19.62
19.39
19.18
18.9
18.66
18.65
18.43
18.23
18.17
18.16
18.01
17.84
17.8
17.41
17.13
17.02
17.15
17.33
18.14
18.47
19.45
19.92
20.42
21.07
22.01
22.87
23.35
24.04
24.62
25.09
25.81
26.31
27.11
27.56
28.17
28.43
28.61
28.89
29.22
29.32
29.65
30
30.31
30.65
30.71
31.04
30.98
31.3
31.78
32.03
32.13
31.12
30.94
30.82
30.67
30.44
30.15
29.85
29.52
29.48
29.27
29.3
29.44
29.22
28.96
28.42
27.63
27.43
26.33
25.31
25.16
24.8
25.05
24.86
24.54
24.27
23.8
23.66
23.97
23.9
23.66
23
22.95
23.01
23.8
23.67
23.9
23.76
23.71
23.24
22.56
21.65
21.08
21.11
20.61
20.28
20.57
20.79
20.73
20.62
20.11
19.68
19.97
20.37
20.37
20.28
19.73
18.51
17.27
17.18
17.19
17.2
17.28
17.8
18.27
18.79
19.23
20.14
21.03
21.61
22.39
23.44
24.3
25.11
25.81
26.4
27
27.51
27.73
28.13
28.6
28.87
29.31
29.57
29.98
30.25
30.54
30.93
31.09
31.25
31.37
31.56
31.67
31.8
31.85
31.92
31.95
31.78
31.66
31.51
31.45
31.21
31.05
30.92
30.74
30.77
30.6
30.13
29.98
29.58
29.12
28.44
27.17
27.27
27.4
27.16
26.69
26.05
25.91
26.29
26.47
26.52
26.39
26.28
26.62
26.16
24.6
24.05
23.79
23.62
23.53
23.46
23.35
22.97
22.56
22.27
21.7
20.88
20.48
19.77
19.73
19.69
19.82
20.02
20.15
20.9
21.4
21.4
20.71
20.51
20.4
20.68
20.58
20.39
20.48
20.76
20.6
20.65
20.53
20.55
20.81
20.95
21.21
21.67
22.24
22.91
23.44
24.2
24.83
25.44
26.11
26.67
27.29
27.86
28.54
29.1
29.46
29.8
30.27
30.58
30.67
30.88
31.31
31.56
31.54
31.7
32.01
31.98
32.04
32.05
32.28
32.2
32.32
32.2
32.28
32.27
32.06
31.75
31.39
31.15
30.95
29.89
28.95
28.48
28.37
28.39
28.55
28.71
28.49
28.54
29.07
30.2
28.37
26.29
25.94
26.05
25.95
25.81
25.67
25.18
25.92
26.02
25.59
25.53
25.2
24.76
23.96
23.56
23.81
23.94
23.81
23.78
23.67
23.64
23.59
23.31
23.14
22.95
22.83
22.59
22.08
21.64
21.15
20.65
20.19
19.87
19.88
19.7
19.56
19.87
19.95
20.66
21.11
21.06
21.03
21.08
21.24
21.51
21.67
22.04
22.77
23.63
24.2
24.9
25.67
26.31
26.91
27.39
28.03
28.21
28.59
28.94
29.3
29.63
30.12
30.4
30.58
30.76
30.93
31.21
31.43
31.39
31.55
31.61
31.59
31.7
31.86
32.05
31.79
31.64
31.7
31.58
31.38
31.23
30.81
30.5
30.32
29.63
28.93
28.5
28.57
28.61
28.71
29.08
28.54
28.74
28.95
28.57
27.95
28.1
28.27
28.15
28.31
28.54
28.83
27.53
27.68
26.18
23.77
23.64
23.13
22.83
22.78
22.44
22.37
22.24
22.22
22.75
22.61
22.7
22.52
22.24
21.87
21.13
20.26
20.04
19.75
19.2
19.07
18.89
18.57
18.61
18.69
18.74
18.91
18.9
18.6
18.19
18.27
18.58
19.05
19.66
20.53
20.85
21.16
21.66
22.29
23.02
23.66
24.57
25.11
25.96
26.62
27.07
27.71
28.21
28.38
28.7
29.19
29.53
29.72
29.97
30.46
30.7
31.06
31.24
31.36
31.77
31.91
31.9
32.03
31.79
31.75
31.76
31.83
31.73
31.54
31.27
31.02
30.72
30.42
30.11
29.78
29.45
29.07
28.84
28.55
28.13
27.86
27.52
27.12
27.18
26.88
26.69
26.46
26.35
25.89
25.89
26
26.02
26.32
26.55
26.38
25.83
25.25
25.09
24.53
23.87
23.73
24.08
24.08
23.88
23.71
23.51
23.34
22.98
23.15
23.34
22.99
23
22.64
21.6
20.5
20.45
20.62
20.52
20.67
20.27
20.25
20.31
20.52
20.52
20.71
21.17
21.45
21.12
21.46
21.9
22.28
22.55
22.42
22.39
22.98
23.94
24.8
25.73
26.54
26.98
27.61
28.26
29.01
29.52
29.95
30.5
30.87
31
31.34
31.57
31.83
32.23
32.29
32.06
31.98
32.22
32.33
32.31
32.31
32.26
32.21
32.34
32.43
32.54
32.57
32.42
32.28
32.1
31.81
31.41
31.21
30.74
30.23
30.04
29.74
29.57
29.26
28.85
28.6
28.19
28.1
28.39
28.41
28.12
27.9
27.62
27.33
26.97
26.18
25.22
25.23
25.23
25.25
25.31
25.12
24.92
24.48
24.09
24.42
24.57
24.53
24.12
24.05
23.9
23.79
23.43
23.14
23.16
22.57
21.74
21.47
21.6
21.43
21.13
20.84
20.7
20.45
20.24
20.19
20.12
19.99
19.75
19.68
19.36
19.34
19.75
20.12
20.73
21.65
22.48
22.73
23.14
24.1
24.94
25.64
26.4
27.02
27.64
28.43
28.98
29.37
30.01
30.28
30.74
31.12
31.48
31.76
32.21
32.57
32.74
32.89
33.01
33
33.07
33.06
33.06
33.02
32.99
32.86
32.8
32.74
32.6
32.22
31.86
31.48
30.91
30.45
29.88
29.41
28.93
28.63
28.41
28.17
27.78
27.48
27.27
27.15
26.88
26.74
26.48
26.2
26.2
26.03
25.69
25.42
25.3
25.11
24.81
24.61
24.74
24.53
24.43
24.51
24.41
23.92
23.39
22.86
22.43
21.75
21.77
21.78
21.89
21.82
21.84
22.03
22.51
22.54
22.18
22
22.13
21.87
21.51
21.16
21.15
21.57
22.03
22.14
21.6
21.87
21.55
21.58
21.79
22.09
22.19
22.31
22.97
23.58
24.23
24.92
25.74
26.63
27.38
28.07
28.91
29.36
29.96
30.42
30.8
31.16
31.4
31.85
32.03
32.24
32.44
32.65
32.6
32.8
32.76
32.86
32.97
32.99
32.99
33.14
33.01
33.08
33.25
33.02
32.68
32.56
32.22
31.7
31.27
30.68
30.3
30.03
29.94
29.64
29.23
29.02
28.94
28.94
28.93
28.64
28.35
28.48
28.42
28.1
27.71
27.68
27.05
26.18
26.02
25.7
25.16
24.76
25.21
24.84
24.75
24.7
24.46
24.21
23.71
23.15
22.85
22.91
23.28
23.96
24.02
23.81
23.91
23.71
23.62
23.7
23.46
23.37
23.34
23.03
22.44
21.84
21.47
21.12
20.81
20.82
20.81
20.92
20.86
20.7
20.7
21.21
21.82
22.56
23.47
24.1
24.72
25.62
26.15
26.57
27.17
27.85
28.17
28.72
29.1
29.55
29.95
30.54
31.05
31.66
31.86
32.33
32.61
32.82
33.15
33.26
33.44
33.52
33.69
33.79
33.7
33.71
33.77
33.92
34.03
34.1
34.05
33.61
33.38
33.12
32.95
32.69
32.46
32.28
31.97
31.49
31.7
31.12
30.08
29.41
29.49
29.92
29.2
29.17
29.11
28.23
28.06
27.57
26.69
25.74
26.39
26.07
26.47
26.37
25.55
25.36
26.88
27
26.66
27.02
26.96
26.64
26.65
26.5
26.22
25.68
25.31
25.17
24.52
24.46
24.65
24.99
25.3
25.29
24.84
25.15
24.45
24.86
24.09
24.1
24.33
25.19
25.48
24.39
24.3
23.59
22.95
22.33
22.35
23.15
23.92
24.73
24.68
25.47
25.96
26.74
27.12
27.63
27.98
28.62
28.88
29.3
30.09
30.27
30.65
30.88
31.41
31.85
32.1
32.24
32.16
32.14
31.81
31.86
32.11
31.71
31.59
31.52
31.41
31.25
31.11
30.82
30.54
30.26
30.01
30.03
29.74
29.45
29.03
28.47
28.26
27.86
27.39
27.27
26.94
26.68
26.28
26.11
25.96
25.97
25.64
25.42
25.19
24.89
24.65
24.41
24.29
23.97
23.85
23.96
24.18
24.19
24.22
24.52
24.55
24.3
23.7
23.3
23.15
23.06
22.64
22.55
22.23
22.49
21.55
21.27
21.45
21.47
21.51
21.2
21.08
21.02
20.83
20.72
20.85
20.89
21.3
21.56
21.69
21.43
20.43
19.86
19.97
20.43
21.12
21.45
21.99
22.63
23.32
24.24
24.86
25.29
25.94
26.31
26.7
27.23
27.58
27.98
28.8
28.94
29.34
29.55
29.9
30.25
30.69
30.94
31.53
31.89
31.89
32.24
32.59
32.7
33.09
33.3
32.98
32.92
32.85
32.89
33.05
32.58
32.29
31.83
31.31
31.45
31.34
30.98
30.65
30.37
30.31
30.17
29.46
29.49
29.62
29.66
29.23
29.65
29.5
29.32
29.46
28.47
27.46
27.28
26.86
26.74
26.1
25.25
25.06
24.67
24.05
23.59
23.1
22.74
23.1
22.69
22.52
22.36
22.16
21.86
22.52
21.04
20.61
20.89
21.03
20.81
20.61
20.45
20.24
20.01
19.85
19.49
19.71
19.63
19.51
19.25
19.09
18.99
19.08
19.19
19.45
19.6
20.16
20.9
21.56
22.86
23.56
24.32
24.88
25.63
26.31
26.85
27.42
28.03
28.66
29.29
29.74
30.09
30.58
31.29
31.92
32.18
32.59
32.79
32.86
32.87
32.84
32.83
32.91
33
33.03
32.92
32.84
32.77
32.78
32.75
32.65
32.45
32.14
31.67
31.39
31.3
31
30.86
30.59
30.32
30.35
30.25
30.21
30.23
30.14
29.54
29.72
29.61
29.02
27.79
28.12
28.23
28.04
28.05
27.79
27.5
26.86
26.59
26.58
26.24
26.13
25.86
25.49
24.73
24.44
24.04
23.59
23.15
23.44
23.45
23.27
23.27
23.1
22.75
22.29
21.63
21.13
21.2
21.64
21.81
21.68
21.49
21.75
21.71
21.65
21.74
21.99
21.9
22.02
21.92
22.12
22.11
22.13
22.16
22.55
23.23
23.89
25.32
26.57
26.97
27.94
28.67
28.94
29.54
29.7
29.94
30.36
31.08
30.98
31.02
30.96
31.18
31.4
31.66
31.86
31.94
32.12
32.18
32.59
32.62
32.6
32.89
32.61
32.45
32.22
32.12
31.96
31.8
31.53
31.13
30.79
30.19
29.65
29.17
28.79
28.59
28.58
27.9
27.56
27.88
27.95
27.62
27.04
26.35
26.15
25.92
25.68
25.93
25.64
25.49
25.42
25.24
25.46
25.33
25.38
24.88
24.57
24.33
23.78
23.38
23.27
23.08
22.62
22.22
22.01
21.7
21.84
22.06
22.21
22.43
22.38
21.88
22.57
23.79
22.94
23.82
23.18
23.03
22.29
22.62
24.37
23.94
21.32
20.48
20.16
20.33
20.87
21.32
21.71
21.87
22.52
23.36
24
24.88
25.22
25.87
26.82
27.33
27.95
28.41
28.71
29.13
29.48
29.89
30.31
30.63
30.81
31.05
31.21
31.32
31.46
31.65
31.73
31.81
31.95
32.08
32.22
32.25
32.38
32.66
32.51
32.46
32.51
32.44
32.32
32.2
31.74
31.36
31.09
30.51
30.15
29.4
28.95
28.26
27.91
28.04
27.69
27.62
27.14
27.06
27.56
27.83
26.2
27.21
27.21
26.82
27.4
27.33
26.5
25.8
26.33
25.9
24.36
24.04
23.68
23.19
22.59
22.18
22.13
22.22
22.06
21.8
21.51
20.86
20.9
20.72
20.63
21.3
21.54
21.51
21.1
20.97
20.93
20.76
20.38
20.44
21.02
21.29
21.22
20.99
20.63
21.05
21.19
21.14
21.7
22.23
22.97
23.18
23.95
24.58
25.2
25.84
26.32
27.19
28.04
28.59
29.01
29.5
30.07
30.42
30.53
30.94
31.35
31.47
31.68
31.62
31.64
31.97
31.91
32.06
32.17
32.32
32.33
32.44
33.42
32.61
32.45
32.73
32.78
32.04
31.75
31.51
31.22
30.58
30.16
29.67
29.3
28.91
27.64
27.38
27
26.72
26.6
26.17
25.92
25.84
25.6
25.59
25.42
25.45
25.36
24.95
24.64
24.49
23.46
22.55
22.56
22.8
23.1
22.91
22.44
22.14
22.32
22.11
22.24
22.21
22.07
21.88
21.84
21.76
21.85
21.65
21.21
20.85
20.6
20.41
20.4
20.68
20.38
19.39
19.63
19.67
19.75
19.82
19.73
19.51
19.31
19.21
19.15
19.06
19.26
19.53
19.83
20.18
20.53
20.68
20.83
21.03
21.09
21.43
22.07
22.45
22.68
22.69
23.05
23.55
23.81
24.16
24.65
24.61
25.01
25.14
25.3
25.82
25.81
26.05
26.41
26.33
26.5
26.5
26.46
26.52
26.63
26.36
26.25
26.1
25.88
25.66
25.24
24.63
23.9
23.1
22.57
22.2
22.02
21.68
21.22
20.74
20.38
20.04
19.74
19.43
19.17
18.88
18.57
18.23
18.01
17.74
17.47
17.22
17.05
17.03
16.88
16.72
16.58
16.49
16.5
16.44
16.44
16.33
16.12
15.93
15.89
16.15
15.96
15.92
15.69
15.56
15.6
15.47
15.41
15.44
15.37
15.39
15.46
15.48
15.59
15.64
15.56
15.71
15.71
15.62
15.59
15.55
15.5
15.46
15.31
15.35
15.52
15.54
15.68
15.77
15.87
16.01
16.15
16.27
16.36
16.31
16.45
17
16.76
16.62
16.87
17.03
16.84
17.31
17.73
17.49
17.51
17.91
18.43
18.7
18.8
19.02
19.54
19.68
19.79
20.37
20.51
20.47
20.66
20.53
20.36
20.25
20.12
19.69
19.23
19.06
18.67
18.47
18.23
18.21
18.29
18.34
18.27
18.24
18.34
18.18
18.02
17.98
17.95
17.79
17.49
17.59
17.51
17.53
18.34
18.36
18.55
18.44
18.06
17.69
17.77
17.7
17.26
16.67
16.79
17.26
17.04
16.93
17.44
17.67
17.59
17.19
17.2
17.55
17.25
14.91
14.32
14.29
14.42
14.74
14.54
13.9
13.65
13.52
13.76
14.04
13.86
13.88
13.84
14.04
14.91
15.46
15.78
16.01
16.75
17.94
19.67
20.51
21.06
21.88
22.85
23.28
23.82
24.55
24.96
25.7
26.49
26.78
27.8
28.12
28.59
28.71
29.25
29.54
30.24
29.99
30.36
30.69
30.68
30.32
30.56
30.44
30.61
30.54
30.66
30.39
30.48
30.49
30.28
29.59
28.92
28.1
27.21
26.69
26.4
26.58
26.35
26.22
25.84
26.01
26.02
25.48
24.69
24.98
25.13
24.42
23.67
23.39
23.17
22.53
22.52
22.45
22.1
21.85
21.75
21.64