18.83
18.71
18.76
18.66
18.62
18.65
18.62
18.50
18.41
18.30
18.26
18.18
18.07
17.96
17.72
17.57
17.45
17.34
17.25
17.14
16.98
16.79
16.55
16.30
16.15
16.00
15.96
16.00
16.09
16.32
16.50
16.77
17.10
17.41
17.78
18.23
18.55
18.97
19.40
19.63
20.01
20.44
20.56
20.89
21.18
21.48
21.89
22.12
22.32
22.42
22.51
22.70
22.76
22.89
22.98
23.05
23.09
23.12
23.17
23.28
23.42
23.38
23.28
23.20
23.02
23.17
23.13
22.68
22.38
21.86
21.35
20.97
20.68
20.44
20.23
20.03
19.73
19.52
19.28
19.20
19.07
18.93
18.76
18.58
18.39
18.24
18.10
18.12
18.02
17.79
17.58
17.41
17.26
17.12
17.00
16.90
16.85
16.71
16.51
16.33
16.31
16.32
16.11
16.05
16.07
16.00
15.97
16.01
15.96
15.90
15.87
15.73
15.57
15.47
15.43
15.43
15.39
15.32
15.21
15.03
14.89
14.78
14.73
14.83
15.03
15.36
15.75
16.40
16.77
17.39
18.00
18.42
18.92
19.19
19.72
20.16
20.40
20.64
21.23
21.54
21.97
22.29
22.60
22.89
23.33
23.51
23.82
24.11
24.32
24.34
24.64
24.91
24.77
25.02
25.09
25.37
25.16
25.26
25.39
25.04
25.00
25.09
24.94
24.62
24.28
23.98
23.57
23.14
22.97
22.61
22.38
22.24
22.14
21.69
21.47
21.28
20.92
20.59
20.41
20.26
20.08
20.05
19.82
19.83
19.65
19.50
19.35
19.41
19.39
19.23
18.96
18.76
19.11
19.01
18.82
18.38
18.12
17.99
17.82
17.63
17.44
17.33
17.28
17.24
17.30
16.89
16.68
16.59
16.53
16.58
16.19
16.11
16.23
16.11
16.08
16.04
15.90
15.94
15.95
16.05
16.37
16.83
17.09
17.56
18.10
18.69
19.15
19.84
20.46
21.04
21.34
21.61
22.00
22.59
23.09
23.75
24.56
24.83
25.05
25.60
25.80
26.01
26.23
26.53
26.73
26.79
26.59
26.85
26.88
26.93
26.90
26.85
26.81
27.14
27.21
27.07
26.94
26.90
26.57
26.53
26.32
25.97
25.57
25.16
24.61
24.06
23.72
23.41
23.20
22.93
22.88
22.14
21.84
21.81
21.78
21.58
21.31
21.11
21.10
20.97
20.64
20.39
20.23
20.23
20.31
20.30
20.15
20.03
19.93
19.79
19.63
19.48
19.27
19.11
18.92
18.89
18.80
18.60
18.45
18.29
18.21
18.07
17.90
17.83
17.76
17.64
17.73
17.56
17.40
17.38
17.25
17.13
16.93
16.86
16.93
17.10
17.30
17.59
17.98
18.60
19.12
19.56
19.99
20.48
21.05
21.38
21.70
22.15
22.80
23.27
23.73
24.21
24.68
25.08
25.28
25.43
25.90
25.88
25.90
26.20
26.31
26.86
27.03
26.99
27.21
27.43
26.99
26.91
27.01
27.08
27.06
27.16
26.86
26.75
26.56
26.50
26.19
25.59
25.15
24.88
24.54
24.33
24.16
23.72
23.38
23.20
22.85
22.61
22.51
22.42
22.14
21.91
21.70
21.62
21.49
21.38
21.29
21.32
21.22
21.15
20.97
20.64
20.44
20.36
20.32
20.21
19.80
19.70
19.64
19.56
19.49
19.37
19.33
19.42
19.22
19.11
19.06
19.18
19.02
18.70
18.24
17.94
17.90
17.86
17.72
17.70
17.82
17.78
17.83
17.88
17.85
17.97
18.24
18.51
18.78
19.05
19.48
20.12
20.89
21.30
21.76
22.27
22.69
23.04
23.56
24.08
24.59
25.12
25.40
25.89
26.34
26.74
26.92
27.16
27.38
27.60
27.88
27.96
28.19
28.32
28.54
28.54
28.89
28.72
28.81
28.84
28.85
28.95
28.64
28.57
28.57
28.34
27.91
27.41
26.84
26.43
26.18
25.78
25.36
25.25
25.19
24.49
24.09
24.39
24.25
24.16
24.06
23.94
23.78
23.37
22.85
22.82
22.57
22.27
21.95
21.60
21.23
21.02
20.93
20.98
20.87
20.94
20.89
20.72
20.64
20.43
20.24
20.09
19.83
19.77
19.68
19.57
19.40
19.24
19.11
19.08
19.01
18.89
18.96
19.24
19.44
19.52
19.34
19.06
19.19
19.34
19.41
19.09
18.92
18.80
19.30
20.54
21.79
22.32
22.85
23.64
23.86
24.19
24.65
24.86
25.29
25.79
25.99
26.47
27.00
27.29
27.44
27.83
28.13
28.56
28.80
28.96
29.34
29.65
29.59
30.03
30.18
29.92
29.88
30.03
30.04
29.96
29.89
29.83
29.84
29.74
29.35
29.02
28.70
28.23
27.74
27.36
27.09
26.85
26.36
26.16
25.88
25.50
25.26
25.10
24.89
24.59
24.59
24.51
24.26
24.05
23.96
23.88
23.39
23.32
23.26
23.13
22.94
22.89
22.75
22.50
22.35
22.09
22.01
21.99
21.89
21.80
21.29
21.00
20.90
20.94
20.73
20.60
20.50
20.48
20.42
20.36
20.34
20.34
20.31
20.25
19.97
19.77
19.72
19.58
19.46
19.53
19.77
19.77
19.87
20.20
20.62
21.04
21.74
22.56
23.33
23.71
24.05
24.55
24.85
25.53
26.04
26.50
27.06
27.69
28.44
28.75
29.16
29.58
29.76
30.03
30.24
30.57
30.74
30.75
30.79
31.01
31.16
31.18
31.17
31.38
31.31
31.06
31.20
30.97
30.96
30.77
30.73
30.44
30.04
29.67
29.16
28.80
28.75
28.25
28.13
28.26
28.15
27.06
26.68
26.39
26.03
25.64
25.28
25.26
25.23
25.08
24.92
24.83
24.56
24.59
24.50
24.32
23.94
23.81
23.69
23.44
23.19
23.08
22.89
22.95
22.34
21.66
21.26
21.31
21.23
21.04
20.94
20.88
20.99
20.93
20.69
20.48
20.36
20.33
20.21
20.18
20.08
19.78
19.80
19.74
19.36
19.30
19.36
19.56
19.78
19.95
20.39
21.01
21.74
22.39
23.21
23.71
24.18
24.90
25.37
25.57
26.13
26.65
27.16
27.66
28.32
28.79
29.26
29.56
29.66
29.99
30.22
30.43
30.80
30.92
30.99
31.11
31.20
31.30
31.36
31.47
31.52
31.69
31.83
31.78
31.75
31.91
31.44
30.84
30.47
29.89
29.37
29.07
28.89
28.47
27.99
27.79
27.85
27.50
26.90
26.52
26.02
25.87
25.64
24.93
24.66
24.67
24.49
24.46
24.21
23.80
23.61
23.79
23.66
23.47
23.52
23.24
22.95
22.81
22.54
22.37
22.31
22.28
22.07
21.76
21.75
21.70
21.64
21.48
21.33
21.28
21.27
21.14
21.15
21.05
20.85
20.69
20.75
20.67
20.66
20.45
20.28
20.23
20.36
20.51
20.71
20.98
21.57
22.08
22.42
22.81
23.32
23.91
24.47
24.86
25.35
25.85
26.45
27.05
27.48
27.97
28.30
28.81
29.32
29.49
29.76
29.94
30.39
30.48
30.48
30.68
30.77
30.88
30.94
31.01
31.07
31.31
31.33
31.32
31.27
31.07
30.92
30.60
30.33
29.94
29.29
28.79
28.27
27.86
27.57
27.28
27.13
27.10
27.04
26.74
26.04
25.53
25.54
24.84
24.67
24.16
24.07
23.99
23.88
23.58
23.30
23.17
22.98
22.72
22.56
22.32
22.14
21.96
21.79
21.65
21.40
21.23
21.05
20.81
20.54
20.36
20.26
19.99
19.91
19.89
19.80
19.57
19.57
19.85
19.68
19.47
19.28
19.23
19.06
18.99
19.00
18.82
18.84
18.69
18.66
18.74
19.00
19.30
19.65
20.03
20.53
20.84
21.29
21.73
22.25
22.79
23.19
23.69
24.32
24.55
24.95
25.38
25.69
26.11
26.26
26.69
27.16
27.50
27.87
28.13
28.25
28.28
28.34
28.48
28.64
28.71
28.75
28.46
28.40
28.35
28.26
28.11
28.04
27.85
27.70
27.60
27.47
27.24
26.98
26.66
26.40
26.09
25.63
25.45
25.06
24.83
24.51
24.33
24.06
23.80
23.57
23.37
23.26
23.08
22.96
22.70
22.52
22.51
22.39
22.26
22.18
22.09
21.82
21.59
21.43
21.21
21.02
20.74
20.68
20.64
20.68
20.66
20.19
20.06
20.12
20.13
20.05
19.71
19.46
19.17
19.05
18.69
18.45
18.46
18.63
18.71
18.78
18.84
18.99
18.96
18.89
18.83
18.83
18.84
19.14
19.58
20.07
20.53
21.37
21.95
22.55
22.98
23.19
23.51
23.86
24.35
24.54
25.03
25.27
25.72
25.92
26.05
26.34
26.47
26.57
26.94
26.91
27.03
27.20
27.30
27.37
27.39
27.64
27.94
27.78
27.80
27.75
27.76
27.61
27.49
27.32
27.12
26.80
26.44
26.05
25.77
25.34
24.99
24.69
24.34
24.17
24.00
23.81
23.72
23.56
23.37
23.30
23.30
23.29
23.14
22.99
22.94
22.91
22.82
22.55
22.30
21.96
21.49
21.28
21.01
20.86
20.75
20.61
20.61
20.43
20.29
20.12
19.93
19.73
19.48
19.24
18.97
18.82
18.72
18.52
18.53
18.53
18.47
18.34
18.23
18.17
18.09
18.06
18.20
18.21
18.06
17.89
17.96
18.19
18.57
18.82
19.42
19.72
20.14
20.54
20.99
21.46
21.76
22.05
22.43
23.00
23.57
24.10
24.68
25.14
25.66
25.83
25.99
26.21
26.44
26.54
26.78
26.96
27.12
27.19
27.22
27.43
27.56
27.76
27.89
27.97
28.03
27.66
27.58
27.54
27.41
27.35
27.18
26.85
26.70
26.52
26.16
26.12
26.14
25.92
25.77
25.16
24.65
24.29
23.75
23.26
23.40
23.44
23.37
23.26
23.31
23.05
22.72
22.00
21.69
21.62
21.49
21.26
21.18
21.19
21.43
21.26
21.24
21.13
21.11
22.8
22.28
22.11
22.17
22.15
21.97
21.83
21.71
21.52
21.38
21.28
21.23
21.18
20.97
20.83
20.62
20.46
20.43
20.48
20.49
20.52
20.59
20.66
20.81
20.98
21.22
21.45
21.73
21.99
22.38
22.29
22.28
22.47
22.52
22.45
23.37
23.43
23.43
23.87
24.63
24.82
25.21
25.04
25.68
25.68
25.78
25.9
25.86
25.96
25.98
26.27
26.47
26.47
26.78
26.89
26.54
26.8
26.4
26.39
26.42
26.19
26.2
25.61
25.24
24.74
24.28
23.8
23.38
23.03
22.7
22.4
22.13
21.85
21.61
21.38
21.17
21.02
20.87
20.73
20.59
20.49
20.39
20.4
20.36
20.28
20.24
20.28
20.16
20.15
20
19.91
19.92
19.87
19.84
19.79
19.75
19.66
19.57
19.6
19.58
19.42
19.25
19.17
19.16
19.01
19.01
19.01
18.98
18.95
18.83
18.77
18.68
18.64
18.51
18.47
18.49
18.42
18.55
18.6
18.61
18.63
18.73
18.91
19.09
19.33
19.57
19.89
20.07
20.25
20.66
20.74
21.26
21.18
21.52
21.95
22.47
23.01
23.41
23.78
24.53
25.38
26.07
26.83
27.17
27.41
27.97
27.91
28.32
28.61
28.77
29.35
29.16
29.25
29.52
29.39
29.37
29.43
29.44
29.29
29.17
28.81
28.26
27.81
27.72
27.44
26.8
27.05
27.36
27.22
27.09
27.39
27.3
27.2
27.06
26.67
26.08
25.91
25.83
26
25.8
25.16
24.64
24.39
23.41
22.89
22.95
22.6
22.38
22.35
22.42
22.42
22.33
22.37
22.35
22.22
22.07
21.74
21.67
21.8
21.9
21.98
21.93
21.56
21.25
21.08
20.91
20.65
20.47
20.37
20.33
20.25
20.2
20.19
20.2
20.25
20.43
20.62
21.3
23.15
24.4
24.53
24.15
24.07
24.43
25.34
26.06
27.05
27.65
28.02
28.23
28.78
28.88
29.65
30.41
30.71
30.66
30.47
30.81
31.69
31.4
31.29
31.76
31.66
32.11
31.99
32.34
32.13
32.05
32.92
32.53
32.57
32.62
32.33
31.25
30.63
30.24
30.3
29.79
28.98
28.46
28.4
28.36
28.24
27.91
27.09
26.26
25.85
26
25.87
25.83
25.7
25.41
24.84
24.31
23.67
23.33
23.22
23.09
22.76
22.37
22.19
21.81
21.29
21.02
20.47
20.11
19.76
19.37
19.03
18.84
18.77
18.77
18.74
18.66
18.59
18.41
18.18
17.96
17.83
17.76
17.67
17.61
17.58
17.55
17.48
17.38
17.21
17.07
16.93
16.84
16.8
16.81
16.81
16.84
16.92
16.97
17.01
17.08
17.2
17.5
18.11
18.04
18.32
18.62
18.81
19.05
19
19.19
19.81
20.26
20.51
20.9
21.5
21.18
21.59
21.72
21.88
22.12
22.3
22.28
22.48
22.76
22.8
22.84
22.63
22.44
22.33
22.32
22.15
21.98
21.72
21.46
21.13
20.48
19.76
19.24
18.73
18.5
18.26
17.89
17.54
17.32
17.04
16.87
16.75
16.28
15.96
15.74
15.47
15.27
15.04
14.81
14.62
14.47
14.32
14.17
13.98
13.83
13.71
13.58
13.48
13.32
13.24
13.14
13.09
13.1
13.15
13.09
13.03
13
12.86
12.77
12.71
12.6
12.52
12.41
12.27
12.1
12.05
12.07
12.24
12.51
12.54
12.41
12.51
12.66
12.62
12.83
13.18
13.54
14
14.69
15.46
16.23
16.73
17.15
17.67
18.55
18.84
19.25
20.15
20.76
21.36
21.8
22.6
22.62
22.52
23.63
23.95
24.01
24.01
24.34
25.26
25.8
25.77
26.5
26.83
26.56
26.47
26.95
27.34
27.29
27.1
27.4
27.46
27.13
26.65
26.37
25.84
25.27
24.66
24.32
24.07
23.95
23.57
23.6
23.43
23.47
23.24
22.97
22.72
22.44
22.47
22.23
21.58
21.39
21.39
21.12
21.24
21.17
20.61
20.18
19.9
19.52
19.29
19.03
18.91
18.76
18.45
18.15
18.06
18.18
18.26
18.28
18.16
18
17.95
17.62
17.35
17.25
17.11
17.17
17.25
17.41
17.31
17
16.77
16.77
16.67
16.47
16.48
16.62
16.7
16.9
17.08
17.37
17.78
18.46
19.55
20.6
21.84
22.09
22.74
23.92
24.12
24.35
24.85
25.32
26.1
26.52
27.08
27.61
27.92
28.34
28.27
28.38
28.64
28.82
29.05
29.3
29.64
29.71
29.78
30.02
29.94
30.11
30.35
30.36
30.33
30.36
30.25
30.54
30.27
30.1
29.86
29.68
29.02
28.57
28.48
28.1
27.91
27.11
26.6
26.45
25.76
25.43
25.07
24.85
25.05
25.17
25.03
24.69
24.68
24.32
24.38
23.88
23.62
23.35
23.38
23.07
23.12
23.28
22.89
22.53
22.53
22.2
22.18
22.12
22.12
22.05
21.89
21.82
21.7
21.38
20.97
20.56
20.21
20.21
20.1
20.03
19.68
19.23
19.17
19.19
18.99
19.09
19.12
19.05
19.2
19.64
20.08
20.47
20.9
21.23
21.94
22.54
23.09
23.63
24.42
25.06
25.62
26.05
26.45
27.18
27.87
28.3
28.71
29.01
29.46
29.86
30.14
30.72
30.92
31.04
31.32
31.71
31.79
31.73
31.81
32.09
31.92
32.03
31.79
31.84
32.01
31.82
31.59
31.2
30.92
30.56
30.2
29.59
29.05
28.69
28.31
28.12
28.49
28.11
27.65
27.71
27.12
26.8
26.4
26.4
26.22
26.35
26.13
25.57
25.24
25.15
25.39
25.54
25.33
24.9
24.55
24.23
24.04
23.84
23.52
23.34
23.25
23.05
22.95
22.82
22.78
22.71
22.51
22.35
21.75
21.26
21.08
20.86
20.94
21.33
21.26
21.2
21.24
21.98
22.31
22.32
22.2
22.27
22.31
22.26
22.31
22.53
22.72
23.01
23.26
23.24
24.07
24.75
25.58
26.48
26.75
26.88
27.43
28.03
28.72
29.27
29.69
30.3
30.28
30.83
30.59
30.52
30.62
30.82
30.87
31.29
30.93
31.12
31.25
31.64
31.32
31.29
31.53
31.46
31.59
31.41
31.25
31.28
31.05
31.01
30.75
30.29
29.88
29.55
28.99
28.42
28.06
27.41
26.9
26.57
26.24
25.86
25.66
25.15
25.12
24.99
24.94
24.6
24.41
24.18
24.26
24.4
24.15
23.79
23.5
23.28
23.14
22.95
22.75
22.61
22.44
22.19
21.97
21.76
21.6
21.44
21.35
21.26
21.22
21.33
21.43
21.34
21.18
21.08
21.01
20.84
20.63
20.4
20.12
19.91
19.81
19.74
19.66
19.49
19.29
19.11
19
18.89
18.86
18.84
18.81
18.83
18.82
18.92
19.43
19.73
19.96
20.02
20.17
20.6
20.17
19.72
19.78
20.03
19.57
19.72
19.71
19.65
19.79
19.85
19.84
19.69
19.64
19.7
19.72
19.52
19.49
19.55
19.35
19.33
19.45
19.31
19.45
19.46
19.39
19.11
19.15
18.97
18.72
18.6
18.49
18.37
18.28
18.19
18.12
18.08
18.01
17.93
17.81
17.7
17.52
17.31
17.13
17.01
17.05
17.13
17.17
17.2
17.17
17.09
17.05
16.99
16.9
16.81
16.7
16.63
16.56
16.46
16.35
16.24
16.17
16.12
16.06
16
15.95
15.87
15.81
15.76
15.72
15.69
15.65
15.61
15.55
15.43
15.32
15.27
15.3
15.33
15.38
15.37
15.34
15.3
15.29
15.22
15.17
15.1
15.19
15.38
15.62
15.85
16.02
16.3
16.52
16.54
16.6
16.74
17.02
17.13
17.41
17.68
17.73
17.67
17.86
18.2
18.23
18.15
18.16
18.42
18.56
18.91
18.57
18.23
18.17
18.33
18.42
18.37
18.4
18.36
18.29
18.23
18.15
18.07
18.01
17.91
17.83
17.73
17.67
17.59
17.5
17.47
17.43
17.42
17.42
17.37
17.31
17.29
17.27
17.23
17.18
17.16
17.15
17.11
17.07
17.02
16.97
16.94
16.88
16.81
16.75
16.65
16.55
16.5
16.49
16.48
16.43
16.36
16.33
16.27
16.21
16.2
16.17
16.09
15.95
15.85
15.79
15.74
15.67
15.57
15.49
15.46
15.45
15.44
15.39
15.31
15.25
15.23
15.08
15.01
14.97
14.91
14.87
14.93
15
15.15
15.34
15.55
15.85
16.08
16.38
16.89
17.39
17.85
18.08
18.53
18.82
19.16
19.44
19.71
20.37
20.36
20.11
20.28
20.77
20.74
21.32
21.44
21.22
21.34
21.3
21.35
21.59
22.28
22.15
22.36
22.71
21.76
21.89
22.24
21.87
21.53
21.59
21.05
20.49
20.04
19.65
19.3
18.99
18.77
18.59
18.38
18.21
18.08
17.91
17.73
17.57
17.42
17.27
17.11
16.99
16.87
16.76
16.63
16.43
16.22
16
15.8
15.61
15.39
15.21
15.03
14.85
14.66
14.55
14.42
14.34
14.39
14.48
14.57
14.62
14.69
14.75
14.8
14.82
14.85
14.85
14.89
14.92
14.94
14.97
14.97
15
14.96
14.96
15.02
15.05
15.1
15.25
15.39
15.53
15.95
16.54
16.74
17.52
18.02
17.99
18.79
18.59
18.92
19.95
20.3
20.46
20.76
20.61
21.05
21.47
21.74
22.18
22.33
22.58
23.05
23.04
23.17
23.57
23.86
23.86
23.74
23.91
23.86
24.16
24.25
24.11
24.1
24.17
23.97
23.86
23.7
23.49
23.11
22.53
22.02
21.75
21.4
21.03
20.65
20.45
20.26
20.07
19.87
19.65
19.47
19.25
18.95
18.76
18.59
18.45
18.3
18.08
17.89
17.8
17.74
17.75
17.82
17.81
17.75
17.49
17.31
17.07
16.83
16.66
16.59
16.48
16.33
16.18
16.12
16.02
15.91
15.83
15.77
15.62
15.56
15.48
15.43
15.35
15.25
15.21
15.14
15.06
15.04
15.07
15.15
15.08
15.13
15.3
16.02
16.62
16.64
17.1
17.43
17.58
17.76
18.5
18.9
19.17
19.77
20.42
21.32
21.35
22.4
23.54
23.23
23.07
23.41
24.1
24.5
24.98
24.99
25.41
26.13
25.9
26.27
26.65
27.28
27.29
27.47
27.78
27.34
27.74
27.61
27.44
27.62
27.23
27.09
26.71
26.15
25.59
25.32
25.1
24.77
24.8
24.73
24.84
25.01
24.62
24.03
23.75
23.52
23.16
23.05
22.45
22.05
22.08
22.07
21.79
21.6
21.37
20.99
20.73
20.54
20.3
20.23
20.26
20.26
20.19
20.07
20.01
19.96
19.71
19.48
19.37
19.29
19.32
19.37
19.17
18.97
18.82
18.64
18.65
18.6
18.63
18.53
18.42
18.42
18.52
18.31
17.87
17.62
17.51
17.35
17.38
17.67
18.17
18.85
19.5
20.87
21.75
22.23
23.15
23.87
24.48
24.89
25.56
26.36
26.28
27.03
27.35
28.04
27.66
28.32
28.61
28.85
29
29.63
29.48
29.51
30.09
29.97
29.97
30.75
30.54
30.57
31.17
30.57
30.82
30.69
30.46
30.62
30.45
30.27
30.31
30.05
29.32
28.84
27.85
27.27
26.92
26.6
26.45
26.38
26.05
25.62
25.3
24.85
24.96
24.77
24.84
24.58
23.85
23.58
23.56
23.46
23.49
22.86
23.04
23.31
23.4
23.3
23.29
23.21
23.12
22.36
22.18
22.72
22.15
21.39
20.65
20.08
20.2
20.4
20.36
20.48
20.6
20.74
21.02
21.18
21.09
20.93
20.83
20.63
20.5
20.61
20.37
19.94
19.75
19.64
19.51
19.59
19.81
20.17
20.5
20.82
21.31
22.31
22.78
22.93
23.16
23.5
23.78
24.12
24.05
24.55
25.77
26.35
26.74
27.78
27.59
28.38
28.82
28.41
28.61
28.53
28.46
28.51
28.88
29.27
29.26
29.25
29.08
29.15
29.02
29.18
29.1
28.75
28.06
27.49
27.03
26.94
26.48
26.17
25.82
25.4
25.06
24.86
24.51
24.31
24.11
24.04
23.99
23.91
23.76
23.37
23.05
22.82
22.55
22.23
21.94
21.6
21.3
20.96
20.61
20.26
19.93
19.64
19.37
19.15
18.93
18.69
18.5
18.31
18.09
17.92
17.82
17.7
17.6
17.53
17.42
17.33
17.26
17.16
17.08
17.06
16.99
16.85
16.84
16.72
16.64
16.52
16.43
16.35
16.27
16.3
16.52
16.9
17.53
18.05
18.4
18.79
19.2
19.33
19.68
20.11
20.26
20.52
20.65
20.98
21.54
22.1
22.32
22.62
22.68
23.18
23.05
23.24
23.58
23.32
23.72
24.1
24.44
25.07
24.92
25.07
24.9
25.2
25.13
24.84
24.67
24.48
24.49
24.44
24.31
23.9
23.63
23.26
22.67
22.03
21.59
21.5
21.43
21.24
21.11
20.97
20.7
20.67
20.71
20.64
20.58
20.48
20.22
19.89
19.67
19.54
19.1
19.01
19.17
18.97
18.89
18.79
18.9
18.79
18.58
18.48
18.42
18.22
18.1
17.86
17.72
17.6
17.4
17.3
17.18
17.07
16.87
16.69
16.57
16.44
16.3
16.21
16.18
16.17
16.11
15.95
15.86
15.89
15.91
15.96
15.99
16.03
16.14
16.46
16.59
16.87
17.34
18.66
19.51
20.05
20.56
21.65
22.59
23.11
23.39
24.04
24.85
25.1
24.72
25.86
25.88
26.13
25.83
26.64
26.66
27.67
27.77
28.3
28.63
28.87
28.9
29.17
29.38
29.4
29.05
28.58
28.94
28.55
28.35
28.54
28.13
27.9
27.67
27.24
26.55
25.94
25.56
25.19
24.78
24.53
24.23
24.02
23.49
22.93
22.88
22.63
22.38
22.26
21.94
21.57
21.27
21.07
21.05
21.04
20.99
20.96
20.85
20.73
20.62
20.46
20.27
20.04
19.94
19.68
19.43
19.32
19.19
19.16
19.08
19.32
19.34
19.19
19.14
18.88
18.91
18.97
18.86
18.5
17.93
17.79
17.78
17.8
17.71
17.51
17.56
17.77
17.97
18.02
17.96
18.23
18.6
18.96
19.63
20.55
21.38
22.05
23.11
23.76
24.87
24.98
25.51
26.26
26.81
27.37
27.94
28.11
28.29
28.83
29.42
29.73
29.66
29.96
29.86
30.21
30.67
30.8
30.43
30.78
30.49
30.81
30.85
30.83
31.28
31.28
30.71
30.96
31.26
31.15
29.91
29.28
28.68
28.77
28.6
27.92
27.74
25.76
26.01
26.14
25.83
26.1
25.68
25.3
25.47
25.22
24.72
24.48
24.03
23.58
23.94
23.87
23.38
23.01
22.66
22.83
22.85
22.57