14.99
14.95
14.89
14.86
14.79
14.69
14.6
14.56
14.54
14.52
14.49
14.43
14.38
14.34
14.28
14.24
14.2
14.16
14.1
14.13
14.06
13.8
13.62
13.69
13.77
13.73
13.6
13.62
13.75
13.83
13.97
14.1
14.21
14.27
14.41
14.62
14.73
15.16
15.27
15.23
15.49
16.1
16.05
16.03
16.33
16.7
17.39
17.3
17.39
17.84
18.42
18.25
18.61
18.91
19.37
19.73
19.95
19.94
19.98
20
20.55
20.22
20.18
20.22
20.49
20.48
20.29
20.21
19.71
18.92
18.51
18.18
18.2
18.04
18.24
18.35
18.31
18.18
18.06
18.02
17.85
17.76
17.72
17.58
17.42
17.42
17.48
17.33
17.29
17.26
17.2
17.11
17.03
16.97
16.88
16.78
16.73
16.65
16.57
16.51
16.42
16.38
16.47
16.34
16.26
16.18
16.02
15.9
15.76
15.61
15.38
15.16
14.96
14.72
14.42
14.17
13.96
13.74
13.52
13.22
12.96
12.76
12.67
12.79
13.02
13.45
14.01
14.54
14.95
15.48
16.03
16.58
17.28
17.84
18.12
18.35
18.77
19.38
19.61
19.99
20.21
20.45
20.71
20.66
20.6
20.96
21.05
21.3
21.28
21.64
21.78
21.78
21.97
22.19
22.16
22.14
22.19
21.76
21.55
21.35
21.26
21.53
21.55
21.13
20.69
20.21
19.81
19.57
19.3
19.14
18.94
18.91
18.55
18.38
18.07
18.13
17.94
17.89
17.57
17.27
17.02
16.82
16.59
16.53
16.48
16.2
15.9
15.73
15.53
15.31
15.2
15.16
15.2
15.01
14.48
14.07
14.12
14.23
13.9
13.91
13.92
13.71
13.5
13.48
13.53
13.43
13.25
12.83
12.48
12.12
11.85
11.6
11.46
11.36
11.17
11.06
10.9
10.8
10.71
10.79
11.02
11.42
11.96
12.78
13.39
14.06
14.59
15.52
16.2
16.83
17.02
17.41
18.01
18.29
18.66
19.05
19.42
19.66
20.19
20.09
20.435
20.78
21.16
21.34
21.47
21.63
22.1
22.13
22.08
22.2
22.35
22.47
22.48
22.49
22.53
22.46
22.47
22.46
22.36
22.14
21.84
21.47
21.08
20.39
20.14
19.53
19.54
19.41
19.45
18.79
18.42
18.22
17.85
17.35
17.07
16.91
16.71
16.65
16.41
16.12
15.71
15.46
15.31
15.21
14.96
14.77
14.63
14.71
15.91
15.48
15.24
14.37
13.88
14.11
14.11
14.19
14.03
13.98
13.96
13.6
13.32
12.6
12.5
12.7
12.81
12.78
12.4
12.4
12.4
12.11
12.31
12.55
12.44
12.46
12.17
12.18
13.24
14.01
13.99
14.37
14.58
15.49
16.11
16.89
17.83
18.14
18.47
18.53
18.92
19.49
20.25
21.17
21.76
22.14
22.58
23.22
23.55
23.75
23.9
24.2
24.5
24.48
24.69
25.18
25.36
25.53
25.48
25.55
25.66
25.85
25.97
25.93
26.09
26.2
26.05
26.03
25.72
25.42
25
24.4
23.64
22.96
22.68
22.62
22.58
22.58
23.06
21.46
20.95
21.16
21.25
21.04
20.83
20.98
21.32
21.34
20.81
20.35
19.91
19.95
20.11
20.19
20.06
19.97
19.79
19.38
19.09
18.79
18.24
17.92
17.5
17.55
17.68
17.56
17.33
17.26
17.2
16.9
16.55
16.6
16.67
16.63
16.78
16.86
16.92
16.99
16.82
16.55
16.34
16.16
16.42
16.48
16.67
17.06
17.6
18.35
19.08
20.1
20.93
21.42
22.13
22.91
23.6
24.23
24.8
24.96
25.62
25.97
26.65
27.08
27.47
27.69
28.05
28.57
28.58
29.05
29.01
29.72
29.82
29.83
29.77
30.13
29.59
29.82
29.83
29.71
29.54
29.45
29.27
29.27
29.2
28.95
28.56
27.99
27.27
26.69
26.09
25.79
25.68
25.12
24.55
24.14
23.79
23.48
23.25
23.12
23.02
22.65
22.32
22.16
22.07
22.08
22.14
22.24
22.13
22.07
22.11
21.73
21.4
21.44
21.5
21.36
20.51
20.56
20.47
20.4
20.27
20.32
20.45
20.83
20.44
20.3
20.28
20.84
20.63
20.1
19.23
18.3
18.17
18.16
18.15
18.33
18.79
18.78
19.28
19.58
19.48
19.51
19.62
19.74
19.86
19.92
20.08
20.41
20.98
21.51
21.98
22.34
22.92
23.2
23.63
24.03
24.48
24.89
25.54
26.01
26.08
26.88
27.16
27.01
27.27
27.53
27.77
27.9
28.21
28.28
28.49
28.58
28.84
28.75
28.82
28.88
28.81
28.77
28.55
28.39
28.24
28.1
27.48
26.85
26.14
25.35
24.96
24.56
24.28
23.97
23.62
23.36
23.35
23.21
22.82
22.59
22.38
22.07
21.83
21.61
21.4
21.24
21.14
20.94
20.7
20.46
20.4
20.19
19.92
19.72
19.42
19.34
19.16
18.89
18.7
18.55
18.37
18.26
17.89
17.82
17.7
17.66
17.73
17.75
17.82
17.83
17.56
17.37
17.61
17.76
17.7
18.32
18.32
17.78
17.93
17.99
17.91
18.13
18.16
18.11
18.67
19.87
20.77
20.81
20.9
21.05
21.6
22.06
22.8
22.93
23.47
23.8
24.14
24.6
25.27
25.82
26.01
26.54
26.87
27.55
27.91
27.86
28.45
29.09
28.71
29.45
29.73
29.06
28.64
28.71
28.53
28.39
28.45
28.43
28.67
28.41
28.09
27.99
27.73
27.35
26.63
26.22
25.97
25.64
25.11
24.78
24.52
24.1
24.05
24.19
24.16
23.85
24
23.65
23.36
22.84
22.5
22.49
22.2
22.09
22.17
22.37
22.11
21.91
21.49
21.42
21.48
20.56
19.97
19.87
19.95
19.48
18.99
18.78
18.76
18.78
18.87
18.87
18.89
18.94
18.95
18.91
18.81
18.97
18.88
18.86
18.74
18.73
18.81
18.41
17.86
17.53
17.51
17.53
17.29
17.54
18.18
18.92
19.55
20.29
21.49
21.32
21.3
21.88
22.35
23.4
23.78
24.55
25.04
25.81
26.78
27.25
27.93
28.88
28.63
28.99
29.57
29.98
30.2
30.07
30.42
30.66
30.64
30.62
30.72
30.94
30.95
30.7
30.39
29.95
29.83
29.9
30.06
29.53
29.2
29.11
28.69
28.41
28.59
28.52
28.74
28.49
28.24
27.25
26.51
26.3
25.94
25.45
24.92
24.86
24.68
24.58
24.54
24.56
24.11
24.52
24.52
24.24
23.67
23.53
23.38
23.05
22.6
22.35
22.22
22.85
21.57
20.18
19.27
19.61
20.02
20.11
20.24
20.16
20.65
20.86
20.39
19.94
19.81
19.67
19.4
19.13
18.72
18.43
18.25
18.12
17.84
18.4
18.26
18.34
18.61
18.76
19.06
19.48
20.13
20.96
22.14
22.34
22.58
23.6
24.28
24.29
24.94
25.36
25.79
26.45
27.48
27.95
28.55
28.42
28.74
29.21
29.44
29.89
30.27
30.37
30.3
30.58
30.75
30.8
30.91
30.81
30.95
31.19
31.24
31.33
31.5
32.24
31.75
30.8
30.63
30.23
29.85
29.59
29.63
29.18
28.5
28.33
28.83
28.03
26.84
26.87
26.57
26.26
25.95
23.81
23.52
23.84
23.44
23.49
23.39
22.7
22.61
23.26
22.83
22.76
22.98
22.6
22.11
22.15
21.91
21.56
21.38
21.35
21.33
20.88
20.96
21.47
21.81
21.69
21.43
21.39
21.71
21.44
21.4
21.43
21.08
21.04
21.59
21.75
21.98
21.58
21.26
21.14
21.22
21.38
21.48
21.82
22.56
22.94
22.79
22.9
23.39
24.03
24.54
24.91
25.54
25.99
26.53
27.24
27.57
27.96
28.36
28.67
29.03
29.25
29.43
29.56
30.29
29.98
29.85
30.12
30.24
30.38
30.53
30.66
30.35
30.62
30.78
30.66
30.79
30.33
30.21
29.79
29.82
29.41
28.51
28.13
27.55
26.93
26.54
26.11
25.85
25.48
25.13
24.77
24.42
24.11
23.86
23.5
23.28
23.25
23.13
23.07
23.05
22.83
22.48
22.24
22.06
21.99
21.83
21.63
21.45
21.3
21.13
20.98
20.84
20.74
20.65
20.51
20.31
20.21
20.17
20.01
19.88
19.79
19.69
19.57
19.52
19.54
19.48
19.47
19.44
19.42
19.39
19.3
19.26
19.21
19.14
19.07
19.05
19.1
19.11
19.19
19.34
19.55
19.74
19.85
20.08
20.35
20.59
20.82
21.19
21.68
22.24
22.01
22.18
22.56
22.49
22.67
22.64
23.07
23.4
23.9
24.63
25.05
24.74
24.42
24.38
24.57
24.38
24.23
24.02
23.32
23.16
22.66
22.31
22.16
22.13
22.06
22.03
21.95
21.83
21.73
21.66
21.54
21.44
21.28
21.19
21.03
20.92
20.86
20.84
20.79
20.64
20.49
20.36
20.22
20.11
19.96
19.92
19.85
19.79
19.73
19.64
19.54
19.44
19.44
19.4
19.36
19.34
19.32
19.2
18.72
18.36
18.1
17.88
17.62
17.34
17.18
17.03
16.87
16.73
16.6
16.51
16.4
16.37
16.3
16.22
16.18
16.14
16.14
16.17
16.18
16.19
16.22
16.2
16.23
16.31
16.43
16.62
16.8
16.99
17.27
17.7
17.97
18.05
18.11
18.21
18.14
18.25
18.45
18.46
18.98
18.9
19.11
19.04
19.12
19.34
19.56
19.52
19.73
19.6
19.54
19.4
19.42
19.45
19.5
19.5
19.46
19.33
19.23
19.09
18.97
19.02
18.9
18.64
18.54
18.43
18.32
18.25
18.15
18
17.9
17.82
17.76
17.72
17.68
17.64
17.6
17.52
17.44
17.41
17.38
17.33
17.3
17.27
17.26
17.25
17.23
17.23
17.22
17.2
17.17
17.11
17.03
17.01
16.98
16.95
16.89
16.81
16.8
16.75
16.74
16.75
16.75
16.74
16.75
16.75
16.69
16.65
16.65
16.62
16.62
16.6
16.61
16.61
16.68
16.73
16.77
16.76
16.73
16.67
16.65
16.58
16.55
16.57
16.69
16.74
16.88
16.85
16.96
17.06
17.14
17.34
17.61
18.28
18.5
18.75
18.95
19.26
19.55
19.68
19.63
19.72
19.77
19.62
19.78
19.82
19.79
19.64
19.6
19.85
20.24
20.26
20.12
20.28
20.25
20.21
20.27
20.32
20.28
20.4
20.38
20.19
20.1
19.91
19.7
19.55
19.54
19.14
19.12
18.94
18.84
18.71
18.74
18.51
18.39
18.41
18.56
18.52
18.28
17.88
17.62
17.53
17.56
17.58
17.53
17.54
17.57
17.43
17.37
17.29
17.35
17.33
17.26
17.27
17.15
16.9
16.82
16.78
16.8
16.79
16.78
16.57
16.4
16.38
16.41
16.36
16.27
16.3
16.2
15.94
15.69
15.53
15.54
15.48
15.26
15.22
15.29
15.5
15.8
16.2
16.43
16.5
16.75
17
17.22
17.72
17.85
17.98
18.28
18.57
19.13
19.5
20.47
21.65
22.42
23.44
24.21
24.67
25.54
26.03
26.99
27.14
27.13
27.62
27.93
28.14
28.79
28.85
28.75
28.96
29.2
29.24
29.15
29.55
29.08
28.89
28.79
28.68
28.03
27.61
27.16
26.7
26.45
26.35
25.64
25.35
25.1
25.09
24.89
24.7
24.45
24.18
24.13
24.03
23.63
23.21
23.28
23.38
23.51
23.56
23.46
23.49
23.18
22.78
22.47
21.97
21.82
21.97
22.06
21.97
21.8
21.49
21.15
20.97
20.81
20.72
20.96
20.92
20.81
20.79
20.31
20.27
20.33
20.53
20.69
20.49
20.34
20.44
20.5
20.36
20.2
20.18
20.23
20.05
20.03
20.56
21.73
22.81
23.49
24.02
24.13
24.59
25.15
25.8
26
26.4
26.9
27.05
27.49
27.94
28.01
28.43
28.93
28.99
29.36
29.97
29.96
30.3
30.22
30.33
30.4
30.48
30.44
30.29
30.44
30.63
30.77
30.56
30.34
29.76
29.4
29.15
27.82
27.77
27.76
27.53
27.37
27.13
27.98
28.12
27.75
27.82
27.81
27.25
26.65
26.44
26.7
26.8
26.57
26.7
26.52
26.54
25.88
24.27
22.99
22.49
22.61
22.86
22.87
22.93
22.65
22.78
22.72
22.86
22.72
22.42
21.96
21.88
21.81
21.75
21.84
21.75
21.71
21.65
21.61
21.59
21.59
21.58
21.5
21.46
21.5
21.5
21.48
21.44
21.38
21.35
21.37
21.4
21.47
21.52
21.51
21.56
21.58
21.63
21.64
21.63
21.64
21.77
21.88
22
22.04
22.27
22.64
22.85
23.25
23.82
24.21
24.63
25.32
25.21
25.69
25.92
25.93
26.45
26.33
26.53
26.53
26.58
26.6
26.37
26.58
26.51
26.14
26.19
26.67
26.53
26.41
26.36
25.84
25.51
25.33
24.85
24.47
24.52
24.11
23.89
23.9
23.5
22.86
22.49
22.04
21.74
21.6
21.44
21.18
21.08
21.8
21.8
21.76
21.86
21.84
21.68
21.69
21.46
20.86
20.33
19.95
19.95
20.02
19.69
19.49
19.44
19.14
19.19
19.22
19.03
18.71
18.63
18.58
18.56
18.46
18.25
18
18.14
18.17
18.28
18.28
18.28
18.34
18.29
18.23
18.3
18.37
18.34
18.27
18.43
18.81
18.235
17.66
18.32
18.56
18.77
19.23
19.72
19.85
20.49
20.92
21.54
22.14
22.55
23.55
23.36
23.54
24.69
23.91
24.25
24.92
25.69
25.11
24.64
25.3
25.22
25.02
24.8
24.96
24.88
24.74
24.65
24.56
24.44
24.39
25.15
24.82
25.4
25.27
24.6
24.41
23.98
23.6
23.14
22.97
22.75
22.42
22.33
22.02
21.81
21.99
21.92
21.9
21.92
21.92
21.88
21.8
21.8
21.76
21.86
21.84
21.68
21.69
21.46
20.86
20.33
19.95
19.95
20.02
19.69
19.49
19.44
19.14
19.19
19.22
19.03
18.71
18.63
18.58
18.56
18.46
18.25
18
18.14
18.17
18.28
18.28
18.28
18.34
18.29
18.23
18.3
18.37
18.34
18.27
18.43
18.81
19.2
19.95
20.72
21.93
21.8
21.99
22.19
22.43
22.77
23.24
23.6
24.1
24.53
25.07
25.81
26.34
26.63
26.76
27.23
27.34
27.35
27.77
28.09
28.45
28.2
28.8
28.88
29.29
28.64
29.28
29.52
29.1
29.33
28.93
29.28
28.93
28.95
28.85
28.55
28
27.51
27.27
26.92
26.26
25.79
25.79
25.71
25.51
25.23
24.93
24.65
24.76
24.37
24.1
23.91
23.7
23.55
23.23
23.23
23.42
23.38
23.71
23.4
23.61
23.2
22.48
22.3
22.16
22.17
22.21
22.03
21.86
21.69
21.68
21.61
21.54
21.48
21.29
21.2
21.1
21.06
20.93
20.63
20.48
20.17
19.76
19.82
19.42
19.6
19.64
19.46
19.38
19.05
18.85
19.29
19.56
19.86
20.31
21.46
22.3
23.19
23.92
24.77
24.98
26.08
25.49
26.14
26.34
26.64
27.46
27.8
27.9
28.35
28.86
28.7
29.06
29.2
29.47
29.69
30.09
30
29.94
30.18
30.26
30.46
30.55
30.47
30.49
30.57
30.79
30.53
30.57
30.5
30.34
30.22
29.71
28.87
28.4
28.38
27.71
27.25
27.32
27.04
26.67
26.32
26.19
25.97
25.22
24.93
25.08
25.11
25.25
24.9
24.49
24.16
23.92
23.61
23.47
23.4
22.97
22.79
22.94
23.09
22.74
22.4
21.88
21.59
21.32
21.1
20.82
20.75
20.78
21
20.92
20.7
20.76
20.86
20.95
20.49
20.48
20.17
19.76
19.82
19.42
19.6
19.64
19.46
19.38
19.05
18.85
19.29
20.45
20.82
21.5
22.16
22.91
23.42
24.17
24.39
24.89
25.26
25.61
25.99
26.27
26.68
27.36
27.76
28.27
28.85
29.23
29.71
30.32
30.26
30.42
30.75
31.05
31.23
31.15
31.3
31.37
31.57
31.76
31.71
31.5
31.6
31.67
31.62
31.81
31.44
30.75
30.22
29.9
29.5
29.22
28.73
28.31
28.14
28.13
27.72
26.64
26.59
26.62
26.23
25.89
25.45
25.34
25.32
25.14
25.13
25.1
25.44
25.37
25.04
24.83
24.74
24.4
24.26
24.21
22.5
22.6
22.66
22.63
22.59
22.48
22.41
22.39
22.31
22.21
22.12
22.04
22
21.91
21.82
21.72
21.62
21.41
21.09
20.92
20.89
20.63
20.18
19.85
19.67
19.25
18.93
18.58
18.5
18.52
18.42
18.29
18.33
18.09
18
17.99
18.09
18.31
18.48
18.63
18.67
18.82
18.75
18.69
18.96
19.18
19.61
19.43
19.46
19.4
19.54
19.44
19.57
19.44
19.68
19.84
19.94
19.85
19.87
19.79
19.69
19.73
19.72
19.49
19.41
19.17
19.02
18.9
18.83
18.76
18.65
18.52
18.35
18.28
18.23
18.25
18.24
18.25
18.27
18.3
18.33
18.36
18.38
18.41
18.43
18.47
18.55
18.53
18.56
18.59
18.58
18.54
18.51
18.48
18.45
18.43
18.46
18.42
18.41
18.36
18.31
18.26
18.25
17.99
17.82
17.66
17.66
17.61
17.56
17.53
17.5
17.51
17.53
17.54
17.45
17.45
17.42
17.36
17.27
17.18
17.11
17.08
17.04
17
16.98
16.97
17.01
17
17.19
17.53
17.66
17.96
17.98
18.02
18.38
18.7
18.82
19.26
19.42
19.36
19.47
19.88
20.32
20.34
20.6
20.81
20.91
20.9
20.85
20.45
20.58
20.59
21.01
20.85
20.64
20.37
20.28
20.18
19.99
19.96
20.08
19.87
19.92
19.91
19.6
19.41
19.26
18.98
18.82
18.65
18.51
18.45
18.47
18.47
18.49
18.48
18.43
18.45
18.43
18.43
18.47
18.49
18.5
18.55
18.54
18.49
18.55
18.57
18.6
18.56
18.59
18.6
18.58
18.56
18.52
18.44
18.33
18.27
18.24
18.23
18.18
18.17
18.14
18.09
18.02
17.97
17.95
17.92
17.88
17.79
17.71
17.73
17.57
17.35
17.17
16.96
16.8
16.72
16.57
16.46
16.47
16.58
16.66
16.82
17.07
17.18
17.16
17.25
17.38
17.24
17.19
17.57
17.94
18.12
18.12
18.23
18.31
18.43
18.92
19.16
19.23
19.26
19.6
19.56
18.9
18.97
18.89
18.81
18.51
18.25
18
18.07
18.16
17.92
17.28
16.95
16.55
16.02
15.83
15.96
16.04
16.08
16.15
16.19
16.17
16.11
16.01
15.93
15.9
15.89
15.9
15.89
15.9
15.88
15.92
15.93
15.91
15.89
15.89
15.91
15.83
15.71
15.6
15.41
15.3
15.23
15.16
15.04
14.99
14.95
14.89
14.86
14.79
14.69
14.6
14.56
14.54
14.52
14.49
14.43
14.38
14.34
14.28
14.24
14.2
14.16
14.1
14.13
14.06
13.8
13.62
13.69
13.77
13.73
13.6
13.62
13.75
13.83
13.97
14.1
14.21
14.27
14.41
14.62
14.73
15.16
15.27
15.23
15.49
16.1
16.05
16.03
16.33
16.7
17.39
17.3
17.39
17.84
18.42
18.25
18.61
18.91
19.37
19.73
19.95
19.94
19.98
20
20.55
20.22
20.18
20.22
20.49
20.48
20.29
20.21
19.71
18.92
18.51
18.18
18.2
18.04
18.24
18.35
18.31
18.18
18.06
18.02
17.85
17.76
17.72
17.58
17.42
17.42
17.48
17.33
17.29
17.26
17.2
17.11
17.03
16.97
16.88
16.78
16.73
16.65
16.57
16.51
16.42
16.38
16.47
16.34
16.26
16.18
16.02
15.9
15.76
15.61
15.38
15.16
14.96
14.72
14.42
14.17
13.96
13.74
13.52
13.22
12.96
12.76
12.67
12.79
13.02
13.45
14.01
14.54
14.95
15.48
16.03
16.58
17.28
17.84
18.12
18.35
18.77
19.38
19.61
19.99
20.21
20.45
20.71
20.66
20.6
20.96
21.05
21.3
21.28
21.64
21.78
21.78
21.97
22.19
22.16
22.14
22.19
21.76
21.55
21.35
21.26
21.53
21.55
21.13
20.69
20.21
19.81
19.57
19.3
19.14
18.94
18.91
18.55
18.38
18.07
18.13
17.94
17.89
17.57
17.27
17.02
16.82
16.59
16.53
16.48
16.2
15.9
15.73
15.53
15.31
15.2
15.16
15.2
15.01
14.48
14.07
14.12
14.23
13.9
13.91
13.92
13.71
13.5
13.48
13.53
13.43
13.25
12.83
12.48
12.12
11.85
11.6
11.46
11.36
11.17
11.06
10.9
10.8
10.71
10.79
11.02
11.42
11.96
12.78
13.39
14.06
14.59
15.52
16.2
16.83
17.02
17.41
18.01
18.29
18.66
19.05
19.42
19.66
20.19
20.09
20.435
20.78
21.16
21.34
21.47
21.63
22.1
22.13
22.08
22.2
22.35
22.47
22.48
22.49
22.53
22.46
22.47
22.46
22.36
22.14
21.84
21.47
21.08
20.39
20.14
19.53
19.54
19.41
19.45
18.79
18.42
18.22
17.85
17.35
17.07
16.91
16.71
16.65
16.41
16.12
15.71
15.46
15.31
15.21
14.96
14.77
14.63
14.71
15.91
15.48
15.24
14.37
13.88
14.11
14.11
14.19
14.03
13.98
13.96
13.6
13.32
12.6
12.5
12.7
12.81
12.78
12.4
12.4
12.4
12.11
12.31
12.55
12.44
12.46
12.17
12.18
13.24
14.01
13.99
14.37
14.58
15.49
16.11
16.89
17.83
18.14
18.47
18.53
18.92
19.49
20.25
21.17
21.76
22.14
22.58
23.22
23.55
23.75
23.9
24.2
24.5
24.48
24.69
25.18
25.36
25.53
25.48
25.55
25.66
25.85
25.97
25.93
26.09
26.2
26.05
26.03
25.72
25.42
25
24.4
23.64
22.96
22.68
22.62
22.58
22.58
23.06
21.46
20.95
21.16
21.25
21.04
20.83
20.98
21.32
21.34
20.81
20.35
19.91
19.95
20.11
20.19
20.06
19.97
20.76
20.68
20.35
20.15
20.1
20.13
20.14
20
19.84
19.74
19.62
19.63
19.63
19.61
19.62
19.6
19.57
19.52
19.3
18.96
18.81
18.82
18.73
18.64
18.55
18.46
18.4
18.38
18.29
18.17
17.73
18
18.46
19.11
19.5
19.85
19.98
20.34
20.94
21.79
22.25
23.27
24.13
24.91
25.32
25.8
26.13
26.87
27.5
27.85
27.93
28.18
28.5
28.81
29.09
29.73
29.56
30.03
29.87
29.96
30.23
30.21
30.33
30.29
30.49
30.4
30.51
30.5
30.52
30.03
29.47
29.01
28.76
28.72
28.46
27.96
27.79
27.82
27.85
27.49
27.39
27.36
27.09
25.76
24.8
24.56
24.42
24.3
24.24
24.19
24.13
24.12
24.13
24
23.93
23.73
23.65
23.59
23.29
22.98
22.72
22.55
22.67
22.58
22.52
22.41
22.17
21.99
21.9
21.8
21.63
21.59
21.49
21.46
21.32
21.11
20.93
20.83
20.57
20.49
20.41
20.27
20.15
20.05
20.25
20.59
21.08
21.63
22.13
22.59
22.93
23.56
24.22
24.72
25.5
26.04
26.5
26.89
27.42
27.99
28.47
28.92
29.23
29.63
30.13
30.28
30.54
30.74
30.94
31.11
31.37
31.55
31.48
31.63
31.75
31.86
31.87
31.88
31.87
31.82
31.78
31.51
31.32
30.99
30.71
30.26
29.68
29.15
28.97
28.68
28.26
28.21
28.39
27.77
26.98
25.92
25.88
25.91
25.64
24.82
24.3
24.49
24.47
24.22
24.07
23.72
23.59
23.49
23.75
23.87
24.03
24.38
24.24
23.94
23.51
23.59
23.94
24.12
23.58
22.4
22.39
22.21
22.36
22.45
22.47
22.78
22.17
22.15
22.02
21.92
22.18
22.08
21.91
21.8
21.61
21.3
20.83
20.21
20.05
19.92
19.94
20.19
20.6
20.95
21.77
22.69
23.14
23.31
24.2
24.38
25.05
25.78
26.19
26.72
27.1
27.72
28.2
28.01
28.47
28.89
29.04
28.98
29.13
29.36
29.74
29.93
30.54
29.62
30.41
30.66
31.31
31.14
31.48
30.86
32.21
30.97
31.31
31.7
31.24
30.78
30.59
30.05
29.56
29.11
28.79
28.33
27.95
27.6
27.67
27.13
27.1
26.71
26.84
26.71
26.57
25.7
25.19
24.99
25.27
25.14
25.4
25.09
25.15
25.02
24.52
24.28
23.89
23.77