20.51
20.37
20.21
20.03
19.86
19.65
19.45
19.32
19.16
19
19.02
18.97
19
19.04
18.92
18.78
18.68
18.56
17.95
18.21
18.25
18.27
18.37
18.45
18.21
17.93
17.84
17.85
17.9
18.12
18.49
19.08
19.88
20.63
21.08
21.75
21.86
22.69
22.93
23.59
24.18
24.51
25.06
26.19
26.66
26.84
27.53
28.71
28.97
29.07
28.9
29.48
29.79
30.03
30.13
30.1
30.18
30.53
30.91
31.78
30.96
30.68
30.38
30.3
30.38
30.2
29.95
29.58
29.24
28.91
28.34
27.53
27.02
27.05
26.52
25.77
25.74
25.65
25.06
24.67
24.51
24.37
24.11
23.77
23.46
23.21
22.98
22.93
22.78
22.65
22.83
22.71
22.4
22.08
21.9
21.8
21.72
21.51
21.23
21.06
20.94
20.77
20.83
20.84
20.89
20.74
20.53
20.23
20.93
20.04
19.88
19.72
19.9
18.63
18.87
19.15
18.92
19.11
19.38
19.29
19.19
18.66
19.19
19.94
19.59
19.87
19.71
19.61
20
21.03
21.88
22.61
23.65
24.1
24.17
24.17
24.46
24.71
25.49
25.96
26.65
27.37
27.96
28.46
29.19
29.27
29.47
29.86
30.27
30.58
30.55
30.61
31.02
30.94
31.09
31.15
31.21
31.56
31.49
31.69
31.53
31.24
31.07
30.96
30.98
30.78
30.41
29.69
28.37
28.17
28.05
27.67
27.13
26.64
26.41
26.14
25.96
25.69
25.5
25.36
25.29
25.3
25.66
25.54
24.66
23.66
23.77
24.01
23.86
23.77
23.69
23.91
23.87
23.83
23.33
23.07
22.49
22.62
22.15
22.24
22.39
21.68
21.02
20.84
21.22
21.23
21.25
20.75
21.06
21.32
21.46
20.47
20.2
19.21
19.35
20.22
19.64
19.45
19.33
18.78
18.26
18.4
19.08
19.79
21.09
22.05
23.62
24.47
25.6
26.28
26.63
26.85
27.09
27.58
27.77
28.74
28.93
29.05
29.51
29.73
30.29
30.45
30.79
30.97
30.98
31.03
31.24
31.38
31.61
31.8
32
31.88
31.86
32.11
31.93
31.77
31.63
31.41
31.1
30.8
30.32
29.86
29.52
29.36
28.73
27.76
27.42
27.67
27.55
27.24
26.84
26.31
26.1
25.72
25.65
25.38
25.23
25.1
25.56
25.4
25.43
24.98
24.41
23.86
23.44
23.38
23
22.47
22.01
21.51
21.26
21.18
21.21
20.82
20.41
21.01
21.31
21.29
20.81
20.12
19.44
19.22
18.75
17.73
17.54
17.75
17.83
18.26
19
19.54
19.24
19.26
19.1
19.11
18.87
19.49
19.81
19.75
19.79
20.35
20.74
21.26
22.05
22.65
23.28
24.08
24.6
25.33
26.01
26.58
27.37
28.21
29.16
29.85
30.25
30.69
30.97
31.25
31.4
31.43
31.64
31.72
31.89
32.09
32.1
32.29
32.32
32.36
32.29
32.36
32.31
32.21
31.87
31.7
31.33
30.81
30.34
29.91
29.5
29.28
28.93
28.31
27.69
27.24
27.09
27.19
27.12
27.03
26.85
26.62
26.45
26.68
26.63
26.57
26.44
26.21
26.02
25.82
25.4
24.59
24.08
23.75
23.53
23.12
22.95
22.33
21.85
21.5
21.37
20.87
20.69
20.28
20.1
19.87
19.71
19.87
20.1
19.99
19.51
19.22
19.59
19.71
19.7
19.88
19.68
19.18
19.2
19.07
18.91
19.26
19.37
19.09
19.33
19.82
20.24
20.63
21.19
21.76
22.73
23.85
24.7
25.05
25.53
26
26.66
27.42
28.12
28.94
29.75
30.2
30.5
30.97
31.22
31.75
31.91
32.12
32.41
32.66
32.72
32.87
32.96
33.02
33.06
33.02
32.87
32.9
32.67
32.65
32.47
32.23
31.98
31.63
31.15
30.61
30.11
29.72
29.37
28.93
28.36
28.17
28.01
27.78
27.6
27.55
27.52
27.47
27.28
27.05
26.95
26.84
26.8
26.5
25.59
25.03
24.96
24.89
24.49
24.12
23.75
23.75
23.79
23.88
23.77
22.81
20.99
20.7
20.51
20.1
20.23
20.8
20.56
20.33
20.16
19.55
19.51
19.25
19.2
19.38
19.37
19.49
19.37
19.61
19.59
19.45
19.34
19.02
18.96
19.24
19.14
19.22
19.9
20.3
20.83
21.55
22.64
23.5
24.3
25.23
25.99
26.63
27.23
28.15
28.96
29.47
30
30.45
30.88
31.25
31.59
32
32.21
32.47
32.82
33.05
33.31
33.28
33.44
33.63
33.73
33.71
33.82
33.81
33.79
33.46
33.35
33.14
32.76
32.35
31.83
31.19
30.75
30.2
29.45
29.32
28.92
28.39
28.14
28.16
27.8
27.61
27.44
27.41
27.04
26.66
26.35
26.05
25.72
25.71
25.6
25.66
25.66
25.19
24.82
25.01
24.58
23.99
23.76
23.2
22.71
22.68
22.56
22.19
21.3
20.76
20.29
19.99
20.17
20.32
20.01
19.88
20.22
20.64
20.66
20.67
20.51
20.37
20.45
20.56
20.68
20.5
20.08
19.77
19.86
19.99
20.04
20.18
20.63
21.15
21.71
22.62
23.37
24.37
25.07
25.68
26.29
27.03
27.73
28.44
29.09
29.65
30.21
30.62
31
31.11
31.32
31.48
31.9
32.11
32.22
32.26
32.56
32.73
32.8
32.87
32.98
32.97
32.98
32.94
32.88
32.81
32.65
32.45
32.1
31.69
31.2
30.68
30.12
29.49
29.06
28.7
28.38
28.16
28.04
27.88
27.7
27.62
27.47
27.09
26.98
26.91
26.82
26.71
26.73
26.69
26.74
26.45
25.85
25.48
25.01
24.72
24.71
24.44
23.86
23.37
23.06
22.84
22.51
22.07
21.79
21.83
21.82
21.61
21.6
21.58
21.4
21.23
21.08
20.95
20.78
20.37
19.92
19.22
19.34
19.48
19.42
19.24
19.34
19.42
19.62
19.96
20.09
20.25
20.7
21.29
21.96
22.43
22.94
23.79
24.65
25.34
26.04
26.67
27.08
27.7
28.5
29.33
30.07
30.49
30.98
31.18
31.41
31.89
31.96
32.17
32.38
32.56
32.55
32.72
32.82
33.17
33.46
33.41
33.02
33.02
32.84
32.8
32.61
32.48
32.1
31.75
31.24
30.53
30.33
30.37
30.4
30.38
30.43
30.24
30.07
29.17
28.22
28.23
28.04
28.3
27.49
26.36
25.3
25.18
25.12
24.85
24.7
24.49
24.44
24.53
24.84
24.79
24.95
25.08
25.03
24
21.98
21.41
21.28
21.58
22.16
23.09
23.2
22.5
21.76
20.36
19.64
19.71
20.01
19.73
19.88
20.5
21.1
21.43
21.14
21.36
20.69
20.76
20.19
18.83
18.45
18.43
19.03
19.09
18.52
19.24
20.34
21.27
21.69
21.56
22.16
22.55
22.89
23.59
24.36
24.91
25.41
26.09
26.72
27.38
27.66
28
28.78
28.88
28.76
29.03
29.01
29.2
29.4
29.82
29.75
29.71
29.74
29.56
29.53
29.52
29.54
29.54
29.31
29.25
29.18
28.73
28.27
27.67
26.94
26.31
25.79
25.24
24.88
24.53
24.12
23.68
23.3
22.97
22.55
22.11
21.64
21.25
20.85
20.46
20.08
19.7
19.35
18.99
18.65
18.36
18.05
17.78
17.53
17.27
16.99
16.73
16.48
16.18
15.88
15.61
15.36
15.13
14.88
14.63
14.42
14.32
14.09
13.91
13.74
13.61
13.47
13.43
13.26
13.06
12.9
12.81
12.73
12.59
12.53
12.45
12.45
12.54
12.77
13.07
13.15
13.29
13.4
13.56
13.61
13.62
13.61
13.66
13.6
13.72
13.61
13.66
13.78
13.98
14
14.18
14.31
14.36
14.49
14.51
14.72
14.76
14.9
15.06
14.73
14.46
14.31
14.29
14.46
14.45
14.34
14.31
14.31
14.28
14.31
14.29
14.28
14.25
14.22
14.21
14.17
14.15
14.17
14.18
14.06
14.03
13.99
14.02
14.01
13.96
13.81
13.63
13.52
13.35
13.24
13.07
13.01
12.95
12.84
12.76
12.64
12.43
12.13
11.8
11.6
11.46
11.36
11.28
11.13
10.99
10.89
10.82
10.76
10.71
10.59
10.53
10.49
10.48
10.43
10.4
10.38
10.34
10.23
10.17
10.09
10.04
10.06
10.04
10.02
9.96
9.96
9.93
9.91
9.93
9.93
10.06
10.19
10.33
10.39
10.4
10.5
10.68
10.88
10.86
10.51
10.58
10.91
11.04
11.4
11.68
11.23
11.64
11.83
12.06
12.69
12.95
12.48
12.41
12.7
12.06
12.19
12.94
13.22
13.02
12.62
12.75
12.97
13.12
13.04
12.97
13.06
12.83
12.06
11.92
11.88
11.83
11.78
11.73
11.74
11.73
11.73
11.77
11.76
11.78
11.78
11.78
11.79
11.82
11.83
11.72
11.57
11.54
11.52
11.46
11.45
11.42
11.44
11.42
11.43
11.42
11.43
11.43
11.44
11.45
11.49
11.48
11.46
11.46
11.44
11.43
11.44
11.43
11.45
11.43
11.43
11.43
11.45
11.49
11.42
11.43
11.42
11.46
11.47
11.44
11.46
11.5
11.51
11.5
11.55
11.59
11.64
11.74
11.84
12.04
12.24
12.45
12.81
12.94
12.98
13.12
13.34
13.32
13.51
13.62
13.66
13.84
14.21
14.39
14.68
14.74
14.93
15.15
15.74
16.91
17.47
17.61
18.16
18.41
18.84
19.23
19.92
19.74
20.37
20.28
20.85
20.69
20.57
20.41
20.88
20.72
20.22
19.53
19.12
18.7
18.48
18.42
18.12
18.24
18.48
18.91
18.82
18.63
18.35
18.18
18.2
17.71
17.11
17.51
18
17.25
16.36
16.16
15.68
15.9
15.77
15.84
15.54
15.26
15.6
15.41
15.16
15.1
14.84
14.57
14.46
14.27
14.27
14.11
13.94
13.86
13.76
13.67
13.53
13.4
13.43
13.43
13.36
13.25
13.21
13.12
12.91
12.7
12.47
12.43
12.5
12.58
12.51
12.53
12.93
13.7
14.49
15.46
16.23
17.12
17.49
18
18.68
19.6
20.14
20.82
21.52
22.49
23.03
23.37
23.93
24.08
24.98
25.57
26.12
26.45
27.06
27.7
28.34
28.45
28.54
29.1
29.62
29.63
30.06
30.81
30.24
30.45
30.95
30.78
30.09
29.64
29.09
28.46
28
27.67
27.3
27
26.68
26.27
26.07
25.95
25.86
25.55
25.34
24.83
24.69
24.42
24.08
24.13
23.62
23.41
23.17
22.96
22.98
22.8
22.51
22.27
21.96
21.48
21.31
21.26
21.31
21.33
21.19
20.95
20.45
19.42
18.44
18.12
18.46
19.57
19.83
20.06
19.97
19.93
19.88
20.02
20.28
20.57
20.37
20.25
20.27
20.05
19.42
19.07
19.18
19.11
18.04
18.33
18.75
19.54
20.59
21.52
23.62
25.1
25.21
24.8
25.61
26.3
26.96
27.56
28.02
28.7
29.07
29.8
29.94
30.25
30.76
31.09
31.24
31.83
32.1
31.89
32.34
32.47
32.35
32.69
33.17
33.58
35.01
34.03
33.12
32.91
32.96
33.04
32.65
32.3
31.7
31.22
30.77
30.43
29.89
29.71
29.48
28.93
29.04
27.98
27.38
27.19
26.92
26.72
26.56
26.27
26.11
25.87
25.43
24.84
24.4
24.74
25.38
25.53
25.34
24.93
24.48
24.79
24.91
24.67
24.54
24.29
23.8
23.48
22.98
22.72
22.32
22
21.52
21.14
21.03
21
20.86
20.64
20.47
20.29
20.02
19.85
19.7
19.48
19.3
19.16
18.94
18.68
18.5
18.44
18.48
18.55
18.59
18.66
18.79
19.01
19.27
19.78
20.29
20.35
20.94
21.13
21.96
22.29
22.6
23.13
23.45
24.02
23.76
24.31
24.53
24.61
24.86
25.34
25.44
25.64
25.89
26.56
26.43
26.25
26.29
26.31
26.2
26.27
26.42
26.36
26.36
26.32
26.43
25.83
25.14
24.57
24.02
23.54
23.17
22.82
22.4
22.09
21.93
21.73
21.51
21.29
21.07
20.88
20.76
20.56
20.39
20.42
20.31
20.09
19.85
19.71
19.51
19.36
19.17
19.05
18.95
18.85
18.93
18.89
18.76
18.82
18.79
18.9
18.89
18.63
18.45
18.34
18.19
17.94
17.69
17.42
17.23
17.19
17.27
17.3
17.28
17.29
17.32
17.34
17.34
17.47
17.44
16.81
16.4
16.27
16.31
16.66
16.97
17.48
18.19
19.28
20.31
21.3
22.06
21.89
22.1
23
23.58
24.27
24.82
25.36
26.32
26.69
26.45
27.24
27.94
27.97
28.06
28.49
28.57
28.65
28.97
29.61
29.81
29.57
30.26
30.26
30.52
30.48
30.55
30.44
30.84
30.75
30.98
30.58
31.05
30.13
29.46
28.8
28.42
28.33
28.27
27.74
27.51
26.69
25.13
25.89
25.45
24.86
24.54
24.73
24.6
24.38
23.75
23.54
23.65
23.52
23.65
23.56
23.32
23.11
22.82
22.48
22.25
22.15
22.18
22.17
22.3
22.31
22.18
22.04
21.83
22.09
22.19
22.1
21.8
21
20.42
20.21
20.07
19.65
19.56
19.57
19.71
19.97
20.13
20.34
20.28
20.65
20.42
20.56
20.91
21.03
20.95
21.2
21.47
21.68
22.78
23.85
24.98
26
26.54
26.9
27.49
28.42
28.8
29.3
29.84
30.18
30.64
31.01
31.45
31.79
31.94
32.26
32.79
32.68
32.87
33.07
33.18
32.9
33.13
33.6
33.01
33.22
33.33
33.35
33.26
33.58
33.12
32.31
32.32
31.74
30.74
30.29
30.23
30.28
30.45
30.34
30.38
29.66
29.22
27.42
25.16
24.41
23.51
22.4
22.1
21.91
21.84
21.81
21.77
21.74
21.7
21.56
21.54
21.78
21.84
21.69
21.92
22.04
22.2
21.08
20.66
20.44
20.28
20.21
20.05
19.92
19.86
19.82
19.87
19.81
19.79
19.77
19.75
19.71
19.71
19.74
19.78
19.78
19.81
19.76
19.75
19.78
19.79
19.81
19.86
19.87
19.9
19.94
19.99
20.06
20.11
20.16
20.35
20.58
20.96
21.2
21.29
21.88
22.24
22.4
22.53
22.39
22.59
22.56
22.48
22.39
22.34
22.08
22.1
21.98
21.75
21.93
22.18
22.92
23.05
23.23
23.44
23.61
23.93
23.6
23.75
23.96
23.98
23.9
23.75
23.42
22.92
22.65
22.57
22.29
22.05
21.68
21.65
21.52
21.54
21.49
21.22
20.88
20.81
20.74
20.53
20.61
20.55
20.16
19.54
19.11
18.92
18.77
18.83
18.83
18.9
18.6
18.33
18.07
17.79
17.59
17.57
17.4
17.25
17.29
17.07
17.1
16.95
16.72
16.63
16.51
16.24
16.25
16.17
16.14
15.98
15.72
15.48
15.43
15.24
14.92
14.78
14.53
14.57
14.77
14.81
14.8
14.82
15.12
15.35
16.01
16.93
17.5
18.05
18.54
19.33
20.2
20.72
21.66
22.33
23.22
24.81
24.56
24.85
25.08
25.83
25.79
25.99
26.55
26.2
27.02
27.24
27.98
27.58
27.42
27.62
28.33
27.9
27.93
28.42
27.67
27.75
27.7
27.24
27.03
26.46
25.55
24.98
24.67
24.59
23.87
23.57
23.26
22.56
22.63
22.59
22.42
22.57
22.37
21.96
21.67
21
20.58
20.68
20.84
20.89
21.01
20.82
20.52
20.28
20.07
19.58
19.43
19.35
19.51
19.67
19.59
19.57
19.26
18.84
18.54
18.24
18.03
17.67
17.6
17.65
17.78
17.49
17.37
17.59
17.57
17.58
17.61
17.5
17.3
17.17
17.35
17.29
17.18
17.19
17.26
17.24
17.24
17.65
18.37
18.89
19.54
20.79
21.78
22.33
22.68
24
24.43
24.91
25.52
26.03
26.67
27.31
27.82
28.35
28.74
28.9
29.2
29.28
29.92
30.43
30.78
30.59
31.19
31.43
30.99
31.23
31.54
31.7
31.66
31.74
31.74
31.45
30.83
30.6
30.36
29.97
29.52
29.07
28.55
28.19
28.03
27.85
27.61
27.37
26.5
26.43
26.6
26.43
26.17
25.76
25.53
25.84
25.6
25.46
25.28
24.92
24.85
24.95
25.17
25.04
24.89
24.75
25.27
25.62
24.53
23.64
23.15
23.04
23.09
23.12
23.08
22.97
22.62
21.93
21
20.99
21.22
21.58
21.82
21.86
21.09
20.89
21.11
21.64
21.65
21.82
21.82
21.78
22.1
22.08
21.83
21.3
21.46
21.04
21.51
22.54
23.1
24.07
25.29
26.12
26.33
26.76
27.15
27.79
28.52
28.81
29.22
29.92
30.52
30.67
30.94
31.17
31.64
31.74
32.43
32.49
32.68
33.1
33.34
33.29
33.54
33.36
33.34
33.31
33.64
33.6
33.81
33.93
34.71
33.91
33.53
32.9
32.42
31.55
30.92
30.48
30.24
30.01
29.87
29.65
29.59
29.73
29.71
29.52
29.17
29.07
28.1
27.15
26.66
26.49
26.22
25.94
25.91
26.11
26.1
25.74
25.71
25.35
25.11
24.82
24.48
24.2
23.84
23.6
23.44
23.28
23.22
23.19
23.09
22.97
23.03
22.93
22.8
22.51
22.31
22.21
22.12
22.05
22.18
21.97
21.69
21.53
21.48
21.43
21.47
21.56
21.71
21.92
22.44
23
23.38
23.84
24.61
25.48
25.86
25.96
26.74
27.4
28.04
28.7
29.16
29.66
30.25
30.62
30.97
31.4
31.69
31.57
31.78
32.7
32.46
32.76
33.02
33.16
33.25
32.94
33.11
32.91
32.86
33.26
33.39
33.44
33.43
33.28
33.08
32.9
32.67
31.86
31.18
31.17
30.76
30.33
30.02
30.14
30.08
30.34
30.57
30.31
29.98
29.41
28.14
27.82
28.09
27.82
27.6
27.39
27.24
27.91
28.18
27.82
27.57
27.23
27.19
27.26
27.02
27.11
27.3
27.19
25.89
25.84
25.83
25.47
25.47
25.25
24.96
24.75
24.76
24.13
24.08
24.04
23.9
23.62
23.4
23.42
23.52
23.44
23.48
23.48
23.64
23.59
23.14
22.72
22.92
22.96
23.02
23.38
24.27
24.94
25.36
26.04
26.62
27.14
27.93
28.46
28.88
29.11
28.46
28.07
27.99
27.35
24.68
24.02
23.63
23.8
24.23
24.34
24.67
25.32
25.78
25.98
25.85
26.12
25.97
25.73
25.52
25.45
25.42
25.34
25.11
24.56
24.27
24.01
23.64
23.34
22.65
21.86
21.36
21.13
20.89
20.74
20.61
20.42
20.26
20.14
19.99
19.88
19.76
19.58
19.48
19.39
19.28
19.06
18.98
18.88
18.73
18.57
18.4
18.22
18.07
18.08
18.07
18.03
17.95
17.84
17.75
17.65
17.52
17.42
17.31
17.28
17.2
17.24
17.26
17.16
17.17
17.14
17.12
17.03
16.92
16.91
17
17.14
17.24
17.27
17.26
17.28
17.38
17.44
17.57
17.65
17.73
18.08
18.7
19.66
20.34
21.19
21.97
22.3
23.26
23.66
24.25
24.83
25.73
26.4
27.16
27.84
28.43
28.71
28.95
29.17
29.49
29.4
29.7
29.9
30.18
30.85
31
31.24
31.72
31.71
31.98
32.07
32.17
32.29
32.16
32.34
32.27
31.97
31.18
30.84
30.38
30.05
29.86
29.78
29.44
29.27
29.3
28.32
28.01
28.29
28.14
27.89
27.62
27.77
27.94
27.87
27.73
27.58
27.56
27.47
27.49
27.41
26.74
25.87
25.55
25.12
25.01
25.24
25.55
25.51
25.63
25.17
25.01
24.62
24.3
23.92
24.05
23.87
23.78
23.47
22.1
19.66
18.64
18.21
17.78
17.42
16.51
15.78
15.7
15.44
15.12
14.82
14.54
14.44
14.32
14.28
14.31
14.43
14.69
14.99
15.23
15.05
14.82
14.8
14.76
14.72
14.78
14.96
14.85
14.54
14.57
14.65
14.74
14.77
14.79
14.89
15.01
15.01
15.03
15.1
15.13
15.19
15.26
15.36
15.69
16.11
16.31
16.39
16.23
16.39
16.33
16.32
16.02
15.9
15.78
15.66
15.43
15.21
15.11
14.99
14.84
14.71
14.49
14.34
14.31
14.16
14.03
13.93
13.93
13.8
13.61
13.49
13.16
12.97
12.88
12.89
12.7
12.47
12.36
12.43
12.36
12.24
12.14
12.08
12.03
11.98
11.88
11.75
11.46
11.22
11.01
10.84
10.75
10.59
10.61
10.56
10.56
10.64
10.55
10.38
10.31
10.28
10.13
10.05
10.07
9.97
9.91
9.83
9.94
10.06
10.19
10.22
10.24
10.23
10.46
11.5
12.73
13.68
13.97
14.12
14.39
14.66
15.58
16.16
16.26
16.46
16.54
16.72
16.74
16.87
16.76
17.13
17.41
17.67
17.6
18.15
18.64
18.91
19.19
19.66
19.72
19.67
19.6
19.54
19.77
20
20.07
19.93
20.16
20.28
19.58
19.19
18.82
18.23
17.68
17.06
16.65
16.76
16.39
15.66
14.87
14.46
14.4
14.12
14.11
13.9
13.62
13.61
13.59
13.48
13.34
13.18
13.26
13.21
12.94
12.82
12.73
12.82
12.73
12.47
12.46
12.44
12.32
12.23
12.13
12.08
12.27
12.13
12.11
12.05
12.05
12.21
12.09
12.05
12.04
12.02
11.85
11.81
11.72
11.7
11.57
11.39
11.18
11.05
10.95
10.94
10.91
11.1
11.22
11.4
12.39
12.96
13.51
14.37
15.3
16.01
16.78
17.65
17.71
17.96
18.35
18.68
19.41
20.36
20.69
20.96
21.45
21.8
22.29
22.79
22.69
23.51
24.5
24.63
25.06
25.18
25.01
24.95
26.04
25.41
25.95
25.53
25.4
25.49
25.56
25.4
25.22
24.97
24.22
23.69
23.16
22.62
22.59
22.35
22.14
21.69
20.93
20.55
20.18
19.49
19.14
18.81
18.7
18.62
18.4
17.97
17.75
17.6
17.38
17.19
17.07
16.82
16.63
16.48
16.31
16.15
16.03
15.69
15.36
15.28
15.07
14.87
14.73
14.58
14.46
14.33
14.18
14.01
13.84
13.77
13.92
13.83
13.73
13.66
13.39
13.03
12.85
12.89
12.79
12.89
12.75
12.6
12.71
12.9
13.29
13.8
14.33
14.85
15.54
16.16
16.65
17.14
17.89
18.78
19.78
20.39
20.98
22.05
22.55
23.03
23.83
24.57
24.87
25.5
25.75
26.06
26.18
26.4
26.46
26.71
26.74
26.83
26.92
26.7
26.53
26.78
26.69
26.58
26.48
26.48
26.32
26.13
25.92
25.57
25.05
24.39
23.63
22.95
22.43
21.87
21.44
21.08
20.62
20.22
19.86
19.48
19.18
19.08
18.89
18.61
18.28
18.05
17.79
17.46
17.17
16.9
16.69
16.5
16.31
16.14
15.89
15.65
15.58
15.6
15.53
15.32
15.16
15.23
15.09
14.82
14.55
14.36
14.24
14.14
14.09
13.95
13.83
13.83
13.56
13.36
13.26
12.97
12.91
12.65
12.53
12.47
12.29
12.07
12.05
12.24
12.61
13.2
13.93
14.62
15.35
16.3
17.22
17.77
18.61
19.34
19.89
20.35
21.54
21.77
22.52
22.65
24.24
23.73
24.25
24.71
25.33
26.03
25.72
26
26.5
26.24
26.3
26.2
26.5
26.41
26.82
26.54
26.68
26.41
26.64
26.37
26.41
26.53
26.14
25.86
25.28
24.53
23.8
23.45
23.2
23.06
22.91
22.8
22.32
21.54
21.12
20.89
20.71
20.79
20.85
20.77
20.71
20.42
20.18
20.11
19.95
19.7
19.44
19.6
19.06
18.99
18.91
18.66
18.52
18.08
17.52
16.99
16.67
16.79
16.69
16.62
16.44
16.4
16.3
16.25
16.05
15.97
15.82
15.52
15.21
14.81
14.61
14.5
14.54
14.76
14.66
14.41
14.26
14.3
14.41
14.6
15.09
15.6
16.38
16.74
17.39
18.43
19.17
19.84
20.3
20.83
21.7
22.23
23.09
23.93
24.67
25.41
25.79
26.91
26.88
27.46
27.98
28.35
28.77
29.03
29.85
29.78
30.52
30.43
31.26
31.19
31.06
31.78
31.1
31.43
30.95
30.6
30.46
30.22
29.93
29.71
29.2
28.43
27.74
27.13
26.72
26.29
25.9
25.49
25.06
24.77
24.61
24.39
24.15
23.95
23.66
23.16
22.93
22.82
22.5
22.35
22.09
21.92
21.65
21.43
21.24
21.21
21.16
20.93
20.86
20.84
20.46
20.33
20.37
20.14
19.99
19.88
19.76
19.61
19.36
19.22
19.17
19.09
18.87
18.42
18.04
17.95
17.92
18.19
18.27
17.94
17.85
17.49
17.41
17.38
17.47
17.73
18.01
18.43
18.94
19.75
20.75
21.43
21.63
22.25
22.73
23.24
24.11
24.73
25.29
25.55
26.71
27.23
27.85
28.06
28.63
28.87
29.56
30.88
31.63
32.14
32.2
32.66
33.06
32.38
32.14
32.59
32.8
32.75
33.03
32.63
32.7
32.44
32.19
32.46
31.78
31.09
30.25
29.52
28.93
28.32
27.99
27.65
27.25
27.09
26.9
26.66
26.58
26.39
25.98
25.89
25.66
25.7
25.48
25.54
25.51
25.6
25.49
25.28
24.74
24.37
24.09
24.26
24.16