21.18
20.81
20.77
20.58
20.3
20.16
20.36
20.11
20.25
20.18
19.97
19.94
19.83
19.94
19.24
19.12
19.63
19.71
19.7
19.62
19.32
19.18
19.09
19.23
19.22
19.23
19.77
20.01
19.59
19.52
20.21
21.21
22.01
23.35
23.93
24.23
25.03
25.24
26.64
26.99
27.36
27.57
27.9
28.37
28.67
28.97
29.2
29.61
29.78
30.02
30.63
31.2
31.05
31.16
31.39
31.59
31.73
31.95
31.97
32.35
32.25
32
32.42
33.35
33.68
32.4
31.92
31.37
31.11
31.27
30.75
30.02
29.22
30.01
29.96
29.78
29.67
28.47
26.81
26.73
27.38
26.7
26.08
26.89
26.98
26.42
26.08
26.35
25.84
25.23
23.92
24.49
24.74
23.96
24.23
24.03
24.11
24.12
23.78
23.36
22.55
21.86
21.76
21.72
21.7
21.55
21.12
21.36
21.21
20.76
20.65
20.05
20.02
19.84
19.59
19.81
19.85
19.25
19.16
19.22
19.29
19.07
19.15
20.05
20.57
20.98
21.22
21.72
22.37
23.06
23.78
24.57
25.54
26.51
27.04
27.58
27.98
28.41
28.94
29.37
29.38
29.87
30.12
30.19
30.48
30.54
31.09
31.51
31.5
31.82
32.03
32.11
32.12
32.21
32.39
32.35
32.33
32.56
32.64
32.69
32.43
32.53
31.98
31.42
31.31
30.87
31.02
30.67
30.28
30.12
30.25
30.45
30.53
28.83
28.05
27.19
26.33
26.63
26.65
26.55
25.98
25.79
25.52
25.89
25.58
25.55
25.42
25.1
25.1
25.13
24.85
25.06
23.48
21.56
21.34
22.04
23.14
24.48
23.21
23.28
22.7
22.14
21.54
19.84
20.24
19.71
19.45
19.15
19.88
19.19
18.4
18.73
19.2
19.27
19.27
19.26
19.35
19.72
19.22
19.53
18.7
19.35
19.85
20.04
20.22
20.79
22.01
23.11
24.16
24.87
24.57
24.76
25.64
27.32
28.23
28.82
29.53
30.14
30.3
30.5
31.24
31.43
31.67
31.4
30.95
31.55
32
31.48
31.95
32.14
32.34
32.18
32.38
32.62
32.49
32.37
32.42
32.64
32.61
32.08
31.12
30.77
30.66
30.62
30.3
30.51
29.94
29.56
29.01
28.31
28.01
28.06
28.06
29.15
27.23
26.97
26.99
26.61
27.12
26.59
26.35
25.87
25.38
25.25
26.48
25.97
25.25
24.91
24.72
24.79
23.85
23.3
22.79
22.59
22.93
22.68
22.21
22.11
22.13
21.85
21.59
21.54
21.54
21.51
21.03
20.63
21.27
21.19
18.99
18.81
19.01
19.29
19.66
20.13
20.51
21.42
22.18
22.12
22.56
22.2
22.16
22.38
23.43
24.2
24.93
25.74
26.43
27.05
27.83
28.16
28.26
28.73
29.78
30.08
30.13
30.68
31.14
31.26
31.14
31.44
31.78
32.09
32.15
32.07
32.34
31.88
32.3
32.1
31.93
32.23
32.22
32.18
32.01
31.87
31.66
31.2
30.68
30.15
30.12
30.16
29.61
29.15
29.71
30.71
30.17
30.06
27.5
26.31
26.4
26.86
26.55
26.55
26.44
26.19
26.27
25.95
25.52
25.38
25.28
25.42
24.96
24.95
24.24
23.8
23.76
23.29
22.89
22.79
23.27
23.63
23.73
23.97
23.77
23.2
22.9
22.73
22.61
22.74
22.73
22.34
21.48
21.27
20.88
20.88
20.69
20.83
19.9
19.76
19.69
19.31
19.53
19.94
19.78
19.67
19.75
20.15
20.65
21.56
22.66
23.58
24.44
25.1
26.08
26.73
27.23
27.63
28.27
29.33
29.35
30.03
30.56
31.21
31.58
31.78
31.95
32.62
32.84
32.9
32.77
33.01
33.38
33.22
33.17
33.31
33.46
33.37
33.4
33.39
33.08
32.72
32.25
31.93
31.68
31.1
30.57
30.32
30.05
30.87
31.45
31.21
31.42
29.8
28.08
27.88
27.95
27.07
26.92
26.79
26.94
26.96
27.05
27.48
27.56
27.4
27.47
26.95
26.25
26.21
25.97
26.13
26.35
25.72
25.02
24.69
24.19
23.9
24.19
24.26
24.02
23.7
23.47
22.99
22.97
22.75
22.19
21.97
21.79
21.94
21.89
21.6
21.54
21.59
21.8
21.97
22.26
22.68
23.02
23.4
23.37
23.13
23.14
23.62
23.95
24.22
24.6
24.78
25.11
25.89
27.23
28.3
28.63
28.66
28.95
30.13
30.01
30.15
30.92
31.32
30.86
31.18
31.56
32.15
32.72
32.78
32.65
32.89
32.97
33.11
33.09
33.14
32.62
33.13
33.19
33
32.83
32.61
32.46
32.08
31.99
31.81
31.56
31.31
30.96
30.05
29.97
29.5
29.52
29.17
28.45
28.27
27.97
27.75
27.32
26.63
25.5
25.43
25.74
25.54
26.04
25.93
25.7
25.98
25.41
25.03
24.88
25
24.7
25.31
25.61
24.89
24.9
24.82
24.61
24.04
23.58
23.68
22.43
21.3
21.65
21.1
21.07
21.21
20.84
20.92
20.99
21.03
21.19
21.21
21.25
21.02
21.32
21.44
21.19
21.23
21.07
21.04
21.15
21.58
22.15
22.67
23.29
24.16
24.8
25.55
26.22
26.9
27.65
28.07
28.54
29
29.81
30.21
30.61
30.88
31.15
31.46
31.74
31.95
32.12
32.34
32.41
32.61
32.8
32.87
33.18
33.09
33.22
33.03
33.21
32.88
32.6
32.36
31.8
31.54
31.34
31.19
30.63
29.93
29.16
28.91
28.88
28.59
28.88
29.18
28.5
28.42
28.32
28.46
26.92
27.26
28.23
27.45
26.35
26.01
25.57
25.13
24.69
24.7
24.57
24.13
23.18
22.96
22.95
22.48
22.4
22.44
22.11
21.98
21.81
21.35
21.26
21.39
21.1
21.1
21.37
21.22
21.61
21.58
21.22
21.06
20.31
19.02
18.65
18.75
18.83
18.75
18.52
19.01
19.17
19.07
19.47
19.32
19.65
20.54
21.17
22.15
23.27
24.31
25.22
25.49
25.98
26.17
26.61
27.28
27.96
29.01
29.42
29.83
30.39
30.8
31.16
31.61
31.76
32.45
32.52
32.56
32.65
32.64
32.87
32.93
32.95
33.01
32.98
33.22
33.13
33.15
33.43
33.24
32.8
32.3
31.93
31.76
31.71
31.54
31.25
31.05
30.76
30.63
29.96
29.21
28.64
28.12
27.46
27.12
27.18
26.87
26.8
26.68
26.52
26.02
24.13
23.1
23.15
23.08
23.07
23.86
24.41
24.94
24.9
24.76
24.7
25.02
24.93
24.07
24.34
24.76
24.4
24.15
24.02
23.8
23.45
23.02
22.73
22.3
21.87
21.77
21.28
20.84
20.82
20.72
20.32
20.15
20.18
20.58
20.38
20.28
20.06
19.96
20.46
21.11
21.27
21.44
22.34
23.18
24.07
24.79
25.7
26.58
26.98
27.49
28.01
28.62
29
29.85
30.43
31.12
31.51
31.94
32.24
32.44
32.63
32.74
33.04
33.05
33.28
33.35
33.35
33.4
33.75
34
34.02
34.21
34.26
33.77
33.1
32.83
32.48
32.21
32.05
31.16
30.79
30.57
30.38
29.97
29.48
29.34
28.65
27.25
26.91
26.51
26.09
25.74
25.46
25.24
24.93
24.82
24.78
24.52
24.44
24.25
24.13
23.86
23.74
23.5
23.42
23.16
23.05
23.2
23.18
23.1
22.89
22.7
22.51
22.08
21.41
20.8
20.56
20.4
20.44
20.99
21.26
21.41
21.44
21.42
21.28
21
20.99
20.99
21.1
20.68
19.11
19.09
19.28
19.68
20.28
21.11
22.09
22.96
23.69
24.67
25.52
26.95
27.73
28.69
29.3
29.35
29.37
29.55
30.16
30.35
30.3
31.11
31.23
31.43
31.35
31.75
32.04
32.17
32.27
32.3
32.5
32.72
32.84
32.97
32.95
33.04
32.97
32.92
32.77
32.79
31.37
30.5
29.89
29.21
28.57
28.07
27.64
27.4
27.23
26.94
26.7
26.3
26.07
26.17
25.69
25.11
24.75
24.52
24.19
23.92
23.94
23.72
23.5
23.45
23.3
23.13
23.06
22.92
22.69
22.52
22.4
22.24
21.97
21.84
21.43
20.99
21
20.93
21.08
21.3
21.77
21.8
21.35
20.31
20.12
19.72
19.85
19.74
19.57
19.61
19.88
20.22
20.4
20.51
20.51
20.65
20.53
20.02
19.67
19.66
19.99
20.68
21.31
22.06
22.8
23.91
24.95
25.08
26.54
26.69
26.51
26.98
27.08
27.99
28.39
28.65
29.24
29.57
30.1
30.47
30.75
31.21
31.46
31.82
32.07
32.4
32.41
32.74
32.62
32.82
32.89
33.03
32.92
32.92
33.09
32.69
32.44
31.97
31.56
31.09
30.3
30.34
30.21
29.61
29.43
29.75
29.53
28.53
28.11
28.43
28.29
27.85
27.09
27.01
27.01
26.38
26.29
26.4
25.63
24.91
24.87
23.97
23.65
23.71
23.74
23.97
24.3
24.39
24.11
24
23.67
23.41
23.22
23
22.69
22.58
22.38
22.28
22.45
22.38
22.21
21.96
21.71
21.56
21.42
21.16
20.89
20.9
21.13
21.17
21.27
21.66
21.71
21.67
21.73
21.86
21.85
21.89
22.13
22.51
23.17
24.22
24.72
25.55
26.24
26.76
27.56
28.58
29.36
29.88
30.53
31.14
31.72
31.88
32.24
32.27
32.56
32.79
32.95
32.63
32.88
33.32
33.37
33.3
33.43
32.92
32.82
32.84
32.6
33.19
33.03
33.06
33.09
32.52
32.03
31.46
30.95
30.82
30.54
30.22
30.37
30.2
29.58
29.04
29.24
29.31
29.13
29.04
28.76
28.86
28.89
28.72
28.65
28.92
28.63
28.77
28.28
25.04
24.19
23.75
23.32
22.63
21.93
21.42
20.99
20.63
20.14
19.66
19.15
18.42
18.02
17.73
17.55
17.42
17.3
17.03
16.7
16.47
16.22
15.97
15.77
15.53
15.21
15.03
14.91
14.81
14.69
14.57
14.45
14.36
14.22
14.13
14.07
14.12
14.28
14.24
14.27
14.18
14.15
14.33
14.49
14.61
14.82
15.06
15.32
15.32
15.36
15.92
15.63
15.72
15.76
15.8
15.76
15.26
14.93
15.18
15.67
15.99
16.04
16.5
17.12
17.43
17.24
17.39
18
17.77
17.88
16.95
16.52
16.37
16.13
15.49
15.09
14.82
14.56
14.36
14.15
14.07
13.93
13.82
13.79
13.71
13.79
13.84
13.78
13.69
13.59
13.62
13.48
13.23
13.11
12.95
12.81
12.66
12.54
12.44
12.32
12.22
12.12
12.02
11.95
11.89
11.79
11.76
11.88
11.84
11.78
11.82
11.84
11.85
11.82
11.84
11.95
11.95
11.97
11.91
11.9
11.88
11.87
11.81
11.76
11.74
11.74
11.76
11.8
11.87
11.99
12.25
12.56
12.85
13.03
13.13
13.41
13.62
13.96
14.46
14.93
15.1
15.32
16.08
16.12
16.52
16.68
16.95
17.36
16.68
16.59
16.92
17.14
17.25
17.83
17.82
17.98
18.1
18.31
18.53
19.01
19.38
19.25
19.24
19.46
19.39
19.37
19.07
18.95
18.49
17.79
17.17
16.63
16.27
16.03
15.82
15.65
15.52
15.44
15.31
15.19
15.09
14.95
14.85
14.7
14.53
14.34
14.2
14.15
14.08
14
13.82
13.67
13.49
13.36
13.22
13.1
12.93
12.75
12.67
12.55
12.54
12.52
12.51
12.6
12.57
12.54
12.54
12.53
12.51
12.36
12.28
12.18
12.08
12.05
12.02
11.91
11.89
11.84
11.72
11.74
11.68
11.59
11.54
11.63
11.63
11.7
11.78
12.11
12.79
13.4
14.12
14.8
15.42
15.86
16.48
16.97
17.02
17.63
17.99
18.27
18.86
19.05
19.35
19.64
19.74
20.24
20.53
20.63
21.07
21.41
21.76
21.74
21.76
22.07
22.41
22.21
21.97
21.91
21.91
21.87
21.73
21.42
20.75
20.27
19.85
19.4
18.27
17.18
16.37
15.88
15.45
15.11
14.9
14.68
14.56
14.37
14.14
13.93
13.61
13.18
12.77
12.44
12.28
12.13
12
11.84
11.69
11.61
11.52
11.52
11.51
11.51
11.53
11.51
11.4
11.35
11.32
11.47
11.63
11.72
11.92
11.97
11.65
11.52
11.49
11.5
11.51
11.55
11.53
11.61
11.68
11.66
11.64
11.69
11.72
11.68
11.69
11.69
11.66
11.62
11.47
11.36
11.3
11.34
11.35
11.36
11.36
11.37
11.33
11.33
11.27
11.45
11.63
11.61
11.71
11.82
11.88
12.04
12.32
12.5
12.65
12.63
12.73
12.82
12.89
12.85
12.87
12.98
12.89
12.89
12.9
12.94
13.02
13.05
13.07
12.97
12.78
12.64
12.45
12.28
12.19
12.18
12.18
12.15
12
11.89
11.7
11.47
11.43
11.34
11.2
11.16
11.04
10.96
10.94
10.89
10.77
10.65
10.51
10.4
10.28
10.29
10.36
10.32
10.29
10.28
10.17
10.11
10.14
10.05
9.96
9.86
9.79
9.73
9.74
9.7
9.62
9.62
9.56
9.54
9.5
9.48
9.47
9.43
9.39
9.36
9.36
9.33
9.29
9.27
9.29
9.28
9.28
9.29
9.27
9.19
9.16
9.15
9.2
9.24
9.31
9.37
9.44
9.58
9.63
9.71
9.79
9.86
9.9
10.04
10.04
10.18
10.14
10.09
10.11
10.37
10.42
10.27
10.53
10.72
10.72
10.71
10.88
10.82
10.79
11.07
11.19
11.14
11.27
11.41
11.57
11.68
11.64
11.71
11.67
11.64
11.52
11.31
11.14
11.01
10.96
10.93
10.83
10.79
10.75
10.75
10.72
10.73
10.73
10.67
10.61
10.57
10.51
10.45
10.33
10.09
9.98
9.9
9.73
9.66
9.53
9.45
9.29
9.2
9.16
9.08
9.02
9.01
9.02
9.01
8.99
8.92
8.91
8.91
8.9
8.91
8.93
8.89
8.9
8.91
8.89
8.86
8.91
8.92
8.83
8.81
8.83
8.83
8.84
8.82
8.79
8.76
8.75
8.76
8.77
8.84
8.89
8.96
9.07
9.17
9.43
9.56
9.99
10.25
10.36
10.56
10.42
10.59
10.56
10.81
10.82
10.86
11
11.34
11.53
11.73
11.82
11.93
11.86
11.74
12.15
12.78
12.35
12.31
12.5
12.49
12.15
12.17
12.28
12.49
12.46
12.53
12.38
12.29
12.19
12.11
12
11.81
11.66
11.61
11.56
11.53
11.52
11.51
11.5
11.5
11.55
11.52
11.51
11.49
11.48
11.54
11.52
11.54
11.6
11.66
11.66
11.63
11.67
11.65
11.72
11.69
11.66
11.72
11.66
11.69
11.66
11.72
11.68
11.61
11.62
11.55
11.53
11.48
11.42
11.34
11.25
11.06
10.91
10.82
10.74
10.67
10.61
10.58
10.52
10.47
10.41
10.4
10.43
10.48
10.5
10.51
10.56
10.63
10.65
10.71
10.73
10.83
10.94
11
11.09
11.13
11.07
11.35
11.43
11.37
11.27
11.18
11.31
11.77
12.07
12.37
12.89
13.16
13.69
14.35
14.55
14.49
15.05
14.67
15.19
15.32
15.65
16.08
15.6
16.01
16.26
16.02
15.8
15.74
15.73
14.76
14.19
13.86
13.73
13.6
13.41
13.12
12.85
12.77
12.49
12.44
12.43
12.48
12.57
12.52
12.34
12.19
11.91
11.94
11.92
11.67
11.24
10.94
11.18
11.33
11.32
11.28
11.14
11.19
11.28
11.1
10.99
10.92
10.79
10.38
10.24
10.37
10.14
10.24
10.32
10.16
9.97
9.87
9.81
9.71
9.8
9.8
9.84
9.82
9.9
9.99
9.99
9.89
10.07
10.34
10.93
11.48
12.34
13.02
13.7
14.23
14.85
15.6
16.22
16.74
17.24
17.67
18.47
18.99
19.69
20.38
21.12
21.92
23
23.02
23.4
24.36
24.29
25.04
25.73
26
26.42
27.08
27.28
27.72
27.92
28.06
28.42
28.59
28.41
28.32
28.4
28.39
28.31
28.53
28.43
27.92
27.36
27.15
27
27.04
26.96
26.89
26.73
26.6
26.21
25.53
25.52
24.76
23.82
22.98
22.68
22.32
21.87
21.7
21.42
21.6
21.85
21.89
21.68
21.65
21.67
21.35
21
20.89
20.86
21.14
21.3
21.06
20.84
20.57
20.57
20.67
20.38
19.83
19.47
19.41
19.29
19.05
18.83
18.78
18.91
18.72
18.43
18.36
19.01
19.38
19.57
19.44
19.51
19.74
20.01
20.76
21.32
21.71
22.51
23.39
24.18
25.2
26.17
27.1
27.87
28.43
29.23
30.1
30.66
31.35
31.82
32.11
32.49
32.74
32.97
33.13
33.3
33.33
33.46
33.59
33.54
33.6
33.69
33.86
33.92
33.9
34.04
33.97
34.02
33.88
33.81
33.57
33.3
32.94
32.45
31.83
31.5
31.33
31.24
31.26
31.16
31.1
31.14
31.14
30.68
29.92
29.47
28.88
28.42
28.18
28.56
28.82
29.14
28.8
28.74
28.47
28.1
27.58
27.12
25.95
24.47
24.39
24.71
24.69
24.62
24.43
24.01
23.6
23.38
23.2
22.38
22.78
23.27
24.25
24.15
24.25
24.26
23.91
23.28
23.35
23.48
23.06
23.08
23.22
23.07
22.63
22.48
22.07
23.22
24.13
24.02
24.29
24.24
24.24
24.77
25
25.9
26.36
26.52
26.79
27.36
27.32
27.61
27.76
28.18
28.67
28.97
29.15
29.59
29.7
30.12
30.42
30.85
31.15
31.01
31.04
31.34
31.61
31.73
31.77
31.97
31.85
32.04
32.01
32.02
32.15
32.05
31.9
31.65
31.37
30.88
30.37
30.02
29.56
29.55
28.72
28.41
28.55
28.26
27.15
26.36
26.17
26.21
25.68
24.87
25.04
24.93
24.94
24.71
24.37
23.96
24.03
23.79
23.78
23.86
23.77
23.62
23.47
23.31
23.22
22.82
22.55
22.31
22.02
22.04
21.87
21.71
21.7
21.38
20.9
20.56
20.39
20.43
20.19
19.38
19.23
19.12
19.15
19.11
18.98
18.84
18.64
18.47
18.32
18.29
18.46
18.66
19.07
19.46
19.99
20.49
20.87
21.53
22.01
22.12
22.59
22.94
23.08
23.56
23.81
23.78
24.36
24.74
25.19
25.2
25.79
26.4
26.71
26.69
27.01
27.41
27.22
27.52
27.62
27.99
27.9
28.01
27.85
27.92
27.73
27.58
27.57
27.39
27.12
26.83
26.46
25.95
25.37
24.87
24.47
24.14
23.9
23.7
23.52
23.29
23.09
22.92
22.61
22.29
22.09
22.06
21.8
21.51
21.48
21.48
21.32
21.22
21.02
20.78
20.88
20.96
20.81
20.61
20.5
20.36
20.35
20.28
20.11
20.08
20.25
19.66
18.66
18.25
18.23
18.31
18.05
17.79
17.82
18.13
18.02
17.9
17.9
18.21
18.16
17.53
17.18
16.87
16.81
16.6
16.35
16.47
16.86
17.49
18.85
19.4
20.2
21.23
21.86
22.9
24.33
25.11
25.12
25.39
25.87
26.06
26.4
27
27.11
27.74
28.29
28.89
29.36
30.07
30.4
30.72
31.07
31.33
31.53
31.91
32.11
32.43
32.59
32.62
32.87
33.06
33.13
33.12
33.18
33.08
33.1
32.99
32.8
32.65
32.28
32.15
31.85
30.96
31.35
30.4
29.62
29.75
30.5
30.24
29.62
29.45
28.89
27.16
27.35
26.79
26.32
26.09
26.26
25.47
25.18
24.9
24.6
24.67
23.72
22.65
22.34
22.75
22.83
23.64
23.45
23.36
23.37
23.59
23.8
24.15
24.11
24.24
24.13
23.59
23.36
22.9
22.79
22.65
22.72
22.54
22.29
21.92
21.04
20.47
20.13
19.85
19.93
20.24
20.45
20.89
20.93
21.05
21.57
22.2
22.72
23.48
24.44
25.56
26.67
27.78
28.57
29.31
30.18
30.74
30.87
31.15
31.39
31.55
31.69
32.01
32.28
32.57
32.69
32.88
33.02
33.38
33.44
33.41
33.77
33.44
33.7
34.24
33.87
33.74
33.63
33.46
33.74
33.36
32.98
32.69
32.4
32.16
31.97
31.63
31.47
31.1
30.29
30.11
29.58
29.91
28.96
28.85
28.83
28.71
28.13
27.61
26.44
24.82
25.94
27.22
28.78
27.62
26.65
26.24
24.99
24.4
24.95
25.02
24.3
23.6
23.66
22.51
21.02
18.02
17.87
18.01
17.83
17.57
17.34
17.21
17.12
17.08
16.8
16.93
16.97
16.69
16.62
16.62
16.64
16.46
15.6
15.43
15.62
15.8
16.3
17.3
17.24
17.19
17.68
18.81
18.95
19.28
19.37
19.88
20.38
20.77
21.61
21.99
22.85
22.45
23.56
23.74
23.96
24.24
25.02
25.01
25.17
25.24
25.46
25.76
26.28
26.38
26.68
27.13
27.19
27.13
27.45
27.23
27.25
27.08
26.89
26.61
26.27
26.03
25.63
25.11
24.47
23.89
23.57
23.15
22.71
22.32
22.25
22.25
21.95
21.53
21.08
20.75
20.45
20.09
19.77
19.47
19.1
18.85
18.63
18.64
18.5
18.3
18.19
17.97
17.75
17.55
17.47
17.34
17.15
16.84
16.6
16.63
16.47
16.27
16.06
15.9
15.68
15.55
15.37
15.09
14.95
14.25
13.94
14.03
13.75
13.51
13.47
13.54
13.24
13.31
13.32
13.54
13.61
13.77
13.81
14.11
14.55
15.28
16.07
16.4
16.97
17.32
17.71
18.36
19.11
19.51
19.63
19.99
20.59
21.59
21.79
22.36
22.59
23.64
24.5
24.65
25.63
25.84
26.15
26.51
26.73
27.47
27.81
28.3
28.9
29.14
29.18
29.56
29.34
29.43
29.95
29.92
29.79
29.3
29.21
28.98
28.71
28.47
27.63
26.85
26.61
26.82
26.92
25.99
24.45
24.59
24.85
24.76
23.96
23.83
23.7
23.87
24.36
24.07
23.55
23.29
22.88
21.96
20.67
21.36
20.37
18.23
17.25
17.69
17.88
18.34
18.4
18.84
18.24
18.27
17.62
17.08
17.52
18.23
19.24
19.51
18.48
17.41
16.63
16.32
16.76
17.13
17.61
18.01
18.1
18.54
17.79
16.55
15.75
15.61
15.96
16.2
16.87
17.78
18.6
19.81
20.58
20.95
21.75
23.21
24.51
25.59
26.4
27
27.94
28.28
28.98
29.19
29.56
29.89
30.48
30.82
30.97
31.14
31.57
31.57
32.01
32.21
32.62
32.78
32.87
32.7
32.59
32.57
32.55
33.51
33.61
33.66
33.13
32.41
32.05
31.69
30.49
29.78
29.13
28.86
28.53
28.24
27.9
27.88
27.92
27.3
26.81
26.22
26.25
25.7
25.69
25.59
25.46
25.26
24.82
24.95
24.78
24.96
24.88
24.91
25.08
25.26
26.14
25.42
25.39
24.81
24.36
23.38
22.32
21.19
21.05
20.96
20.76
20.74
21.01
21.46
21.76
21.33
21.27
20.56
19.64
19.7
19.58
19.61
19.48
19.37
19.27
18.13
18.46
19.35
19.81
20.03
20.92
21.66
22.74
23.95
25.07
26.15
27.21
27.19
27.31
27.79
28.68
29.28
29.17
29.74
30.07
30.58
30.96
31.27
31.42
32.07
32.58
32.6
33.24
33.45
33.16
33.29
33.27
33.53
33.68
34.03
34.49
34.16
33.92
33.76
33.76
33.75
33.55
33.31
32.98
32.71
32.43
31.96
31.53
30.85
30.29
29.88
29.57
29.32
28.86
28.24
27.61
27.67
27.86
27.92
28.35
28.44
28.26
27.69
27.79
27.78
27.5
27.43
27.26
27.1
26.35
25.63
25.18
25.16
25.38
25.42
25.08
24.77
24.55
24.42
23.93
23.61
23.53
23.49
23.41
23.38
22.69
21.77
21.31
21.02
20.77
20.57
20.56
20.95
21.19
21.06
21.05
21.08
21.07
21.19
21.71
22.18
22.51
23.05
23.91
24.84
25.48
26.14
26.64
27.45
28.13
28.62
28.88
29.36
29.94
30.49
31.1
31.42
32.11
32.6
32.64
32.82
32.85
32.87
32.69
32.85
33.2
33.52
33.48
33.42
33.49
33.55
33.6
33.53
33.6
33.53
33.46
33.39
33.1
32.57
32.03
31.4
31.01
30.86
31.01
30.6
30.45
30.29
30.26
30.05
30.06
29.81
29.49
29.41
29.2
28.81
28.75
28.52
28.26
27.3
27.34
27.31
25.98
25.16
25.06
25.01
24.57
24.21
24.28
24.3
24.44
24.55
24.6
24.39
24.2
23.8
23.45
22.94
22.47
22.33
22.18
21.92
21.69
21.61
21.48
21.39
21.16
20.97
20.8
20.83
20.78
20.76
20.76
20.53
20.34
20.32
20.8
21.28
21.73
22.14
22.89
23.6
24.56
25.47
26.42
27.04
27.77
28.66
29.23
30.14
30.82
31.4
31.88
32.36
32.74
32.96
33.2
33.24
32.96
33.3
33.97
33.5
33.74
34.6
33.49
34
34.09
34.38
34.16
34.77
34.98
35.19
34.42
34.7
34.47
34.26
33.98
33.34
33.1
33.02
32.86
32.64
31.91
31.79
31.23
30.6
30.05
29.75
29.81
29.64
29.03
28.73
27.97
27.88
28.56
28.81
28.8
28.33
27.79
27.44
27.01
27.23
27.12
26.86