23.5
23.43
23.26
23.23
23.25
23
22.5
22.28
22.5
22.63
22.62
22.31
21.98
21.75
21.59
21.46
21.37
21.36
21.29
21.12
20.99
20.84
20.68
20.58
20.49
20.74
21.08
21.08
21.06
21.22
21.66
22.19
22.6
23.2
23.78
24.53
24.77
25.51
26.01
26.24
26.89
27.4
27.66
28.21
28.94
29.42
29.85
30.01
30.34
30.44
30.75
30.83
30.94
31.03
31.16
31.38
31.53
31.55
31.65
31.72
31.77
31.85
31.89
31.9
31.83
31.95
31.91
31.61
31.32
30.78
30.69
30.28
30.07
29.54
29.2
29.25
29.27
28.95
28.93
28.54
27.2
26.56
26.28
26.12
26.02
25.77
25.36
25.4
25.26
24.94
24.98
24.87
24.51
24.78
24.39
24.2
23.94
23.73
23.4
23.45
23.56
23.56
23.38
23.17
23.08
23.2
23.3
23.08
23.17
23.18
23.14
23.49
23.39
21.97
21.26
21.26
21.28
21.4
21.66
22.11
22.7
22.74
22.56
22.31
22.33
22.24
22.21
22.35
22.47
22.99
24
24.91
25.9
26.19
26.67
27
27.31
27.66
28.26
28.8
29.22
29.68
30.32
30.67
31.07
31.42
31.53
31.48
31.79
32.04
32.05
32.14
31.84
31.3
31.81
32.24
31.99
32.08
32
31.97
31.74
31.52
30.73
30.34
30.35
30.27
30.13
29.56
28.66
29.52
28.69
27.36
27.42
26.18
27.02
27.05
26.73
26.82
26.74
26.8
26.6
26.65
26.55
26.18
25.9
25.72
25.72
25.6
25.28
25.08
25.49
25.35
24.81
24.28
24.02
23.62
23.6
23.55
23.34
23.3
23.22
23.08
23
23.16
23.05
22.84
22.44
21.99
21.7
21.41
21.3
21.15
20.99
21.11
21.18
21.2
21.12
21.05
20.77
20.94
21.24
20.67
21.03
21.72
22.59
23.69
24.82
24.86
25.74
26.27
26.26
26.76
26.94
27.65
27.53
28.04
28.79
29.26
28.93
29.2
29.56
29.7
30.1
30.34
30.84
30.78
31.04
31.39
31.12
31.34
31.29
31.79
31.22
31.11
31.79
31.69
31.03
30.36
30.32
30.16
29.85
29.33
29.17
28.97
28.51
27.87
27.21
27.09
26.93
26.26
26.22
26.1
25.79
25.71
25.74
25.7
25.25
25.31
25.4
25.7
25.36
25.24
25.3
25.49
25.42
24.95
25.11
25.16
24.6
23.35
22.65
22.54
22.36
22.11
21.77
21.54
21.47
21.07
20.52
20.28
20.12
19.97
19.55
19.13
19.51
19.45
19.28
19.18
19.19
19.26
19.33
19.4
19.47
19.54
19.61
19.68
19.75
20.18
20.19
20.39
20.8
21.49
22.21
22.84
24.14
24.63
25.32
25.71
26.01
26.5
27
27.08
27.75
28.12
28.39
28.75
29.22
29.67
29.96
30.19
30.35
30.68
30.7
30.89
31.19
31.22
31.51
31.22
30.96
30.55
30.09
29.99
30.48
31.9
32.11
30.54
29.47
29.36
28.74
28.75
29.05
29
28.29
27.88
27.02
26.46
26.19
26.13
26.14
26.06
26.2
26.14
25.94
25.72
25.35
25.2
25.23
24.9
24.72
24.78
24.3
23.99
23.89
23.22
22.87
23
22.59
22.83
22.84
22.31
21.76
21.66
21.61
21.07
20.52
20.28
20.12
19.97
19.55
19.13
19.51
19.45
19.28
19.18
19.19
19.26
19.33
19.4
19.47
19.54
19.61
19.68
19.75
20.18
20.59
20.89
21.05
22.02
22.11
22.93
23.91
24.26
24.7
25.27
26.09
26.9
27.54
27.89
28.39
29.05
29.47
29.69
29.95
30.33
30.4
30.72
30.76
31.07
31.04
31.08
30.96
31.14
31.32
31.26
31.21
31.22
31.33
31.47
31.17
31.34
31.09
30.88
30.65
30.22
29.56
29.08
28.79
28.42
28.04
27.59
26.89
26.74
26.38
26.3
26.14
26.18
26.3
26.34
25.91
25.51
25.26
25.19
25.31
25.09
25.27
25.29
24.89
24.55
24.18
23.92
23.39
23.07
22.89
22.88
22.595
22.31
21.76
21.66
21.61
21.07
20.52
20.28
20.12
19.97
19.55
19.13
19.51
19.45
19.28
19.18
19.19
19.26
19.33
19.4
19.47
19.54
19.61
19.68
19.75
20.18
20.59
21.17
21.75
22.38
23.2
23.59
24.18
25.16
25.88
26.27
26.58
27.11
27.67
28.18
28.77
29.64
29.94
30.07
30.62
30.66
31.1
31.07
31.22
31.35
31.42
31.46
31.53
31.6
31.75
31.82
31.98
31.79
32.08
32.07
31.98
32.22
32.13
31.72
31.2
30.38
29.85
29.42
29.18
29.19
29.53
29.32
28.9
28
27.33
26.89
26.78
26.67
26.58
26.16
25.89
26.14
26.08
26.23
26.1
26.2
25.86
25.7
25.57
25.34
25.07
24.87
24.57
24.43
24.03
23.86
23.7
23.8
23.37
22.91
22.81
23.04
22.93
22.98
22.79
22.68
22.23
22.1
22.14
22.1
22.06
22.02
21.95
21.95
21.85
21.85
21.85
21.75
21.72
21.68
21.65
21.6
21.56
21.73
22.19
23.01
24.07
24.49
24.56
24.86
25.35
25.51
26.07
26.55
27.11
27.46
28.23
28.41
28.34
29.2
29.08
29.73
30.41
30.38
30.7
30.59
30.71
30.59
30.95
30.95
30.9
31.19
31.24
31.58
31.33
32.57
32.36
32.16
31.79
31.43
31.07
30.68
30.09
29.41
28.84
28.51
28.31
28.08
28.12
28.00
27.63
27.72
27.33
27.12
26.71
26.81
26.68
26.36
25.85
25.57
25.35
25.14
24.76
24.63
24.28
24.06
23.61
23.32
22.90
22.48
22.40
22.39
22.16
22.17
22.20
21.90
21.77
21.79
21.57
21.50
21.47
21.35
21.54
21.38
20.97
20.75
20.46
19.81
19.14
18.86
18.74
18.71
18.79
19.18
19.48
19.58
19.62
19.72
20.03
20.49
21.09
21.67
22.34
23.06
23.76
24.10
24.61
25.02
25.42
25.99
26.66
27.59
28.22
28.79
29.45
30.00
30.32
30.84
31.15
31.68
31.93
32.30
32.26
32.31
32.46
32.56
32.86
32.91
32.71
32.75
32.66
32.60
32.60
32.36
31.96
31.57
31.02
30.64
30.43
30.20
29.96
30.02
29.93
29.91
29.56
28.88
28.36
28.18
27.74
27.60
27.31
26.81
26.35
26.32
26.29
26.15
25.10
24.23
24.11
23.90
23.83
23.91
24.10
24.27
24.30
24.01
23.24
22.99
23.16
22.81
22.98
23.45
23.45
23.05
22.67
21.95
21.44
21.08
21.15
20.46
20.35
20.08
20.02
20.14
20.05
20.02
19.58
19.53
19.62
19.29
19.06
19.10
19.40
19.42
19.47
20.29
20.97
21.69
22.54
23.18
23.63
24.11
24.67
25.49
26.19
26.72
27.27
27.75
28.30
28.96
29.51
29.86
30.38
30.51
30.66
30.94
31.04
31.23
31.47
31.61
31.70
31.68
31.80
31.75
31.90
32.05
32.17
32.07
31.96
31.78
31.50
31.20
30.81
30.32
29.71
28.93
28.52
28.16
27.84
27.44
27.03
26.87
26.35
25.61
25.33
24.99
24.65
24.37
23.50
23.06
22.66
22.38
22.14
21.84
21.63
21.40
21.23
20.93
20.72
20.47
20.33
20.15
20.02
19.88
19.76
19.70
19.53
19.36
19.23
19.01
18.63
18.31
18.12
17.97
17.87
17.99
17.97
17.96
17.88
17.72
17.61
17.36
17.27
17.18
17.15
16.97
16.46
16.47
16.68
17.03
17.47
18.22
18.76
19.19
19.63
20.13
20.76
21.46
21.68
22.22
22.56
22.91
23.07
23.40
23.86
24.14
24.24
24.70
25.01
25.33
25.42
25.74
26.00
26.05
26.06
25.96
26.14
26.30
26.30
26.36
26.37
26.37
26.38
26.31
26.48
26.39
25.76
25.31
25.00
24.65
24.32
24.03
23.88
23.79
23.60
23.37
22.88
22.06
22.16
22.21
22.10
21.69
21.46
21.16
20.82
20.72
20.63
20.55
20.32
20.11
19.88
19.67
19.39
19.18
18.91
18.62
18.42
18.25
18.17
18.03
17.86
17.62
17.59
17.35
17.17
17.21
17.36
17.36
17.28
16.96
17.08
16.58
16.25
16.26
16.41
16.34
16.18
16.27
16.22
16.04
16.06
16.13
16.07
15.92
15.93
16.07
16.32
16.75
17.17
17.58
18.16
18.72
19.37
19.68
20.25
20.49
20.74
21.14
21.44
22.07
22.25
22.56
22.92
23.19
23.69
23.96
23.91
24.16
24.36
24.46
24.66
25.31
25.35
25.43
25.36
25.31
25.46
25.58
25.49
25.44
25.44
25.18
24.75
24.42
24.08
23.67
23.09
22.86
22.63
22.41
22.20
22.03
21.85
21.58
21.47
21.53
21.58
21.43
21.03
20.81
20.73
20.43
20.24
20.08
19.68
19.32
19.16
18.72
18.58
18.56
18.40
18.43
18.41
18.38
18.11
17.95
17.78
17.53
17.41
17.32
17.19
17.08
17.02
16.86
16.81
16.69
16.62
16.68
16.59
16.40
16.25
16.10
16.07
16.07
16.04
15.94
15.76
15.76
15.78
15.89
16.11
16.46
16.70
17.01
17.41
17.92
18.47
19.20
19.69
20.34
20.96
21.46
22.10
22.59
23.19
23.47
24.00
24.35
24.71
25.07
25.24
25.25
25.63
26.18
26.64
26.55
26.91
27.18
27.37
27.52
27.97
27.66
27.86
27.88
27.92
28.14
28.10
27.95
28.11
27.73
27.24
26.58
25.92
25.47
25.23
25.02
24.69
24.51
24.57
24.27
24.26
23.88
23.41
22.98
22.86
22.85
22.60
22.59
22.66
22.55
22.10
21.93
21.57
20.54
20.11
20.13
19.81
19.45
19.14
18.84
18.47
18.27
18.06
17.75
17.68
17.18
17.09
16.75
16.75
16.81
16.82
16.61
16.35
16.00
15.74
15.63
15.31
14.97
14.79
14.59
14.39
14.33
14.37
14.48
14.51
14.71
14.81
14.74
15.14
15.87
16.49
16.94
17.38
17.85
18.09
18.47
18.80
19.30
19.75
20.36
20.83
21.30
21.70
22.16
22.50
22.62
23.12
23.54
24.01
23.96
24.07
24.51
24.91
25.18
25.16
25.54
25.97
26.05
26.17
26.54
26.51
26.50
26.68
26.19
25.78
25.52
25.09
24.51
24.05
23.70
23.22
22.91
22.77
22.58
22.30
21.91
21.83
21.58
21.46
21.28
21.16
21.00
20.72
20.85
20.59
20.42
20.22
20.04
19.93
19.67
19.47
19.33
19.10
18.80
18.63
18.62
18.67
18.65
18.60
18.49
18.42
17.96
17.36
17.10
17.17
17.19
16.74
16.74
16.71
16.83
16.98
17.23
17.42
17.54
17.52
17.45
17.60
17.49
16.55
16.03
16.10
16.26
16.15
16.50
16.79
17.24
17.81
18.33
19.37
20.23
20.63
20.90
21.49
22.16
22.76
23.50
23.98
24.53
24.86
25.33
25.83
25.91
26.02
26.32
26.49
26.84
27.12
27.06
27.31
27.51
27.66
27.75
28.05
28.43
28.97
28.47
28.29
28.18
28.22
28.06
27.84
27.48
26.83
26.25
25.68
25.29
24.91
24.62
24.41
24.09
23.98
23.59
23.19
22.80
22.54
22.48
22.42
22.07
21.94
21.77
21.49
21.17
21.03
21.07
21.14
21.07
21.11
20.99
20.72
20.70
20.56
20.32
19.88
19.64
19.31
19.19
19.16
19.17
19.01
18.89
18.65
18.35
18.30
18.14
17.84
17.56
17.53
17.35
17.05
17.09
17.10
16.71
16.52
16.44
16.39
16.37
16.28
16.51
16.63
16.85
16.82
17.24
18.03
18.49
18.76
19.40
19.90
20.40
20.99
21.21
21.96
22.39
22.76
23.35
23.61
24.13
24.11
24.37
24.74
24.99
25.09
25.48
25.76
25.99
26.11
26.42
26.54
26.59
26.57
26.52
26.50
26.59
26.65
26.68
26.54
26.23
26.03
25.59
25.05
24.25
23.45
22.78
22.29
21.82
21.52
21.32
21.14
20.94
20.50
20.21
20.19
19.68
19.73
19.61
19.10
18.94
18.71
18.84
18.54
18.32
18.25
18.00
17.95
17.58
17.43
17.39
17.53
17.42
17.32
17.36
17.30
17.19
17.36
17.23
17.13
16.85
16.62
16.47
16.45
16.13
16.11
16.02
15.89
15.87
15.77
15.71
15.80
15.95
15.80
15.75
15.79
15.65
15.38
15.23
15.39
15.64
15.92
16.30
16.77
17.43
18.02
18.53
19.09
19.31
19.65
20.11
20.38
20.85
21.23
21.43
21.93
22.20
22.26
22.68
22.95
23.10
23.23
23.46
23.48
23.53
23.72
23.93
23.94
23.92
24.12
24.24
24.27
24.32
24.30
24.24
24.37
24.27
24.52
24.29
24.45
23.98
23.33
22.80
22.43
22.21
21.95
21.49
21.23
20.84
20.23
20.31
20.15
19.84
19.60
19.65
19.54
19.33
18.96
18.70
18.69
18.52
18.35
18.08
18.03
18.07
17.38
17.31
17.41
17.44
17.47
17.33
17.35
17.54
17.74
17.91
17.76
17.59
17.45
17.23
16.93
16.57
16.34
16.10
15.91
15.65
15.51
15.32
15.16
15.02
14.95
15.10
15.20
15.34
15.31
15.44
15.66
15.94
16.10
16.24
16.41
16.63
17.31
18.13
18.62
19.21
19.73
20.01
20.37
20.85
21.35
21.70
22.00
22.39
22.93
23.12
23.42
23.66
23.89
24.12
24.36
24.35
24.39
24.56
24.72
24.71
24.90
25.05
24.89
25.04
25.18
25.21
25.22
25.35
25.23
24.78
24.65
24.13
23.47
23.00
22.81
22.65
22.66
22.56
22.49
22.19
22.00
21.19
20.03
19.62
19.30
18.84
18.74
18.50
18.28
18.23
18.18
17.99
17.92
17.77
17.65
17.55
17.62
17.40
17.29
17.21
17.18
16.61
16.29
16.21
16.24
16.31
16.18
15.94
15.74
15.67
15.66
15.68
15.60
15.55
15.46
15.36
15.36
15.32
15.32
15.23
15.29
15.44
15.32
15.26
15.30
15.45
15.65
15.75
15.95
16.06
16.28
16.52
16.78
17.21
17.57
18.07
18.61
19.02
19.39
19.71
20.11
20.32
20.60
20.75
20.92
20.98
21.17
21.19
21.31
21.27
21.32
21.40
21.24
21.52
21.80
22.00
21.97
22.12
22.22
22.17
22.29
22.28
22.38
22.37
22.33
22.19
22.01
21.73
21.31
21.02
20.89
20.75
20.46
20.03
19.87
19.80
19.55
19.46
19.43
19.31
19.23
19.04
18.91
19.11
18.92
18.67
18.56
18.30
18.26
18.03
18.00
17.97
18.13
17.75
17.58
17.57
17.61
17.40
17.15
17.10
16.92
16.73
16.42
16.33
16.13
15.90
15.88
15.91
15.72
15.61
15.51
15.10
14.61
14.73
14.51
14.40
14.32
14.18
14.08
13.93
13.88
13.81
13.93
14.07
14.38
14.91
15.14
15.81
16.56
16.70
17.18
17.59
17.97
18.74
19.06
19.55
20.12
20.72
21.34
21.38
21.71
21.97
22.62
22.68
22.96
23.45
23.52
24.02
24.41
24.73
24.61
24.75
24.76
25.17
25.11
25.26
25.55
25.13
25.33
25.45
25.15
24.85
24.54
24.10
23.37
22.85
22.48
22.11
21.74
21.30
21.06
21.12
21.02
20.58
20.22
20.00
20.09
19.95
19.60
18.88
18.70
18.91
18.88
18.63
18.52
18.54
18.35
18.12
17.70
17.45
17.17
17.12
17.24
17.28
17.27
17.15
17.01
16.65
16.27
16.17
16.04
15.97
15.86
15.72
15.57
15.36
15.18
15.10
15.15
15.32
15.39
15.17
15.19
15.28
15.30
15.24
15.02
15.13
15.37
15.85
16.20
16.81
17.45
18.18
19.04
19.89
20.60
21.28
22.14
22.79
23.20
23.83
24.31
24.93
25.51
26.09
26.74
27.42
27.52
27.81
28.28
28.63
29.07
29.72
29.58
30.01
30.50
30.27
30.56
30.64
30.82
30.94
31.01
30.96
30.78
30.59
30.54
30.30
30.10
29.68
29.11
28.47
28.05
27.82
27.73
27.54
27.25
26.81
26.81
26.79
26.48
26.28
25.76
25.42
25.21
24.80
24.62
24.41
24.11
23.77
23.78
23.92
23.85
23.77
23.63
23.68
23.66
23.20
22.97
22.85
22.76
22.69
22.24
21.60
21.19
20.97
20.79
20.46
20.23
20.24
20.40
20.47
20.27
19.83
19.62
19.75
19.79
19.83
19.80
19.97
20.09
20.35
20.34
20.13
20.07
20.44
20.83
21.53
22.34
23.13
24.07
25.11
25.56
26.24
27.00
27.50
28.15
28.84
29.54
29.89
30.50
31.01
31.36
31.73
32.05
32.48
32.57
32.96
33.06
33.25
33.53
33.62
33.65
33.76
33.80
33.75
33.79
33.94
33.99
34.04
33.91
34.19
33.73
33.40
32.87
32.38
31.84
31.29
30.80
30.61
30.46
30.26
30.21
30.15
30.19
29.98
29.34
28.86
28.51
27.96
27.38
27.27
27.33
27.35
27.04
27.03
26.76
26.43
26.05
25.81
25.19
24.65
24.60
24.63
24.69
24.55
24.34
24.05
23.87
23.84
23.76
23.41
23.27
23.34
23.63
23.55
23.38
23.06
22.52
21.89
21.68
21.66
21.51
21.67
21.51
21.43
21.39
21.37
21.29
21.93
22.42
22.70
22.92
23.10
23.45
24.08
24.72
25.49
25.95
26.47
27.06
27.74
28.23
28.79
29.21
29.76
30.25
30.66
31.00
31.40
31.55
31.86
32.33
32.43
32.67
32.74
32.86
33.00
33.01
33.11
33.11
33.23
33.32
33.37
33.29
33.27
33.20
33.07
32.84
32.56
32.05
31.45
31.10
30.75
30.27
30.06
29.77
29.60
29.79
29.97
29.09
28.68
28.30
27.70
27.23
27.05
27.07
26.60
26.12
25.96
26.22
26.13
25.79
25.64
25.56
25.29
25.14
24.99
25.08
25.22
25.01
24.18
23.86
23.57
23.13
22.99
22.71
22.49
22.41
22.37
22.02
21.95
22.16
22.13
21.95
21.61
21.36
21.39
21.30
21.33
21.32
21.14
21.04
20.98
20.83
21.11
21.27
21.38
21.70
22.28
22.77
23.30
23.75
24.42
25.01
25.42
25.92
26.47
26.76
26.75
26.87
27.06
27.26
26.73
26.87
26.78
27.15
27.76
27.98
28.13
28.57
28.75
28.83
28.87
29.05
29.10
28.71
28.73
28.70
28.61
28.47
28.60
28.53
28.43
28.08
27.81
27.55
26.92
26.22
25.62
25.32
24.96
24.78
24.65
24.49
24.22
23.95
23.86
23.69
23.45
23.23
22.96
22.62
22.43
22.31
22.17
21.79
21.65
21.59
21.35
21.36
21.27
21.07
21.05
21.07
21.02
20.92
20.77
20.58
20.40
20.35
20.03
19.65
19.57
19.24
18.98
18.67
18.71
18.73
18.86
18.76
18.71
18.72
18.86
18.77
18.56
18.40
18.18
18.01
17.83
17.83
17.98
18.13
18.57
19.32
19.85
20.66
21.43
22.09
22.93
23.80
24.66
25.14
25.73
26.30
26.83
27.39
28.01
28.46
29.09
29.48
29.82
30.18
30.57
30.77
31.02
31.26
31.50
31.80
32.00
32.23
32.59
32.59
32.73
32.87
33.02
32.98
32.93
32.98
32.89
32.84
32.38
32.15
31.78
31.36
31.24
31.02
30.37
29.99
29.51
28.95
28.85
29.16
28.88
28.46
28.33
28.01
27.57
27.52
27.04
26.55
26.33
26.20
25.82
25.53
25.33
24.94
24.80
24.29
23.76
23.72
23.87
24.04
24.43
24.18
24.00
23.70
23.62
23.43
23.37
23.17
23.22
23.06
22.28
21.30
20.53
20.18
19.82
19.55
19.25
18.99
18.89
18.54
18.35
18.17
18.05
18.09
18.20
18.33
18.72
18.77
18.99
19.47
19.99
20.22
20.70
21.30
22.10
22.72
23.17
23.81
24.18
24.58
25.01
25.24
25.57
25.92
26.14
26.22
26.39
26.51
26.72
26.86
27.04
27.21
27.36
27.46
27.63
28.06
28.03
28.14
28.27
28.24
28.17
28.09
27.88
27.77
27.47
27.15
26.71
26.22
25.84
25.57
25.27
25.07
24.84
24.28
24.03
23.63
23.46
23.06
23.07
23.01
22.67
22.27
21.84
21.20
20.36
20.55
20.79
21.10
20.58
20.20
19.98
19.47
19.22
19.35
19.29
18.99
18.67
18.61
18.07
17.45
16.36
16.22
16.19
16.02
15.93
15.86
15.83
15.85
15.80
15.66
15.67
15.66
15.49
15.43
15.44
15.43
15.35
15.04
15.02
15.13
15.22
15.39
15.73
15.73
15.82
16.39
17.27
17.60
17.75
17.94
18.31
18.80
19.37
19.81
20.37
20.89
20.92
21.27
21.62
21.71
22.01
22.25
22.52
22.77
22.97
23.20
23.62
23.95
24.27
24.64
24.87
24.89
24.84
24.95
25.05
25.16
25.10
25.00
24.97
24.80
24.43
24.09
23.64
23.04
22.46
21.98
21.59
21.37
21.06
20.69
20.32
19.98
19.70
19.34
19.16
18.93
18.65
18.56
18.47
18.24
17.97
17.77
17.76
17.69
17.53
17.31
17.08
16.96
16.81
16.61
16.47
16.34
16.13
15.98
15.93
15.85
15.80
15.64
15.57
15.47
15.37
15.31
15.16
15.16
14.93
14.85
14.81
14.65
14.51
14.46
14.38
14.16
14.03
13.91
13.95
13.93
13.94
13.98
14.16
14.47
15.35
15.97
16.43
17.15
17.81
18.60
19.29
20.11
20.76
20.89
21.30
21.80
22.46
22.96
23.36
23.62
24.29
24.89
25.21
25.76
25.95
26.40
26.91
27.27
27.71
27.94
28.15
28.37
28.95
28.77
29.21
29.04
29.14
29.41
29.50
29.51
28.98
28.56
27.98
27.51
26.99
26.40
26.10
25.82
25.88
25.54
25.08
24.34
23.89
23.47
23.33
23.13
23.16
23.01
22.79
22.64
22.56
22.26
22.29
21.74
21.11
20.40
20.22
19.84
18.99
18.53
18.52
18.41
18.45
18.47
18.65
18.59
18.68
18.29
17.92
17.81
17.86
17.94
17.93
17.58
17.22
16.89
16.76
16.91
16.89
16.91
16.77
16.40
16.39
16.17
15.75
15.52
15.59
15.87
16.36
17.07
17.78
18.27
19.07
19.82
20.60
21.29
22.17
23.36
24.14
24.88
25.49
26.31
26.73
27.35
27.90
28.45
28.92
29.34
29.66
29.94
30.21
30.41
30.60
30.89
31.03
31.27
31.31
31.34
31.18
31.26
31.17
31.18
31.53
31.57
31.53
31.35
30.72
30.39
29.97
29.21
28.34
27.78
27.53
27.23
27.00
26.88
26.75
25.79
24.45
24.33
24.59
24.58
24.12
23.75
23.62
23.34
23.09
22.91
22.85
22.59
22.48
22.27
22.01
21.55
21.35
21.62
21.58
21.58
21.20
20.92
20.58
20.17
19.70
19.40
19.13
18.50
18.05
18.02
18.18
18.13
17.93
18.02
17.69
17.38
17.36
17.25
17.20
17.12
17.04
16.98
16.58
16.48
16.67
17.04
17.36
18.11
18.84
19.63
20.53
21.51
22.43
23.36
24.04
24.70
25.29
25.86
26.78
27.03
27.47
27.73
28.60
28.64
29.05
29.43
30.00
30.52
30.49
30.93
31.40
31.10
31.15
31.20
31.36
31.37
31.57
31.70
31.73
31.47
31.47
31.44
31.41
31.32
31.05
30.67
30.13
29.50
28.88
28.48
28.11
27.81
27.54
27.38
27.09
26.22
25.88
25.69
25.64
25.62
25.61
25.61
25.51
25.49
25.22
25.15
25.05
24.87
24.60
24.42
24.03
23.64
23.23
22.83
22.68
22.63
22.56
22.36
22.29
22.37
22.42
22.15
21.29
20.33
20.17
20.11
19.88
19.52
19.13
18.95
18.84
18.68
18.50
18.39
18.53
18.85
18.86
18.75
18.62
18.77
19.00
19.39
19.90
20.32
20.89
21.51
22.21
23.00
23.64
24.23
24.73
25.33
26.07
26.38
27.13
27.92
28.50
28.79
29.01
29.75
29.89
30.34
30.60
30.85
31.13
31.21
31.69
31.79
32.16
32.24
32.54
32.61
32.68
32.93
32.67
32.83
32.62
32.52
32.42
32.18
31.83
31.51
30.96
30.37
30.00
29.74
29.45
28.99
28.79
28.56
28.29
27.86
27.59
27.28
27.00
26.72
26.37
26.08
26.10
25.84
25.18
24.75
24.70
24.16
23.90
24.00
23.88
23.71
23.70
23.67
23.78
23.74
23.52
23.32
22.91
22.50
22.08
21.64
21.33
20.95
20.76
20.62
20.46
20.34
20.14
19.79
19.53
19.30
19.09
19.15
19.03
18.84
18.65
18.82
18.97
19.48
19.72
19.89
20.17
20.43
20.74
21.51
22.46
23.22
23.87
24.67
25.30
25.97
26.75
27.31
27.99
28.49
29.33
29.84
30.24
30.57
30.95
31.20
31.53
32.01
32.40
32.81
32.76
33.00
33.52
33.00
33.10
33.32
33.55
33.55
33.77
33.69
33.79
33.45
33.36
33.33
32.94
32.49
31.89
31.51
31.03
30.44
30.05
29.62
29.31
28.89
28.56
28.25
28.18
28.11
27.75
27.39
27.47
27.20
27.02
26.75
26.86
27.06
26.99
25.99
25.37
25.11
25.15
24.95
24.66