22.93
23.02
22.75
21.65
20.86
21.06
21.25
21.06
20.97
20.81
20.57
20.28
20.25
20.26
20.2
19.94
20.02
20.03
19.84
19.69
20.03
20.02
19.83
19.31
19.12
18.84
18.19
18.11
18.55
19.25
19.64
19.76
19.78
20.06
20.6
20.67
21.01
21.83
22.48
23.42
26.23
27
27.58
28.08
28.41
28.78
29.01
29.29
29.26
29.74
29.92
30.08
30.41
31.1
31.13
31.5
31.61
31.69
31.91
31.85
31.8
32.41
32.77
32.88
32.18
32.05
32.27
31.74
30.87
30.1
29.41
28.94
28.45
28
27.79
27.49
27.3
27.01
26.72
26.34
25.73
25.14
24.67
24.46
24.32
24.06
23.76
23.34
22.99
22.8
22.87
22.81
22.54
22.51
22.28
22.02
21.95
21.7
21.4
21.72
21.89
21.83
21.96
21.85
22.82
23.16
22.81
22.31
21.97
21.74
21.55
21.07
20.92
21.51
21.36
21.39
21.13
20.91
21
21.05
21.13
21.04
20.85
20.85
20.76
21
21.56
22.48
22.66
22.53
23.28
23.93
23.82
24.51
26.27
26.71
27.03
27.79
27.85
28.14
28.9
29.84
29.77
30.15
29.99
30.95
31.33
30.87
31.3
31.34
31.6
31.66
31.65
31.81
32.01
32.13
32.03
32.17
32.04
32.52
32.76
32.66
32.63
32.38
31.47
30.97
30.07
29.3
28.24
27.99
27.86
27.81
27.79
27.64
27.05
26.23
25.8
26.13
25.94
25.79
25.48
25.05
24.06
23.71
23.88
23.35
22.88
22.17
22.24
22.11
22.13
21.37
21.45
21.33
21.36
21.24
21.22
21.28
21.08
20.71
20.64
20.62
20.61
20.34
20.43
20.6
20.43
20.12
19.13
18.79
18.5
18.18
18.2
18.22
18.49
18.58
18.48
18.78
18.59
17.91
18.09
18.6
18.98
19.6
20.38
20.82
21.82
23.54
25
26.01
26.4
26.58
26.96
27.13
28.13
28.64
28.64
28.79
29.05
29.95
30.02
29.69
30.02
30.4
30.56
30.74
31.34
31.52
31.31
32.04
31.7
31.83
31.56
31.92
32.75
32.38
32.12
32.23
32.53
32.55
32.06
30.91
29.69
29.49
29.54
28.54
28.65
27.93
28.38
27.84
27.22
27.54
26.5
25.02
24.56
24.38
24.3
24.24
24.23
24.12
24.05
23.56
23.3
22.83
22.76
22.98
23.07
23.29
23.25
22.39
22.39
21.94
22.31
22.3
22.43
22.31
20.91
20.43
20.22
19.44
18.35
17.67
17.43
17.89
18.74
19.29
19.92
19.49
19
18.91
18.76
19.14
19.12
18.82
18.56
18.77
18.54
17.95
18.11
18.6
19.83
20.33
20.8
21.2
22.13
22.82
23.59
24.76
25.49
26.27
26.51
27.17
28.02
28.68
28.59
29.17
29.21
29.34
29.91
30.12
30.25
30.29
30.27
30.91
31.31
31.32
31.53
31.89
31.93
31.95
32.2
31.4
31.54
31.59
31.66
32.18
30.76
30.41
29.77
28.31
27.9
27.75
27.19
26.73
26.11
25.5
25.36
25.37
25.49
25.2
24.48
23.86
23.55
23.63
23.22
23.2
22.63
22.06
22.64
22.63
22.64
22.53
22.24
21.39
21.5
20.95
21.78
21.83
20.86
20.53
19.89
19.55
19.06
18.32
17.81
17.91
17.67
17.6
17.73
17.46
17.83
17.99
18.21
18.04
18.16
17.43
16.99
17.2
17.3
17.97
17.4
17.54
18.12
17.75
17.63
17.77
18.52
19.79
21.39
22.1
23.15
24.1
24.42
24.96
25.72
26.57
26.86
27.51
27.8
28.19
28.68
28.84
28.86
29.28
29.41
29.63
29.69
29.94
30.2
30.24
30.31
30.31
30.59
30.84
30.94
30.86
30.97
30.79
31.01
31.15
30.86
30.52
30.11
29.36
28.61
28
27.31
27.26
27.15
26.63
26.5
26.39
26.16
26.37
26.39
25.48
24.93
24.71
24.77
24.47
24.62
24.55
24.05
23.67
23.3
23.01
22.75
22.47
22.36
22.67
22.58
22.76
22.92
23.04
22.9
22.55
22.09
21.82
21.43
20.9
20.59
20.46
20.52
20.53
20.77
20.8
20.34
20.06
19.81
19.63
18.53
17.87
18.23
18.5
18.58
18
17.79
17.98
18.63
18.75
19.3
20.26
21.05
21.66
22.23
23.15
23.75
24.35
25.41
26.18
27.06
27.68
28.1
28.46
29.16
30.13
30.44
30.7
30.93
30.99
31.3
31.57
31.54
31.76
31.95
31.88
31.94
32.02
32.2
32.11
32.12
32.07
32.12
32.02
31.82
31.67
31.47
31.07
30.68
30.18
29.51
28.8
28.29
27.92
27.68
27.49
27.43
26.93
26.69
27.11
26.2
25.81
26.22
26.25
24.98
24.91
24.46
24.02
23.73
23.85
23.75
23.71
23.25
23.33
22.95
22.56
21.9
21.58
21.73
21.9
21.86
22.47
23
22.51
22.22
22.37
22.01
21.82
21.65
21.6
21.94
21.6
20.92
20.82
21.16
21.19
19.42
18.36
17.97
18.13
18.5
19.11
19.66
19.71
19.31
19.59
19.73
19.63
20.15
20.42
20.8
21.08
21.41
21.48
21.8
22.22
22.57
22.98
23.52
24.43
25.18
26.05
26.98
28.03
28.4
29.03
29.73
30.41
30.89
31.77
31.59
31.57
31.68
31.58
32.17
32.3
32.13
32.02
32.02
31.85
31.77
31.37
30.99
30.66
29.9
29.62
29.26
28.7
28.24
28.62
28.61
28.86
28.65
28.25
28.23
28.2
27.71
27.39
27.26
27.2
26.96
27.09
27.24
27.59
26.48
25.09
24.74
24.08
23.58
23.07
22.95
22.78
22.96
23.26
23.04
22.54
23.28
22.77
22.45
22.51
22.76
22.51
22.22
21.68
21.22
20.5
20.7
19.36
19.3
17.97
17.69
18.16
18.18
17.98
17.73
17.68
18.48
18.45
18.36
18.59
19.12
19.2
19.44
20.53
21.29
22.37
23.58
24.81
24.67
25
25.43
26.3
27.23
27.76
28.4
28.55
29.18
29.66
30.43
30.47
30.85
30.71
30.99
31.34
31.47
31.76
31.96
31.96
32.07
31.97
32.3
32.3
32.42
32.62
32.95
32.45
32.31
32.32
32.22
32.04
31.69
31.09
30.14
29.33
28.97
28.66
28.27
27.81
27.48
27.58
27.1
26.6
26.53
26.36
26.21
26.13
24.18
23.47
22.98
22.61
22.29
22.01
21.79
21.6
21.52
21.16
20.9
20.63
20.57
20.57
20.52
20.26
20.23
20.38
20.35
20.24
20.3
20.32
20.05
19.8
19.71
19.6
19.42
19.38
19.19
19.05
18.94
18.68
18.65
18.27
18.1
17.96
17.82
17.77
17.81
17.78
17.99
18.34
18.99
20.26
20.8
21.04
21.58
22.1
23.16
23.76
23.72
24.25
24.78
25.73
26.07
26.67
27.43
27.88
28.12
28.64
29.3
30.06
30.2
30.71
31.05
30.92
31.18
31.12
31.62
31.88
31.59
31.65
31.82
31.76
31.87
31.72
32.36
32.09
31.64
31.19
30.88
30.52
30.22
29.86
29.82
29.8
29.51
29.13
27.95
25.86
26.4
26.49
26.8
26.32
26.12
25.62
25.04
25.17
24.93
24.99
24.63
24.13
23.71
23.46
22.99
22.81
22.43
21.89
21.49
21.22
21.42
21.26
21.27
21.05
21.01
20.4
19.83
19.79
19.82
19.81
20.07
20.17
20.74
19.67
18.66
18.88
19.57
19.36
18.61
18.54
18.25
17.66
17.71
17.8
17.78
17.81
18.19
18.5
18.77
19.24
19.81
20.29
21.17
21.58
22.28
23.09
23.7
24.19
24.81
25.41
25.83
26.55
27.14
27.39
27.7
27.94
28.27
28.46
28.5
28.87
28.93
29.51
29.72
30.59
30.41
30.54
30.83
30.35
30.51
30.6
30.51
30.44
30.18
30.03
29.76
29.37
28.8
28.09
27.2
26.5
25.95
25.89
25.45
24.56
24.26
24.44
24.53
24.38
24.65
24.61
24.18
23.7
23.62
23.38
22.9
22.37
21.97
21.62
21.17
20.78
20.66
20.55
20.02
19.89
19.5
19.29
18.74
18.38
18.2
17.73
17.58
17.53
17.44
17.22
17.22
16.86
16.55
16.27
16.2
16.6
16.65
16.21
15.92
15.67
15.86
15.87
15.53
15.16
14.51
14.13
14.07
14.42
14.95
15.78
16.42
17.11
17.86
18.81
19.44
20.44
21.36
22.36
23.31
24.31
25.24
25.56
26.56
26.69
27.26
27.51
27.72
28.59
28.56
28.34
28.58
28.83
29.51
29.41
29.69
29.81
29.91
30.03
30.56
30.32
30.4
30.51
30.32
30.54
30.69
30.39
30.36
29.95
29.47
28.75
27.69
26.9
26.67
26.41
25.58
25.08
25.64
24.86
24.73
23.71
22.76
21.71
21.61
21.99
21.8
21.55
21.33
21.48
21.3
20.85
20.75
20.67
20.37
20.79
20.58
20.46
19.88
19.68
19.26
19.09
19.19
19.03
19.42
18.86
18.97
18.4
18.77
19.16
19.39
19.14
18.82
18.13
17.56
17.49
16.79
16.12
15.95
15.62
15.35
15.48
15.94
16.44
16.59
17.19
17.7
17.56
18.41
19.8
20.71
21.12
21.64
22.24
22.64
23.07
23.23
23.7
24.3
25.19
25.64
26.08
26.71
27.18
27.94
28.06
28.63
29.24
30.16
30.16
30.23
30.66
30.72
31.09
30.91
31.02
31.18
31.09
31.2
31.43
31.28
31.29
31.2
30.83
30.74
30.56
30.05
29.58
29.05
28.61
27.79
27.36
27.47
27.41
26.9
25.96
25.85
25.48
25.25
25.18
25.02
24.89
24.48
24.81
24.67
24.63
24.39
24.21
24
23.54
23.37
23.29
23.02
22.69
22.46
22.59
22.76
22.72
22.81
22.77
22.93
22.63
21.85
21.36
21.21
20.14
18.57
18.32
18.2
18.62
19.1
19.76
20.07
20.18
20.33
20.28
20.76
20.68
18.49
17.27
17.33
17.8
18.42
18.92
19.05
19.34
19.82
20.34
21.09
21.98
22.71
23.45
23.92
25.09
25.99
26.86
27.79
28.38
28.82
29.23
30.18
30.79
30.71
30.95
31.1
31.45
31.42
31.46
31.61
31.95
32.33
32.03
31.98
32.34
32.66
32.13
32.29
32.25
32.32
32.06
31.93
31.64
31.01
30.37
29.65
29.17
28.8
28.34
28.09
27.82
27.47
27.47
26.99
26.13
25.76
25.87
25.99
25.42
25.36
25.23
24.89
24.6
24.68
24.64
24.38
24.2
24.63
24.83
24.59
24.38
24.03
23.63
22.56
22.09
21.61
21.57
21.9
22.21
22.16
22.12
21.89
21.39
21.5
21.15
20.48
19.95
20.07
19.75
19.23
19.53
19.76
18.92
18.53
18.49
18.63
18.89
18.71
19.45
19.71
20.22
19.77
20.26
21.9
22.33
22.2
22.99
23.54
24.38
25.06
25.48
26.29
26.89
27.4
28.05
28.34
29.01
28.94
29.05
29.46
29.84
29.79
30.04
30.44
30.58
30.71
30.95
31.12
31.11
31.2
31.27
31.4
31.59
31.66
31.94
31.83
31.63
31.39
31.09
30.6
29.9
29.15
28.42
27.81
27.19
27.04
26.98
26.8
26.54
25.61
25.19
25.57
24.54
25.25
25.49
24.47
24.13
23.68
24.44
23.92
23.56
23.64
23.12
23.15
22.19
21.82
21.78
22.16
21.97
21.84
21.95
21.63
21.05
21.47
21.14
20.96
20.57
20.15
19.97
20.15
19.46
19.54
19.33
18.79
18.64
18.37
18.21
18.4
18.79
18.38
18.1
18.25
18.49
18.11
17.94
18.49
18.95
19.45
20.06
20.77
21.66
22.37
22.97
23.88
24.76
25.41
25.69
25.94
26.56
27.05
27.05
27.43
27.58
27.84
28.15
28.27
28.6
28.81
29.01
29.02
29.06
29.21
29.3
29.12
29.28
29.15
29.43
29.24
29.42
29.39
29.5
29.62
29.61
30.3
30.11
30.12
29.63
28.38
27.59
26.99
26.6
26.11
25.3
24.85
24.64
24.39
24.01
24.05
23.71
23.38
23.44
23.37
23.09
22.74
22.29
22.13
21.67
21.07
20.38
20.5
20.93
19.21
19.3
19.94
20.22
20.36
20.04
20.03
20.56
21.35
22.06
21.82
21.12
20.63
20.1
19.5
19.24
19.18
18.7
18.3
17.94
17.63
17.1
16.49
15.79
15.44
15.68
16.02
16.11
16.31
16.59
16.91
17.59
18.11
18.2
18.38
18.78
19.56
20.9
21.18
21.85
22.79
23.23
23.57
24.1
25.07
25.67
26.07
26.87
27.77
27.94
28.54
28.66
29.01
29.38
29.58
29.49
29.49
29.82
29.91
30.05
30.44
30.29
30.25
30.34
30.52
30.65
30.68
30.8
30.94
30.51
30.33
29.52
28.66
27.76
27.26
26.84
26.74
26.59
26.33
26.19
26.04
25.41
24.25
23.85
23.82
23.61
23.67
23.25
22.91
22.9
22.87
22.5
22.39
22.23
21.96
21.59
21.83
21.35
20.86
20.56
20.33
19.73
19.19
19.19
19.51
19.82
19.58
19.01
18.45
18.26
18.21
18.33
18.1
17.99
17.76
17.47
17.46
17.38
17.36
17.07
17.22
17.71
17.38
17.22
17.35
17.8
18.32
18.6
19.1
19.34
19.89
20.43
21.07
22.03
22.79
23.63
24.61
25.49
26.32
26.84
27.51
27.99
28.46
29.03
29.3
29.38
29.69
29.65
29.87
29.9
29.94
30.35
30.23
30.49
30.43
30.73
30.55
30.64
30.73
30.76
30.77
30.95
30.89
30.7
30.47
30.29
30
29.57
28.89
28.4
28.3
28.31
27.73
26.84
26.44
26.37
25.6
25.38
25.57
25.49
25.37
24.86
24.72
25.23
24.67
24.33
24.61
24.2
24.21
23.67
23.54
23.42
23.84
22.92
22.71
22.99
23.31
22.96
22.19
22.24
21.79
21.21
20.57
20.26
19.89
19.44
19.54
19.79
19.57
19.32
19.29
18.25
17.02
17.72
17.39
17.15
17.15
17.11
17
16.86
16.68
16.23
16.49
16.92
17.81
19.06
19.43
20.77
22.03
21.86
22.65
23.3
23.59
24.94
25.34
25.92
26.68
27.51
27.83
28.32
29.09
29.52
30.25
30.17
30.51
30.91
31.2
31.36
31.63
31.67
31.76
31.77
31.99
31.99
32.1
32.19
32.16
32.11
32.24
32.39
32.2
31.71
31.41
31.02
30.38
29.7
28.99
28.72
28.04
27.24
27.49
27.89
27.7
26.82
25.65
25.21
25.82
25.61
25.28
23.71
23.23
23.98
23.81
22.96
23.06
23.86
23.83
23.12
22.18
21.61
20.89
20.7
20.87
20.96
21.13
21.21
21.28
20.63
20.19
20.23
20.09
20.17
19.69
19.05
19.07
18.74
18.07
17.93
18.15
18.55
18.87
18.36
18.57
18.58
18.62
18.56
17.97
18.05
18.54
19.39
19.47
19.72
20.45
21.3
22.09
23.04
23.88
24.95
25.69
26.69
27.02
27.51
27.92
28.44
28.85
29.33
29.96
30.51
30.63
30.84
31.2
31.67
31.74
32.64
32.16
32.41
32.99
32.54
32.74
32.46
32.71
32.75
32.69
32.72
32.57
32.55
32.62
32.24
31.79
31.08
30.34
29.49
28.82
28.44
28.3
28.05
27.49
27.2
27.4
27.56
27.48
27.16
26.75
26.92
26.82
26.13
26.09
26.09
25.71
25.04
24.8
24.74
24.63
24.74
24.48
24.1
24
24.06
24.38
24.53
24.11
23.68
22.53
20.88
20.04
19.71
19.77
20
19.88
20.04
20.21
20.31
19.9
19.58
19.2
19.23
19.01
19.4
19.22
19.08
19.12
19.39
19.49
19.05
19.17
19.84
20.68
21.76
22.78
23.77
24.76
25.85
25.35
26.22
27.15
27.48
28.23
28.78
29.7
29.8
30.24
30.7
31.29
31.77
32.23
32.84
32.83
33.16
33.37
33.6
33.91
33.99
34.07
34.05
34.19
33.99
34.15
34.13
34.41
34.3
33.93
34.04
33.7
33.36
32.77
32.28
32.14
31.46
30.6
30.34
30.11
29.76
29.88
29.73
29.69
29.55
28.58
27.95
27.58
27.36
26.82
26.58
26.69
26.68
26.38
26.43
25.71
25.08
24.83
24.59
24.27
24.38
24.58
24.71
25.18
25.18
24.98
24.7
24.72
24.93
24.88
24.77
24.07
23.73
23.71
23.71
23.37
22.62
21.45
20.28
19.64
19.33
19.51
20.23
19.78
19.73
20.11
20.15
20.25
20.87
21.2
21.64
21.48
21.69
22.28
22.87
23.69
24.72
25.53
26.15
26.98
27.81
28.68
29.59
30.22
30.84
31.47
32.04
32.46
32.93
33.39
33.69
33.87
33.99
34.11
34.18
34.39
34.4
34.48
34.49
34.64
34.87
34.84
34.69
34.42
34.37
34.18
34.08
33.73
33.35
32.93
32.28
31.77
31.48
30.91
30.61
30.45
30.32
30.49
31.09
29.81
29.69
29.32
28.75
28.19
28.18
28.34
27.27
26.04
25.94
26.37
26.26
25.51
25.56
25.67
24.83
24.38
24.32
24.65
25.04
24.63
23.84
23.2
22.56
21.9
21.46
21.01
20.8
20.77
20.96
21.03
21.22
22.04
22.06
22.04
22.04
21.42
21.54
21.32
21.4
21.49
20.94
20.88
21.32
21.45
22.13
22.39
22.45
22.64
23.11
23.37
24.06
24.33
25.1
25.87
26.22
26.71
27.59
28.09
28.24
28.72
29.42
30.06
30.78
31.39
31.5
31.86
32.65
32.89
33.04
33.37
33.06
33.3
33.23
33.42
33.34
32.49
32.66
32.79
32.5
32.35
33.1
33.45
33.64
33.11
32.97
32.86
32.16
31.42
30.63
30.36
29.86
29.7
29.64
29.54
29.12
28.62
28.66
28.57
28.31
28.03
27.35
26.67
26.49
26.39
26.04
25.16
25
25.19
24.87
24.98
24.78
24.32
24.47
24.68
24.74
24.58
24.27
23.98
23.59
23.37
23.12
23
23.27
22.24
21.36
20.81
21.17
21.24
21.34
21.23
21.32
21.35
21.36
21.01
20.9
20.76
20.4
19.94
19.51
19.71
19.9
19.87
20.48
21.04
21.45
22.12
22.73
23.23
23.93
24.77
25.6
26.63
27.54
28.19
28.69
29.38
29.88
30.44
31.09
31.44
31.63
32.01
32.15
32.51
32.63
32.82
32.98
33.01
33.1
33.33
33.63
33.47
33.58
33.67
33.84
33.52
33.51
33.42
33.33
33.46
32.98
32.8
32.32
31.76
31.71
31.44
30.71
29.34
28.82
28.9
28.78
28.68
28.26
27.87
27.91
27.36
27.62
27.33
26.61
25.76
25.34
24.87
24.49
24.01
24.35
24.35
24.19
24.04
23.63
23.58
23.31
23.78
24.02
23.93
23.62
23.1
22.97
22.58
21.91
21.52
21.63
21.59
21.15
20.89
20.05
19.54
19.02
18.52
18.7
18.91
19.06
19.14
19.45
19.55
19.75
19.91
20.04
20.26
20.97
20.96
21.22
21.86
22.54
22.9
23.81
24.66
25.98
26.76
26.96
27.91
28.37
29.03
29.71
30.21
30.82
31.61
32.09
32.08
32.14
32.24
32.56
32.8
33.11
33.42
33.44
33.57
33.79
34.31
34.34
34.33
34.35
34.47
34.44
34.31
34.17
33.68
33.28
32.82
32.01
31.05
30.26
29.74
29.35
29.02
28.92
28.21
27.67
27.16
26.44
26.29
26.42
26.4
25.7
25.19
24.75
24.18
23.39
22.83
22.44
22.06
21.76
21.52
21.34
21.19
21.11
21.03
20.83
20.69
20.54
20.42
20.24
20.11
20.04
19.96
19.8
19.65
19.61
19.67
19.72
19.79
19.77
19.8
19.76
19.72
19.64
19.62
19.64
19.67
19.68
19.7
19.7
19.7
19.68
19.65
19.65
19.72
19.81
20
20.27
20.17
20
20.33
20.65
21.36
21.75
21.65
22.87
23.36
23.77
23.52
24.37
24.31
25.04
24.61
25.13
25.46
26.06
26
26.46
26.67
27.24
27.57
27.77
27.81
27.79
27.86
28.15
28.24
28.15
28.17
28.13
27.85
27.67
27.44
26.99
26.43
25.81
25.31
24.96
24.64
24.46
24.16
23.83
23.53
23.16
22.82
22.62
22.43
22.23
22.31
22.34
22.14
21.72
21.49
21.37
21.35
21.36
20.93
20.53
20.3
20.15
19.88
19.6
19.42
19.24
19.1
19.04
19.01
18.85
18.74
18.7
18.68
18.51
18.34
18.3
18.47
18.5
18.6
18.54
18.4
18.31
18.22
18.03
17.86
17.61
17.35
17.35
17.24
17.14
17.04
17.14
17.45
18.37
18.87
19.38
20.1
20.82
22.07
22.72
23.58
25.07
25.07
25.55
26.13
26.38
26.74
27.04
27.31
27.77
28.38
28.68
28.87
29.32
29.55
29.71
30.46
30.59
30.82
31.13
31.27
31.67
31.73
32.12
32.24
32.59
32.79
33.02
33.35
32.41
31.51
30.74
30.13
29.33
28.96
28.87
28.49
28.67
28.01
28.32
28.01
26.89
26.06
26.08
26.62
26.94
26.7
26.1
25.58
25.85
25.64
26.21
25.16
24.31
23.71
22.67
22.68
22.43
22.18
21.83
21.67
21.66
21.74
22.03
22.65
23.04
22.66
22.22
21.58
21.18
20.58
20.43
20.49
20.33
20.21
20.23
20.32
20.16
20.1
19.44
18.22
17.83
17.83
17.96
18.22
18.44
18.75
19.6
20.55
21.24
21.36
21.85
22.72
24.2
24.98
25.4
26.79
27.05
27.86
28.5
28.95
29.36
30.04
30.69
31.23
31.99
32.03
32.4
32.8
33.31
33.25
33.76
33.96
34.15
34.35
34.24
34.44
34.3
34.41
34.24
34.4
34.59
34.62
34.61
34.78
33.83
33.54
33.17
32.75
31.61
31.26
31.3
31.3
31.33
31.65
31.75
29.22
26.2
26.71
28.37
28.41
27.78
26.95
26.98
26.52
26.21
26.46
26.44
26.1
25.8
25.43
24.8
23.42
22.89
23.08
23.73
23.76
23.27
23.09
23.19
22.96
22.82
22.32
21.87
20.38
19.18
18.91
18.99
18.68
18.63
18.97
18.96
19.14
19.13
19.21
19.09
19.24
19.22
19.19
19.33
18.91
18.6
19.08
19.43
20.22
20.94
21.53
22.3
23.16
23.91
25.09
26.32
27.44
28.2
28.55
29.53
30.15
30.16
30.46
30.98
31.24
31.64
32.17
32.6
32.96
33.15
33.55
34.24
33.9
33.85
34.13
34.04
34.03
33.85
34.07
34.36
34.08
34.02
34.18
34.07
33.88
33.69
33.17
32.39
31.53
30.89
30.47
30.29
30.09
29.82
29.76
29.63
28.26
28.29
28.56
28.55
28.22
28.07
27.71
27.37
27.8
27.8
27.54
27.42
27.4
26.93
26.41
25.93
25.58
25.16
24.64
24.37
24.42
24.75
25.01
25.42
25.77
26.16
25.89
23.83
21.07
20.72
20.68
20.22
19.89
19.8
20.01
20.28
20.45
20.32
20.12
20.11
20.59
20.85
20.8
20.51
20.95
21.41
21.86
22.42
22.85
23.25
23.88
24.39
25.08
25.61
26.22
26.44
27.02
27.89
28.02
28.94
29.9
30.33
29.86
29.81
30.24
30.2
30.91
30.99
31.34
31.74
31.92
32.37
32.4
32.44
32.8
32.93
33.16
33.44
33.42
33.39
33.46
33.37
33.51
33.4
33.22
33
32.79
32.28
31.68
31.4
31.09
31.02
30.24
30.19
29.93
29.76
28.75
28.34
27.97
27.44
27.02
26.63
26.32
26.86
26.43
25.74
24.56
24.71
24.57
24.88
25.52
25.4
25.36
25.73
25.81
26.19
25.94
25.55
25.02
23.97
23.15
22.44
21.59
21.28
20.78
20.58
20.46
20.28
20.24
19.94
19.46
19.17
18.79
18.39
18.47
18
17.79
17.35
18.21
18.97
20.73
21.36
21.15
21.21
21.12
21.13
21.89
23.03
23.68
24.51
25.35
26.14
26.89
27.48
27.97
28.53
29.1
29.88
30.41
30.51
30.91
31.25
31.52
31.78
32.18
32.28
32.31
32.57
32.61
32.9
33.12
33.15
33.29
33.46
33.74
33.52
33.46
33.49
33.49
33.18
33.05
32.78
32.4
32.07
31.9
31.15
30.13
29.53
29.3
28.88
28.36
28.19
28.04
28.2
28.14
27.62
27.25
28.01
27.93
27.7
26.14
26.27
26.78
27.14
24.89
23.94
23.94
24.13
23.46
22.97
23.03
22.86
22.68
22.98
23.37
23.33
23.73
23.44
23.03
22.86
22.65
22.57
22.09
19.79
19.06
19.2
19.42
19
19.56
20.02
20.07
20.15
20.09
20.41
20.61
20.64
20.38
20.48
20.56
20.57
20.63
21.01
22
22.81
23.22
23.82
24.77
25.62
26.34
27.05
27.69
28.32
29.22
30.03
30.63
31.35
31.74
32.18
32.51
32.63
32.72
33.04
33.3
33.17
33.14
33.44
33.35
33.38
33.52
33.6
33.89
33.84
33.64
33.64
33.63
33.52
33.5
33.12
32.72
32.23
31.65
30.82
30.04
29.82
29.87
29.89
29.89
29.61
29.57
29.79
29.52
29.15
29.14
28.63
27.92
27.15
26.99
26.24
24.73
25.83
26.49
26.43
25.47
25.34
24.85
24.26