26.21
25.39
25.18
24.28
24.28
24.91
24.24
23.89
23.62
23.01
22.28
22.04
21.67
21.32
21.47
21.27
20.24
19.68
19.6
20.32
21.11
22.06
23.18
23.2
22.34
22.36
22.24
22.27
21.82
21.08
21.27
21.68
22.2
22.6
23.52
24.52
25.9
26.63
27.25
27.7
28.39
29
29.21
29.05
28.75
28.59
28.87
29.3
29.33
29.59
30.06
30.35
30.43
30.69
30.58
30.58
30.5
30.61
30.9
31.15
31.53
31.24
31.12
30.89
30.63
30.4
30.02
29.67
29.37
28.86
28.27
27.71
27.29
26.83
26.39
26
25.73
25.37
24.82
24.24
23.85
23.55
23.51
23.37
23.16
22.9
22.62
22.33
22.09
21.9
21.73
21.51
21.19
20.95
20.72
20.42
20.13
19.84
19.62
19.35
19.13
18.91
18.69
18.5
18.31
18.11
17.93
17.78
17.74
17.66
17.63
17.43
17.16
16.69
16.59
16.52
16.38
16.2
16.01
15.76
15.63
15.53
15.47
15.55
15.73
15.96
16.24
16.48
16.57
16.68
16.77
17.05
17.36
17.52
17.94
18.36
18.8
19.3
19.86
20.59
20.89
21.2
21.66
21.89
22.4
22.98
23.43
23.71
24.11
24.73
24.89
25.14
25.36
25.57
25.86
26.29
26.43
26.73
26.83
26.85
26.86
26.82
26.74
26.64
26.29
25.91
25.44
25
24.68
24.27
23.95
23.67
23.53
23.45
23.13
22.75
22.31
21.91
21.58
21.42
21.18
20.91
20.71
20.38
20.09
19.85
19.62
19.37
19.15
18.81
18.52
18.23
17.93
17.61
17.29
17.02
16.73
16.48
16.25
16.09
15.91
15.69
15.63
15.62
15.62
15.43
15.13
14.82
14.76
14.54
14.3
14.03
13.94
13.85
13.7
13.59
13.49
13.45
13.37
13.39
13.61
13.88
14.39
14.95
15.36
15.89
16.26
16.82
17.39
18.02
18.47
18.93
19.73
20.2
20.73
21.09
21.62
22.25
22.49
22.88
23.54
23.57
24.2
24.48
24.71
24.93
25.19
25.4
25.52
25.72
26.05
26.02
25.93
25.92
25.89
25.74
25.72
25.19
24.52
24.13
23.65
23.03
22.29
21.7
21.15
20.69
20.28
20.01
19.71
19.34
18.95
18.62
18.27
17.97
17.71
17.45
17.18
16.89
16.67
16.4
16.15
15.83
15.62
15.43
15.3
15.19
15.15
15.04
14.83
14.68
14.58
14.23
13.89
13.65
13.48
13.42
13.27
13.19
13.14
12.79
12.8
12.59
12.24
12.17
12.01
11.84
11.75
11.72
11.79
11.85
11.83
11.78
11.78
11.78
11.79
11.76
11.78
11.81
11.84
11.94
12.07
12.27
12.48
12.78
12.86
13.29
13.75
13.91
14.06
14.33
14.68
14.97
15.1
15.27
15.46
15.73
15.87
15.9
16.05
16.18
16.26
16.24
16.36
16.34
15.99
15.93
16.01
16.16
16.23
16.4
16.77
16.92
17.01
17.15
17.23
16.9
16.53
16.35
16.21
16.29
16.38
16.6
16.6
16.2
16.24
16.37
16.29
16.15
16.13
15.86
15.33
15.19
14.91
14.75
14.85
14.59
14.13
13.85
13.59
13.34
13.42
13.43
13.4
13.35
13.31
13.21
13.05
12.78
12.47
12.09
11.73
11.45
11.29
11.02
10.86
10.52
10.42
10.56
10.4
10.09
9.92
9.7
9.61
9.53
9.37
9.2
9.01
8.82
8.66
8.57
8.5
8.53
8.75
9.08
9.51
10.01
10.82
11.59
12.06
12.6
13.28
13.8
14.1
14.83
15.43
15.79
16.34
16.75
17.11
17.64
18.14
18.38
18.97
19.05
19.57
19.63
20.27
20.42
20.58
21.09
21.46
21.43
21.63
21.87
22.11
22.26
22.08
22.35
22.39
22.33
22.29
22.15
21.87
21.52
21.03
20.41
19.91
19.48
18.98
18.31
17.9
17.55
17.15
16.84
16.46
16.15
15.97
15.7
15.38
15.12
14.99
14.81
14.62
14.51
14.12
13.94
13.79
13.77
13.56
13.42
13.35
13.24
13.06
12.94
12.67
12.44
12.16
11.95
11.88
11.87
11.86
11.76
11.69
11.51
11.27
11.09
10.89
10.8
10.71
10.6
10.53
10.43
10.38
10.29
10.1
9.93
9.96
10.16
10.43
10.81
11.23
11.48
12.07
12.88
13.79
14.99
15.68
16.62
17.13
17.96
18.58
19.48
19.81
20.43
21.52
21.91
22.57
22.94
23.52
23.88
24.82
25.49
25.64
26.55
26.66
27.07
27.06
27.04
27.23
27.75
27.78
27.6
27.78
27.71
27.85
27.7
27.5
27.25
27.12
26.48
25.8
25.37
24.9
24.6
24.16
23.7
23.22
22.95
22.68
22.4
22.19
22.05
22.24
22.22
22.3
22.38
22.06
21.91
21.75
21.29
21.07
20.79
20.49
19.62
20.26
20.03
19.58
19.43
19.67
19.37
19.57
19.49
19.47
19.09
18.97
18.84
19.01
18.76
18.4
17.58
17.41
17.13
16.08
15.86
15.88
15.41
15.47
16.08
16.25
16.11
16.37
16.07
15.86
15.42
15
15.07
15.67
16.35
16.57
17.26
18.64
19.36
20.59
21.77
22.91
23.94
24.66
25.63
26.38
27.02
27.86
28.37
29.48
29.59
29.77
30.15
30.9
31.11
31.52
31.94
31.88
32.31
32.59
32.51
32.57
33.13
33.05
33.19
33.09
33.09
33.16
32.98
32.82
32.77
32.35
32.03
31.83
30.9
30.56
30.21
30.03
29.45
28.51
27.47
27.44
26.86
26.02
25.67
25.38
24.89
24.87
24.97
25.1
25.05
25.09
25.14
25.34
25.3
25.13
24.74
24.26
24.37
24.09
24.03
23.86
23.02
22.39
21.04
19.25
19.11
20.28
21.87
22.11
22.2
22.2
22.21
22.03
21.79
21.92
22.07
21.02
20.73
19.67
19.48
20.71
20.48
20.98
20.91
20.68
20.65
20.83
20.41
20.1
20.91
22.68
23.21
23.59
23.95
24.88
26.06
27.01
27.59
28.27
28.91
29.67
30.27
30.75
31.45
32.11
32.62
33.25
33.36
33.61
33.75
33.76
33.97
34.06
34.24
34.49
34.58
34.49
34.54
34.67
34.68
34.87
35.58
35.53
34.92
35.02
35.71
34.89
34.28
33.62
32.54
31.76
31.73
32
32.9
33.12
31.15
29.46
29.78
28.65
28.19
27.86
27.07
27.05
27.1
26.81
26.78
27.43
27.28
26.53
26.48
25.79
24.9
24.89
24.85
24.69
24.24
23.67
23.62
23.63
22.23
22.45
22.08
21.67
20.3
20
20
20.1
20.55
21.06
20.88
21.01
21.49
22.03
22.5
22.72
23.14
23.19
22.99
22.88
22.82
22.66
22.21
22.14
22.35
22.38
23.05
23.78
24.4
25.05
24.44
23.54
24.26
24.86
25.45
26.08
26.68
27.12
27.73
28.51
28.63
29.82
30.78
30.94
31.04
31.68
32.31
32.76
32.59
32.79
33.21
33.25
33.32
33.7
33.71
33.72
33.95
33.77
33.9
33.75
33.64
33.22
32.88
32.46
31.88
31.02
30.17
29.49
29.06
28.8
28.37
27.9
27.39
26.95
26.6
25.91
25.66
25.43
25.2
24.86
24.48
24.34
24
23.77
23.48
23.18
22.81
22.16
21.87
21.76
21.6
21.52
21.6
21.54
21.15
20.54
20.23
20.24
19.92
19.61
19.77
19.54
19.42
19.19
18.86
19.04
19.33
19.67
19.51
19.33
19.39
19.77
18.73
17.51
17.27
17.66
17.46
17.68
18.5
18.39
18.2
18.64
19.13
19.86
20.66
21.42
22.14
22.42
23.1
23.61
24.08
25.14
25.84
26.57
27.48
28.25
28.99
29.61
30.47
31.03
31.53
32.23
32.69
33.1
33.44
33.37
33.78
34.21
34.25
34.32
34.22
34.18
34.29
34.3
34.16
33.78
33.57
33.37
32.91
32.14
31.22
30.46
29.88
29.37
29.08
28.73
28.34
28.01
27.47
26.88
26.5
26.11
25.65
25.36
24.9
24.49
24.09
23.84
23.36
22.91
22.7
22.56
22.39
22.05
21.89
21.76
21.49
21.32
21.46
21.41
21.11
20.41
20.59
20.31
19.2
18.73
18.32
18.45
18.7
18.71
18.96
19.51
19.44
19.5
19.2
18.42
18.08
18.03
18.34
18.03
17.95
18.12
18.21
18.31
18.68
19.07
19.52
20.21
21.05
21.83
22.74
23.85
25.17
25.76
26.54
26.24
26.91
27.18
27.57
28.03
29
29.66
30.17
30.24
30.87
31.09
31.84
32.25
32.63
33.24
33.44
34.08
33.96
34.38
34.58
34.74
34.9
35.05
35.03
35.28
35.53
35.17
35
34.89
34.81
34.53
34.16
33.46
33.17
33.11
33.04
32.77
32.18
32.38
31.97
31.62
31.39
30.8
30.03
28.99
28.9
28.59
27.1
27.05
27.24
26.82
25.91
25.93
26.3
25.22
23.93
24.96
26.14
26.02
26.28
25.64
24.76
24.36
23.99
23.23
22.64
22.09
21.63
21.3
21
20.65
20.4
20.36
20.21
20.2
20.38
20.52
20.36
20.31
20.52
20.49
20.56
20.32
20.52
20.24
19.95
20.2
20.3
20.44
20.93
21.44
22.43
23.45
24.42
25.97
27
27.8
28.97
30.01
31.01
32.02
32.89
33.61
33.94
33.97
34.29
34.49
34.63
34.71
34.83
34.89
34.91
34.95
34.98
34.97
34.95
34.82
34.92
34.85
35.06
35.12
34.98
34.72
34.51
34.48
34.16
33.57
33.09
32.78
32.38
31.92
31.62
31.14
30.53
30.29
30.11
29.79
29.35
28.96
28.33
27.83
27.77
27.59
27.39
27.19
26.98
26.87
26.61
26.14
25.95
25.65
25.4
25.1
24.7
24.45
24.02
23.46
23.19
23.06
23.97
24.44
24.37
24.82
25.04
24.87
25.04
25.01
24.52
24.57
23.87
24.29
24.39
24.46
23.61
23.28
23.56
23.62
23.32
23.68
23.83
21.19
20.84
20.68
20.75
20.89
20.98
21.47
21.73
21.88
21.97
22.1
22.21
22.4
22.47
22.65
22.89
23.22
23.36
23.8
23.93
24
24.4
24.59
24.74
25.03
25.14
25.34
25.71
25.6
25.82
25.87
25.9
25.87
25.9
26.02
26.11
26.28
26.43
26.37
26.13
25.61
25.06
24.59
23.74
23.18
22.72
22.32
21.83
21.43
21.03
20.55
20.16
19.87
19.61
19.31
19.03
18.79
18.6
18.54
18.22
17.99
17.81
17.83
17.64
17.41
17.14
17.11
16.81
16.62
16.58
16.43
16.34
16.26
16.14
15.92
15.78
15.68
15.58
15.43
15.2
14.97
14.82
14.53
14.31
14.17
14.03
13.91
13.75
13.58
13.39
13.21
13.01
12.84
12.68
12.53
12.42
12.33
12.38
12.53
12.82
13.21
13.8
14.52
15.13
15.72
16.31
16.77
17.35
18.01
18.59
19
19.52
19.85
20.15
20.59
21.05
21.42
21.7
22.22
22.45
22.4
23.07
23.43
23.39
23.67
23.66
23.74
23.81
23.77
23.7
23.7
23.7
23.71
23.51
23.3
23.05
22.81
22.48
22.08
21.63
21.08
20.57
20.08
19.65
19.31
18.98
18.6
18.23
17.98
17.57
17.26
16.91
16.61
16.39
16.16
15.91
15.69
15.57
15.45
15.33
15.25
15.09
14.89
14.64
14.43
14.2
14.05
13.85
13.64
13.43
13.21
13.02
12.93
12.85
12.65
12.5
12.36
12.21
12.07
12
11.87
11.68
11.58
11.48
11.32
11.23
11.11
11.08
10.98
10.86
10.83
10.73
10.51
10.64
10.8
11.12
11.5
11.7
12.44
13.35
14.24
15.24
16.08
17
17.74
18.77
19.22
19.64
20.2
20.86
21.09
21.67
22.15
22.59
23
23.3
23.71
24.03
24.38
24.6
24.9
25.4
25.46
25.51
25.73
25.68
25.66
25.77
25.78
25.61
25.67
25.81
25.56
25.3
24.84
24.24
23.68
23.27
23.01
22.81
22.52
22.29
21.89
21.56
21.1
21.13
21.16
20.78
20.63
20.09
19.48
19.26
19.46
19.59
19.39
18.89
18.51
18.47
18.13
17.86
17.82
17.83
17.63
17.16
16.84
16.5
16.09
16.02
15.93
15.94
15.92
15.48
15.59
15.07
14.6
14.5
14.38
13.49
13.36
12.65
12.54
12.93
13.1
12.81
12.59
12.42
12.66
12.58
12.55
12.66
12.75
13.03
13.58
14.28
15.09
16.88
17.54
17.78
18.85
20.07
21.02
21.6
22.23
22.65
23.18
24.19
25.02
25.25
25.92
27.04
27.32
28.1
28.22
28.75
29.08
29.24
29.63
29.88
29.95
30.56
30.97
30.52
30.61
30.68
30.6
30.5
30.66
30.44
30.37
30.16
29.91
29.56
29.43
29.14
28.75
27.26
26.98
26.97
26.44
26.36
26.39
26.23
25.65
25.47
25.35
25.57
26.01
25.55
25.01
24.67
24.8
24.87
25.02
25.01
24.87
24.17
23.6
23.17
23.01
22.37
22.33
21.59
21.39
21.31
21.49
20.83
20.23
20.08
19.48
19.22
18.65
18.61
18.72
18.58
18.06
17.58
17.91
17.5
17.53
17.1
17.04
17.03
16.7
16.38
15.87
16.42
16.83
17.16
18.13
18.9
19.58
20.28
21.04
22.11
22.84
23.87
24.54
25.82
26.37
26.93
27.34
28.13
28.63
29.31
29.52
30.12
31.22
31.4
31.74
32.08
32.31
32.67
32.58
32.89
33.35
33.27
33.59
33.78
33.62
33.53
33.94
34
33.52
33.23
33.13
32.85
32.55
31.94
31.63
31.35
31.2
30.79
30.07
29.84
29.36
29.14
28.03
27.77
27.35
26.92
27.06
26.71
26.43
26.57
26.52
26.23
26.1
26.1
25.43
24.59
23.88
23.34
23.6
23.08
22.14
21.21
21.1
21.05
20.67
20.71
20.96
20.63
20.63
20.28
20.18
20.47
20.62
20.21
20.26
19.92
19.58
19.45
19.53
19.89
20.11
21.11
21.51
21.65
21.05
20.11
19.33
17.68
17.54
18.12
18.7
19.51
20.45
20.87
21.86
22.86
23.53
24.97
26.36
27.25
28.43
29.24
30.23
30.84
31.45
32.01
32.72
32.88
33.4
33.62
33.86
34.28
34.35
34.58
34.93
35.03
34.76
34.94
34.97
35.27
35.51
35.18
35.2
35.25
35.06
34.84
34.6
34.2
33.77
33.11
32.75
32.49
32.3
32.24
32.29
31.68
31.44
30.87
30.32
30.07
29.72
29.42
28.82
28.61
28.56
28.76
27.5
27.13
26.8
27.07
26.92
26.83
27.17
27.41
27.08
27.19
26.91
26.75
25.19
24.31
24.46
24.6
25.05
24.95
24.75
24.11
23.48
23.34
23.17
23.2
23.48
23.13
22.25
20.22
18.47
18.2
18.21
17.44
17.18
18.34
19.02
18.78
18.98
19.61
20.43
20.37
20
20.53
21.01
21.58
23.12
24.68
25.69
26.01
26.4
26.62
26.9
27.82
28.87
29.62
30.04
30.46
31.32
31.46
31.89
32.7
33.44
34.19
34.59
34.73
35.18
35.78
35.82
35.31
35.16
35.41
35.55
35.76
35.61
35.4
35.28
34.92
34.62
34.21
33.66
33.28
32.57
32.45
32.22
31.8
31.37
30.98
30.4
29.72
29.76
29.49
29.19
28.73
28.3
27.81
27.13
26.67
26.65
26.95
27.12
27.01
27.75
27.34
26.87
26.31
26.51
26.21
25.28
24.29
23.73
23.61
23.65
23.27
22.85
21.13
21.3
22.29
21.81
22.27
22.84
23.11
23.06
22.78
22.28
21.98
21.94
22.23
22.18
21.73
21.41
20.85
19.8
19.89
20.97
21.98
22.54
22.21
21.22
20.26
20.19
20.72
21.31
22.27
23.17
24.31
25.62
26.98
28.11
29.26
29.94
30.83
31.62
32.19
32.47
32.88
33.24
33.75
33.88
33.97
34
34.41
34.44
34.57
34.58
34.63
34.74
34.88
35.58
34.99
35.05
34.94
34.94
34.7
34.5
34.23
33.86
33.39
33.07
33.15
32.45
32.27
32.18
32.28
31.94
30.96
28.96
29.54
29.2
28.49
27.77
26.99
26.27
26.1
25.75
25.49
25.08
24.68
24.38
24.13
23.98
23.94
23.65
23.29
22.98
23.17
23.06
22.79
22.61
22.81
22.54
22.07
21.88
21.93
21.83
20.4
19.57
19.19
19.3
19.53
19.82
19.68
19.62
19.85
19.69
19.63
19.51
19.06
19.53
19.22
18.46
18.34
18.14
18.37
18.55
18.87
19.72
20.66
21.74
23.53
24.72
25.81
26.77
27.5
28.4
29.2
29.85
30.92
31.67
32.26
33.07
33.53
33.52
33.65
33.9
34.17
34.45
34.57
34.68
35.02
35.06
34.95
34.9
34.86
34.83
34.71
34.73
34.67
34.71
34.34
34.05
33.81
33.46
33.35
33.3
33.27
33.07
32.89
32.72
32.17
31.64
31.39
30.45
29.75
28.74
29.16
29.07
28.92
29.19
29.5
29.07
29.02
29.5
28.92
28.15
27.33
28.01
28.58
27.99
27.89
28.31
28.44
25.92
25.17
24.35
23.99
23.68
23.67
23.53
22.11
21.47
21.41
22.13
22.55
23.01
22.54
21.24
18.52
19.18
18.71
19.3
20.21
21.71
22.31
21.52
21.59
22.39
22.24
21.94
21.76
21.97
22.19
22.69
23.45
24.23
25.32
26.59
27.26
28.35
29.05
29.72
30.41
31.06
31.92
32.49
32.99
33.33
33.61
33.79
34.15
34.39
34.48
34.74
34.88
34.83
35.01
35.28
35.93
35.83
36.06
36.29
36.02
35.41
35.35
35.03
34.83
34.63
34.42
34.42
34.21
33.71
33.65
33.86
33.27
32.62
32.72
32.88
32.84
32.46
32.15
31.18
30
30.11
30.54
30.2
28.77
28.3
27.66
27.11
26.88
26.46
26.28
26.4
26.19
26.16
25.31
22.15
23.29
25.08
25.22
24.08
24.87
25.52
24.77
24.53
24.32
24.41
24.41
24.23
23.55
22.8
22.74
21.99
21.86
22.05
22.56
22.43
22.33
21.94
21.83
21.79
21.49
21.17
21.03
20.8
20.93
21.15
21.74
22.34
23.21
24.16
25.19
26.15
27.26
28.27
29.25
30.23
31.17
31.83
32.42
32.96
33.41
33.84
34.14
34.41
34.64
34.79
34.86
34.92
35.04
34.96
35.2
35.37
35.34
35.55
35.43
35.41
35.53
35.61
35.55
35.46
35.18
34.84
34.33
33.82
33.26
32.8
32.74
32.48
31.86
31.62
31.28
30.88
30.54
29.95
29.32
29.04
28.85
28.88
28.91
29.39
29.13
28.92
28.71
28.95
28.98
28.01
27.45
27.79
27.98
28.02
27.86
26.81
26.41
25.96
25.53
25.06
24.47
23.86
23.25
23.36
23.4
23
21.7
21.88
22.29
21.85
21.71
22.43
23.29
23.11
23.15
22.85
23.17
23.12
23.33
23.27
23.64
23.19
23.06
23.15
23.23
23.51
23.73
24.17
24.59
25.13
26.06
27.1
27.94
29.06
30.09
31.01
31.91
32.54
33.01
33.41
34.06
34.73
35.01
35.12
35.27
35.44
35.53
35.6
35.76
35.7
35.79
35.77
35.97
36.11
36.08
35.83
36.05
35.9
36.67
36.26
35.12
34.6
34
34.09
33.96
33.64
33.03
32.9
32.86
32.79
33.11
34.35
34.14
33.74
31.95
30.93
31.45
29.9
29.37
29.35
29.78
29.56
28.83
29.07
28.51
28.56
28.31
29.01
28.56
29.06
28.35
26.95
26.08
25.65
25.57
25.27
25.35
24.78
23.52
24.81
24.69
24.53
24.2
24.3
24.38
24.19
24.07
24.06
24.23
23.86
22.44
22.04
22.19
22.18
21.51
22.5
23.23
23.29
23.86
23.76
24.64
23.89
23.9
24.52
25.3
25.75
26.59
27.49
28.36
29.29
30.34
31.38
32.14
32.98
33.55
34.22
35.23
35.8
36.07
36.1
36.17
36.16
36.3
36.47
36.51
36.62
36.74
36.63
36.77
36.54
36.36
36.21
36.16
35.98
35.96
36.13
36.12
36.01
35.84
35.64
35.58
35.59
35.43
35
34.67
34.23
35.22
35.33
34.2
33.27
31.63
30.52
30.46
30.67
30.78
30.99
30.32
30.01
29.88
29.73
29.59
29.07
28.23
27.1
26.11
26.05
25.19
25.71
26.98
27.44
26.48
26.2
26.28
24.75
25.33
25.8
23.15
21.29
23.03
25.65
23.8
23.73
23.63
24.67
25.26
25.64
25.66
25.86
25.98
25.32
25.4
25.14
25.07
25.01
24.3
23.97
24.46
25.41
25.46
25.26
25.96
26.11
26.74
27.6
28.56
29.75
30.93
31.9
32.84
33.83
34.57
35.24
35.34
35.51
35.5
35.69
35.75
35.94
36.2
36.29
36.62
36.68
36.45
36.66
36.86
36.76
36.79
36.87
36.66
36.31
36.2
36.14
35.83
35.39
35.04
34.66
34.37
34.26
33.98
33.79
33.05
33.16
32.91
32.98
32.72
32.78
31.9
31.46
31.37
30.91
30.37
29.93
29.51
29.11
29.22
29.37
28.87
28.7
28.59
28.14
26.81
26.06
26.49
27.67
27.64
27.85
27.24
28.64
30.99
25.7
22.21
24.25
23.14
20.35
21.79
23.15
24.53
24.74
24.85
25.07
23.66
21.03
21
20.86
22.18
22.23
22.55
21.21
19.21
22.42
24.47
23.39
21.7
20.63
21.29
22.12
22.83
23.85
25.51
26.81
28.15
29.24
30.46
31.35
32.09
32.52
33.52
34.29
35.01
35.29
35.52
35.87
36.33
36.61
36.71
36.74
36.79
36.85
37.11
37.42
37.45
37.86
37.07
36.62
36.45
36.15
36.06
35.92
35.8
35.68
35.38
35.16
34.96
34.64
34.37
34.74
34.21
33.8
33.74
33.39
32.79
31.62
31.69
31.42
31.05
30.45
30.35
29.85
29.51
29.41
28.93
28.84
28.92
29.57
29.66
28.63
27.78
27.02
26.98
27.64
28.02
27.21
27.73
27.1
26.5
25.73
23.92
24.66
24.57
24.22
23.53
23.14
21.47
22.01
23.21
24.93
25.34
24.22
23.82
23.03
24.21
24.41
24.46
24.57
23.82
23.42
23.09
23.35
23.25
23.13
23.37
23.71
24.4
25.06
25.92
26.9
27.84
28.57
29.35
30.39
31.59
32.5
33.54
33.92
34.13
34.52
34.95
35.47
36.24
36.12
36.35
36.75
37
36.98
37.22
37.14
37.07
37.14
37.04
36.68
36.65
36.57
36.92
37.56
36.77
36.77
36.02
34.87
35.26
35.38
34.56
35.01
35
34.37
33.42
31.83
31.2
31.02
30.87
30.64
30.88
30.56
30.37
29.85
29.68
29.85
29.79
29.12
28.74
28.19
28.32
28.19
27.97
27.45
26.9
27.65
27.91
26.95
26.84
26.96
27.23
26.94
27.18
27.2
26.69
26.43
26.02
26.12
26.8
26.87
25.77
22.63
21.91
21.92
22.7
22.13
22.73
23.75
24.68
23.81
22.31
21.12
20.96
21.58
22.41
23.47
23.7
24.59
25.51
26.38
26.75
27.47
28.29
28.8
29.6
30.53
31.27
32.44
32.62
32.64
32.82
33.39
33.7
34
34.35
34.67
34.76
35.1
35.2
35.53
35.88
35.8
36.43
36.31
36.3
36.23
36.12
36.05
35.83
35.61
35.38
35.11
34.88
34.47
33.96
33.74
33.36
33
32.71
32.46
32.02
31.82
31.44
31.12
30.61
31.52
32.61
32.61
32.76
31.24
31.22
30.1
30.69
31.01
30.87
31.01
31.01
30.64
29.25
27.79
27.53
28.36
27.88
27.57
25.31
24.97
24.21
24.81
24.92
25.17
25.79
27.14
26.63
25.92
25.22
25.41
24.59
23.71
23.36
23.26
24.18
24.48
23.34
22.99
22.95
23.19
23.8
23.16
23.08
23.05
22.88
23.49
24.15
24.49
25.28
26
26.7
27.27
27.82
28.35
28.88
29.75
30.54
30.95
31.36
31.77
32.26
32.71
33.34
33.63
33.74
33.57
33.9
34.12
34.02
34.1
34.27
34.51
34.57
34.33
34.27
34.26
34.15
34.02
33.8
33.54
33.27
32.94
32.6
32.22
31.85
31.52
31.13
30.63
30.46
30.25
29.82
29.56
29.41
29.37
29.23
28.9
28.69
28.72
28.39
28.27
27.87
27.32
27.06
26.96
26.71
26.61
26.55
26.39
26.32
25.85
25.73
24.96
24.87
25.3
25.58
25.56
25.12
24.03
23.38
23.93
24.05
23.78
24.09
24.2
24.02
23.62
22.43
21.62
21.17
21.29
21.51
21.44
21.64
21.84
21.81
21.67
21.58
21.6
22.03
22.31
22.57
22.92
23.64
24.38
24.92
25.96
26.84
27
28.03
29.73
29.81
30.33
30.58
30.77
31.28
31.63
32.34
33.06
33.44
33.74
34.8
34.92
35.3
35.74
35.98
36.03
35.83
35.74
36.17
35.77
35.7
35.99
35.85
35.24
34.89
34.49
34.06
33.54
33.26
33.02
32.64
32.31
32.01
31.68
31.44
31.1
30.65
30.45
30.54
30.17
30.26
29.92
29.79
29.8
29.63
29.13
28.71
28.41
27.73
25.44
24.91
23.88
23.99
25.08
24.49
25.2
26.68