23.97
24.03
23.84
23.58
23.42
23.07
22.94
23.28
23.3
23.04
22.74
22.53
22.19
22.24
21.93
22.24
22.21
22.51
22.2
21.46
21.48
21.69
21.8
21.91
22.09
22.3
22.42
22
21.74
21.9
22.47
22.3
22.26
23.02
23.5
24.08
24.68
25.26
26.06
26.91
27.27
28.48
28.78
29.33
30.07
30.65
31.16
31.53
32.04
32.51
32.65
32.72
32.71
32.17
32.31
32.27
32.39
32.5
32.51
32.43
32.38
32.55
32.51
32.4
32.25
32.29
32.07
31.75
31.62
31.24
30.79
30.44
29.94
29.94
29.78
29.38
28.99
28.69
28.46
27.87
27.79
27.45
27.14
26.92
26.54
26.2
25.68
26.14
26.68
27.19
27.37
26.91
26.66
26.36
26.21
25.98
26.04
25.7
25.26
24.76
24.5
24.96
24.78
24.08
23.69
23.48
23.24
22.95
23.1
22.96
22.67
22.48
22.05
21.72
20.87
20.1
21.13
21.56
20.97
20.96
21.44
21.43
21.58
22
22.36
22.61
23.02
23.19
23.53
24.1
24.64
24.98
25.52
26.16
26.9
27.33
28.19
28.57
29.07
29.45
29.97
30.16
30.22
30.56
30.78
31.03
31.23
31.48
31.77
31.96
32.11
32.25
32.52
32.63
32.72
32.92
33.17
33.04
33.02
33.26
32.97
33.01
32.98
32.96
32.77
32.46
32.13
31.62
30.57
29.92
30.03
29.23
28.5
28.15
27.55
27.08
26.84
26.77
26.4
26.55
26.12
25.51
25.53
25.34
25.54
25.61
25.85
25.96
25.3
24.45
24.06
23.53
22.97
21.81
21.23
20.59
20.3
19.91
19.7
19.92
20.4
20.47
19.96
16.83
16.59
16.52
16.64
16.59
16.55
16.75
16.69
16.47
16.45
16.54
16.48
15.97
15.81
15.77
15.82
16.03
16.23
16.42
16.75
17.33
17.95
18.58
19.16
19.7
20.24
20.78
21.31
21.74
22.19
23.04
23.46
23.96
24.71
24.92
25.41
25.75
26.41
26.9
26.99
27.6
28.12
28.15
28.29
28.69
28.85
28.94
29.32
29.02
29.32
29.27
28.97
28.64
28.28
28.09
28.05
27.81
27.36
26.77
26.06
25.31
24.77
24.25
23.69
23.2
22.76
22.32
21.94
21.69
21.41
21.1
20.77
20.32
19.85
19.57
19.31
19.1
18.77
18.46
18.19
17.83
17.54
17.3
17.13
16.97
16.77
16.48
16.28
16.14
15.87
15.61
15.29
15.06
14.89
14.77
14.57
14.46
14.33
14.09
13.78
13.57
13.44
13.61
13.73
13.68
13.62
13.61
13.65
13.72
13.5
13.18
12.84
12.79
13.09
13.46
13.8
14.12
14.34
14.57
14.85
15.4
15.41
15.84
16.12
16.59
16.93
17.45
17.72
18.25
18.71
19.42
19.32
19.95
20.2
20.2
20.6
20.72
21.01
21.21
21.82
21.87
21.71
22.19
22.05
22.12
22.06
22
21.96
21.82
21.63
21.29
21.04
20.6
19.94
19.37
18.71
18.12
17.66
17.26
16.82
16.36
15.92
15.46
14.95
14.49
14.1
13.8
13.57
13.27
13
12.76
12.55
12.36
12.12
11.88
11.65
11.46
11.2
11.11
11.2
11.39
11.39
11.35
11.2
11.01
10.83
10.67
10.55
10.4
10.23
10.14
10.09
9.94
9.85
9.81
9.59
9.45
9.35
9.3
9.27
9.22
9.15
9.11
9.1
9.06
9.03
9.01
9.09
9.32
9.54
9.63
9.67
10.22
10.99
11.22
11.75
11.98
12.93
13.4
14.43
14.59
14.76
15.65
15.81
16.59
17.53
18.18
18.42
18.92
19.49
19.98
20.76
21.27
21.67
21.89
22.71
23.06
23.5
23.51
24.18
24.11
24.72
24.74
24.67
24.63
24.4
24.28
24.21
24.14
23.91
23.64
23.21
22.64
22.29
22.31
22.02
21.82
21.59
21.65
21.59
21.52
21.48
21.23
20.87
20.71
20.32
20.19
20.19
19.31
18.35
17.95
17.6
17.26
17.32
17.53
17.7
17.62
17.36
17.48
17.65
17.4
17.17
16.76
16.58
16.41
16.24
16.13
16.19
15.72
15.22
15.2
14.84
14.6
14.43
14.34
14.56
14.69
14.88
14.79
14.77
14.84
14.77
14.53
14.54
14.81
15.05
15.33
15.9
16.36
17.14
18.1
19.21
20.03
20.81
21.7
22.61
23.23
24.02
25.06
26.26
27.24
28.08
28.95
29.97
30.06
30.48
30.41
31.02
31.66
31.95
32.51
32.38
32.79
33.44
32.9
32.83
33.16
33.9
34.11
34.18
34.2
33.99
33.82
33.59
33.14
32.68
32.38
31.83
31.09
30.79
30.42
30
29.99
29.44
29.47
29.5
29.71
29.84
26.85
26.65
26.19
25.81
25.22
25.01
24.91
24.44
23.65
23.79
23.54
23.16
22.97
23.15
23.13
23.3
22.87
22.24
21.65
21.64
21.63
21.98
21.66
21.86
22.08
21.86
21.52
20.67
20.28
20.3
20.37
19.57
18.95
18.24
18.44
18.8
18.73
18.31
17.96
17.61
17.3
17.09
16.96
16.98
17.09
17.3
17.52
17.77
18.01
18.42
18.88
19.27
19.64
20.28
20.92
21.74
22.17
22.81
23.1
23.77
24.42
24.87
25.19
25.32
25.56
25.8
25.86
25.99
26.44
26.97
26.7
26.77
27.01
27.11
27.63
27.35
27.54
27.65
27.69
27.55
27.35
27.17
26.96
26.57
25.95
25.22
24.62
24.2
23.83
23.48
23.14
22.84
22.63
22.37
22.19
21.98
21.71
21.62
21.55
21.45
21.08
20.9
20.73
20.47
20.16
19.96
19.78
19.61
19.47
19.38
19.21
19.02
19.06
18.83
18.34
18.46
18.15
17.71
17.74
17.54
17.47
17.55
17.37
17.16
17.2
17.11
16.86
15.93
16.5
16.57
16.47
16.64
16.89
16.34
16.01
16.54
17.25
17.15
16.8
16.64
16.49
16.9
17.53
18.35
19.46
20.72
21.42
22.43
23.11
23.18
23.44
24.62
25.95
25.83
26.62
27.55
27.7
28.3
28.7
29.15
30.33
30.74
30.67
30.76
31.51
31.33
31.39
31.79
31.96
32.5
33.12
33.35
32.92
32.88
33.15
32.76
32.45
32.32
32.05
31.68
31.38
30.72
30.06
29.66
29.24
29.05
28.84
28.66
28.71
28.62
28.26
28.2
28.28
27.82
26.87
27.17
26.6
26.29
26.22
26.34
26.72
26.76
26.21
25.78
25.49
24.98
24.72
24.39
24.55
24.56
24.58
24.18
23.46
23.35
23.25
22.97
22.75
22.65
22.67
22.36
21.26
20.45
19.82
19.54
19.54
19.37
19.11
19.18
19.07
18.95
18.79
18.87
18.87
19.22
19.58
19.65
19.96
20.36
20.99
22.05
22.45
22.87
23.34
24.2
24.96
25.8
26.69
27.51
28.65
29.74
30.57
31.94
32.48
33.27
33.65
34.08
34.07
34.19
34.34
34.65
34.34
34.5
34.7
34.76
34.67
34.83
34.86
34.73
34.73
34.62
34.58
34.49
34.26
33.9
33.7
33.56
33.12
32.61
31.84
30.99
31.21
31.59
30.93
30.06
28.5
28.21
28.44
28.16
28.28
28.07
27.63
27.67
28
27.57
27.35
27.2
26.85
26.52
26.17
25.15
24.57
23.86
23.77
24
23.68
23.92
23.17
23.24
23.9
24.03
23.34
23.15
23.25
22.81
21.74
21.46
20.98
20.83
21.24
21.72
21.93
21.95
21.62
21.64
21.51
21.09
20.64
21.29
21.28
21.27
21.58
21.7
21.87
21.94
22.2
22.62
23.17
24
24.82
25.79
26.7
27.66
28.42
29.05
29.67
30.33
30.85
31.41
32.01
32.58
32.66
33.13
33.4
33.58
33.78
34
34.19
34.49
35.15
34.82
35.01
34.94
34.96
34.94
35.17
35.44
34.9
34.78
34.66
34.5
33.81
33.67
33.3
32.83
32.17
31.36
30.55
30.65
30.38
29.68
29.23
28.8
28.34
28.05
27.6
25.93
24.75
24.6
24.37
24.03
23.66
23.24
22.8
22.44
22.05
21.61
21.36
21.1
20.79
20.58
20.34
20.02
19.69
19.33
19.04
18.83
18.73
18.55
18.19
18.05
18.4
18.57
18.15
17.34
17.17
17.18
16.65
15.95
15.86
15.59
15.38
15.06
15.04
15
14.86
14.85
14.88
15.21
15.56
15.66
16.06
16.38
16.59
16.82
17.19
17.24
17.74
18.2
18.56
19.06
19.42
19.93
20.72
21.13
21.57
22.03
22.32
22.5
22.72
22.89
23.52
23.75
24.02
24.36
24.53
24.91
25.19
25.17
25.3
25.31
25.57
25.6
25.67
25.48
25.44
25.08
24.83
24.39
23.82
23.29
22.74
22.29
22.01
21.69
21.45
21.19
21.07
20.99
20.85
20.71
20.81
20.78
20.52
20.24
20.13
19.9
19.64
19.45
19.36
19.01
18.87
18.67
18.49
18.43
18.45
18.3
18.09
18
17.63
17.06
16.85
16.77
16.43
16.3
16.25
15.9
15.75
15.59
15.26
14.9
14.64
14.68
14.63
14.65
14.69
14.62
14.49
14.53
14.56
14.49
14.43
14.5
14.55
14.77
15.05
15.5
16.03
16.84
17.52
18.08
19.04
19.37
20.21
20.89
21.54
22.2
22.65
23.24
24.03
24.97
25.59
26.95
27.02
27.43
28.11
28.33
28.77
29.56
29.47
30.03
29.98
30.3
31.25
31.51
31.83
31.21
31.87
32.63
32.66
32.86
32.19
31.64
31.23
30.84
30.32
30.11
29.35
28.96
28.46
28.65
28.47
28.08
27.59
27.26
26.57
26.86
26.81
26.37
25.8
25.41
25.34
24.92
24.75
24.66
24.43
24.94
25.2
25.32
24.89
24.64
24.56
24.43
23.9
21.15
20.96
21.25
21.29
19.75
19.58
19.44
19.82
20.28
20.35
20.18
18.71
18.54
18.41
18.25
18.53
18.35
17.89
17.79
18.08
18.25
18.61
19.04
18.93
19.03
18.96
19.12
19.42
19.83
20.45
21.03
21.91
22.62
23.52
24.44
25.14
25.83
26.58
27.23
28.06
28.8
29.53
30.38
31.09
31.72
32.69
32.82
32.98
33.19
33.34
33.53
33.61
33.65
33.86
33.97
34.01
34
34.33
34.43
34.5
34.36
34.24
34.14
34.01
34
33.66
33.18
32.56
31.8
31.39
31.06
30.83
30.87
30.42
30.3
30.22
29.86
28.17
27.12
26.87
26.97
26.77
26.99
27.13
27.29
26.92
26.31
26
26
25.87
26.18
25.63
25.22
24.91
24.54
24.45
24.44
24.41
21.56
22.04
22.5
22.28
21.87
21.2
21.27
21.71
21.47
21.69
21.69
21.46
21.32
21.43
20.84
20.87
21
21.14
21.79
21.67
21.63
21.94
22.35
22.46
22.81
22.75
22.63
22.96
23.27
23.88
24.55
25.25
25.98
27.05
28.12
29.04
29.8
30.4
31.1
31.81
32.43
32.65
32.99
33.01
33.46
33.37
33.51
33.58
33.91
33.95
34.08
34.02
34.2
34.27
34.25
34.49
34.35
34.5
34.4
34.37
34.27
34.28
34.22
33.92
33.4
32.96
32.55
32.1
31.66
31.48
31.33
31.24
31.12
31.02
30.95
30.29
29.22
27.72
27.72
27.6
27.86
27.83
27.03
26.32
26.41
27.06
26.49
26.37
26.01
26.01
26.53
26.15
25.85
24.06
22.23
22.08
22.97
22.8
22.66
22.46
21.98
22.11
22.63
22.52
22.1
21.77
21.74
21.73
21.65
21.65
21.55
21.32
20.99
20.76
20.82
20.99
20.75
20.68
20.6
20.41
20.23
20.33
21.23
22.24
23.12
23.9
24.78
25.74
26.51
27.28
27.79
28.17
28.64
29.18
29.71
30.22
30.96
31.51
31.82
32.09
32.24
32.61
32.62
32.75
32.97
33.22
33.33
33.49
33.4
33.48
33.56
33.78
33.71
33.82
33.83
33.79
33.56
33.63
33.36
32.94
32.83
32.61
31.81
31.71
30.99
30.38
30.01
29.42
29.23
29.34
29.2
28.52
28.6
28.57
28.03
27.27
26.32
26.78
26.09
26.01
27.61
27.24
26.65
26.14
25.85
25.35
25.09
25.12
24.6
23.97
23.9
23.31
22.66
21.97
21.94
21.96
21.85
21.72
21.46
21.32
20.81
20.29
19.85
20.09
20.12
20.04
19.95
19.49
19.11
18.82
18.49
17.33
18.63
19.75
20.38
20.19
20.33
20.92
21.9
22.44
23.28
24.06
24.74
24.98
25.78
26.66
27.31
27.79
28.37
29.02
29.45
30.13
30.75
30.98
31.3
31.58
31.87
32.21
32.39
32.51
32.62
32.75
32.66
33.21
33.17
33.25
33.16
33.38
33.95
33.52
33.46
33.25
33.51
33.12
32.98
32.6
32.27
32.19
31.8
31.07
30.82
30.33
29.32
28.66
28.22
27.84
27.65
27.47
26.99
26.36
26.14
25.86
25.81
25.2
25.71
25.85
25.28
25.06
25.44
25.84
25.77
25.05
23.95
23
22.97
23.09
22.8
23.57
23.55
22.78
21.02
20.07
19.79
19.5
20.37
20.11
19.85
20.93
20.39
20.39
20.56
19.33
19.18
18.58
18.49
18.83
18.13
18.45
18.79
17.75
16.76
16.63
17.32
18.16
18.88
19.58
19.74
20.08
20.64
21.24
21.46
21.89
22.31
23.49
24.03
24.93
25.68
26.28
26.91
27.34
27.91
28.17
28.78
29.62
29.73
30.31
30.74
31.1
31.35
31.93
31.73
31.77
31.91
31.67
31.58
31.37
31.23
31.1
30.91
30.63
29.79
29.25
28.83
28.33
27.88
27.34
26.87
26.31
25.78
25.34
24.93
24.5
24.11
23.69
23.33
22.87
22.45
22.09
21.71
21.43
21.07
20.75
20.4
20.11
19.75
19.43
19.11
18.9
18.75
18.45
18.07
17.88
17.74
17.5
17.21
17.08
17.08
16.81
16.63
16.45
16.03
15.74
15.46
15.23
15.19
15
14.65
14.37
14.14
13.88
13.76
13.57
13.38
13.04
12.93
12.74
12.75
12.87
13.06
13.43
13.86
14.2
14.58
14.81
14.75
14.82
14.89
15.47
15.58
16.29
16.68
17.1
17.53
18.5
19.01
19.75
20.35
20.66
21.71
21.69
22.33
22.73
22.67
23.5
23.8
24.76
25.02
25.36
25.07
26.11
25.94
25.39
25.04
25.29
25.24
25.14
25.03
24.81
24.4
23.89
23.27
22.54
21.96
21.48
21.08
20.68
20.35
20.1
19.85
19.69
19.64
19.45
19.23
19.12
19.17
19.06
18.89
18.64
18.48
18.21
17.98
17.73
17.45
17.15
16.93
16.79
16.63
16.42
15.94
15.67
15.69
15.55
15.44
15.41
15.37
15.25
15.19
15.05
14.9
14.75
14.6
14.46
14.45
14.4
14.28
14.24
14.02
13.83
13.77
13.6
13.45
13.38
13.5
13.65
14.05
14.58
14.73
14.9
15.29
15.89
16.31
16.88
17.24
17.98
18.6
19.24
19.63
19.92
20.43
21.4
21.79
22.2
22.61
23.12
23.38
23.88
24.07
24.52
24.82
25.04
25.21
25.32
25.32
25.5
25.25
25.33
25.46
25.24
25.44
25.21
25.1
25.03
24.78
24.53
24.21
23.9
23.33
22.72
22.1
21.69
21.31
20.94
20.66
20.35
19.94
19.64
19.27
19
18.75
18.61
18.56
18.37
18.09
17.76
17.48
17.26
17.11
16.9
16.71
16.47
16.24
16
15.78
15.54
15.31
15.13
14.97
14.85
14.57
14.58
14.41
14.38
14.32
14.15
14.04
13.96
13.7
13.4
13.31
13.04
12.9
12.77
12.47
12.3
12.35
12.05
11.99
11.78
11.79
11.82
12.08
12.4
12.93
13.42
13.91
14.32
14.48
14.78
15.37
15.84
16.13
16.58
16.85
17.12
17.71
18.59
19.14
19.32
19.87
20.42
20.87
20.81
21.41
21.95
21.71
21.81
22.26
22.37
22.65
23
23.02
23.01
23.16
23.18
23.2
23.11
23.12
22.95
22.93
22.67
22.3
21.92
21.44
20.87
20.33
19.87
19.5
19.04
18.64
18.28
18.1
17.88
17.64
17.37
17.04
16.83
16.6
16.26
16.09
15.93
15.63
15.37
15.25
15.1
14.96
14.83
14.77
14.62
14.43
14.32
14.21
14.07
13.99
13.86
13.63
13.55
13.46
13.41
13.39
13.19
13.15
13.01
12.85
12.87
12.94
12.88
12.61
12.32
12.3
12.07
11.73
11.85
11.74
11.56
11.37
11.39
11.62
11.93
12.56
13.52
14.59
15.62
16.43
17.14
17.86
18.11
18.57
19.34
19.97
20.67
21.13
21.77
22.38
22.88
23.5
23.99
24.54
25.44
25.98
26.34
26.81
27.41
28.12
28.98
28.71
29.38
29.37
29.44
29.4
29.52
29.73
29.98
30.14
30
30.07
29.89
29.24
28.88
28.55
27.96
27.71
27.33
27.2
26.92
26.12
25.5
25.16
25.03
24.84
24.62
24.46
24.57
24.67
24.78
24.43
24.22
24.04
23.9
23.64
23.08
22.28
21.07
20.55
20.7
21.29
21.33
21.29
21.47
21.17
21.15
20.84
20.16
20.1
20.7
20.21
18.94
17.46
18.46
18.63
18.48
18.02
17.66
16.69
16.46
16.45
16.49
16.97
16.93
16.88
17.05
17.77
18.21
19.2
19.32
18.79
19.09
19.86
20.51
22.09
22.65
23.13
23.96
24.79
26.07
27.03
28.13
28.9
29.53
30.37
30.92
32.03
31.9
32.82
32.83
33.18
33.44
33.84
34.08
34.78
34.78
35.11
35.21
35.38
36.18
35.33
35.78
35.91
35.4
35.01
34.87
34.76
33.92
33.54
33.38
32.82
32.01
31.68
31.26
30.74
30.74
30.27
29.44
29.3
29.87
29.49
29.41
29.28
29.21
27.39
26.98
27.31
26.89
26.79
26.68
25.78
25.79
25.56
24.68
24.74
24.64
24.16
23.71
23.49
23.35
23.18
23.04
22.71
22.43
21.14
20.67
21.55
21.71
20.75
20.9
20.72
20.45
19.82
19.45
20.3
20.74
20.65
20.43
20.34
20.2
18.85
18.04
19.42
21.03
22.33
23.59
24.11
24.43
23.89
24.05
24.75
25.47
26.24
27.09
27.9
28.8
29.76
30.48
31.08
31.74
32.65
33.32
33.77
34.27
34.42
34.8
35.47
35.51
36.16
36.48
36.91
36.52
36.75
36.71
36.69
36.72
36.65
36.65
36.69
36.5
36.19
35.91
35.39
35.13
34.91
34.33
33.6
33.52
33.33
33.24
32.99
32.08
31.71
31.56
30.95
30.63
30.28
30.72
29.46
28.66
29.94
29.72
29.43
27.09
25.58
25.31
25.78
25.81
25.83
26.05
25.84
25.95
25.69
25.11
24.55
24.89
25.17
25.47
24.8
24.52
23.88
23.85
23.6
23.18
22.86
20.82
20.24
20.58
20.99
21.87
22.83
23.1
23.49
24.86
25.46
24.91
23.81
23.84
24.03
23.05
22.63
22.79
22.53
23.37
23.6
24.56
25.69
26.6
27.54
28.36
29.27
29.92
30.59
31.52
32.35
33.02
33.45
33.9
34.22
34.66
35.01
35.18
35.4
35.67
35.87
35.99
36.29
36.21
36.43
36.45
36.44
36.3
36.32
36.15
35.96
35.77
35.48
35.12
34.84
34.51
34.09
33.68
33.45
33.16
33.01
32.67
32.43
31.86
30.58
30.56
30.21
30.97
31.36
31.23
29.91
30.18
30.51
30.22
29.94
29.59
29.8
30.43
30.04
28.83
26.47
25.59
25.34
24.72
25.46
24.96
24.46
24.49
24.76
25.36
25.15
24.53
22.61
23.14
23.66
24.05
25.31
25.96
26.02
28.43
28.3
27.7
26.31
26.26
24.87
25.2
25.88
25.98
26.25
25.8
24.92
24.21
23.94
23.6
23.15
23.33
23.64
23.99
24.77
25.48
26.16
26.68
27.37
28.21
29.08
29.84
30.76
31.59
32.21
32.9
33.3
33.68
33.91
34.26
34.52
34.68
34.83
34.95
35.07
34.9
34.62
34.77
34.27
33.78
33.69
33.1
33.05
33.04
33.06
33
32.92
32.63
32.29
31.9
31.67
31.7
31.79
31.67
31.34
31.14
30.86
30.81
30.47
30.41
30.1
29.65
29.13
28.53
28.11
28.02
28.02
27.96
27.8
27.96
28.04
28.19
27.65
27.48
28.02
27.94
27.62
27.35
26.6
26.17
25.93
24.51
24.21
24.39
24.69
24.8
24.78
24.93
24.69
24.7
24.69
24.1
23.94
23.75
23.45
23.16
23.07
23.17
22.95
22.88
22.98
22.89
22.71
22.83
22.87
22.64
22.77
22.9
23.34
24.02
24.58
24.87
25.26
25.38
25.08
25.88
26.17
26.25
26.34
26.58
26.89
26.79
27.3
27.12
27.02
26.94
27.27
27.52
27.66
27.75
27.48
27.45
27.34
27.07
26.86
26.69
26.15
25.66
25.57
25.24
24.91
24.67
24.46
24.14
23.67
23.26
22.88
22.47
22.17
21.82
21.53
21.42
20.95
20.59
20.45
20.33
20.08
20.08
20.07
20.12
20.1
19.86
19.5
19.34
19.39
19.31
18.99
18.78
18.75
18.81
18.82
18.72
18.6
18.42
18.2
18.02
17.96
17.82
17.67
17.54
17.31
17.01
16.81
16.72
16.59
16.47
16.32
16.2
16.11
16.01
15.91
15.84
15.78
15.72
15.67
15.6
15.53
15.52
15.52
15.5
15.41
15.34
15.29
15.18
15.04
14.74
14.52
14.46
14.48
14.51
14.63
14.75
14.79
14.81
14.76
14.7
14.49
14.38
14.49
14.61
14.62
14.64
14.65
14.7
14.91
15.15
15.14
15.18
15.45
15.3
15.2
15.35
15.41
15.37
15.28
15.26
15.31
15.37
15.46
15.47
15.5
15.53
15.43
15.4
15.33
15.26
15.24
15.2
15.14
15.12
15.1
15.1
15.18
15.18
15.21
15.14
15.15
15.08
15.12
15.17
15.1
15.03
14.99
14.97
14.96
14.96
14.95
14.92
14.89
14.84
14.82
14.79
14.69
14.64
14.52
14.33
14.16
13.98
13.81
13.68
13.57
13.41
13.28
13.15
13.01
12.92
12.78
12.7
12.61
12.49
12.4
12.29
12.17
12.07
12.05
12.16
12.37
12.56
12.92
13.27
13.44
13.93
14.43
15.08
15.38
16.21
16.78
17.23
18.11
19.06
19.27
19.9
20.13
19.97
20.63
20.85
21.17
21.61
22.22
22.75
23.17
23.56
24.13
24.06
24.44
25.51
25.21
25.49
25.31
24.87
24.83
24.57
24.67
24.44
24.26
24.11
23.88
23.46
23.12
22.75
22.38
22.19
21.97
21.64
21.39
21.35
20.97
21.16
20.94
20.61
20.37
20.27
20.21
19.92
19.62
19.33
19.18
19.17
19.14
18.92
18.67
18.47
18.24
18.07
17.94
17.77
17.44
17.11
16.9
16.84
16.77
16.65
16.46
16.26
16.08
15.87
15.77
15.6
15.47
15.35
15.2
15.11
14.99
14.9
14.78
14.71
14.65
14.56
14.41
14.38
14.39
14.49
14.75
15.13
15.52
16.13
16.73
17.21
17.92
18.48
18.93
19.8
20.37
20.92
21.2
21.97
22.72
23.17
23.55
24.15
24.41
24.69
24.99
25.59
25.88
26.18
26.25
26.42
26.42
26.33
26.58
26.41
26.38
26.57
26.42
26.41
26.31
26.22
26.12
25.88
25.21
25.11
25.29
25.06
24.34
23.86
23.4
22.97
22.66
22.55
22.5
22.38
22.31
22.12
21.91
21.68
21.48
21.34
21.2
21.08
20.94
20.7
20.47
20.26
20.07
19.86
19.62
19.42
19.21
19
18.76
18.48
18.2
17.92
17.68
17.46
17.24
17.05
16.92
16.74
16.52
16.34
16.2
16.05
15.92
15.87
15.8
15.72
15.65
15.56
15.45
15.36
15.31
15.2
15.14
15.08
15.06
15.17
15.39
15.76
16.3
16.84
17.3
18.17
18.54
19.36
20.17
20.91
21.42
21.93
22.56
23.3
23.67
24.08
24.81
24.97
25.16
25.6
25.96
26.52
26.79
27.25
27.3
27.67
28
28.57
28.46
28.58
28.84
29.04
28.92
28.94
29.06
29.17
29.08
28.97
28.79
28.61
28.25
27.84
27.18
26.61
26.18
25.71
25.35
25
24.58
24.25
23.93
23.71
23.57
23.39
23.19
22.98
22.73
22.46
22.17
21.96
21.73
21.45
21.3
21.1
20.9
20.71
20.58
20.58
20.5
20.33
20.24
20.22
20.04
19.88
19.72
19.54
19.32
19.22
19.12
18.94
18.79
18.84
18.6
18.37
18.08
17.85
17.7
17.93
17.76
17.56
17.07
16.54
16.71
17.03
17.23
17.56
17.96
18.5
19.18
20.18
21.62
20.87
21.15
21.63
22.13
22.72
23.27
23.8
24.45
24.93
25.81
26.47
27.21
27.08
28.04
28.08
28.85
28.51
29.19
30.28
30.09
30.3
30.56
30.95
31.16
31.78
31.73
31.96
31.63
31.65
31.67
31.75
31.71
31.82
31.52
31.36
31
30.54
30.11
29.63
29.16
28.93
28.85
27.91
27.54
27.28
27.06
26.77
26.2
25.81
25.68
25.61
25.5
25.13
24.65
23.77
23.31
23.16
23.01
22.73
22.61
22.5
22.33
22.31