23.84
23.78
23.67
23.43
23.03
22.75
22.66
22.6
22.56
22.46
22.23
21.67
20.84
20.14
20.13
20.71
21.01
21.2
20.95
20.9
20.9
21.21
20.94
20.57
20.53
20.16
20.3
20.24
19.89
19.66
19.93
20.76
21.24
22.17
22.98
24.11
25.06
25.88
26.59
27.5
28.18
28.73
29.35
29.9
30.46
31.11
31.75
31.97
32.23
32.74
32.79
33.27
33
33.73
33.81
33.85
34.08
34.01
34.14
34.19
34.6
34.33
33.79
34
33.54
33.32
33.53
33.02
32.44
31.93
31.48
31.12
30.51
30.85
29.94
29.85
29.91
29.97
29.64
29.2
28.87
28.22
28.11
28.74
28.82
25.64
24.47
25.48
25.82
25.97
25.9
25.2
24.05
23.76
25.06
25.06
24.45
24.14
23.53
24.05
24.34
24.24
23.67
23.46
23.5
23.01
22.71
22.44
22.29
22.05
21.83
21.5
21.14
20.88
20.77
20.65
21.1
21.14
21.59
21.8
21.91
22.24
22
22.06
22.04
22.26
22.1
22.58
23.34
23.99
25
25.82
26.72
27.44
28.3
28.47
28.58
28.72
29.03
30.01
30.76
31.25
31.84
32.12
32.33
32.3
32.12
33.13
33.13
33.31
33.3
33.13
32.97
32.73
33.04
33.87
33.56
33.59
33.56
34.3
34.29
34.38
34.14
33.74
33.43
32.63
32.19
31.66
31.16
30.74
30.46
30.27
29.56
30.45
30.36
29.66
29.52
29.1
28.68
28.37
28.2
28.06
28.25
28.48
28.57
28.47
28.22
28.09
27.69
26.95
26.3
25.79
25.7
25.53
25.81
26.09
25.77
25.37
25.28
25.21
24.97
24.99
24.9
24.29
23.86
23.63
23.45
23.35
23.15
23.12
23.19
22.99
22.79
22.46
23.18
23.39
23.45
23.21
22.82
22.77
22.81
21.84
21.65
21.85
21.98
22.13
22.11
22
21.89
21.1
20.6
20.53
20.71
20.85
20.88
21.03
21.16
21.41
21.5
21.49
21.45
21.4
21.3
21.29
21.37
21.43
21.67
21.66
21.76
21.92
22.02
22.08
22.03
21.87
21.82
21.81
21.8
21.7
21.66
21.62
21.57
21.57
21.59
21.51
21.43
21.37
21.3
21.22
21.19
21.16
21.04
20.9
20.79
20.73
20.59
20.44
20.3
20.12
20.03
20.07
20.07
20.07
20.06
20.06
20.04
19.99
20.01
19.97
20.03
20.03
20.07
20.09
20.11
20.11
20.08
20.07
20.04
20.03
20.04
20.05
20
19.96
19.97
19.92
19.83
19.72
19.65
19.61
19.54
19.47
19.41
19.36
19.26
19.17
19.14
19.25
19.33
19.25
19.55
20.11
20.09
20.84
21.05
21.35
21.52
21.74
22.04
22.82
23.14
22.49
22.62
22.62
22.93
23.32
23.32
23.82
24.05
24.22
24.47
24.57
24.85
25.27
25.63
26.02
26.44
26.68
27.08
26.92
26.82
27.34
27.23
27.43
28.06
28.08
28.1
27.5
27.52
27.11
26.79
26.33
25.87
25.54
25.27
24.95
24.73
24.67
24.47
24.15
24.1
24.1
24.03
23.85
23.71
23.8
23.65
23.57
23.38
23.27
23.07
23.04
23.07
23.15
23.16
23
22.85
22.78
22.74
22.71
22.79
22.69
22.6
22.54
22.42
22.22
22.03
21.85
21.65
21.46
21.22
21
20.75
20.87
21.12
21.15
21.04
21.02
21.12
21.33
21.43
21.5
21.52
21.53
21.7
22.07
22.45
23
23.63
24.37
25.32
26.42
27.1
27.88
28.2
28.5
28.52
28.93
29.33
29.61
30.23
30.52
31.28
31.89
31.95
31.37
31.64
32.03
32.08
32.61
32.67
33.07
33.15
33.63
33.09
32.47
32.77
33.24
33.08
33.14
33.78
33.7
32.88
32.16
31.66
30.98
30.46
30.06
29.68
29.68
29.5
29.43
29.34
28.62
28.38
28.52
28.13
28.02
27.81
27.77
27.83
27.73
27.23
26.76
26.66
26.83
26.51
26.11
25.75
25.54
25.5
25.39
25.28
25
24.61
24.37
24.16
23.99
23.84
23.73
23.61
23.49
23.27
23.39
23.51
23.49
23.11
22.85
22.82
22.77
22.73
22.64
22.29
22.09
22.04
21.93
21.92
21.91
21.79
21.82
22.05
22.77
23.94
24.72
25.18
25.21
25.94
25.8
25.8
26.09
26.81
27.62
27.65
28
28.42
28.71
28.94
29.51
30.49
30.94
31.39
31.47
31.59
31.51
31.9
32.06
32.05
32.34
32.89
33.06
32.98
32.93
33.32
33.06
33.06
33.07
33.04
33.43
32.95
32.99
32.18
31.63
30.99
30.35
30
29.67
29.53
29.56
28.77
28.49
28.62
28.05
27.92
27.62
27.56
27.31
27.61
27.44
27.33
26.89
26.68
26.48
26.52
26.71
26.55
26.17
26.05
25.95
25.86
25.91
25.85
25.44
24.71
23.92
23.67
23.57
23.55
23.36
23.31
22.76
22.22
21.74
21.58
21.62
21.59
21.53
21.8
21.68
21.77
21.47
21.2
21.16
21.26
21.06
21.37
22.07
22.64
23.24
23.81
24.28
25.3
26.28
27.53
28.58
28.16
28.96
29.23
29.61
29.97
30.27
30.58
30.85
31.26
31.68
32.11
33.07
33.03
33.54
34.34
34.14
34.57
35.11
34.96
35.06
35.06
35.45
35.57
35.58
35.52
35.62
35.94
35.87
35.96
35.94
36.71
36.29
36.29
35.84
34.46
33.73
33.48
32.76
32.21
31.43
31.21
30.8
30.41
30.4
30.1
29.81
28.87
29
29.16
28.42
27.01
27.04
27.9
27.92
27.87
27.17
26.55
26.28
26.32
26.28
26.63
26.76
26.36
26.18
25.63
25.09
25.28
24.97
24.95
25.35
25.68
25.47
24.94
24.42
24.14
23.25
22.15
21.76
21.64
22.08
22.73
22.79
22.38
22.42
22.74
23.12
23.01
22.67
23.12
23.57
23.82
24.33
24.67
25.18
25.95
26.68
27.49
28.06
28.62
29.39
30.07
30.82
31.29
32.08
32.12
32.58
32.95
33.27
33.75
33.91
33.81
33.8
34.23
34.72
34.61
35.08
34.94
34.94
34.8
33.82
33.8
33.6
33.48
33.09
33.1
33.25
33.24
32.93
32.53
31.83
31.27
30.75
30.56
29.88
29.54
28.91
28.6
28.19
27.85
27.55
27.22
26.9
26.66
26.32
26.1
25.92
25.84
25.65
25.51
25.37
25.31
25.16
24.97
24.76
24.57
24.37
24.22
24.06
23.91
23.87
23.84
23.73
23.57
23.42
23.4
23.29
23.26
23.25
23.18
22.93
22.67
22.53
22.41
22.32
22.21
22.04
21.89
21.72
21.54
21.37
21.31
21.29
21.23
21.24
21.55
21.89
21.96
22.13
22.51
22.83
23.53
24.33
25.13
26.04
26.19
27.16
27.6
27.72
27.82
27.69
28.17
28.76
28.88
29.11
29.69
29.74
29.98
30.02
30.13
30.45
30.61
30.62
30.69
31.22
31.46
31.7
31.22
30.77
30.11
29.52
28.93
28.32
28.07
27.77
27.4
27.16
26.99
26.71
26.44
26.28
26.08
25.83
25.59
25.38
25.2
25.01
24.83
24.64
24.43
24.21
24
23.79
23.56
23.4
23.22
23.04
22.91
22.83
22.63
22.45
22.35
22.18
22.01
21.85
21.8
21.61
21.37
21.14
20.89
20.72
20.59
20.46
20.18
20
19.88
19.81
19.56
19.39
19.32
19.21
19.18
19.11
19.07
18.86
18.51
18.26
18.15
18.11
18.11
18.43
18.89
19.36
20.2
21.19
22.11
22.68
23.99
24.3
24.49
25.14
25.44
25.8
26.61
26.87
27.6
28.38
28.81
29.46
29.13
29.11
29.63
29.88
30.22
30.61
30.91
31.35
31.92
31.85
32.09
32.13
32.25
32.75
32.82
32.75
33.12
33.3
33.27
33.83
34.32
33.5
32.48
31.65
30.96
30.4
30.2
29.94
29.43
29.17
28.62
28.23
27.93
27.97
27.52
27.24
26.97
26.64
26.79
26.69
26.52
26.11
25.51
25.4
25.07
24.92
24.72
24.59
24.36
24.28
24.11
23.94
23.57
23.22
22.99
22.88
22.86
22.78
22.89
22.71
22.76
22.69
22.5
22.46
22.46
22.3
22.16
22.09
22.15
21.61
21.13
20.85
20.78
20.69
20.93
20.77
20.9
21.1
21.49
21.94
22.23
22.78
23.47
24.26
24.91
25.58
26.89
27.66
28.01
28.5
29.1
29.94
30.29
31.14
31.61
32.37
32.72
33.23
33.61
33.88
34.32
34.49
34.76
34.92
34.9
35.05
35.2
35.43
35.49
35.24
35.53
36.15
35.96
35.79
35.65
35.41
35.28
35.08
34.9
34.52
33.79
33.48
34.05
34.01
33.74
33.54
33.31
32.54
31
30.69
30.16
30.26
30.02
30.38
30.74
30.75
30.99
31.21
29.57
26.11
26.86
26.96
26.54
26.18
26.05
25.52
25.83
26.3
25.93
25.42
24.77
24.5
24.01
23.92
23.76
23.81
24
24.14
23.95
23.9
23.61
23.32
23.12
23.12
22.84
22.65
22.54
22.92
22.96
23.17
23.25
23.22
22.74
22.68
22.95
23.15
23.76
24.53
25.03
26.13
27.31
28.28
29.13
29.81
30.31
30.69
31.03
31.64
32.04
32.59
33.16
33.66
34.15
34.75
34.97
35.25
35.49
35.81
35.32
35.09
35.54
36.1
35.96
36.03
36.01
35.02
35.62
35.81
35.33
35.29
34.77
34.45
33.89
32.82
32.56
32.67
32.44
32.06
31.3
30.86
30.82
30.72
30.85
30.75
30.46
30.6
30.58
30.45
30.24
30.34
29.94
29.05
28.61
28.8
28.82
28.59
28.13
27.74
27.16
26.01
24.99
25.81
26.85
27.54
27.7
27.71
27.01
23.96
23.48
23.22
22.88
22.51
22.15
22.17
22.15
21.91
21.74
21.52
21.21
21.14
20.79
20.62
20.42
20.22
20.32
20.47
20.53
20.55
20.62
20.76
21.07
21.53
22.04
22.29
22.85
22.88
22.96
23.17
23.35
23.03
23.78
24.7
25.1
24.81
26.04
26.57
27.26
27.1
27.07
27.44
28.17
28.66
29.1
29.13
29.74
30.31
30.8
31.2
31.49
31.88
32.18
32.36
32.29
32.72
32.65
32.84
32.52
32.42
32.36
31.98
31.63
30.98
30.25
29.68
29.13
28.89
28.63
28.47
28.15
27.64
27.17
26.88
26.27
25.77
25.71
25.29
24.91
24.75
24.66
24.47
24.26
23.98
23.65
23.35
23.03
22.69
22.42
22.31
22.34
22.29
22.11
22.02
21.92
21.86
21.71
21.5
21.51
21.52
21.47
21.4
21.17
20.78
20.58
20.46
20.57
20.53
20.28
20.02
19.84
19.55
19.33
19.34
19.33
19.29
19.38
19.48
19.57
20.25
20.5
21.1
21.92
22.4
23.44
23.82
24.45
25.13
26.37
26.99
27.65
28.3
29.25
29.82
30.15
30.81
31.25
31.6
32.04
32.48
33.11
33.34
33.65
33.95
34.55
34.64
34.79
34.93
35.04
34.93
35.07
35.09
35.06
34.91
35.41
35.31
35.05
34.87
34.3
33.85
33.41
33.26
32.88
33.01
33.4
33.18
30.27
28.71
29.56
29.81
29.33
29.09
28.77
28.53
27.72
27.98
27.85
28.06
28.12
27.56
26.6
26.8
26.89
26.07
25.33
24.57
25.08
25.24
24.47
24.01
22.86
22.05
21.95
21.83
21.56
21.45
21.82
21.66
20.62
19.39
19.13
20.05
20.93
21.86
22.2
22.22
22.1
20.98
20.51
20.61
21.05
20.94
20.65
20.71
21.57
22.23
22.82
23.26
23.67
24.16
24.48
25.41
26.26
27.25
28.17
28.85
29.4
30.04
30.43
31.29
31.94
32.57
33.09
33.59
33.94
34.28
34.57
34.76
34.88
34.98
35.19
35.33
35.52
35.54
35.48
35.52
35.53
35.56
35.84
35.57
35.71
35.58
35.98
35.6
35.39
35.47
34.89
32.87
32.13
31.61
31.23
31.2
31.4
31.3
31.57
31.59
29.35
30.24
31.03
29.96
30.74
30.73
30.72
29.85
30.94
30.5
29.89
26.82
24.27
24.49
24.83
24.87
24.84
24.8
24.72
24.71
25.08
24.95
24.73
24.79
24.18
23.99
23.89
24.05
23.73
23.25
22.59
22.52
22.05
22.19
22.88
22.8
22.43
21.91
21.97
21.98
22.11
22.13
22.13
22.2
22.28
22.35
22.53
22.83
23.5
24.03
24.49
25.29
26.12
26.94
27.87
28.9
29.68
30.57
31.41
32.01
32.7
33.23
33.58
34.04
34.47
34.77
34.89
35.1
35.19
35.25
35.45
35.36
35.34
35.34
35.32
35.3
35.23
35.19
35.31
35.27
35.18
34.94
34.7
34.42
33.85
33.21
32.51
31.89
31.23
30.79
30.7
30.49
30.27
30.23
29.4
28.88
28.34
28.06
28.02
28.38
28.13
27.26
27.31
27.17
26.47
25.98
25.42
25.05
24.79
24.25
23.78
23.23
22.78
22.9
23.1
22.57
22.49
22.81
22.8
22.51
22.32
22.47
22.36
21.96
21.42
21.55
21.5
20.96
20.46
20.5
20.65
20.73
20.53
20.63
20.63
20.78
20.13
19.57
20
20.07
20.41
21.15
21.41
21.74
22.21
23.45
24.61
25.59
26.79
27.85
28.76
29.72
30.64
31.55
32.22
32.8
33.31
33.82
34.08
34.31
34.51
34.69
34.77
34.93
34.97
34.88
35.02
35.3
35.4
35.18
35.14
35.16
35.4
35.21
35.42
35.11
35.04
34.81
34.49
34.2
33.93
33.62
32.46
32.08
31.46
30.45
30.19
30.45
30.26
30.26
29.94
28.37
28.61
28.86
29.54
29.57
28.91
28.81
28.21
27.15
26.38
28.24
28.61
28.88
28.53
27.3
26.65
25.85
25.42
25.88
25.71
25.1
25.85
26.38
25.18
24.76
24.62
25.15
24.94
25.28
25.2
24.33
23.81
23.13
22.85
22.59
22.84
22.49
23.06
23.09
21.52
19.64
19.75
19.71
19.97
21.29
21.91
22.14
22.4
22.82
23.56
24.7
25.5
26.26
27.2
27.35
28.18
28.87
29.84
30.79
31.78
32.08
32.49
33.12
33.6
34.14
34.29
34.55
34.72
34.84
35.14
35.1
35.2
35.1
35.47
35.84
35.22
35.5
35.1
35.39
35.19
35.42
35.49
35.23
35.39
35.28
34.75
34.31
34.12
33.51
32.71
32.4
32.13
31.82
31.6
30.08
29.78
29.61
28.08
27.44
27.43
27.46
27.39
26.65
26.1
25.49
25.17
24.83
25.42
25.6
25.12
25.33
25.13
24.69
24.56
24.16
24.08
23.71
23.22
23.68
23.92
23.46
23
21.95
22
22.19
22.16
21.95
22.34
21.91
21.54
22.01
22.13
22.2
22.4
21.54
21.92
21.63
20.72
19.48
18.67
19.92
20.64
21.29
21.59
22.33
23.07
23.81
24.45
25.37
26.66
26.98
27.68
28.86
30.08
30.67
31.14
31.92
32.28
32.55
33.02
33.04
33.25
33.72
33.89
34.36
34.22
34.61
34.52
34.74
34.81
35.05
35.59
35.5
35.48
35.77
36.45
36.89
35.98
36.06
36.91
36.29
35.51
34.86
34.45
34.02
32.29
31.36
31.14
31.02
30.41
29.4
29.23
29.72
29.86
29.27
29.42
29.24
27.32
26.81
27.42
26.65
26
25.33
25.45
25.76
26.43
26.13
24.79
24.44
25.07
25.82
25.5
26.12
25.95
26.32
26.98
26.97
26.18
25.49
25.11
23.15
21.28
20.84
21
21.23
21.38
21.08
21.04
19.41
18.74
19.76
21.57
22.29
22.76
23.28
22.78
22.62
22.38
22.08
22.12
22.77
23.73
24.41
25.31
26.76
27.62
28.13
28.96
29.78
30.83
31.28
31.56
31.68
32.07
32.34
32.63
33.02
33.1
33.33
33.66
33.87
33.81
34.04
34.23
34.57
34.85
34.57
34.49
34.6
34.48
34.78
34.46
34.56
34.86
34.64
34.04
34.02
33.64
32.87
32.6
32.19
32.27
31.53
30.95
29.81
29.6
29.49
29.07
28.75
28.5
28.61
28.56
28.13
27.83
27.84
27.85
27.78
27.57
26.33
26.34
26.76
26.19
25.48
25.44
27.03
24.93
24.44
25.78
26.39
26.46
23.11
23.14
23.6
23.71
22.71
22.2
21.55
20.27
20.37
20.44
20.13
20.43
20.41
20.83
20.87
20.87
20.34
20.11
20.81
21.63
20.23
16.88
17.59
18.98
19.94
20.99
22.31
23.94
23.78
24.51
25.06
26.83
28.07
27.8
28.56
29.54
30.52
30.48
31.04
31.43
31.99
31.81
32.37
33.28
33.41
33.69
33.62
33.65
34.22
34.23
34.29
34.83
34.53
34.43
34.43
34.19
34.36
34.46
34.44
33.89
33.89
34.24
33.63
33.22
32.83
32.28
31.13
30.65
30.5
29.66
29.44
29.97
29.82
29
28.75
28.67
28.01
26.68
27.18
28.18
28.41
28.14
26.37
27.13
26.78
27
26.99
27.96
27.7
27.3
27.42
25.51
23.71
23.84
23.5
23.64
23.91
25.17
23.75
22.62
22.97
22.47
21.96
22.78
21.97
21.18
20.72
19.89
19.94
19.19
18.58
18.78
18.83
18.65
19.26
19.8
20.55
20.08
18.82
20.05
20.57
20.93
21.93
23.31
24.68
25.42
27.14
27.79
27.63
27.94
28.71
29.11
29.56
30.04
30.2
30.53
30.17
30.83
30.57
30.96
31.26
31.47
31.77
32.13
32.45
32.56
33.35
33.52
33.55
33.86
34.4
34.68
34.69
34.08
34.03
33.79
33.67
33.23
32.87
32.41
31.92
31.34
30.64
29.89
29.51
29.31
28.86
28.43
28.24
27.89
27.53
27.19
26.83
26.53
26.41
26.17
25.92
26.03
25.96
25.77
25.63
25.39
25.02
24.61
24.3
23.92
23.61
23.39
23.05
22.85
22.59
22.35
22.27
22.1
21.81
21.54
21.18
20.82
20.54
20.49
20.36
20.08
19.86
19.8
19.68
19.58
19.26
18.86
18.93
19.01
19.22
18.63
18.33
17.8
18.2
18.58
18.89
19.57
20.29
20.81
21.22
21.8
22.14
22.57
23.03
23.36
24.43
24.73
25.27
25.03
26.25
26.63
26.42
27.25
27.54
28.04
28.08
29.05
29.18
29.52
29.83
29.63
29.89
30.44
30.45
30.76
30.68
30.85
30.93
31.02
31.3
30.94
30.83
30.69
30.44
30.09
29.51
28.9
28.27
27.76
27.39
27.2
26.89
26.74
26.78
26.35
26.19
25.92
25.89
25.74
25.45
25.48
25.47
24.83
24.74
24.1
23.79
23.98
23.72
23.74
23.26
22.68
21.88
21.18
20.82
20.85
20.68
20.64
20.95
21.02
20.7
20.63
20.46
20.14
19.87
19.06
18.92
18.8
18.62
18.65
18.48
18.61
18.74
18.23
17.63
17.16
16.93
17.01
17.21
17.3
17.67
18.45
19.1
19.37
20.06
21.55
23.08
24.41
25.65
27.05
28.2
28.92
29.83
30.63
31.34
31.72
32.28
32.84
33.4
33.75
34.11
34.55
34.12
34.57
34.26
34.38
34.43
34.57
34.65
34.58
34.67
34.55
34.77
35.01
34.71
34.92
34.86
35.28
35.74
35.02
34.57
33.99
33.61
32.85
31.83
31.58
31.16
30.81
30.67
30.23
29.63
29.39
29.27
29.05
29.06
28.24
28.05
28.12
27.62
27.17
26.79
26.69
27.91
28.18
27.83
27.75
27.3
26.98
27.5
26.76
26.86
27.02
25.66
25.23
24.89
23.77
23.12
22.86
22.53
22.19
22.19
21.58
21.27
21.76
21.22
21.29
22.15
22.39
22.96
22.9
22.41
23.25
23.08
21.89
21
21.16
21.86
22.33
23.24
23.98
24.29
24.5
24.54
24.52
26.21
26.19
27.1
29.03
29.57
30.42
31.47
31.32
31.91
32.69
33.08
33.25
34.01
34.61
34.68
35.03
35.36
35.99
36.29
36.29
36.42
36.15
36.62
37.45
36.5
36.79
36.24
36.04
36.2
36.57
36.78
36.82
36.35
35.38
34.31
33.66
33.08
32.22
32.3
31.59
30.68
30.56
29.98
29.62
29.29
29.26
28.89
28.59
28.07
27.96
27.78
27.45
27.14
26.98
26.9
26.53
26.64
26.66
26.02
25.91
25.87
25.35
24.86
24.6
24.22
23.76
23.49
23.32
23.06
23.14
22.69
22.38
21.41
21.13
20.98
21.15
20.81
21.1
21.04
22.22
22.13
21.73
21.33
21.31
21.22
20.9
20.7
20.19
19.92
19.96
20.94
21.39
22.19
22.87
24.22
24.85
25.3
27.12
28.07
27.86
28.27
28.97
29.77
31.01
31.56
31.75
32.13
32.75
33.06
33.31
33.79
34
34.12
34.39
34.75
34.96
35.31
35.93
36.08
36.25
36.6
36.56
36.75
37.07
37.51
38.22
37.35
36.34
35.92
35.74
35.18
34.47
34.57
34.68
34.29
34.18
33.76
31.83
28.98
28.75
29.69
29.15
29.85
30.42
29.39
28.55
28.91
28.56
27.99
28.22
27.77
27.15
26.8
26.57
27.13
27.64
27.6
27.88
27.66
27.73
26.09
24.89
24.79
25.19
25.65
24.73
23.19
22.04
21.76
21.5
21.59
21.32
21.44
22.74
23.72
23.33
22.91
21.97
21.75
21.41
21.41
21.31
21.29
21.69
21.61
22.1
22.38
22.73
23.66
23.99
25.23
26.45
27.35
28.35
29.21
29.53
30.36
31.09
31.98
33.02
33.52
34.18
34.67
34.86
35.26
35.45
35.66
35.85
35.95
36.22
36.43
36.3
36.44
36.6
36.55
36.77
36.68
36.68
36.63
36.69
36.53
36.32
36.16
36.09
35.16
33.81
33.32
33.18
32.9
32.75
32.48
32.16
32.14
32.14
31.87
31.8
31.24
30.81
30.28
29.6
28.58
27.04
26.43
27
27.24
27.29
27.57
27.26
27.34
27.37
27.49
27.4
27.17
27.11
26.82
26.24
24.58
24.38
24.58
23.94
24.5
24.86
24.78
23.38
23.35
23.16
23.48
23.39
22.6
22.57
22.51
22.31
22.54
22.43
22.22
22.22
22.19
22.49
22.44
22.46
22.78
22.38
22.89
22.83
23.18
23.95
25.1
26.17
26.88
27.91
28.7
29.61
30.44
31.5
32.34
33.12
33.9
34.47
35.1
35.57
36.03
36.28
36.33
36.52
36.54
36.37
36.27
36.94
36.84
35.72
36.32
37.16
36.89
36.4
36.34
36.47
36.53
36.94
36.34
35.57
35.18
35.16
34.88
34.51
34.52
34.65
34.54
33.65
32.85
32.89
33.29
33.29
32.73
31.52
29.62
29.19
29.81
30.32
30.8
31.42
30.73
27.98
26.61
25.56
24.48
23.99
23.47
23.05
23.16
23.2
22.9
22.58
22.31
22.12
21.96
21.75
21.46
21.21
21.05
20.75
20.61
20.7
20.46
20.28
20.2
20.15
20.16
20.25
20.3
20.2
20.22
20.24
20.1
19.88
19.7
19.71
19.75
19.78
19.81
19.88
20.26
21.33
21.84
22.75
23.18
23.4
23.86
23.84
24.42
24.59
24.39
24.71
25.37
25.91
25.9
26.8
26.73
25.83
25.69
25.66
25.7
26.22
26.43
25.99
25.29
25.03
24.63
24.44
24.7
24.61
24.56
24.21
24.04
24.03
23.94
23.84
23.68
23.63
23.5
23.05
22.59
22.3
22.03
21.8
21.72
21.61
21.47
21.4
21.38
21.25
21.11
21.01
21
20.93
20.96
20.87
20.66
20.5
20.49
20.47
20.44
20.3
20.12
19.99
19.76
19.52
19.26
19.1
18.95
18.66
18.53
18.46
18.22
18.2
17.83
17.58
17.73
17.87
17.45
17.26
16.76
16.62
16.39
16.34
16.24
16.32
16.07
15.79
15.68
15.33
15.15
15.06
15.26
15.71
16.12
16.59
17.06
17.65
18.32
19.1
19.93
21.13
21.7
22.68
23.2
24.15
24.73
25.46
24.99
25.25
24.86
25.68
26.17
26.69
26.64
26.56
26.57
26.72
26.41
26.6
27.64
27.78
27.23
26.46
26.04
25.78
25.69
25.65
25.4
24.61
23.83
23.34
22.89
22.5
22.17
21.86
21.42
20.88
20.42
20.11
19.79
19.51
19.24
19.12
19.03
18.99
18.93
18.74
18.42
18
17.58
17.2
16.95
16.68
16.61
16.52
16.32
16.22
16.13
16.14
15.93
15.98
15.67
15.69
16.03
15.83
15.36
15.23
15.13
15.17
14.96
14.77
14.55
14.33
14.25
14.26
14.45
14.79
14.63
14.4
14.38
14.45
14.4
14.22
14.11
13.85
13.54
14.15
15.11
15.42
15.66
16.39
17.07
18.11
19.24
20.4
20.91
21.8
22.7
23.69
24.39
24.3
24.84
25.21
26.03
26.61
27.06
27.49
27.98
28.24
28.56
29.05
29.46
29.64
30.49
31.16
31.53
31.55
31.93
32.11
31.96
32.01
32.46
32.62
32.71
33.18
33.11
32.85
32.7
32.03
31.26
30.52
30.14
29.86
29.17
28.34
27.71
27.4
27.11
26.8
26.53
26.3
26.08
25.66
25.36
25.25
24.88
24.53
24.37
24.19
24.12
23.98
23.65
23.5
23.36
23.24
22.91