24.40
24.09
23.90
23.61
23.69
23.77
23.64
23.54
23.32
22.97
22.56
22.38
21.98
21.12
20.82
20.90
20.62
20.40
20.45
20.60
20.89
21.30
21.69
21.84
21.68
21.77
21.68
21.58
21.37
21.18
21.46
21.66
22.15
22.81
23.41
24.14
25.12
25.84
26.55
27.22
27.78
28.60
29.07
29.47
29.82
30.20
30.59
31.00
31.29
31.58
31.81
32.04
32.15
32.01
32.01
32.10
32.08
32.16
32.31
32.39
32.60
32.54
32.42
32.31
32.17
32.07
31.86
31.51
31.24
30.78
30.24
29.66
29.09
28.86
28.68
28.42
28.20
27.89
27.62
27.30
27.05
26.72
26.60
26.31
25.87
25.42
25.10
24.90
24.50
24.97
25.20
24.95
24.44
24.22
23.93
23.55
23.34
23.11
22.85
22.51
22.22
22.21
22.04
21.73
21.52
21.35
21.13
20.80
20.56
20.25
20.14
20.21
20.07
19.87
19.47
19.17
19.47
19.66
19.31
19.10
19.20
19.04
19.12
19.26
19.33
19.41
19.73
20.14
20.45
20.98
21.46
22.05
22.65
23.19
23.81
24.40
25.06
25.53
26.09
26.65
27.11
27.49
27.88
28.14
28.47
28.92
29.15
29.49
29.63
30.14
30.27
30.41
30.65
30.74
30.91
31.13
31.40
31.37
31.21
31.37
31.12
31.05
31.08
30.87
30.50
30.10
29.68
29.25
28.59
28.35
27.97
27.58
27.31
27.19
26.77
26.34
26.01
25.63
25.36
25.57
25.37
24.02
23.57
23.73
23.82
23.81
23.79
23.51
22.83
22.34
22.55
22.27
21.78
21.19
20.68
20.55
20.46
20.21
19.87
19.82
19.94
19.72
19.43
18.30
18.17
18.00
17.87
17.64
17.48
17.39
17.25
17.05
17.16
17.18
17.26
17.12
17.07
17.15
17.06
17.16
17.29
17.52
17.75
18.29
18.88
19.49
20.14
20.78
21.45
22.08
22.69
23.05
23.50
23.99
24.41
25.02
25.70
26.14
26.58
26.92
27.43
27.59
27.77
28.40
28.65
28.80
28.93
29.07
29.11
29.13
29.47
29.64
29.60
29.59
29.47
29.56
29.43
29.22
28.90
28.56
28.15
27.48
26.85
26.22
25.69
25.23
24.81
24.49
24.01
24.04
23.75
23.32
23.07
22.72
22.39
22.05
21.74
21.51
21.41
21.33
21.16
20.92
20.68
20.45
20.18
19.81
19.53
19.27
19.10
18.90
18.89
18.82
18.51
18.21
18.02
17.90
17.71
17.65
17.54
17.18
17.00
16.77
16.49
16.36
16.20
16.19
16.22
16.13
16.07
15.97
16.22
16.30
16.24
16.06
15.82
15.77
15.89
15.70
15.76
15.97
16.13
16.32
16.48
16.73
16.72
16.74
16.82
17.01
17.23
17.54
17.76
18.08
18.32
18.70
18.76
19.06
19.17
19.17
19.32
19.40
19.55
19.63
19.95
19.96
19.82
20.01
20.03
20.12
20.11
20.09
20.18
20.18
20.15
20.05
19.98
19.71
19.35
19.10
18.84
18.64
18.49
18.41
18.24
17.93
17.78
17.66
17.43
17.18
17.01
16.80
16.50
16.30
16.07
15.88
15.81
15.67
15.44
15.27
15.10
14.95
14.89
14.84
14.87
14.90
14.91
14.86
14.77
14.63
14.47
14.29
14.12
13.97
13.85
13.73
13.66
13.50
13.42
13.44
13.32
13.15
13.03
12.91
12.84
12.79
12.69
12.59
12.51
12.41
12.32
12.25
12.24
12.37
12.54
12.65
12.91
13.45
13.97
14.55
14.95
15.31
15.91
16.31
16.86
17.41
17.78
17.98
18.26
18.65
19.19
19.71
19.96
20.37
20.84
21.08
21.60
21.82
22.26
22.53
22.97
23.39
23.80
23.87
24.30
24.30
24.55
24.78
24.66
24.80
24.95
24.90
24.87
24.60
24.43
24.09
23.68
23.13
22.69
22.44
22.09
21.69
21.41
21.29
21.07
20.84
20.68
20.49
20.29
20.09
19.80
19.70
19.61
19.23
18.78
18.58
18.26
18.08
18.06
18.15
18.14
18.01
17.85
17.83
17.82
17.68
17.54
17.30
17.11
16.97
16.85
16.74
16.69
16.44
16.19
16.06
15.78
15.56
15.36
15.34
15.46
15.48
15.48
15.41
15.42
15.49
15.43
15.32
15.34
15.50
15.73
16.07
16.53
16.95
17.61
18.45
19.44
20.48
21.20
22.07
22.65
23.23
23.71
24.49
25.13
25.76
26.61
27.13
27.94
28.30
28.65
28.55
29.16
29.73
29.89
30.56
30.57
30.98
31.22
31.19
31.05
31.13
31.48
31.65
31.68
31.68
31.87
31.74
31.32
30.85
30.49
29.95
29.36
28.84
28.46
28.23
27.89
27.71
27.33
27.01
26.85
26.88
26.72
25.64
25.57
25.39
25.31
25.11
24.77
24.53
24.28
23.92
23.79
23.48
23.13
22.71
22.97
22.85
22.72
22.43
22.17
21.80
21.79
21.70
21.76
21.49
21.48
21.47
21.38
21.22
20.86
20.45
20.27
20.12
19.49
19.19
18.95
18.83
18.85
18.97
18.87
18.67
18.63
18.43
18.25
18.07
18.01
18.31
18.97
19.53
19.84
20.16
21.00
21.35
21.89
22.50
23.33
24.16
24.68
25.27
25.87
26.28
26.86
27.43
28.28
28.57
28.83
29.06
29.43
29.49
29.80
30.15
30.30
30.45
30.75
30.86
30.89
31.23
31.24
31.26
31.27
31.28
31.25
31.25
30.98
30.91
30.37
29.87
29.35
28.62
28.25
27.90
27.68
27.38
26.71
26.20
26.14
25.70
25.31
25.00
24.85
24.58
24.64
24.50
24.44
24.22
24.08
23.93
23.94
23.93
23.76
23.46
23.23
23.18
22.99
23.00
22.85
22.27
21.85
21.04
20.21
20.14
20.46
20.90
20.99
20.78
20.53
20.38
20.24
20.09
19.81
20.03
19.80
19.63
19.36
19.28
19.42
19.22
19.59
19.74
19.73
19.84
20.04
20.05
20.27
20.91
22.11
22.98
23.95
24.65
25.16
26.04
26.47
26.88
27.62
28.38
28.69
29.25
29.85
30.28
30.84
31.46
31.81
32.41
32.90
32.85
33.03
33.53
33.45
33.56
33.78
34.00
34.19
34.41
34.51
34.41
34.56
34.87
34.75
34.44
34.68
34.68
34.29
33.83
32.93
32.11
31.63
31.24
31.09
31.06
31.00
30.22
29.50
29.48
28.98
28.76
28.18
27.65
27.79
27.37
26.70
26.68
27.22
27.31
27.05
26.62
26.04
25.56
25.40
25.28
25.24
25.18
24.86
24.79
24.48
23.59
23.69
23.43
23.20
22.80
22.78
22.71
22.47
22.08
21.88
21.32
20.90
20.93
21.01
21.23
21.54
21.67
21.51
21.40
21.50
21.60
21.63
21.49
21.64
21.96
22.19
22.79
23.50
24.01
24.62
24.82
25.08
25.76
26.43
27.18
27.89
28.72
29.38
30.13
30.86
31.23
32.01
32.57
32.92
33.01
33.23
33.48
33.88
33.88
33.97
34.33
34.32
34.31
34.44
34.13
34.08
34.09
33.96
33.86
33.78
33.72
33.45
33.17
32.85
32.28
31.63
30.92
30.35
30.05
29.98
29.40
28.85
28.03
27.67
27.53
27.10
26.95
26.72
26.38
26.21
26.13
25.92
25.67
25.49
25.23
25.00
24.71
24.09
23.73
23.40
23.25
23.25
23.11
23.12
22.73
22.54
22.62
22.61
22.23
22.05
22.10
21.87
21.47
21.28
20.92
20.85
21.03
21.27
21.25
21.16
21.02
21.10
20.65
20.05
19.76
20.09
20.01
20.06
20.44
20.55
20.65
20.85
21.15
21.66
22.22
22.98
23.76
24.45
25.28
25.82
26.55
27.26
27.74
28.24
28.67
29.28
29.92
30.36
30.75
31.28
31.56
31.93
32.16
32.41
32.69
32.82
33.18
33.24
33.49
33.57
33.63
33.45
33.41
33.28
32.86
32.50
32.18
31.98
31.50
31.07
30.56
30.09
29.59
29.06
28.64
28.49
28.18
27.76
27.36
26.96
26.62
26.33
25.96
25.24
24.62
24.36
24.08
23.81
23.47
23.12
22.85
22.64
22.42
22.10
21.90
21.74
21.49
21.30
21.22
21.08
20.80
20.37
20.26
20.01
19.55
19.29
18.99
18.89
19.03
19.05
18.97
18.80
18.67
18.67
18.35
17.85
17.68
17.56
17.53
17.20
17.08
17.09
17.06
17.09
17.33
17.72
18.15
18.69
19.43
20.11
20.67
21.55
22.22
22.50
23.14
23.29
23.76
24.28
24.62
25.19
26.03
26.53
27.07
27.13
27.43
27.74
28.15
28.45
28.92
29.30
29.60
30.12
30.11
30.46
30.63
30.72
30.98
31.06
31.12
31.33
31.50
31.31
31.42
31.43
31.05
30.47
29.88
29.24
28.77
28.53
28.33
27.96
27.60
27.40
27.09
26.85
26.74
26.34
26.03
25.58
25.35
25.21
24.64
24.49
24.33
23.93
23.56
23.34
23.36
22.87
22.34
22.58
22.96
22.81
22.77
22.40
21.87
21.47
21.24
20.95
20.62
20.43
20.20
19.99
19.81
19.58
19.37
19.24
19.05
19.01
19.03
19.11
18.89
18.69
18.62
18.60
18.60
18.58
18.57
18.55
18.53
18.82
19.10
19.39
19.91
20.58
21.40
22.15
23.01
24.08
24.96
25.57
26.34
27.10
27.87
28.52
29.35
30.06
30.63
31.21
31.51
31.84
32.21
32.45
32.70
33.07
33.10
33.29
33.34
33.49
33.88
33.94
34.00
33.86
34.36
34.57
34.48
34.41
34.04
33.80
33.49
33.10
32.64
32.23
31.74
31.64
31.36
31.18
30.85
30.56
30.08
29.35
28.87
28.66
28.47
28.07
27.98
27.91
27.83
27.70
27.65
27.03
25.72
25.98
26.04
25.84
25.49
25.26
24.93
24.90
24.74
23.51
23.19
23.03
23.25
22.73
22.62
22.67
22.89
23.05
23.18
23.05
22.38
22.24
21.87
21.89
22.01
21.88
21.38
21.20
21.52
21.61
21.70
21.99
21.99
20.99
20.83
20.92
21.11
21.49
21.99
22.51
23.26
23.94
24.59
25.22
25.72
26.18
26.58
26.97
27.53
28.02
28.49
29.11
29.56
29.96
30.61
30.79
30.99
31.24
31.43
31.40
31.47
31.60
31.93
31.93
31.98
31.96
31.75
32.02
32.14
31.99
31.99
31.76
31.53
31.17
30.51
30.11
29.66
29.14
28.72
28.23
27.84
27.71
27.39
27.23
27.04
26.73
26.13
25.67
25.45
25.33
25.24
25.16
24.80
24.63
24.51
24.32
24.08
23.85
23.58
23.48
22.82
22.28
22.43
22.61
22.78
22.80
22.75
21.50
20.59
20.55
20.36
20.06
19.64
19.46
19.57
19.38
19.30
19.20
19.00
18.81
18.77
18.40
18.29
18.21
18.12
18.32
18.27
18.23
18.30
18.43
18.53
18.80
19.03
19.29
19.68
20.21
20.63
21.08
21.58
22.03
22.48
23.30
24.11
24.63
24.91
25.66
26.18
26.76
26.93
27.16
27.38
27.95
28.16
28.34
28.59
29.03
29.22
29.52
29.63
29.81
29.99
30.07
30.18
30.11
30.31
30.25
30.24
30.03
29.92
29.80
29.46
29.04
28.52
27.96
27.45
26.96
26.67
26.42
26.23
25.96
25.63
25.37
24.91
24.25
23.47
23.35
23.09
22.98
22.83
22.46
22.12
22.04
22.12
21.80
21.60
21.31
21.11
21.13
20.89
20.75
20.07
19.33
19.18
19.37
19.23
19.10
18.94
18.71
18.71
18.82
18.71
18.45
18.18
18.06
17.96
17.93
17.89
17.72
17.52
17.31
17.13
17.04
17.06
16.97
16.90
16.83
16.84
16.87
17.23
17.74
18.35
19.16
19.88
20.82
21.60
22.35
23.14
23.97
24.64
25.17
25.71
26.39
26.97
27.40
28.00
28.41
28.76
29.09
29.46
29.81
30.04
30.33
30.59
30.93
31.18
31.22
31.31
31.44
31.46
31.48
31.56
31.56
31.44
31.55
31.58
31.32
31.04
30.66
30.23
29.63
29.41
28.96
28.73
28.64
28.30
27.13
26.54
26.62
26.49
26.36
26.15
25.81
25.30
24.51
24.67
24.47
24.55
25.04
24.56
23.92
23.80
23.62
23.09
22.75
22.51
22.44
22.12
21.74
21.27
20.54
20.01
19.94
19.91
19.78
19.55
19.62
19.35
18.68
18.06
17.79
17.88
18.14
18.18
18.23
18.21
18.10
17.54
17.20
16.79
17.45
17.76
17.86
17.85
18.22
18.73
19.43
19.99
20.68
21.70
22.25
22.72
23.63
24.66
25.50
26.08
26.67
27.24
27.69
28.54
29.24
29.60
30.10
30.74
31.04
31.53
31.73
32.01
32.19
32.32
32.49
32.81
32.88
33.12
33.20
33.14
33.36
33.25
33.30
33.11
33.29
33.05
33.11
32.79
32.52
32.41
32.04
31.03
30.57
29.73
29.18
28.94
28.69
28.50
28.54
28.43
27.33
27.36
27.51
27.13
27.52
27.16
27.15
26.79
27.01
26.81
26.78
25.89
24.97
24.57
24.13
23.68
23.61
23.42
23.28
23.29
23.34
23.01
22.41
21.90
21.40
21.19
21.25
21.13
20.74
20.93
20.57
20.50
20.22
19.70
19.99
19.63
19.48
19.28
19.05
19.15
19.20
18.75
18.25
18.42
18.81
19.22
19.85
20.44
20.94
21.46
22.06
22.88
23.47
24.23
24.91
26.07
26.69
27.48
28.14
28.81
29.41
29.96
30.34
30.78
31.49
31.93
32.12
32.50
32.75
33.01
33.13
33.39
33.47
33.46
33.61
33.58
33.48
33.36
33.49
33.46
33.20
32.93
32.54
32.17
31.74
31.16
30.67
30.19
29.77
29.30
28.85
28.56
28.19
27.96
27.18
26.78
26.34
25.95
25.84
25.73
25.42
25.09
24.97
24.72
24.32
24.06
23.53
23.02
22.59
22.16
22.04
21.59
21.00
20.66
20.65
20.37
20.12
20.20
20.28
19.98
19.86
19.73
19.52
19.39
19.17
19.00
18.98
18.63
18.23
18.11
18.11
18.17
18.13
18.44
18.51
18.49
18.04
17.47
17.36
16.87
17.00
17.57
17.99
18.48
19.08
19.71
20.41
21.09
21.74
22.76
23.57
24.42
25.25
25.96
26.66
27.38
27.92
28.53
29.05
29.28
29.87
30.00
30.32
30.65
30.66
30.99
31.25
31.70
31.73
31.83
31.73
32.18
32.28
31.93
31.89
31.88
31.78
31.60
31.37
31.07
30.70
30.21
29.49
29.04
28.57
28.06
27.85
27.60
27.35
27.08
26.70
26.04
25.99
25.91
25.86
25.77
25.55
25.54
24.87
24.31
23.89
24.51
24.50
24.48
24.38
23.95
23.55
23.28
22.99
23.02
22.28
21.69
22.00
22.18
21.89
21.71
21.58
21.50
21.20
21.22
21.09
20.76
20.63
20.24
19.85
19.07
18.53
18.31
18.43
18.12
17.49
17.19
17.41
17.29
17.48
18.18
18.80
19.03
19.04
19.42
19.95
20.72
21.64
22.61
23.38
23.78
24.39
24.91
25.46
26.18
27.03
27.70
28.11
28.59
29.18
29.57
29.85
30.38
30.74
31.18
31.52
31.62
31.86
32.07
32.20
32.22
31.88
32.08
32.04
32.13
32.08
32.01
31.96
31.73
31.60
31.34
30.87
30.50
30.01
29.56
29.01
28.63
28.27
27.91
27.55
26.72
26.49
26.25
25.51
25.06
24.83
24.63
24.36
23.90
23.61
23.40
23.26
23.03
23.43
23.28
22.90
22.70
22.63
22.30
21.87
21.33
21.04
20.82
20.61
20.60
20.45
19.72
19.57
19.54
19.38
19.54
19.68
19.67
19.70
19.36
19.04
19.01
18.99
19.07
19.02
18.52
18.56
18.18
17.50
17.05
17.14
17.91
18.42
18.63
18.58
18.67
19.06
19.62
20.08
20.81
21.73
22.38
23.14
24.14
25.01
25.68
26.26
27.11
27.68
28.02
28.45
28.78
29.12
29.43
29.73
30.09
29.98
30.28
30.41
30.56
30.68
30.89
31.12
31.13
31.41
31.31
31.57
31.65
31.35
31.24
31.45
31.06
30.56
30.06
29.65
29.35
28.36
27.83
27.61
27.45
27.00
26.21
25.43
25.71
25.57
25.04
24.74
24.35
23.40
23.06
23.09
22.69
22.24
21.79
21.69
21.66
21.79
21.63
21.07
20.78
20.83
21.10
20.92
20.99
20.85
21.00
21.05
20.86
20.51
20.28
20.11
18.91
18.00
17.68
17.72
17.88
18.05
17.88
17.76
17.19
16.91
17.15
17.60
17.73
18.01
18.02
17.54
17.45
17.38
17.46
17.74
18.39
19.35
20.23
21.16
22.48
23.40
24.02
24.77
25.54
26.40
27.05
27.51
28.12
28.71
29.16
29.73
30.18
30.39
30.81
31.18
31.46
31.69
32.01
32.34
32.86
32.87
32.97
32.92
32.97
32.90
33.00
32.97
33.07
33.24
32.99
32.72
32.57
32.11
31.70
31.48
31.14
31.02
30.58
30.29
29.63
29.12
28.79
28.23
27.84
27.36
27.46
27.36
27.21
27.23
27.37
27.12
27.01
27.04
26.38
26.04
25.72
25.49
25.04
24.66
25.21
24.84
24.74
24.33
24.34
23.99
22.75
22.55
22.48
22.45
21.84
21.29
20.63
19.95
20.46
20.69
20.38
19.90
18.86
18.90
18.68
18.87
19.01
19.60
20.02
20.01
19.62
19.01
19.35
20.04
20.34
20.58
21.20
22.16
22.58
23.61
24.34
25.52
26.43
26.98
27.89
28.76
29.69
30.15
30.83
31.43
31.97
32.39
32.63
33.30
33.46
33.75
33.85
34.08
34.39
34.61
34.69
35.07
35.22
35.21
35.56
35.27
35.39
35.26
35.06
34.64
34.53
34.54
33.99
33.73
33.47
32.94
32.26
32.06
31.68
31.01
30.97
31.04
30.70
30.25
30.26
29.78
29.14
28.69
28.98
28.59
28.05
27.92
26.97
27.01
26.78
26.41
26.35
26.64
26.19
26.07
25.79
23.94
23.57
24.14
24.02
23.63
23.94
24.47
23.65
22.76
22.65
22.81
22.69
22.59
22.14
21.57
21.30
20.57
20.42
20.51
20.63
20.62
20.53
20.31
20.43
20.15
20.03
20.22
20.29
21.06
21.70
22.06
22.70
23.18
23.98
24.78
25.93
26.73
27.33
28.04
28.92
29.70
30.40
30.98
31.45
32.05
32.30
32.81
32.99
33.26
33.57
33.91
34.05
34.40
34.66
34.81
35.02
35.21
35.20
35.37
35.52
35.58
35.62
35.46
35.36
35.15
34.92
34.49
34.11
33.71
33.17
32.58
32.30
31.90
31.54
31.31
30.74
30.34
30.11
29.60
29.16
28.84
28.80
28.29
27.99
28.50
28.26
28.13
27.25
26.77
26.64
26.39
26.09
26.08
26.11
25.93
25.81
25.30
24.86
24.45
24.34
24.19
24.07
23.59
23.19
22.93
22.81
22.47
21.81
21.74
21.16
20.72
20.72
21.07
21.61
21.84
21.84
21.73
22.32
22.53
22.49
21.90
21.94
21.67
21.44
21.45
21.64
21.87
22.46
22.86
23.46
24.21
24.93
25.74
26.44
27.23
28.15
28.78
29.57
29.97
30.76
31.16
31.46
32.07
32.40
32.72
32.84
33.30
33.46
33.66
33.86
33.87
33.96
34.21
34.29
34.44
34.35
34.33
34.38
34.29
34.58
34.23
33.69
33.38
32.98
32.76
32.38
32.00
31.49
31.22
30.97
30.81
30.62
30.56
30.49
30.10
29.70
29.40
29.52
28.52
28.33
28.45
28.49
28.11
27.72
27.66
27.58
27.53
26.95
26.41
25.80
25.69
24.98
24.53
23.95
23.65
23.58
23.56
23.89
23.65
22.92
22.68
22.76
22.78
22.71
22.89
23.09
23.00
23.71
23.67
23.47
22.93
22.48
21.71
21.67
21.74
21.47
21.92
22.08
21.84
21.91
22.05
22.45
22.14
22.43
23.24
24.12
24.98
25.91
26.90
27.75
28.53
29.46
30.36
31.11
31.82
32.47
33.09
33.84
34.28
34.62
34.85
34.85
35.08
35.08
35.23
35.30
35.42
35.43
35.28
35.40
35.12
34.97
34.97
34.66
34.65
34.62
34.82
34.95
34.65
34.35
33.97
33.70
33.37
32.99
32.79
32.50
32.13
32.34
32.14
31.55
31.04
30.44
29.89
29.72
29.35
29.12
29.07
28.65
28.40
28.21
28.07
28.49
28.43
28.08
27.50
26.96
27.02
26.88
26.70
27.06
27.02
26.10
25.79
25.23
24.24
24.28
24.45
23.49
22.75
23.38
23.97
23.26
23.39
22.98
23.30
23.72
23.83
23.93
23.94
23.85
23.84
23.79
23.34
22.99
22.96
23.00
23.06
23.45
24.05
24.22
24.37
24.84
25.07
25.94
26.35
27.01
27.95
28.79
29.50
30.19
30.50
31.02
31.61
31.74
32.02
32.21
32.44
32.46
32.75
33.03
33.31
33.55
33.48
33.44
33.38
33.52
33.69
33.33
33.27
32.85
32.64
32.55
32.54
32.43
32.22
31.84
31.24
30.65
30.27
29.84
29.39
29.06
28.76
28.34
28.16
27.76
27.62
27.17
26.93
26.78
26.52
26.19
26.00
25.72
25.35
25.23
25.25
25.03
24.74
24.67
24.52
23.88
23.60
23.69
24.50
24.30
24.21
23.86
24.02
24.41
22.92
21.91
22.33
21.85
21.00
21.08
21.31
21.54
21.56
21.44
21.52
20.95
20.40
20.24
19.98
20.19
20.18
20.21
19.77
19.21
19.88
20.35
20.09
19.87
19.67
20.00
20.35
20.83
21.22
21.80
22.66
23.26
23.53
23.97
24.38
24.76
25.15
25.46
25.59
25.87
26.16
26.35
26.53
26.86
27.08
27.34
27.66
27.91
28.06
28.26
28.60
28.65
28.82
28.77
28.68
28.68
28.67
28.69
28.79
28.50
28.18
27.96
27.82
27.61
27.30
26.87
26.59
26.24
26.00
25.84
25.21
24.35
24.01
24.27
24.10
24.18
24.19
23.89
23.56
23.60
23.56
23.24
23.18
23.07
23.06
22.98
22.66
22.60
22.56
22.54
22.78
22.81
22.63
22.37
21.91
21.70
21.55
21.19
21.13
20.63
20.16
19.89
19.71
19.21
19.19
19.46
20.16
20.47
20.04
19.81
19.35
19.55
19.49
19.47
19.44
19.23
19.24
19.19
19.45
19.62
19.84
20.28
20.56
21.21
21.85
22.53
23.17
23.95
24.48
25.13
25.93
26.83
27.51
28.19
28.64
28.95
29.42
29.70
29.98
30.50
30.85
31.06
31.32
31.60
31.77
31.84
31.95
32.16
32.13
32.08
31.88
31.69
31.61
31.48
31.50
31.08
30.89
30.35
29.59
29.27
28.99
28.51
28.38
28.19
27.83
27.47
26.97
26.69
26.50
26.33
26.08
25.88
25.52
25.14
24.56
24.28
24.38
24.34
24.13
24.08
23.82
23.78
23.66
23.53
23.27
23.00
23.10
23.01
22.50
21.95
21.85
21.94
21.68
21.83
21.86
21.66
21.20
21.03
20.98
21.17
21.11
20.58
19.72
19.49
19.40
19.62
19.41
19.49
19.73
19.91
19.71
19.29
18.97
19.07
19.22
19.74
20.18
20.60
21.29
22.04
22.82
23.34
24.00
24.69
25.26
25.89
26.54
27.19
27.92
28.37
28.70
29.17
29.61
29.91
30.16
30.50
30.80
30.98
31.12
31.19
31.47
31.58
31.42
31.74
31.97
31.95
31.78
31.74
31.75
31.68
31.70
31.41
30.96
30.71
30.58
30.24
29.82
29.48
29.17
28.82
28.31
27.88
27.73
27.61
27.41
26.99
26.76
26.43
26.20
26.29
25.94
25.98
25.78
25.65
24.95
24.47
24.14
23.76
23.42
22.83
22.24
22.08
22.17
21.84
21.55
20.82
20.59
20.26
20.27
20.15
20.10
20.14
20.32
20.07
19.83
19.54
19.48
19.21
18.92
18.80
18.77
18.94
18.92
18.58
18.45
18.33
18.28
18.35
18.16
18.25
18.38
18.56
18.99
19.55
20.20
21.02
21.80
22.39
22.89
23.42
23.77
24.37
24.99
25.45
25.87
26.33
26.85
27.16
27.69
28.03
28.05
28.26
28.36
28.65
28.94
29.17
29.28
29.36
29.41
29.37
29.35
29.58
29.65
29.60
29.50
29.40
29.29
29.11
28.90
28.68
28.43
28.14
27.72
27.27
26.87
26.59
26.33
26.06
25.80
25.63
25.50
25.37
25.18
24.99
24.87
24.67
24.50
24.28
23.99
23.78
23.61
23.41
23.27
23.19
23.06
23.00
22.86
22.75
22.46
22.30
22.32
22.36
22.26
22.06
21.71
21.37
21.37
21.28
21.13
21.11
21.05
20.85
20.58
20.02
19.63
19.38
19.33
19.28
19.11
19.04
18.89
18.85
18.91
18.93
18.97
19.27
19.62
20.00
20.45
21.14
21.98
22.23
22.90
23.63
24.28
24.95
25.87
26.35
27.07
27.55
28.15
28.45
28.92
28.98
29.62
29.91
30.37
30.57
30.79
31.21
31.36
31.46
31.65
31.95
32.01
32.19
31.94
31.85
31.76
31.70
31.54
31.38
31.05
30.71
30.31
30.04
29.74
29.38
29.05
28.65
28.23
27.94
27.70
27.16
26.84
26.66
26.42
26.32
26.06
25.87
25.75
25.55
25.23
24.87
24.52
24.06
23.30
23.13
22.83
22.69
22.87
22.64
22.74
22.98