26.71
25.86
25.01
25.01
25.01
25.14
25.26
25.03
24.8
24.54
24.27
24.26
24.25
23.94
23.62
23.39
23.16
23.04
22.91
22.75
22.59
22.49
22.38
22.24
22.09
22.15
22.21
22.43
22.65
22.96
23.27
23.55
23.82
24.24
24.66
25.45
26.24
26.93
27.62
28.38
29.14
29.67
30.2
30.62
31.03
31.49
31.94
32.35
32.75
32.81
32.87
33.14
33.4
33.45
33.49
33.35
33.21
33.10
32.99
33.13
33.26
33.36
33.46
33.63
33.79
33.48
33.17
32.98
32.78
32.44
32.1
31.92
31.74
31.40
31.05
30.96
30.86
30.61
30.35
29.93
29.51
29.12
28.73
28.38
28.02
27.76
27.5
27.47
27.43
27.17
26.9
27.15
27.39
27.27
27.15
26.91
26.67
26.53
26.38
25.92
25.45
25.25
25.04
24.98
24.91
24.75
24.59
24.44
24.29
23.95
23.61
23.46
23.3
23.19
23.07
23.17
23.26
23.23
23.19
23.36
23.53
23.91
24.28
24.36
24.43
24.21
23.99
24.48
24.97
25.69
26.4
27.12
27.84
28.62
29.39
29.46
29.53
27.89
26.24
26.22
26.19
26.61
27.03
27.02
27
26.68
26.36
26.44
26.52
26.61
26.7
26.71
26.71
26.84
26.96
26.95
26.94
26.89
26.84
26.84
26.84
26.72
26.59
26.34
26.08
25.82
25.55
25.22
24.88
24.57
24.25
24.05
23.84
23.46
23.08
22.42
21.75
21.44
21.12
20.98
20.84
20.70
20.55
20.42
20.29
20.17
20.04
19.91
19.78
19.63
19.48
19.34
19.2
19.16
19.12
19.08
19.03
18.90
18.77
18.58
18.39
18.20
18
17.79
17.57
17.45
17.32
17.28
17.23
17.21
17.18
17.11
17.03
16.86
16.68
16.53
16.37
16.32
16.26
16.37
16.48
16.83
17.18
17.49
17.8
18.62
19.44
19.95
20.45
20.79
21.12
21.54
21.95
22.19
22.43
22.94
23.45
23.66
23.87
24.19
24.5
24.52
24.54
24.88
25.21
25.50
25.79
25.83
25.86
25.89
25.91
25.96
26.01
25.95
25.88
25.56
25.24
25.14
25.03
24.76
24.49
24.04
23.59
23.30
23.01
22.77
22.53
22.21
21.89
21.65
21.4
21.23
21.06
20.99
20.91
20.72
20.53
20.30
20.07
19.88
19.69
19.52
19.34
19.15
18.95
18.68
18.41
18.24
18.07
18.01
17.95
17.80
17.65
17.52
17.38
17.42
17.45
17.41
17.37
17.25
17.12
16.97
16.82
16.75
16.67
16.60
16.53
16.57
16.61
16.64
16.66
16.61
16.55
16.50
16.45
16.39
16.32
16.23
16.14
16.10
16.06
16.47
16.88
17.27
17.66
17.87
18.08
18.14
18.2
18.09
17.98
18.06
18.14
18.25
18.35
18.07
17.78
17.73
17.68
18.03
18.38
18.73
19.07
19.53
19.98
20.36
20.74
21.19
21.64
21.67
21.69
21.54
21.39
21.09
20.78
20.61
20.43
20.22
20.01
19.75
19.48
19.27
19.06
18.76
18.45
18.08
17.7
17.48
17.25
16.97
16.69
16.45
16.21
16.12
16.03
16.04
16.04
15.88
15.72
15.49
15.26
15.26
15.26
14.97
14.68
14.47
14.25
14.04
13.82
13.53
13.24
13.10
12.95
12.83
12.7
12.93
13.15
13.12
13.08
12.93
12.78
12.63
12.48
12.21
11.94
11.76
11.57
11.62
11.66
11.88
12.09
12.56
13.03
13.64
14.24
14.68
15.12
15.50
15.88
16.10
16.31
16.74
17.17
17.60
18.03
18.24
18.45
18.82
19.19
19.49
19.78
20.11
20.43
20.85
21.27
21.48
21.68
21.93
22.17
22.35
22.53
22.72
22.9
22.98
23.05
23.14
23.23
23.27
23.31
23.18
23.04
22.89
22.73
22.33
21.92
21.34
20.76
20.38
20
19.50
19
18.49
17.98
17.42
16.86
16.65
16.43
16.19
15.94
15.64
15.33
15.22
15.1
14.93
14.76
14.56
14.36
14.14
13.91
13.58
13.25
12.98
12.71
12.55
12.38
12.22
12.06
11.93
11.8
11.70
11.59
11.61
11.63
11.59
11.54
11.47
11.39
11.28
11.16
11.04
10.92
10.77
10.62
10.49
10.36
10.34
10.31
10.72
11.13
11.98
12.82
13.40
13.97
14.88
15.78
16.56
17.34
17.96
18.57
19.46
20.35
21.38
22.4
22.84
23.27
23.82
24.36
24.99
25.62
25.96
26.29
26.79
27.29
27.60
27.91
28.15
28.38
28.60
28.81
28.84
28.87
28.79
28.71
28.80
28.89
28.88
28.87
28.62
28.36
27.89
27.41
26.93
26.45
26.14
25.83
25.87
25.91
25.59
25.26
24.42
23.57
23.35
23.13
22.80
22.46
22.28
22.1
21.98
21.86
21.76
21.65
21.29
20.93
20.77
20.6
20.40
20.2
20.04
19.88
19.84
19.79
19.43
19.06
18.91
18.75
18.39
18.02
18.04
18.06
18.10
18.13
18.11
18.09
17.98
17.87
17.73
17.59
17.58
17.57
17.41
17.25
17.33
17.41
17.48
17.55
17.87
18.18
18.92
19.65
21.05
22.44
23.49
24.54
25.11
25.67
26.47
27.26
27.90
28.53
29.04
29.54
30.05
30.55
30.96
31.36
31.56
31.76
32.53
33.3
33.57
33.83
34.09
34.35
34.72
35.08
34.93
34.77
34.81
34.84
34.88
34.92
34.81
34.69
34.21
33.72
33.11
32.5
32.09
31.67
31.24
30.8
30.35
29.9
29.55
29.19
29.13
29.06
28.68
28.3
27.99
27.68
27.62
27.55
27.70
27.84
27.79
27.74
27.85
27.95
27.44
26.93
26.45
25.97
25.37
24.77
24.48
24.18
23.92
23.65
24.05
24.45
24.70
24.94
24.64
24.34
23.97
23.59
23.84
24.08
24.31
24.53
24.26
23.99
23.47
22.95
22.54
22.12
22.37
22.61
22.81
23
23.16
23.31
23.94
24.56
25.36
26.16
27.10
28.03
28.65
29.27
29.86
30.44
30.88
31.32
31.67
32.01
32.40
32.79
32.91
33.02
33.17
33.32
33.48
33.63
33.78
33.93
34.08
34.23
34.36
34.48
34.43
34.37
34.44
34.51
34.48
34.44
34.24
34.04
33.61
33.18
32.86
32.54
32.58
32.61
32.25
31.88
31.32
30.76
30.21
29.65
29.24
28.82
28.40
27.97
27.61
27.25
27.10
26.94
26.88
26.81
26.73
26.64
26.53
26.42
26.01
25.6
25.22
24.84
24.65
24.46
24.35
24.23
24.12
24
23.33
22.66
21.76
20.85
20.73
20.61
20.41
20.21
20.20
20.18
20.15
20.12
20.18
20.24
20.30
20.36
20.39
20.42
20.36
20.3
20.23
20.15
19.99
19.82
19.81
19.8
19.97
20.13
20.29
20.44
20.53
20.61
20.90
21.18
21.47
21.76
21.71
21.66
21.54
21.42
21.48
21.53
21.41
21.29
21.19
21.08
20.92
20.76
20.85
20.93
20.86
20.78
20.57
20.35
20.15
19.95
19.92
19.88
19.85
19.82
19.82
19.82
19.86
19.9
19.87
19.83
19.79
19.74
19.68
19.62
19.56
19.49
19.47
19.44
19.39
19.33
19.30
19.26
19.27
19.28
19.28
19.28
19.29
19.29
19.32
19.34
19.37
19.4
19.41
19.41
19.43
19.45
19.48
19.5
19.47
19.44
19.45
19.45
19.45
19.45
19.47
19.48
19.50
19.51
19.52
19.53
19.54
19.55
19.62
19.69
19.71
19.72
19.67
19.62
19.51
19.39
19.38
19.37
19.46
19.54
19.68
19.81
20.04
20.26
20.39
20.51
20.67
20.82
21.12
21.41
21.73
22.04
22.14
22.24
22.75
23.26
23.57
23.87
24.17
24.47
24.69
24.91
24.94
24.97
25.24
25.5
25.91
26.32
26.71
27.1
27.11
27.11
27.14
27.17
27.08
26.99
26.51
26.03
25.71
25.39
25.11
24.82
24.74
24.66
24.41
24.15
24.01
23.86
23.80
23.73
23.65
23.56
23.32
23.08
22.90
22.71
22.66
22.6
22.51
22.42
22.47
22.51
22.31
22.1
21.79
21.47
21.36
21.25
21.30
21.34
21.21
21.08
21.00
20.91
20.60
20.29
20.22
20.14
20.15
20.15
19.97
19.79
19.77
19.75
19.69
19.62
19.78
19.93
19.86
19.78
19.68
19.58
19.75
19.91
20.64
21.37
22.36
23.35
24.26
25.16
25.58
25.99
26.75
27.51
27.81
28.11
28.57
29.02
29.48
29.93
30.39
30.84
31.27
31.69
32.02
32.35
32.75
33.15
33.05
32.94
32.91
32.87
33.09
33.3
33.44
33.57
33.37
33.16
33.29
33.41
33.27
33.12
32.89
32.65
32.09
31.52
31.12
30.72
30.22
29.72
29.55
29.37
29.09
28.8
28.51
28.21
27.89
27.57
27.32
27.07
26.82
26.57
26.33
26.08
25.81
25.54
25.33
25.11
24.70
24.28
24.23
24.18
24.22
24.26
23.99
23.72
23.10
22.47
21.92
21.37
21.48
21.59
21.73
21.87
21.56
21.25
21.22
21.19
21.07
20.94
20.88
20.81
20.68
20.54
20.60
20.66
20.86
21.05
21.12
21.18
21.47
21.75
22.90
24.04
25.46
26.87
27.38
27.89
28.74
29.59
30.13
30.66
31.30
31.93
32.41
32.89
33.21
33.53
33.82
34.1
34.29
34.48
34.71
34.93
35.11
35.28
35.64
35.99
36.09
36.18
36.22
36.26
36.28
36.3
35.99
35.68
35.53
35.37
35.07
34.77
34.81
34.84
34.51
34.17
34.02
33.87
33.61
33.34
32.20
31.05
30.78
30.51
30.27
30.02
29.82
29.62
29.31
29
28.38
27.75
27.55
27.34
27.34
27.34
26.72
26.09
25.92
25.74
25.05
24.35
24.17
23.98
23.52
23.06
22.23
21.39
21.34
21.28
21.21
21.14
20.94
20.73
21.52
22.31
23.39
24.47
24.18
23.89
24.54
25.18
25.37
25.56
25.21
24.86
25.20
25.54
26.06
26.58
27.23
27.88
28.64
29.39
29.89
30.38
30.53
30.68
30.97
31.26
31.88
32.5
32.96
33.41
33.67
33.92
34.19
34.45
34.67
34.88
35.22
35.55
35.89
36.23
35.96
35.68
35.80
35.91
36.50
37.08
36.77
36.45
36.18
35.91
35.81
35.7
35.10
34.5
34.04
33.58
33.35
33.12
32.93
32.73
32.41
32.08
31.70
31.32
30.92
30.51
30.16
29.8
29.42
29.04
28.96
28.87
28.59
28.3
28.19
28.07
27.95
27.82
27.37
26.92
26.84
26.75
26.53
26.31
26.24
26.17
25.83
25.48
25.45
25.42
25.16
24.89
24.65
24.41
24.58
24.75
24.42
24.09
24.01
23.93
23.53
23.13
22.88
22.62
22.52
22.42
22.47
22.52
22.86
23.19
23.33
23.47
23.68
23.89
24.50
25.1
25.87
26.64
27.51
28.38
29.12
29.86
30.68
31.49
32.45
33.4
33.66
33.92
34.18
34.43
35.03
35.62
35.27
34.92
35.11
35.3
34.80
34.3
33.87
33.44
33.46
33.47
33.26
33.05
32.83
32.61
32.26
31.9
32.03
32.16
32.33
32.49
32.04
31.59
31.41
31.22
31.27
31.32
31.21
31.09
30.67
30.25
30.05
29.84
29.44
29.04
28.83
28.61
28.41
28.21
28.12
28.02
27.82
27.62
27.57
27.52
27.59
27.66
27.67
27.67
27.46
27.25
26.84
26.43
26.28
26.12
25.98
25.84
25.73
25.62
25.64
25.65
25.56
25.47
25.21
24.94
24.86
24.77
24.68
24.59
24.58
24.57
24.60
24.62
24.74
24.85
24.88
24.91
25.32
25.72
26.29
26.85
27.18
27.51
28.30
29.09
29.97
30.85
31.12
31.39
31.71
32.03
32.51
32.99
33.37
33.74
33.77
33.8
33.75
33.7
33.74
33.77
33.89
34
34.04
34.07
34.11
34.15
34.16
34.16
34.05
33.93
33.51
33.08
33.03
32.97
32.62
32.26
31.95
31.64
31.62
31.6
31.43
31.26
30.95
30.64
30.11
29.58
29.47
29.35
29.31
29.26
29.13
28.99
28.86
28.73
28.70
28.67
28.48
28.29
28.06
27.83
27.54
27.24
27.07
26.9
26.58
26.26
26.08
25.9
25.76
25.62
25.48
25.34
25.19
25.03
24.91
24.79
24.60
24.4
24.24
24.07
23.76
23.44
23.26
23.07
22.87
22.67
22.53
22.39
22.44
22.49
22.62
22.75
23.05
23.35
23.56
23.77
24.03
24.29
24.56
24.83
25.41
25.92
26.55
26.68
26.92
26.99
27.57
27.84
27.6
27.5
27.85
27.92
27.98
28.57
28.5
28.54
28.98
29.22
29.19
29.33
29.28
29.08
29.11
28.98
28.86
28.67
28.45
28.14
27.83
27.51
27.15
26.8
26.5
26.21
26.05
25.8
25.57
25.37
25.18
24.99
24.69
24.47
24.21
24.19
24.14
24.04
23.59
23.49
23.3
23.2
23.08
22.98
22.9
22.88
22.81
22.7
22.51
22.25
22.06
21.9
21.77
21.7
21.56
21.37
21.21
21.01
21.03
20.99
20.84
20.64
20.68
20.66
20.52
20.51
20.54
20.4
20.42
20.5
20.13
19.63
19.72
20.1
20.12
19.95
20.16
20.71
20.97
21.37
21.62
22.13
22.5
23.06
23.53
24.77
24.74
25.18
25.64
25.97
26.41
27.19
27.91
28.4
28.32
28.83
28.83
28.85
29.42
29.82
29.9
30.1
30.33
30.46
30.66
30.9
30.98
31
30.97
30.89
30.86
30.96
30.89
30.89
30.72
30.49
30.23
30.04
29.73
29.63
29.43
29.16
28.69
28.33
28.13
27.85
27.49
27.27
27.14
27.04
26.87
26.74
26.65
26.39
26.12
25.74
25.75
25.56
25.27
24.88
24.76
24.81
24.72
24.68
24.79
24.48
24.38
24.5
24.59
24.46
24.29
24.07
23.81
23.6
23.43
23.58
23.52
23.43
23.05
22.9
22.77
22.87
22.81
22.52
22.01
21.94
21.97
22.03
21.71
21.43
21.21
21.26
21.27
21.46
21.82
22.25
22.99
24.39
25.06
25.54
26.12
26.64
27.44
27.75
28.08
28.5
29.33
29.85
30.28
30.69
31.11
31.59
31.51
31.67
31.52
31.57
31.76
31.94
31.94
32.07
32.06
32.26
32.26
32.35
32.39
32.43
32.44
32.45
32.38
32.19
31.82
31.53
31.28
31.07
30.96
30.62
30.33
29.94
29.6
29.5
29.43
29.1
28.7
28.56
28.61
28.28
28.13
28.17
28.15
28.18
27.9
27.31
27.18
26.99
26.74
26.93
27
26.97
26.92
26.98
26.82
26.42
26.29
25.53
24.48
24.94
24.96
24.53
24.28
24.13
24
23.64
23.28
22.94
23.11
23.02
22.77
22.46
22.08
21.84
21.83
22.25
22.25
22.44
22.63
22.77
22.68
22.59
22.4
22.57
22.6
23.27
24.15
25.1
25.62
26.34
27.22
27.62
28.19
28.89
29.41
29.79
30.92
30.97
31.45
32.04
32.18
32.55
32.72
32.75
32.72
32.89
32.75
32.89
33.11
33.36
33.57
33.79
33.86
33.95
34.12
34.16
34.19
33.81
33.75
33.59
33.4
33.12
32.81
32.32
31.73
31.35
31
30.78
30.6
30.47
30.19
30.06
29.86
29.68
29.44
29.45
29.48
29.27
28.94
28.89
28.83
28.61
27.77
27.97
28.02
27.66
27.45
27.27
27.16
27.08
27.09
27.2
27.24
27.11
27.16
26.95
26.28
26.17
26.17
26.19
26.14
26.14
26.23
26.26
26.02
26.03
26.16
26.06
26.09
26.09
25.97
25.77
25.56
25.41
25.42
25.24
25.32
25.16
24.85
24.67
24.91
25.08
25.36
25.76
26.18
26.95
27.94
28.51
29.02
29.79
30.34
31.12
31.83
32.19
32.42
32.59
32.79
32.74
32.74
33.02
33.46
33.48
33.23
33.14
33.09
33.36
33.42
32.72
32.18
32.11
31.99
31.99
32.07
32.14
31.75
31.45
31.3
31.14
31.05
30.87
30.83
30.62
30.33
30.1
29.89
29.66
29.33
29.03
28.73
28.31
27.97
27.66
27.35
27.02
26.55
26.31
26.11
25.77
25.46
25.19
24.87
24.47
24.14
23.83
23.72
23.56
23.2
22.95
22.83
22.76
22.48
22.5
22.44
22.23
21.83
21.24
20.72
20.57
20.59
20.49
20.68
20.94
20.95
20.86
20.56
20.71
20.73
20.7
20.66
20.46
20.54
20.55
20.56
20.59
20.71
20.75
20.76
20.67
20.84
21.26
21.56
21.84
22.87
23.74
23.8
24.63
24.24
24.57
25.15
25.58
25.4
25.84
25.7
25.74
25.6
25.37
25.2
24.97
24.57
24.32
24.47
24.45
24.33
24.18
24.03
23.92
23.82
23.72
23.69
23.65
23.56
23.52
23.41
23.22
23.02
22.85
22.67
22.4
22.2
22.06
21.89
21.79
21.69
21.53
21.42
21.34
21.28
21.24
21.24
21.2
21.26
21.18
21.14
21.1
21.16
21.16
21.1
21.02
20.98
20.93
20.91
20.86
20.88
20.94
20.96
20.88
20.92
20.89
20.98
20.9
20.88
20.71
20.71
20.78
20.88
21.03
21.3
21.43
21.28
21.01
20.77
20.76
20.85
20.67
20.62
20.65
20.84
20.85
20.92
20.96
21.11
21.1
21.25
21.56
22.13
22.45
23.27
24.27
25.72
26.15
26.82
26.96
27.32
27.85
28.36
28.74
28.95
29.49
29.91
30.13
30.76
30.9
30.96
31.19
31.53
31.64
31.89
31.62
31.55
31.86
31.86
31.82
31.99
31.78
31.49
31.42
31.47
31.2
31.02
30.93
30.76
30.46
30.28
30.01
29.73
29.45
29.17
29.05
28.86
28.76
28.68
28.69
28.36
28.26
28.14
28.18
28.11
27.74
27.57
27.32
27.03
26.78
26.66
26.5
26.34
26.28
26.24
26.19
26.12
25.88
25.78
25.39
25
24.82
24.82
24.94
24.85
24.75
24.58
24.53
24.33
24.19
24.24
24.01
23.91
23.84
23.85
23.75
23.74
23.8
23.81
23.97
23.94
24.05
24.25
24.42
24.34
24.63
24.97
25.76
26.35
26.9
27.46
28.01
28.57
29.13
29.85
30.13
30.34
30.89
31.68
32.23
32.54
32.75
33.01
33.53
33.39
33.38
33.73
33.72
33.61
33.67
33.66
33.15
32.49
31.84
31.49
29.7
28.87
28.56
28.31
27.65
26.73
26.36
26.24
25.59
25.18
24.71
24.37
24.25
23.84
23.35
23.37
23.93
24.72
24.46
24.77
24.72
24.67
23.81
24.01
24.06
24.2
23.98
23.95
23.9
23.86
23.55
23.35
23.44
23.59
23.6
23.46
23.35
23.56
23.48
23.54
23.41
23.37
23.15
22.86
22.63
22.43
22.23
22.01
21.84
21.92
21.97
21.87
21.78
21.69
21.67
21.73
21.7
21.58
21.5
21.37
21.18
21.04
21.02
21.08
21.09
21.23
21.27
21.43
21.73
21.96
22.19
22.49
22.87
23.28
23.83
23.52
23.53
23.74
23.84
23.96
24.23
24.43
24.18
24.11
24.32
24.24
24.24
24.53
25.18
26.22
27.71
31.9
31.52
30.47
31.14
30.49
30.22
31.25
31.33
29.35
28.99
26.22
26.29
26.68
26.72
26.44
26.2
25.82
25.39
25.05
24.65
24.4
24.11
23.87
23.73
23.51
23.51
23.32
23.22
23.01
22.83
22.65
22.46
22.17
21.91
21.64
21.41
21.21
20.97
20.69
20.49
20.29
20.14
20.03
19.83
19.66
19.53
19.43
19.31
19.23
19.18
19.14
19.16
19.14
19.13
19.18
19.2
19.1
19.08
19.05
19
18.83
18.67
18.65
18.69
18.69
18.55
18.44
18.47
18.49
18.68
19.14
20.09
20.91
21.63
22.37
23.1
24.05
24.67
25.14
26.05
25.88
26.22
26.81
27.84
27.73
28.7
29.03
29.44
29.76
29.9
30.08
30.37
30.63
31.07
30.88
31.36
30.83
31.2
31.49
31.49
31.2
31.83
32.26
32.07
32.68
32.99
32.87
32.15
32.19
31.92
31.8
31.7
31.39
30.89
30.57
30.22
29.95
29.74
29.73
29.54
29.38
29
28.61
28.58
27.89
26.56
26.8
27.34
27.4
27.07
26.68
26.8
26.66
26.23
26.09
26.01
25.74
25.45
25.3
24.93
24.45
24.37
24.24
23.94
23.91
23.61
23.27
23.05
22.71
23.01
23.04
22.71
22.54
22.49
22.66
23.04
23.26
23.61
23.84
23.64
23.5
23.5
23.39
22.68
22.49
22.44
22.6
22.91
23.66
24.54
25.61
26.75
27.69
28.12
28.55
29.9
30.25
30.53
30.86
30.92
31.78
31.84
32.32
32.17
32.54
33.61
33.38
33.98
33.47
33.73
33.82
33.94
33.86
34.26
34.84
34.44
35.32
34.86
34.56
35.26
35.4
35.14
35.37
35.61
34.47
33.86
33.74
33.81
33.86
33.42
31.76
31.65
31.13
30.84
30.94
30.92
30.54
29.15
29.08
29.51
29.19
29.11
28.79
28.48
28.51
27.98
28.22
27.98
27.5
27.52
27.2
27.01
27.04
26.94
26.63
26.53
26.06
25.47
25.27
25.15
25.19
25.36
25.19
25.28
25.04
25.39
24.87
25.61
24.68
24.04
23.93
23.9
23.98
23.77
23.94
24.32
24.43
24.16
24.09
24.47
24.83
25.17
25.2
25.33
24.94
24.74
24.98
25.8
26.97
27.34
28.19
28.96
29.21
29.52
30.17
30.55
30.98
31.19
31.51
31.51
31.89
32.42
32.47
32.23
32.79
32.86
32.42
31.86
31.16
31.17
30.37
29.32
28.68
26.55
26.95
28.25
28.62
28.75
27.43
25.59
25.26
24.69
23.83
23.55
23.23
22.91
22.67
22.38
22.27
22.12
22.01
22.1
22.36
22.4
21.98
21.89
22.02
22.07
21.95
21.81
21.73
21.72
21.79
21.73
21.82
21.96
22.19
22.49
22.65
22.73
22.95
23.05
23.08
23.25
23.23
23.28
23.57
23.39
22.99
22.71
22.64
22.43
22.29
22.33
22.52
22.43
22.26
22.15
21.87
21.65
21.52
21.53
21.62
21.86
22
22.17
22.34
22.64
22.88
23.18
23.52
23.81
23.86
24.34
25.29
26.34
27.03
27.29
27.5
27.82
28.11
28.51
29.35
29.9
29.99
30.42
30.24
30.61
31.03
31.68
31.37
32
31.54
32.03
32.08
31.91
31.79
32.39
32.14
31.41
30.55
29.9
29.12
29.14
29.37
29.32
29.04
28.21
25.94
23.93
23.6
23.06
22.85
22.85
22.88
22.8
22.63
22.76
22.61
22.4
22.14
22.11
22.26
22.13
22.07
22
21.83
21.46
21.16
21.03
21
21.08
21.19
21.28
21.41
21.54
21.65
21.72
21.72
21.73
21.66
21.58
21.5
21.51
21.47
21.41
21.38
21.3
21.17
21.22
21.25
21.26
21.24
21.17
21.17
21.19
21.22
21.26
21.29
21.32
21.34
21.39
21.49
21.69
21.75
21.89
22.12
22.52
22.92
23.36
23.65
23.96
23.91
24.29
24.7
24.59
24.74
25.6
26.14
26.41
27.11
27.22
27.6
27.73
28.07
28.58
29.51
28.82
29.37
29.24
29.96
29.79
29.78
30.1
30.48
30.85
31.62
31.89
30.58
30.66
30.81
31
30.78
30.76
30.38
29.99
29.9
29.35
28.74
28.34
28.01
27.6
27.3
26.94
26.64
26.39
26.14
25.81
25.61
25.4
25.11
24.98
24.95
24.87
24.67
24.55
24.43
24.28
24.13
24.01
23.98
23.91
23.86
23.8
23.73
23.58
23.5
23.51
23.33
23.11
23.03
23.12
23.14
23.04
22.92
22.93
22.82
22.73
22.76
22.62
22.51
22.36
22.48
22.35
22.33
22.42
22.26
22.31
22.81
22.71
22.89
23.25
23.95
24.43
24.66
24.55
24.73
25.15
25.09
24.65
24.86
24.98
25.14
25.38
25.6
25.74
25.9
26.24
26.72
27.35
27.84
27.92
28.28
28.36
28.89
28.22
28.18
28.49
29.03
29.39
29.9
29.95
30.55
30.82
30.7
30.81
30.2
30.12
30.43
30.14
29.42
29.2
29.13
28.92
28.99
28.84
28.71
28.06
27.9
28.06
28.43
28.41
27.9
27.35
26.78
26.95
26.53
26.28
26.09
25.85
25.54
25.17
24.72
24.31
23.95
23.54
23.53
23.56
23.56