22.66
22.31
22.16
22.42
22.24
21.93
21.67
21.5
20.86
20.26
20.57
20.62
20.63
20.15
18.69
18.34
18.98
18.85
18.71
18.61
18.64
18.83
18.96
19.17
18.96
18.43
18.25
18.53
18.86
19.33
20.25
21.13
22.33
23.67
24.72
25.51
26.26
26.76
27.01
27.99
28.67
29.73
30.67
30.95
31.62
32.12
32.89
33.46
33.57
34.14
34.67
35.09
35.36
35.56
35.73
35.77
35.93
36.12
36.82
36.77
37.15
37.08
37.13
37.28
37.35
36.76
36.35
35.9
35.44
34.9
34.5
33.81
33.44
33.41
33.17
32.8
32.45
32.24
32.21
31.76
30.87
30.33
29.77
29.38
28.77
28.31
28.31
28.33
28.62
28.8
28.61
28.43
28.05
27.9
28.18
28.09
27.16
26.52
26.19
26.48
26.59
26.72
26.74
26.43
25.83
25.6
25.94
26
25.52
25.25
25.59
25.81
24.45
23.08
22.92
23.48
22.11
21.66
22.61
22.86
22.54
22.76
23.28
24.06
23.83
24.08
24.18
25.06
25.38
26.39
27.53
28.8
29.74
30.39
31.15
31.87
32.64
33.31
34.11
34.67
35.32
35.66
36.07
36.15
36.58
36.82
36.94
37.07
37.06
37.14
37.07
37.13
37.25
37.23
37.42
37.57
37.56
37.43
37.44
37.37
37.21
36.92
36.91
36.28
35.88
35.43
35.01
34.54
34.37
34.13
34.01
33.85
33.63
33.57
32.7
32.59
32.75
32.79
32.61
32.21
32.52
32.35
31.83
29.58
27.5
27.31
27.46
27.65
27.34
27.4
27.34
26.09
25.08
25.06
25.51
25.91
25.59
25.47
25.45
25.59
26.04
26.01
25.8
25.5
24.82
24.22
24.5
25.61
26.27
25.78
25.59
25.6
26.14
25.87
25.43
25.11
24.92
24.58
24.64
25.39
25.69
26.31
25.82
25.84
26.71
27.85
28.89
29.61
30.36
31.12
31.73
32.52
33.27
33.76
34.2
34.92
35.38
35.73
36.01
36.23
36.47
36.53
36.75
36.72
36.51
36.66
36.82
37.11
37.07
37.33
37.44
37.41
37.41
37.39
37.48
37.25
37.12
37.11
36.65
36.5
36.25
36.02
35.56
35.39
35
34.66
34.47
32.77
32.62
33.11
33.24
33.58
33.64
33.85
33.49
32.85
30.84
28.51
29.43
29.84
29.35
28.84
28.37
27.92
27.87
27.62
27.25
26.89
26.51
26.47
26.44
25.8
25.16
24.8
24.71
24.71
25.08
25.7
25.77
25.39
25.53
25
25.02
24.52
24.6
25.41
25.34
25.41
24.71
24.17
23.38
22.61
22.57
23.14
23.63
22.71
22.92
24.55
25.05
26
26.8
27.39
28.09
29.92
30.91
31.59
32.27
32.62
33
33.87
34.32
34.56
34.88
35.1
35.41
35.69
35.83
35.96
36.27
36.47
36.44
36.55
36.8
36.68
36.96
36.93
36.97
36.92
37.12
37.12
37.27
37.12
37.25
37.25
37.72
37.87
37.42
36.2
34.99
35.35
35.16
34.63
33.83
33.36
31.93
30.26
30.08
29.93
29.6
29.66
29.16
28.49
27.75
27.14
26.7
26.35
26.16
25.9
25.57
25.28
25.02
24.81
24.56
24.28
24.02
23.86
23.88
23.83
23.66
23.41
23.16
22.98
22.73
22.38
21.49
21.12
21.07
21.05
21.16
21.54
21.66
21.63
21.44
21.28
20.87
20.9
20.36
19.85
19.89
19.82
19.88
19.9
20.16
20.33
20.64
21.1
21.42
21.68
22.07
22.26
22.32
23.01
23.51
23.16
23.75
23.74
24.03
24.2
25.51
25.26
26.1
25.9
26.41
26.53
26.71
27.15
27.18
26.64
26.74
26.79
26.95
27.11
26.98
26.94
26.95
27.15
27.16
27.04
27.02
26.82
26.59
26.28
25.96
25.57
25.11
24.62
24.21
23.89
23.57
23.29
23.05
22.9
22.63
22.37
22.05
21.72
21.4
21.15
21.04
20.98
20.82
20.6
20.35
20.13
19.89
19.69
19.56
19.42
19.21
19.02
18.88
18.78
18.69
18.54
18.49
18.38
18.19
18.06
17.94
17.77
17.66
17.48
17.34
17.17
16.99
16.84
16.68
16.52
16.44
16.37
16.24
16.09
15.95
15.8
15.74
15.76
15.75
15.64
15.71
15.75
15.66
15.58
15.65
15.39
14.6
14.35
14.56
15.18
15.88
15.94
15.25
15.37
15.31
15.15
15.34
14.91
14.9
15.03
15.2
15.26
15.65
15.77
15.52
15.7
15.82
16.04
15.89
16.1
16.01
16.49
16.85
16.9
16.41
16.28
16.44
16.25
15.9
15.82
15.79
15.7
15.58
15.44
15.27
15.02
14.78
14.53
14.31
14.07
13.88
13.85
13.79
13.75
13.72
13.71
13.69
13.63
13.6
13.64
13.61
13.58
13.48
13.39
13.34
13.29
13.3
13.29
13.19
13.23
13.25
13.23
13.24
13.15
13.21
13.13
13.05
12.98
12.97
12.96
12.94
12.97
12.99
12.96
12.92
12.87
12.84
12.87
12.78
12.74
12.74
12.72
12.72
12.74
12.89
13.17
13.56
14.33
15.18
16
16.59
17.01
17.87
18.41
18.93
19.36
19.77
20.02
20.47
21.06
21.23
21.31
22.03
22.38
22.83
23.19
23.32
23.17
23.89
23.81
24.57
25.18
25.48
25.63
25.8
26.03
26.16
26.41
26.56
26.59
26.44
26.3
26.37
26.38
26.25
25.59
24.82
24.15
23.5
22.95
22.51
22.13
21.71
21.3
20.93
20.68
20.44
20.18
19.93
19.64
19.45
19.2
19
18.92
18.82
18.69
18.53
18.48
18.41
18.3
18.21
18.12
18.07
17.75
17.64
17.7
17.59
17.27
17.21
17.05
16.9
16.67
16.47
16.29
16.3
16.19
15.91
15.76
15.63
15.54
15.46
15.46
15.38
15.41
15.21
15.31
15.12
15.01
14.8
14.6
14.64
14.94
15.28
15.93
16.8
17.74
18.42
19.54
20.66
21.35
22.4
22.85
23.61
23.63
24.82
24.94
25.78
26.23
26.71
27.37
27.61
27.91
28.23
28.84
29.4
29.52
30.08
30.45
30.47
30.9
31.82
31.64
31.98
32.29
32.08
32.5
32.36
32.35
32.25
32.11
31.85
31.5
31.12
30.62
30.12
29.56
29.05
28.63
28.23
27.77
27.34
27.08
26.8
26.57
26.42
26.23
25.93
25.54
25.41
25.23
24.94
24.72
24.57
24.3
24.07
24.12
23.84
23.64
23.43
23.39
23.48
23.32
23.19
23.13
22.82
22.72
22.87
22.3
21.36
21.07
20.93
20.45
20.04
19.98
20.05
20.2
20.33
20.17
20.16
20.35
20.48
20.29
20.05
20.01
19.81
19.79
20.09
20.67
21.08
21.48
22.16
22.96
23.67
24.59
25.96
26.72
27.42
27.84
28.7
29.17
30.15
30.8
31.24
31.63
32.56
32.67
32.98
33.21
33.97
34.37
34.97
35.12
35.6
36.07
36.29
36.56
36.47
36.67
36.75
36.81
36.79
36.76
36.76
36.69
36.76
36.85
36.65
36.13
35.82
35.3
34.9
34.43
33.79
33.13
32.93
32.36
31.9
31.55
30.9
30.21
30.18
30.44
30.19
29.63
29.29
28.94
28.8
28.46
28.34
28.22
27.64
27.38
27.44
27.21
26.87
26.94
26.99
26.78
26.7
26.88
25.69
24.32
23.9
22.98
22.02
22.42
23.11
23.31
23.21
23.01
23.1
23.75
24.64
25.22
24.93
25.27
25.7
25.88
26.47
27.22
27.3
27.07
26.1
25.91
25.88
25.22
24.67
26.04
27.84
29.12
29.5
29.32
30.5
31.88
32.19
32.92
33.68
34.51
34.86
34.48
34.86
35.1
35.88
36.5
36.69
36.99
37.26
37.44
38.25
38.28
38.39
38.58
39.04
39.24
39.24
38.53
37.97
38.06
37.61
36.52
35.93
36.72
37.24
36.84
36.37
36.13
35.18
35.06
35.08
34.78
33.7
33.28
32.54
31.2
31.6
32.51
32.29
31.79
31.77
31.67
30.96
31.09
29.49
29.42
30.07
30.41
30.11
29.74
28.73
28.48
28.92
29.28
28.95
28.81
28.78
28.02
27.08
26.78
27.03
26.79
27.02
26.33
25.61
25.6
25.19
24.96
25.09
25
24.68
24.84
24.96
24.96
25.25
24.6
24.56
24.75
24.11
23.64
23.33
23.38
23.36
23.35
24.14
25.2
25.74
26.67
27.58
28.26
28.92
29.67
30.05
30.92
31.32
31.83
32.26
32.79
33.49
33.64
34.11
34.34
34.98
35.61
35.76
36.62
36.51
36.47
37.11
36.96
37.11
37.43
37.67
37.47
37.37
37.4
37.17
36.65
36.08
35.77
34.54
35.42
36.14
35.84
34.18
34.35
33.58
32.71
32.56
32.55
33.2
32.09
31.41
31.08
30.71
30.34
30.36
29.97
29.93
30.09
30.19
30.08
29.9
28.8
28.02
29.38
29.77
29.22
29.02
29.02
27.45
25.7
24.69
24.59
24.31
24.3
24.57
24.82
24.37
23.62
23.64
24.24
24.62
24.74
25.13
24.86
25.57
25.91
23.85
23.15
23.19
23.68
23.26
24.31
24.82
24.95
24.8
24.07
23.88
23.95
23.97
23.87
24.37
25.64
26.35
26.63
27.43
27.65
28.03
27.74
28.22
29.34
30.07
30.48
30.54
30.74
30.93
31.29
31.31
31.35
31.1
31.47
31.47
31.74
32.06
32.03
32.14
32.22
32.13
32.29
32.36
31.88
31.06
30.58
30.14
29.88
29.68
29.46
29.13
28.67
28.27
27.99
27.79
27.6
27.32
27
26.77
26.43
25.98
25.58
25.09
24.61
24.17
23.78
23.52
23.3
23.03
22.79
22.58
22.4
22.23
22.19
22.17
22.06
21.94
21.85
21.76
21.68
21.62
21.5
21.41
21.22
21.12
20.96
20.81
20.72
20.59
20.48
20.37
20.23
20.04
19.88
19.8
19.72
19.65
19.59
19.61
19.61
19.63
19.65
19.66
19.68
19.73
19.77
19.8
19.82
19.82
19.81
19.75
19.69
19.57
19.76
19.88
20.01
20.23
20.29
20.44
20.7
20.97
21.25
21.42
22.3
22.07
22.52
22.28
22.12
22.3
22.86
23.07
22.5
22.87
23.05
22.75
22.91
23.44
23.29
23.07
22.95
22.7
22.2
22.04
22.06
22.01
22.07
22.02
21.87
21.6
21.42
21.38
21.37
21.26
21.11
20.95
20.92
20.85
20.65
20.51
20.36
20.18
20.07
19.95
19.7
19.58
19.54
19.38
19.11
19.01
18.83
18.76
18.62
18.41
18.31
18.13
17.98
17.86
17.81
17.87
17.96
17.95
17.94
17.87
17.78
17.66
17.56
17.38
17.24
17.08
17.01
17
16.89
16.84
16.74
16.61
16.59
16.51
16.47
16.39
16.36
16.47
16.69
16.95
17.29
17.63
17.95
18.49
18.85
19.21
19.73
20.13
20.88
21.18
21.7
22.19
22.85
23.54
24.04
24.57
25.04
25.58
26.08
26.42
26.73
27.42
27.63
28.06
28.03
28.68
28.87
28.97
29.52
29.92
29.87
29.89
29.63
29.44
29.37
29.28
29.26
29.14
28.89
28.52
28.13
27.56
27.01
26.53
26.14
25.82
25.52
25.22
24.97
24.99
24.86
24.63
24.36
24.07
23.7
23.41
23.13
22.91
22.66
22.48
22.26
22.1
22.1
21.96
21.87
21.59
21.35
21.19
21.02
20.86
20.64
20.36
20.11
19.97
19.87
19.84
19.8
19.56
19.28
19.3
19.32
19.28
19.21
19.18
18.99
18.87
18.64
18.47
18.43
18.34
18.18
18.14
18.18
18.33
18.49
18.85
19.34
20.17
20.82
21.43
22.3
23.47
24.06
24.75
25.23
26.12
26.7
27.31
27.84
28.69
29.18
29.68
30.21
30.72
31.08
31.41
31.36
31.56
31.62
32.01
31.98
31.88
31.42
31.16
30.94
30.99
31.24
30.97
30.82
30.75
30.62
30.51
30.39
30.07
29.75
29.4
29.19
28.91
28.55
28.18
27.81
27.57
27.22
26.78
26.56
26.7
26.74
26.54
26.24
25.93
25.54
25.34
25.1
24.82
24.48
24.18
23.88
23.61
23.42
23.23
23.01
22.82
22.7
22.58
22.5
22.34
22.12
21.96
21.76
21.57
21.32
21.13
20.89
20.72
20.53
20.52
20.44
20.37
20.17
19.89
19.63
19.41
19.18
19.04
18.95
18.76
18.65
18.64
18.68
18.78
19
19.26
19.67
20.2
21.01
21.38
21.72
22.03
22.6
23.73
24.57
25.17
26.26
26.67
27.48
27.85
27.8
28.38
28.75
29.02
29.76
30.13
30.44
30.7
30.94
31.51
31.84
32.01
31.78
30.94
30.95
30.84
31.15
31.18
31.45
31.59
30.53
29.55
29.07
28.78
28.46
28.28
27.97
27.58
27.14
26.73
26.25
25.74
25.31
24.91
24.47
24.05
23.65
23.37
23.22
23.04
23.01
23.16
23.15
23.06
22.97
22.88
22.7
22.44
22.38
22.23
21.97
21.74
21.52
21.36
21.1
20.78
20.48
20.22
20.01
19.91
19.66
19.5
19.29
19.21
19.07
18.87
18.71
18.37
16.96
16.58
16.14
15.86
16.25
16.93
17.28
17.24
16.68
16.37
15.57
15.53
15.96
16.53
17.08
18.06
19.09
19.84
20.94
22.12
23.65
24.51
25.11
25.08
25.65
25.96
26.57
27.57
28.25
28.74
29.19
29.82
30.26
30.77
31.33
32.03
32.55
32.11
32.52
32.8
33.31
33.47
33.93
34.15
34.76
34.18
34.04
34.03
34.09
33.91
33.46
32.8
32.37
31.87
31.4
30.92
30.35
29.82
29.43
29.06
28.72
28.4
28.13
27.8
27.55
27.34
26.95
26.66
26.42
26.16
25.94
25.72
25.43
25.29
25.41
25.2
24.97
24.77
24.69
24.77
24.76
24.61
24.35
24.21
24.53
24.66
24.43
24.4
24.35
24.34
24.21
23.8
23.67
23.13
22.75
22.48
22.37
21.81
21.41
21.15
21.08
20.81
20.94
20.07
19.98
20.44
20.59
19.91
20.31
21.16
22.15
22.67
23.16
23.9
24.51
24.95
25.98
26.41
27.1
27.22
28.55
29.12
29.96
30.15
30.93
31.51
32.28
33.05
33.45
33.95
33.66
34.01
34.23
34.72
35.45
35.29
35.35
36
35.77
35.33
35.34
35.31
35.23
34.99
34.49
34.07
33.91
33.96
33.71
33.52
33.43
33.23
32.67
33.13
33.15
32.12
30.7
30.73
30.35
29.78
29.94
29.39
29.24
29.03
28.71
28.23
28.02
27.22
27.14
27.12
27.11
27.05
26.84
26.53
26.54
26.45
26.2
25.86
25.47
25
24.78
24.94
24.73
24.47
24.28
24.13
24
24.04
24.05
24.04
23.71
23.31
23.11
23.31
23.38
22.06
22.01
22.22
22.43
22.03
21.06
20.86
21.21
22.29
23.12
22.8
23.16
23.75
24.5
25.51
26.34
27.47
28.37
29.2
29.63
30.04
30.97
32.05
32.89
33.72
33.57
34.22
34.13
34.7
34.94
35.37
35.44
35.6
35.78
36.11
35.98
36.26
36.85
37.39
36.72
37.11
37.23
37.22
36.55
36.76
37.74
37.5
37.31
37.31
36.95
35.89
34.7
33.98
33.46
33.09
32.71
31.55
31.18
30.8
30.52
30.13
29.6
29.04
28.49
28.29
28.3
27.76
27.47
27.53
27.6
27.48
27.13
27.4
27.66
27.8
27.99
28.22
28.38
28.22
27.59
27.29
27.14
26.88
26.61
26.35
26.16
25.98
25.78
25.58
25.46
25.26
25.06
24.97
24.86
24.74
24.56
24.48
24.37
24.11
23.95
23.82
23.75
23.7
23.63
23.58
23.67
23.74
23.93
23.89
23.91
24.17
24.39
24.95
25.26
25.43
25.48
25.75
26.24
26.74
26.44
26.52
26.67
26.89
27.31
26.88
26.53
26.44
26.11
26.01
25.68
24.55
23.8
23.61
23.58
24.51
25.53
24.38
22.62
21.64
20.95
20.58
20.41
20.27
20.14
20.11
20.15
20.12
20.06
19.95
19.85
19.73
19.63
19.45
19.11
18.59
18.19
17.94
17.72
17.65
17.49
17.27
17.09
16.96
16.86
16.83
16.78
16.75
16.74
16.71
16.67
16.62
16.57
16.53
16.51
16.48
16.49
16.47
16.44
16.39
16.35
16.31
16.1
15.99
15.83
15.74
15.72
15.67
15.62
15.59
15.53
15.49
15.46
15.41
15.39
15.33
15.32
15.31
15.29
15.29
15.3
15.33
15.37
15.43
15.56
15.65
15.67
15.77
15.93
16.31
16.67
16.7
16.95
17.03
17.06
17.13
17.14
17.4
17.72
17.93
18.37
18.18
18.29
19.29
18.7
18.51
19.01
19.37
20.25
19.89
20.08
20.17
20.27
20.42
20.67
20.9
20.67
20.92
21.27
21.73
21.92
21.44
21.17
20.74
20.52
20.43
20.09
19.58
19.34
19.01
18.74
18.48
18.33
18.28
18.57
18.26
18.22
18.48
18.53
18
17.49
17.55
17.45
17.26
17.31
17.39
17.63
17.7
17.52
17.37
17.51
17.57
17.65
17.44
17.14
17.07
16.77
16.76
16.37
16.21
16.01
15.92
15.62
15.66
15.47
15.5
15.47
15.44
15.16
14.81
14.85
14.52
14.49
14.34
14.38
14.47
14.33
14.22
14.49
14.66
15.16
16.01
16.72
17.2
17.77
18.15
19.16
20.16
20.38
20.85
22.04
22.18
22.77
22.96
23.27
23.19
23.52
24.04
24.51
24.84
24.84
24.36
24.42
24.3
24.7
25.44
25.39
25.16
24.88
24.83
24.67
24.75
25.13
25.22
25.06
25.03
25.6
25.16
25.25
24.81
24.64
24.4
23.72
23.13
23.08
22.87
22.32
22.09
21.63
21.64
21.58
21.36
20.98
20.84
20.43
20.03
19.3
19.39
19.05
19.26
17.74
17.69
17.82
17.73
18.06
18.99
19.41
19.13
18.35
18.51
18.64
18.74
18.69
18.93
18.79
18.74
18.58
18.02
18.03
17.12
15.88
15.55
15.13
14.2
13.9
13.95
13.5
13.35
13.09
12.56
12.76
13.09
13.45
13.89
14.5
15.3
15.68
16.57
17.89
19.72
21.16
21.7
22.12
23.02
23.84
24.6
25.22
25.69
26.22
26.51
26.81
27.35
27.9
27.9
28.44
28.51
29.07
29.55
29.85
30.1
30.35
30.76
31.25
31.58
31.19
31.6
31.48
31.97
32.32
32.27
31.99
32.35
32.1
31.94
31.87
31.45
30.79
30.26
29.22
28
27.86
27.64
27.19
26.8
26.46
26.01
25.95
25.4
24.88
24.98
24.96
24.94
24.5
23.66
23.18
22.7
22.92
22.95
22.62
22.66
22.31
21.88
21.37
21
21.25
21.42
21.3
21.32
21.33
20.89
20.74
20.14
19.82
19.48
19.32
19.02
18.81
18.52
18.02
17.24
17.06
16.88
16.47
16.47
16.3
15.81
15.42
15.57
15.89
16.52
16.74
17.24
18.03
19.29
20.74
22.21
23.19
24.15
25.15
26.33
26.3
27.62
28.21
29.37
30
30.19
30.93
31.95
32.49
32.6
33.05
33.59
34.11
33.92
34.54
34.43
34.69
35.42
35.33
35.36
35.57
35.82
36.04
36.12
36.68
36.42
36.17
36.18
36.28
35.91
35.71
35.69
35.64
34.41
34.32
33.41
33.33
32.01
31.4
31.21
31.25
30.38
29.78
29.6
29.19
29.39
29.09
28.54
28.03
27.52
26.93
26.38
26.1
25.67
25.39
25.07
24.92
24.75
25.02
24.76
24.39
23.6
23.19
23.22
23.25
23
22.56
21.96
21.74
21.38
21.15
20.79
20.09
20.12
20.15
19.51
18.91
19.22
19.34
18.64
18.21
17.81
17.61
17.67
18.16
18.86
19.65
20.87
21.99
22.02
23.34
24.91
26.51
27.65
28.48
28.73
29.88
30.88
31.73
32.46
33.47
34.24
34.85
35.13
35
35.97
36.07
36.27
36.59
36.75
37
37.47
37.14
37.3
38.14
37.64
37.72
37.5
37.68
37.54
37.65
37.51
37.04
36.6
36.17
35.25
35.31
34.75
34.45
34.25
33.58
33.08
32.6
32.17
31.71
31.19
30.87
30.59
30.37
29.93
29.52
28.98
28.61
28.33
27.91
27.47
27.07
26.7
26.46
26.26
25.88
25.53
25.25
25
24.61
24.38
24.11
23.89
23.88
23.44
23.13
22.41
22.57
21.37
22.22
22.32
22.01
21.69
21.45
20.62
20.27
20.03
19.39
18.68
18.41
18.27
17.96
17.98
18.1
18.32
18.6
18.81
19.02
19.19
19.4
20.07
20.53
21.34
22.24
23.86
24.75
25.83
26.72
27.16
27.88
28.36
29.16
29.8
30.51
31.33
32.32
32.36
32.82
33.4
33.42
33.87
34.49
34.44
34.68
35.54
35.53
35.43
35.54
35.56
35.88
35.78
36.31
36.39
36.79
36.82
36.78
36.43
35.65
34.91
34.66
34
33.31
32.85
32.55
32.33
32.4
30.91
30.72
30.17
29.88
29.54
29.35
28.63
28.5
28.2
27.6
27.08
26.9
26.61
26.44
26.33
26.35
26
25.89
25.76
25.38
25.05
25.11
25.07
24.57
24.2
23.99
23.68
23.46
23.12
22.82
22.72
22.62
22.55
22.42
22.23
21.94
21.82
21.68
21.34
21.04
20.77
20.55
20.25
19.67
19.88
19.98
20.4
20.44
20.95
21.22
22.22
22.97
23.91
25.01
26.47
27.57
27.51
27.53
28.32
29.65
30.42
31.29
31.58
32.61
33.25
33.43
34.14
34.77
35.53
35.81
35.58
35.93
36.76
36.66
37.15
36.93
37.13
36.98
36.94
37.06
37.16
37.25
37
36.85
36.86
36.77
36.78
36.69
36.59
35.92
34.76
34.02
33.39
33.15
32.46
32.05
31.66
31.37
30.66
30.32
30.2
30.07
29.55
29.02
29.11
28.9
28.5
28.73
29.12
29.4
29.21
28.36
27.36
27.21
27.34
27.38
27.11
27.02
27.13
26.6
25.75
24.39
24.13
24.25
24.54
24.47
24.82
24.79
24.35
23.83
23.86
24.02
24.45
23.34
22.9
22.5
22.13
22.17
22.33
22.15
22.28
22.85
22.96
23.35
23.35
23.56
24.06
24.79
25.94
26.85
28.56
29.23
29.16
30.12
31.22
31.54
32.6
33.17
32.97
33.65
34.24
35.05
35.48
36.1
36.43
36.51
36.85
36.87
37.81
37.61
37.56
37.63
38.13
37.69
36.8
37.71
37.55
36.69
37.02
36.81
36.57
36.04
35.89
35.44
34.96
34.73
34.64
34.23
34.05
33.83
33.73
33.4
33.42
32.74
31.82
32.15
32.26
32.06
31.13
31.22
29.34
29.45
29.77
29.69
29.66
29.64
29.84
29.67
29.37
28.71
28
27.2
27.21
27
27.01
26.73
26.74
26.79
26.68
26.56
26.32
26.01
25.91
25.82
25.74
25.61
25.39
25.49
25.6
25.42
25.24
25.13
24.97
24.83
24.7
24.56
24.55
24.62
24.74
24.93
25.34
25.86
26.66
27.36
27.99
28.6
29.28
29.83
30.4
31.04
31.88
31.99
32.49
32.93
33.22
33.74
33.77
34.16
34.57
34.99
35.22
35.72
36.09
36.25
36.27
36.27
36.49
36.5
36.66
36.8
36.95
36.98
37.18
37.05
37.26
37.16
35.79
34.88
34.46
34.12
33.74
33.34
32.87
32.5
32.09
31.64
31.2
31.39
31.37
31.29
30.98
29.03
29.45
29.77
30.1
30.57
30.48
29.72
28.9
28.67
27.08
26.94
27.67
28.17
28.15
28.41
28.33
27.99
28.11
27.79
27.6
27.77
27.29
27.09
26.89
26.83
27.03
27.18
27.09
26.89
26.51
26.24
26.35
26.37
25.74
25.27
25.39
25.28
25.12
24.86
24.57
24.55
24.6
24.72
24.97
24.95
25.02
25.12
25.6
26.69
27.81
28.58
29.38
29.48
29.67
29.44
29.72
30.52
31.46
32.31
32.34
32.61
33.19
33.23
33.34
33.87
34.42
34.93
35.12
34.94
35.19
35.74
35.78
35.99
36.22
36.28
36.21
35.62
33.87
32.53
31.33
29.61
28.09
27.22
26.52
27.39
27.59
27.69
27.59
26.75
25.93
25.45
25.17
25.02
24.91
24.89
24.77
24.17
24.12
24.05
23.93
24.08
24.92
25.93
26.46
26.71
26.64
26.18
25.45
24.86
24.64
24.64
24.59
24.25