22.07
21.87
21.76
21.36
20.85
20.37
19.7
19.27
18.86
18.91
19.38
19.75
20.1
20.44
20.81
21
21.11
21.39
21.63
21.75
21.72
21.47
21.18
18.72
17.01
17.39
18.13
19.02
19.47
19.31
19.42
20.24
20.95
21.93
22.47
23.19
24.09
25.05
25.66
26.13
27.06
28.27
29.34
29.91
30.48
31.35
31.42
31.53
32.13
32.05
32.78
33.49
34.24
35.05
33.94
34.05
34.86
35
35.23
35.63
36.15
36.43
35.99
34.8
34.93
34.69
34.15
33.7
33.17
32.7
32.2
32.3
31.86
31.77
31.21
30.65
30.36
29.82
29.14
28.32
27.94
27.77
27.63
27.34
27.56
27.24
27.1
27.12
27.13
26.79
26.75
26.81
26.93
27.5
26.22
25.21
25.22
25.21
25.19
24.89
24.33
24.22
24.87
25.06
23.24
24.26
24.38
21.5
20.66
21.9
20.43
18.74
19.6
20.34
19.97
20.08
20.34
21.28
22.92
23.18
22.81
22.93
23.18
21.56
20.72
22.27
23.79
23.7
23.74
23.71
24.56
25.49
26.15
27.04
27.94
28.71
29.54
30.09
30.72
31.33
31.84
32.18
32.6
33.14
33.47
34.13
34.52
34.9
35.19
35.14
34.94
35.04
35.04
35.35
35.93
35.9
36.14
35.43
35.41
35.53
34.84
35.01
35.64
34.18
33.43
33.5
33.23
32.84
32.18
31.44
30.59
30.36
29.42
28.78
28.83
29.32
29.59
29.81
28.98
28.37
28.2
28.09
27.95
28.12
28.04
27.4
27.11
27.81
27.94
27.04
27.66
28.12
27.77
27.01
25.3
25.47
25.18
24.83
24.98
23.82
22.67
22.58
21.8
20.47
20
20.1
19.64
20.02
20.86
21.83
22.15
22.04
21.61
21.63
21.23
21.26
20.2
19.91
20.64
20.85
20.63
20.88
20.98
21.52
22.56
23.53
24.22
24.73
25.45
26.2
27.4
28.14
28.95
30.1
30.76
31.62
32.06
32.75
33.34
33.6
33.85
34.43
34.6
34.57
34.87
35.24
35.76
36.15
35.73
36.31
36.3
36.32
36.92
36.09
35.37
35.03
34.81
34.32
34.08
33.9
33.84
33.66
33.89
33.74
33.52
33.29
32.45
32.03
31.78
31.18
30.44
30.19
29.74
29.49
29.29
28.91
28.82
28.64
28.59
28.17
28.12
28.25
29.04
30.09
30.78
30.83
30.21
29.5
28.47
27.78
27.92
27.23
26.82
26.89
26.3
26.01
26.13
25.94
25.02
24.39
24.69
25.11
25.43
25.34
25.3
25.23
24.8
24.66
23.63
23.47
23.34
22.49
22.28
23.11
23.86
24.41
23.77
23.82
23.75
24.74
25.6
25.79
26.46
27.08
27.59
28.5
29.29
29.73
30.18
31.09
31.72
32.68
33.62
34.17
34.77
34.99
34.93
35.2
35.45
35.5
35.69
35.79
35.68
35.5
35.39
35.3
35.29
35.34
35.08
34.8
34.66
34.64
34.39
34.28
34.17
33.84
33.26
32.98
33
32.81
32.41
32
31.33
30.72
30.23
30.16
30.15
29.96
29.51
29.36
29.94
29.66
29.16
29.08
29.03
28.61
28.27
27.83
27.31
26.79
26.78
26.33
25.96
25.74
25.19
24.9
24.76
24.67
24.98
25.14
24.77
23.91
23.44
23.29
23.47
23.93
22.23
20.86
21.21
22.44
23.14
23.26
23.38
24.16
24.13
23.62
23.19
24
23.74
23.23
22.56
22.21
22.82
23.38
23.29
23.35
23.7
24.42
24.92
25.94
27.02
27.76
28.4
29.73
30.18
31.09
31.72
32.68
33.62
34.17
34.77
34.99
34.93
35.2
35.45
35.5
35.69
35.79
35.68
35.5
35.39
35.18
35.12
35.21
35.29
34.97
34.71
34.39
34.43
33.95
33.34
33.55
33.76
33.49
33.1
32.67
32.16
31.34
31
30.71
30.47
30.34
30.42
30.37
29.76
29.44
29.43
29.01
28.6
28.29
27.61
27.52
28
27.93
27.83
27.92
27.26
26.71
26.94
27.63
27.28
26.42
24.75
24.22
24.58
25.41
25.32
25.06
24.71
24.28
24.71
24.48
24.54
24.62
23.22
22.63
23.07
23.1
23.02
22.81
23.08
23.07
23.79
24.04
23.28
23
23.06
23.09
23.2
23.45
21.59
21.73
22.65
23.72
24.92
25.64
26.45
27.28
27.66
28.5
29.26
29.97
31.37
32.26
32.54
33.19
33.73
34.19
34.66
34.99
35.01
35.01
35.16
35.52
35.35
34.99
35.19
35.18
35.05
34.96
34.79
34.56
34.92
34.81
34.76
35.22
35.56
35.31
34.94
34.35
34.1
33.41
33.36
33.41
33.19
31.1
30.25
29.75
29.79
29.88
30.01
30.53
30.3
30.53
30.23
29.65
29.06
28.32
28.15
28.13
28.13
28.41
28.25
27.89
28.07
28.15
26.84
26.97
26.98
26.07
24.52
24.82
25.74
25.21
24.83
24.52
24.46
25.07
25.29
24.76
23.82
21.83
20.98
21.15
21.47
21.33
21.08
21.08
21.17
21.64
21.96
22.65
23.06
23.34
23.41
23.36
23.6
23.75
23.91
24.24
24.44
25
25.38
26.24
27.89
29.4
30.7
31.82
32.37
33.36
34.1
33.76
33.35
33.94
33.96
34.26
34.82
34.85
34.81
34.9
35.04
35.13
35.05
35.16
35.12
35.1
35.04
34.82
34.64
34.32
34.03
33.78
33.43
33.47
33.74
33.28
33.48
33.27
32.76
32.14
31.32
31.26
31.08
30.69
30.53
29.9
29.27
28.95
29.06
28.93
28.64
28.11
27.62
27.48
27.33
26.79
26.88
27.84
27.55
27.03
26.98
26.3
25.26
24.69
24.57
25.29
25.14
25.09
25.29
25.47
26.34
26.07
25.48
24.86
25.01
24.92
23.47
22.8
22.54
22.85
21.96
19.77
19.9
20.62
20.57
21
21.26
20.85
21
22.47
23.33
23.36
24.25
25
25.06
25.85
26.66
27.48
28.36
29.2
30.06
30.81
31.55
32.18
32.91
33.56
34.07
34.69
35.06
35.31
35.33
35.4
35.7
35.77
35.82
35.97
36.11
36.06
36.09
36.02
36.35
36.02
35.89
35.65
35.53
35.26
34.91
34.69
35.11
35.53
35.14
35.54
35.1
34.47
34.28
33.72
33.34
32.93
31.36
30.7
30.98
30.44
30.24
30.49
30.46
30.07
29.32
29.54
29.37
29.21
28.91
28.72
28.72
28.53
28.15
27.75
27.64
26.42
26.31
25.23
23.18
24.14
24.98
25.26
24.4
24.49
23.31
21.53
21.41
21.66
21.8
20.74
20.9
20.99
20.51
21.09
21.98
21.69
20.88
20.6
20.36
20.29
20.71
20.82
20.62
20.98
21
21.4
21.84
22.8
23.41
24.37
25.35
26.42
27.29
28.14
29.16
29.69
30.6
31.35
32.2
32.92
33.47
34.26
34.73
35.13
35.64
36.07
36.2
36.32
36.37
36.12
36.23
36.28
35.84
36.03
36.24
36.21
36.5
36.21
36.19
36.3
35.5
34.34
33.85
33.58
33.63
34.17
34.56
34.4
34.21
33.82
34.23
32.85
29.57
29.46
29.24
29.13
29.12
29.21
29.09
28.81
28.26
27.57
27.16
27.76
28.15
28.87
29.4
29.02
28.61
28.67
28.88
28.74
28.32
27.44
26.77
26.72
26.78
26.25
26.31
26.66
27.19
27.51
27.9
28.08
24.21
22.75
22.28
22.02
21.83
22.07
22.7
22.87
21.47
20.57
20.41
20.57
21.33
21.67
21.99
22.77
23.06
22.83
22.59
22.71
23
24.07
24.6
25.63
26.62
27.63
28.49
29.16
30.08
30.79
31.29
32.84
33.59
33.87
33.87
33.36
32.44
32.43
32.55
32.39
32.65
33.06
33.22
33.41
33.61
33.79
33.78
33.51
33.55
33.85
33.24
33.12
33.11
33.27
33.08
32.97
33.12
33.16
33.38
33.33
33.16
32.82
32.07
30.92
30.97
30.72
29.64
28.34
28.57
28.66
29.07
29.15
28.95
28.46
28.42
28.21
27.84
27.52
27.67
26.88
25.97
25.37
25.18
25.68
26.19
25.87
26.19
26.65
26.24
26.15
26.19
26.33
26.25
26.12
25.02
24.3
24.34
24.5
24.11
23.24
23.85
23.81
23.98
24.02
23.05
22.43
22.52
22.55
22.6
22.6
22.79
22.43
22.54
22.72
23.03
23.36
23.95
24.37
25.05
25.51
26.39
27.44
28.05
28.33
28.64
29.55
30.66
30.9
30.95
30.85
31.84
32.06
32.08
32.34
32.33
32.31
32.57
32.89
33.37
33.41
33.14
32.56
32.98
33.57
33.34
33.23
33.49
33.6
33.53
33.14
32.89
32.2
32.08
31.76
32.4
32.63
32.63
32.6
32.76
32.49
32.16
30.2
30.16
30.14
29.82
29.69
29.56
29.45
29.01
28.73
28.74
28.58
28.32
28.22
27.91
27.38
27.42
27.73
27.95
28.11
28.24
28.71
28.91
28.51
28.43
28.37
25.81
24.71
24.71
23.97
23.52
23.62
23.63
23.3
23.84
24.13
24.35
24.29
23.43
22.91
22.81
22.28
22.33
21.95
21.74
21.6
22.07
22.67
22.83
23.22
24.07
24.55
25.03
25.75
26.42
27.05
27.73
28.21
28.7
29.45
29.76
30.29
31.1
31.98
32.45
33.67
33.59
34.83
35.22
34.8
35.61
36.32
36.49
36.45
36.69
36.98
37.4
37.58
37.7
38.18
37.51
37.85
37.07
36.86
36.68
37.02
36.96
36.58
34.8
34.17
33.97
33.74
32.95
32.54
31.83
31.49
30.9
30.61
30.34
30
29.73
29.45
29.21
29
28.74
28.44
28.19
27.97
27.68
27.25
27.11
26.82
26.21
25.87
25.94
25.75
26.01
25.83
25.84
24.03
22.27
21.77
22.11
22.68
23.48
23.59
22.77
22.38
22.83
23.44
24.82
25.02
24.93
24.7
24.16
23.42
22.81
22.65
21.33
19.45
20.26
20.86
21.04
21.1
20.61
20.58
21.36
22.46
23.23
24.44
25.13
26.19
27.92
28.69
29.39
30.07
30.45
31.08
31.67
32.24
32.99
33.72
34.62
35.17
35.71
36.05
36.4
36.7
36.93
37.08
37.08
37.28
37.41
37.42
37.45
37.51
37.36
37.27
37.12
37.09
36.9
36.69
36.49
36.36
36.63
36.62
36.16
36.05
35.9
35.91
35.87
35.42
34.78
33.89
32.4
32.71
32.66
32.19
32.31
31.82
30.22
28.1
29.46
30.81
32.01
32.87
31.31
31.89
32.04
30.23
29.91
29.54
29.11
28.98
28.67
29.18
29.18
28.71
28.48
28.15
28.2
28.03
28.1
27.38
27.32
27.44
27.42
27.01
26.93
26.65
26.59
26.4
26.54
26.67
26.81
26.59
25.8
25.58
25.49
25.17
25.74
25.83
25.85
25.88
25.88
26.24
27.16
27.77
28.42
28.93
29.53
30.24
30.97
31.77
32.51
33.14
33.7
34.19
34.68
35.14
35.48
35.68
35.97
36.27
36.35
36.51
36.73
36.88
37.08
36.87
37.33
36.89
37.01
36.6
35.88
35.18
35.44
35.17
34.22
35.13
35.33
35.08
35
34.73
33.28
33.83
34.08
33.95
33.26
32.69
32.54
31.75
31.39
31.3
30.78
30.58
29.75
29.48
29.42
29.34
29.05
28.92
28.96
28.95
28.82
29.17
29.39
28.87
28.43
27.6
26.95
26.74
27
26.87
26.63
26.9
27.1
27.12
27.41
27.21
26.63
26.47
26.2
26.11
26.19
26.4
25.44
24.71
24.7
24.89
25.03
25.07
25.64
26.07
25.63
25.52
25.6
25.7
25.51
25.26
25.35
25.63
25.66
26.37
27.18
28.19
29.47
29.7
30.27
30.75
31.15
31.53
31.97
32.35
32.82
32.99
32.85
32.71
32.96
33.34
33.7
33.92
34.06
34.04
33.93
34.11
34.2
34.41
34.25
34.08
34.13
34.35
34.45
33.86
33.4
33.18
32.72
32.39
32.31
31.95
31.68
31.26
30.97
30.68
30.53
30.53
30.57
30.38
30.09
29.19
29.11
29.05
28.91
28.52
28.29
28.15
28.07
28.06
27.81
27.63
27.73
27.73
27.54
27.35
27.19
27.11
26.99
26.73
26.44
26.12
25.83
25.56
25.28
24.98
24.83
24.69
24.52
24.4
24.17
23.89
23.68
23.61
23.37
23.3
23.55
23.54
23.43
23.28
23.05
22.79
22.17
22.04
22.22
22.39
22.61
22.97
23.5
23.87
24.12
24.69
25.34
25.88
26.3
26.69
27.01
27.57
27.5
26.76
26.52
26.14
25.81
25.51
25.46
25.7
25.96
26.17
26.31
26.33
26.21
25.91
25.73
25.51
25.12
24.94
24.6
24.45
24.37
24.31
24.26
24.28
24.25
24.21
24.16
24.04
24.01
23.95
24.03
23.77
23.91
24.02
23.79
23.64
23.59
23.66
23.43
23.37
23.32
23.23
23.1
22.8
22.56
22.48
22.56
22.43
22.24
22
21.68
21.46
21.46
21.36
21.19
21
20.9
20.84
20.79
20.65
20.56
20.53
20.07
19.97
19.93
19.73
19.53
19.43
19.37
19.31
19.18
19.26
19.46
19.62
19.62
19.59
19.44
19.33
19.33
19.58
19.77
19.85
20.15
20.57
20.92
21.27
21.71
22.33
22.96
23.16
23.79
24.15
24.64
24.98
25.37
25.89
26.35
27.19
27.58
28.33
28.61
29.06
29.1
29.82
30.26
30.52
31.07
31.29
31.8
31.98
31.93
32.15
32.46
32.67
32.42
32.52
32.62
32.66
32.81
32.68
32.35
32.11
31.84
31.34
30.97
30.81
30.79
30.2
29.92
29.57
29.17
28.89
28.66
28.31
27.98
27.74
27.79
28.01
28.07
27.91
28.04
27.65
27.4
27.24
27
27.07
26.84
26.51
26.42
26.11
25.58
25.66
25.87
25.68
25.52
25.33
25.01
25.01
24.68
24.81
24.39
24.04
24
24.14
24.33
24.35
24.39
24.3
24.2
23.87
23.5
23.43
23.46
23.46
23.41
23.51
23.57
23.87
24.23
24.53
24.95
25.44
25.75
26.8
27.93
28.15
28.09
28.53
28.7
28.84
29.45
29.67
30.24
30.94
31.29
31.71
32.18
32.13
32.59
32.55
33.14
33.78
33.93
34.1
34.22
34.28
34.61
35
35.28
34.99
34.78
34.73
34.67
34.48
34.34
34.08
34.25
34.2
33.98
33.4
33.5
33.15
32.15
31.8
31.52
31.3
31.03
30.91
30.78
30.65
30.47
30.2
29.99
29.74
29.6
29.58
29.42
29.2
29.19
28.94
28.85
28.88
28.88
28.75
28.77
28.32
28
27.83
27.37
27.26
26.73
26.4
25.91
25.52
24.97
24.94
25.11
24.62
24.21
24.21
24.3
24.19
24.39
24.9
25.22
25.27
25.57
25.47
25.39
25.15
25.11
24.3
23.95
24.18
24.87
25.75
25.97
25.96
25.87
25.71
25.72
25.62
25.62
25.79
25.71
25.51
25.36
24.98
24.73
24.91
25.94
26.18
26.62
27.49
28.48
29.09
29.15
28.89
28.7
28.45
28.24
28.01
27.98
28.04
28.08
27.81
27.66
27.51
27.31
27.13
27.05
27.05
27.19
26.82
26.44
26.25
26.39
26.49
26.21
26.21
26.09
25.94
25.83
25.66
25.44
25.31
25.29
25.42
25.62
26.11
25.82
25.11
24.51
24.25
24.23
24.6
24.79
25.01
25.19
25.18
25.22
25.6
25.76
25.77
25.65
25.49
25.34
25.1
24.95
24.63
24.84
24.84
24.61
24.55
24.67
24.48
24.33
24.14
23.89
23.69
23.6
23.62
23.65
23.48
23.34
23.21
23.08
22.9
22.88
22.88
23.13
23.32
23.59
24.44
25.3
25.97
26.46
26.95
27.69
28.53
29.36
30.09
30.61
31.01
31.42
31.95
32.72
33.59
33.84
34.19
34.59
35.01
35.23
35.46
35.74
35.95
36.18
36.37
36.38
36.47
36.62
36.5
36.5
36.61
36.67
36.74
36.64
36.47
36.45
36.36
36.26
35.93
35.77
35.19
34.86
34.6
34.15
34.06
34.01
33.37
31.12
30.72
30.3
29.88
30.06
30.47
29.94
29.1
29.59
29.66
29.66
29.61
29.78
29.99
29.97
29.87
29.79
29.76
29.32
29.01
28.47
28.22
27.92
27.83
27.91
27.77
27.45
27.3
27.49
27.75
27.76
27.74
27.59
27.37
26.88
26.76
26.59
26.43
26.25
26.4
26.25
26.14
26.14
25.96
26.3
26.32
26.47
26.87
27.13
27.42
27.54
27.17
27.25
28.35
28.86
29.97
30.81
31.72
32.65
33.02
33.2
33.38
34
34.44
34.3
34.93
35.2
35.69
35.63
35.43
35.47
36.15
36.45
36.85
37.21
37.16
36.62
36.51
36.49
36.57
36.35
36.53
36.5
34.57
33.21
32.3
31.8
31.44
31.47
32.13
32.39
31.94
32.15
32.02
31.12
30.93
31.43
32
33.16
33.63
33.04
33
32.62
32.25
30.85
30.01
30.16
30.54
30.79
30.53
30.59
30.44
27.97
27.92
28.23
28.75
28.42
28.39
27.84
27.97
28.31
27.75
27.5
26.81
26.24
25.64
25.3
25.39
25.33
25.56
25.54
25.24
24.75
24.42
24.16
24.44
24.61
24.79
24.9
24.99
25.03
25.28
25.4
25.06
24.34
24.4
24.71
25.19
25.37
25.58
25.82
25.77
25.75
26.09
26.68
27.16
27.66
28.35
28.79
28.97
29.86
31.07
31.9
32.53
32.43
33.11
33.63
33.78
34.39
34.8
35.7
35.49
35.17
35.43
35.57
35.58
35.22
35.28
34.83
34.88
33.77
32.77
32.28
31.89
31.69
31.54
31.37
31.2
30.94
30.81
30.61
30.56
30.29
30
29.74
29.43
29.36
29.28
29.48
29.46
29.03
28.32
27.72
28.19
28.51
28.74
28.4
28.22
27.93
27.59
27.57
27.58
27.51
27.22
26.47
25.95
25.54
25.72
26.11
26.08
26.13
26.19
26.69
26.75
26.52
26.56
26.29
25.9
25.39
25.23
25.15
25.01
25.12
25.2
24.99
24.86
25
25.16
25.41
25.63
26.09
26.93
27.95
28.83
29.9
30.78
31.47
32.31
32.89
32.97
33.38
33.82
34.17
34.55
34.8
35.15
35.24
35.4
36.05
35.97
35.98
36.27
36.57
36.4
36.53
36.74
36.71
36.85
36.99
36.76
36.72
36.4
36.38
36.29
35.87
35.7
35.39
35.11
34.8
34.61
34.35
33.95
33.53
33.19
32.77
32.48
32.27
32
31.64
31.48
31.33
31.15
30.98
30.98
30.95
31.06
31.12
30.91
30.37
29.49
28.64
29.1
28.88
28.89
28.81
28.71
27.4
25.47
25.19
25.74
26.01
26.07
25.91
25.62
25.19
24.7
23.96
23.11
22.48
21.94
21.35
20.98
20.66
20.5
20.25
20.11
20.01
19.92
19.86
19.83
19.81
19.73
19.67
19.57
18.86
18.11
18.11
17.94
17.98
17.81
17.85
17.76
17.54
17.42
17.31
17.26
17.19
17.15
17.1
17.14
17.05
17.03
17.07
17.16
17.44
17.71
17.8
18.02
18.29
18.52
18.57
18.79
18.96
19.02
19.15
19.14
19.28
19.33
19.3
19.31
19.26
19.07
18.72
18.57
18.48
18.24
18.01
17.8
17.67
17.43
17.25
17.14
17.08
16.96
16.78
16.64
16.59
16.57
16.61
16.7
16.73
16.68
16.66
16.71
16.7
16.69
16.71
16.53
16.48
16.38
16.26
16.1
15.92
15.72
15.54
15.4
15.37
15.27
15.14
15.01
14.84
14.64
14.57
14.46
14.32
14.24
14.15
13.98
13.81
13.7
13.71
13.81
14.01
14.16
14.22
14.13
14.1
14.07
14.16
14.3
14.65
15.17
15.77
16.34
16.9
17.51
18.15
18.57
19.28
19.71
20.08
20.69
21.22
21.51
21.8
21.98
22.4
23.07
23.18
23.52
23.71
23.93
24.14
24.38
24.77
25.45
25.54
25.91
25.73
25.8
26.13
26.21
26.16
26.14
26.36
26.15
25.89
25.35
25.07
24.7
24.24
23.88
23.37
22.95
22.54
22.14
21.74
21.45
21.26
21.17
21.13
21.06
20.92
20.81
20.41
20.04
19.82
19.57
19.34
19.02
18.81
18.68
18.53
18.29
18.08
17.9
17.69
17.57
17.63
17.42
17.32
17.31
17.07
16.91
16.78
16.8
16.67
16.56
16.44
16.27
16.23
16.16
16.17
16.25
15.87
15.19
14.92
14.7
14.64
14.69
14.75
14.91
14.79
14.75
14.79
14.65
14.89
15.68
16.67
17.38
18.5
19.18
20.21
20.97
21.65
21.98
22.56
23.19
23.9
24.45
25.01
25.76
26.21
26.75
27.39
27.92
28.75
28.81
28.82
29.35
29.69
29.76
29.4
30.13
30.82
31.06
30.97
30.92
32.06
31.64
31.36
30.96
30.34
30.32
29.88
29.87
30.13
29.85
29.72
29.65
28.92
28.15
28.1
27.97
28.12
27.61
26.85
26.89
26.67
26.25
26.64
26.01
25.79
25.74
25.52
25.17
25.02
25.41
25.36
25.22
24.66
24.52
24.11
23.92
23.97
24.08
23.65
23.08
22.39
22.26
21.84
22.47
22.7
22.74
22.49
23.02
22.57
22.43
22.5
23.07
22.33
21.83
20.84
20.8
20.95
21.07
21.36
20.86
20.98
21.23
20.77
20.42
20.77
21.28
21.93
22.58
23.86
24.86
25.76
26.61
27.75
27.78
27.38
28.16
28.88
29.02
30.34
31.16
32.09
31.77
31.71
31.59
31.59
31.57
31.51
31.28
31.98
32.33
32.26
33.16
32.23
31.65
31.77
31.79
31.46
32.08
32.27
31.86
31.99
32.35
32
32.07
32.01
31.56
31.17
30.45
30.59
30.65
30.17
30.36
30.4
30.37
29.95
29.41
29.05
28.64
28.68
28.28
28.01
27.89
27.94
27.65
27.37
27.26
27.21
27.27
27.36
27.42
27.35
27.07
26.92
26.43
26.03
25.98
25.61
25.29
25.03
24.98
25.04
25.03
24.31
23.54
23.12
22.96
22.91
23.22
23.11
23.13
23.33
23.58
23.67
23.85
23.65
23.63
24.55
24.89
24.91
24.57
24.42
24.48
24.56
24.96
25.34
25.89
26.54
26.97
27.36
28.23
29.17
30
30.79
32.19
33.15
33.42
34.09
34.21
34.76
35.25
35.67
36.09
36.44
36.51
36.66
37.03
36.9
36.77
37.46
37.71
37.58
37.86
37.66
37.29
37.38
37.51
36.91
36.57
36.43
36.13
36.15
35.73
35.32
34.95
34.63
34.53
33.78
33.32
32.99
33.16
33.39
32.08
31.04
30.63
30.11
29.71
29.31
29.13
29.09
28.9
28.75
28.28
28.12
27.9
27.66
27.34
27.08
27.12
26.9
26.74
26.43
26.25
26.29
26.14
26.36
26.46
26.2
26.44
26.86
26.56
26.01
25.69
25.76
25.95
25.87
25.72
25.35
25.24
24.9
24.33
23.77
23.41
23.29
23.41
23.86
23.81
23.85
24.58
25.46
26.05
26.68
27.4
27.92
28.54
29.42
30.5
31.03
31.91
32.9
33.86
34.59
35.43
35.57
36.28
36.51
36.74
36.92
37.44
37.53
38.2
37.65
38.47
38.5
38.63
38.75
38.66
38.27
38.65
38.67
38.16
38.35
37.75
37.25
36.76
36.59
36.82
36.68
35.9
35.59
35.71
35.57
35.2
34.88
34.29
33.73
32.88
33.09
33.1
32.69
32.78
32.63
32.46
32.15
31.07
31.11
30.92
30.72
30.7
30.59
30.37
30.39
29.67
29.33
28.62
28.84
28.69
28.05
26.54
27.4
28.29
28.09
27.7
26.98
26.62
26.23
26.5
26.36
25.83
25.27
25.19
25.29
24.7
24.64
24.38
24.16
23.75
23.2
23.33
23.44
23.3
23.38
23.47
23.83
24.26
24.6
25.39
26.24
26.72
27.08
27.98
29.11
30.33
31.67
32.67
33.47
34.31
34.85
35.56
36.27
36.62
37.09
37.66
37.99
38.2
38.14
38.17
38.47
38.4
38.44
38.59
38.81
38.79
38.48
38.52
38.25
37.95
37.41
37.06
36.79
36.49
36.33
36.11
35.69
36.26
36.69
36.24
36.52
36.27
36.01
36.22
36.33
35.83
34.36
30.91
32.48
33.98
34.15
34.49
34.81
34.34
33.27
32.94
32.73
31.52
30.8
30.44
29.7
29.21
28.86
28.53