22.72
22.17
21.89
21.96
21.66
21.41
21.23
20.99
20.76
20.59
20.57
20.55
20.54
20.48
20.46
20.47
20.49
20.42
20.40
20.39
20.33
20.20
20.07
19.38
18.86
18.91
19.27
19.79
20.06
20.28
20.70
21.25
21.93
22.68
23.32
23.99
24.72
25.45
26.11
26.75
27.29
27.96
28.55
29.03
29.55
30.10
30.38
30.75
31.19
31.36
31.78
32.21
32.59
33.14
33.09
33.35
33.56
33.76
33.65
33.75
33.96
34.14
34.09
33.83
34.00
33.80
33.46
33.21
32.84
32.39
31.94
31.66
31.41
31.10
30.69
30.28
30.04
29.71
29.34
28.76
28.40
28.08
27.77
27.51
27.40
27.09
26.84
26.75
26.69
26.50
26.35
26.25
26.26
26.32
25.90
25.44
25.30
25.14
24.96
24.82
24.47
24.29
24.33
24.28
23.67
23.57
23.53
22.54
22.15
22.23
21.44
20.86
21.28
21.53
21.45
21.50
21.40
21.66
22.13
22.22
22.06
22.04
22.22
21.95
21.90
22.46
23.16
23.63
24.19
24.82
25.58
26.31
26.92
27.58
28.14
28.67
29.16
29.32
29.35
29.67
29.97
30.46
30.89
31.23
31.49
31.68
31.95
32.27
32.43
32.62
32.61
32.57
32.59
32.81
33.16
33.03
33.12
32.85
32.80
32.77
32.47
32.22
32.13
31.48
30.98
30.68
30.32
29.84
29.37
29.00
28.55
28.25
27.80
27.40
27.23
26.98
26.58
26.32
25.79
25.41
25.12
24.90
24.80
24.79
24.76
24.56
24.35
24.38
24.24
23.89
24.03
24.03
23.61
23.21
22.65
22.71
22.60
22.49
22.47
22.08
21.59
21.47
21.30
20.89
20.57
20.48
20.41
20.53
20.31
20.14
20.21
20.31
19.87
19.67
19.77
19.80
19.46
19.43
19.66
19.87
19.76
20.07
20.33
20.88
21.35
22.12
22.92
23.62
24.28
24.84
25.51
26.16
26.80
27.47
27.96
28.57
29.02
29.47
29.86
30.15
30.51
30.79
31.05
31.21
31.52
31.82
32.07
32.22
32.22
32.48
32.67
32.76
33.07
32.76
32.61
32.43
32.24
32.04
31.90
31.59
31.35
31.00
30.72
30.34
30.06
29.75
29.32
28.99
28.76
28.51
28.03
27.84
27.63
27.44
27.27
26.93
26.88
26.63
26.35
25.64
25.05
24.96
25.14
25.37
25.39
25.32
25.08
24.54
23.97
23.77
23.84
23.65
23.41
23.33
23.13
23.10
23.27
23.22
22.91
22.62
22.43
22.26
22.36
22.62
22.77
22.60
22.38
22.33
22.16
21.90
21.68
21.30
21.13
21.21
21.42
21.70
21.58
21.70
21.57
21.88
22.37
22.87
23.39
23.79
24.35
24.84
25.28
25.65
26.02
26.46
26.84
27.34
27.77
28.06
28.44
28.57
28.65
28.77
28.96
29.12
29.27
29.47
29.62
29.77
29.84
30.02
30.13
30.23
30.31
30.23
30.22
30.10
29.93
29.80
29.55
29.33
29.04
28.76
28.50
28.25
27.89
27.55
27.18
26.46
26.07
25.87
25.68
25.58
25.32
25.20
25.18
24.93
24.23
23.57
23.70
23.61
23.31
22.97
22.66
22.31
22.22
22.02
21.85
21.64
21.34
21.24
21.17
20.97
20.83
20.70
20.46
20.16
20.03
20.07
20.05
20.07
19.71
19.17
19.21
19.27
19.37
19.57
19.48
19.46
19.14
18.84
18.43
18.55
18.42
18.47
18.49
18.31
18.69
19.48
19.82
20.30
20.77
21.39
21.93
22.87
23.60
24.23
24.77
25.47
25.94
26.61
27.02
27.53
28.01
28.35
28.81
29.13
29.34
29.69
29.96
30.16
30.35
30.64
30.73
30.78
30.92
30.89
30.98
30.96
31.11
31.03
31.05
30.91
30.96
30.76
30.63
30.59
30.39
29.80
29.18
28.90
28.47
27.92
27.46
27.04
26.39
25.71
25.48
25.16
24.68
24.47
24.22
23.88
23.47
23.11
22.67
22.46
22.48
22.39
22.23
22.14
21.82
21.54
21.46
21.42
21.18
20.80
20.26
20.06
20.04
20.10
19.96
19.78
19.54
19.27
19.10
18.89
18.81
18.73
18.36
18.23
18.33
18.26
18.15
17.98
17.87
17.81
17.80
17.71
17.48
17.36
17.38
17.50
17.77
18.19
18.13
18.55
19.21
19.97
20.85
21.49
22.05
22.67
23.15
23.72
24.47
25.04
25.91
26.35
26.99
27.35
27.98
28.31
28.77
29.05
29.27
29.59
29.86
29.94
30.15
30.13
30.40
30.55
30.56
30.55
30.53
30.51
30.61
30.57
30.59
30.61
30.57
30.29
29.95
29.46
29.01
28.46
28.09
27.84
27.53
26.85
26.53
26.28
26.07
25.76
25.43
25.34
25.08
24.88
24.60
24.28
23.99
23.73
23.54
23.40
23.26
23.14
22.97
22.77
22.69
22.57
22.10
22.05
21.95
21.61
21.14
21.04
21.08
20.83
20.67
20.39
20.17
20.20
20.13
19.92
19.56
18.97
18.68
18.61
18.60
18.44
18.28
18.20
18.10
18.11
18.03
18.19
18.29
18.32
18.41
18.57
18.83
19.28
19.71
20.26
20.69
21.22
21.83
22.49
23.43
24.26
24.72
25.35
25.74
26.13
26.64
26.68
26.80
27.23
27.53
27.79
28.26
28.60
28.87
29.16
29.52
29.69
29.50
29.63
29.68
29.81
29.85
29.83
29.60
29.46
29.36
29.12
28.82
28.61
28.47
28.08
27.84
27.52
27.12
26.68
26.23
25.99
25.71
25.35
25.06
24.77
24.47
24.18
24.04
23.83
23.61
23.38
23.16
23.13
23.12
22.96
22.94
23.15
23.03
22.74
22.54
22.14
21.62
21.29
21.27
21.32
21.16
21.07
21.03
21.10
21.36
21.27
21.13
20.87
20.82
20.69
20.22
20.07
20.05
20.16
19.92
18.82
18.74
18.73
18.68
18.71
18.69
18.72
18.90
19.45
19.76
19.94
20.55
21.40
21.98
22.65
23.53
24.22
24.88
25.56
26.17
26.88
27.42
28.05
28.49
28.97
29.56
29.90
30.42
30.75
30.90
31.09
31.52
31.62
31.94
32.32
32.53
32.68
32.78
32.88
33.00
32.97
32.98
32.91
32.89
32.82
32.71
32.57
32.74
32.41
31.73
31.48
30.97
30.58
30.28
29.76
29.35
28.93
28.26
27.88
27.70
27.30
26.95
26.71
26.45
26.10
25.73
25.64
25.45
25.34
25.20
25.01
24.96
24.83
24.64
24.39
24.19
23.72
23.51
23.10
22.36
22.45
22.60
22.54
22.21
21.94
21.40
20.70
20.39
20.31
20.25
19.86
19.78
19.71
19.52
19.66
19.80
19.72
19.54
19.45
19.30
19.25
19.27
19.23
19.15
19.32
19.46
19.83
20.13
20.66
21.09
21.78
22.56
23.20
23.93
24.60
25.42
25.90
26.63
27.09
27.72
28.15
28.49
28.95
29.23
29.58
29.89
30.22
30.47
30.76
30.91
30.83
30.80
30.97
31.18
31.23
31.43
31.46
31.43
31.39
31.29
31.30
31.03
30.57
30.47
30.37
30.18
30.11
30.03
29.86
29.74
29.48
29.46
29.01
27.99
27.69
27.48
27.33
27.06
27.03
26.42
26.31
26.20
26.01
26.01
26.01
25.64
25.62
25.68
25.65
25.48
25.46
25.24
25.06
24.74
24.24
24.03
24.17
24.28
24.30
24.33
23.99
23.67
23.53
23.67
23.34
22.01
22.04
22.03
21.90
21.86
21.97
22.24
22.28
21.89
21.54
21.25
21.36
21.46
21.59
21.74
22.11
22.21
22.12
22.20
22.47
22.90
23.56
24.30
24.91
25.66
26.28
27.00
27.50
28.23
28.81
29.34
30.02
30.66
31.06
31.39
31.44
31.59
31.80
32.18
32.33
32.64
32.86
32.93
33.03
33.14
33.35
33.58
33.65
33.75
33.83
33.54
33.35
33.19
33.16
32.98
32.64
32.44
32.32
32.27
31.96
31.63
31.39
31.12
30.53
30.31
29.99
29.38
28.83
28.72
28.68
28.65
28.39
28.17
27.85
27.66
27.30
26.78
26.48
26.44
26.30
25.99
25.64
25.49
25.51
25.61
25.52
25.50
25.70
25.35
24.89
24.82
24.60
24.44
24.36
24.17
24.06
23.96
23.79
23.55
23.47
23.78
24.00
24.08
24.01
23.77
23.63
23.80
23.98
23.99
23.79
23.47
23.72
23.84
23.87
23.77
24.51
25.51
26.29
26.78
27.01
27.82
28.85
29.53
30.17
30.77
31.44
32.08
32.32
32.62
32.89
33.63
34.06
34.26
34.57
31.58
31.80
32.13
32.28
32.43
32.45
31.41
35.42
35.63
35.57
35.33
35.18
35.03
34.77
34.78
34.72
34.63
34.34
34.08
33.83
33.58
33.45
33.34
33.16
32.78
32.48
32.06
31.23
31.27
31.35
30.74
30.07
30.01
29.86
29.39
29.14
28.74
28.57
28.32
28.41
28.21
28.03
27.79
27.75
27.72
27.79
27.92
27.88
27.62
27.28
26.98
26.91
26.12
25.66
25.49
25.09
24.87
25.06
25.09
24.71
24.68
24.63
24.52
24.32
23.85
23.63
23.72
23.45
23.43
23.38
23.21
23.20
23.23
23.50
23.58
23.68
24.10
24.82
25.42
26.29
27.29
27.99
28.73
29.36
29.92
30.56
30.97
31.54
32.28
33.03
33.40
33.84
34.04
34.50
34.79
35.00
35.37
35.84
35.99
36.02
36.39
36.54
36.76
36.97
37.03
36.98
36.76
36.76
36.49
36.22
36.01
36.05
35.74
35.58
35.18
34.99
34.20
34.23
33.91
33.53
32.83
32.33
32.19
31.41
30.86
30.58
30.33
30.04
29.73
29.55
29.42
29.20
29.14
28.89
28.57
28.10
27.97
28.25
27.97
27.65
27.43
27.37
27.13
26.45
25.92
25.29
24.59
24.16
24.13
24.05
23.88
23.59
23.28
23.34
23.49
23.60
23.91
24.00
24.40
24.74
24.29
23.71
23.28
23.56
23.33
23.26
23.73
23.78
23.73
23.61
23.42
23.68
24.01
24.49
25.10
26.10
26.96
27.84
28.97
29.58
30.07
30.38
30.77
31.44
32.05
32.53
32.96
33.32
33.72
34.08
34.37
34.57
34.71
35.03
35.21
35.45
35.63
35.58
35.56
35.60
35.61
35.82
35.97
35.75
35.40
35.17
34.90
34.70
34.53
34.22
33.98
33.65
33.22
33.09
32.87
32.72
32.53
32.18
31.74
31.24
30.62
30.41
30.09
29.68
29.48
29.12
28.53
27.88
28.08
28.27
28.40
28.43
27.82
27.95
27.86
27.10
26.66
26.58
26.40
26.17
25.97
26.00
25.84
25.56
25.35
25.20
25.21
25.08
24.97
24.66
24.53
24.58
24.56
24.29
24.13
23.99
24.02
23.97
23.92
23.84
23.80
23.71
23.66
23.77
23.62
23.50
22.98
22.88
22.65
22.75
22.88
23.15
23.45
23.81
24.22
24.69
25.13
25.52
30.17
31.12
31.28
31.79
32.41
32.63
32.87
33.18
33.16
33.48
33.54
34.12
34.38
34.75
34.84
34.72
34.76
35.13
35.26
35.45
35.38
35.51
35.81
35.31
35.1
35.27
35.25
34.89
34.69
34.43
34.3
34.28
34.04
34.03
33.31
32.02
31.6
31.49
31.28
30.87
29.64
30.61
30.42
30.98
28.94
29.47
29.4
29.42
29.44
29.82
29.53
29.15
29.12
28.89
28.71
28.27
28.27
28.35
27.11
26.78
26.41
26.44
26.64
26.72
26.29
25.64
25.24
24.68
23.35
23.54
24.14
24.3
24.24
24.05
23.22
22.6
22.87
23.18
23.15
23.17
23.59
24.66
25.12
25.59
25.7
26.02
26.37
27.02
28.02
28.73
29.45
30.04
30.85
31.64
32.22
32.74
33.18
33.81
34.29
35.06
35.23
35.37
35.8
35.84
36.12
36.35
36.34
36.62
36.7
36.81
36.79
36.75
36.77
37.04
37.25
37.2
37.08
37.15
37.09
36.95
36.95
36.88
36.63
36.53
36.1
35.61
35.02
34.73
34.14
33.98
33.9
33.7
33.44
33.03
32.69
32.69
32.52
32.15
31.87
31.45
31.23
31.28
30.84
30.36
30.03
29.83
29.85
29.82
29.89
27.54
26.64
27.13
27.58
28.01
28.52
29.24
29.23
29.35
29.44
28.45
27.21
27.36
27
25.38
25.53
26.13
26.66
26.99
27.05
26.94
26.49
25.51
24.23
23.49
23.75
24.01
24.03
24.37
24.54
25.26
26.55
26.99
26.99
27.48
27.85
28.48
28.82
29.85
30.25
31.05
31.6
31.43
31.89
32.54
32.92
33.73
34.3
34.53
35.42
35.47
35.95
36.37
36.56
36.66
37
37.4
37.88
37.99
38.21
38
38.68
38.59
38.14
39.51
39.47
39.65
38.8
37.55
36.75
36.47
36.01
35.76
35.07
34.7
34.4
34.21
34.28
34.43
34.01
33.63
33.37
32.81
32.36
32.02
31.81
31.46
31.31
31.15
30.84
30.78
30.34
28.37
27.61
27.92
28.45
28.64
28.45
28.68
28.44
28.63
28.64
28.62
29
29.28
29.13
29.24
29.52
29.78
29.72
29.21
28.41
27.52
27.17
27.75
27.72
27.73
28.41
28.21
28.09
28.5
28.22
27.5
27.14
27.13
27.03
26.59
26.51
26.39
26.38
26.39
26.89
26.99
27.32
28.65
29.6
29.86
29.92
30.33
30.65
30.74
30.96
31.05
31.29
31.49
31.35
31.47
31.94
32.44
33.93
34.69
34.48
34
34.64
35.11
35.7
36.7
37.12
37
37.15
37.59
38.01
37.89
38.17
37.05
36
35.5
34.95
33.81
33.55
33.06
32.63
32.42
32.03
31.74
31.45
31.34
31.24
30.87
29.37
29.1
28.75
29.11
28.78
28.88
29.26
29.14
29.31
28.66
27.9
28.45
27.91
27.7
27.88
27.98
27.64
27.3
26.96
26.77
26.55
26.37
26.23
26.01
25.79
25.63
25.47
25.49
25.53
25.46
25.14
24.96
25.03
24.98
24.72
24.61
24.56
24.2
23.77
23.91
23.86
23.95
23.96
24.38
24.97
25.27
25.83
26.4
26.9
27.73
28.7
29.29
29.94
30.45
31.11
31.55
32.07
32.64
33.15
33.72
33.95
33.85
33.43
34.19
34.41
34.45
34.79
34.36
34.07
34.07
34.29
34.42
34.6
34.99
35
35.02
35.29
35.46
35.35
35.35
34.94
34.35
34.24
32.4
31.51
32.1
32.58
31.31
31.55
31.79
31.54
31.46
31.63
31.08
31.19
29.57
29.09
29.97
29.41
28.76
28.32
28.85
28.74
28.31
27.77
27.7
27.86
27.9
27.45
27.04
26.91
26.95
26.77
26.44
27.12
27.53
27.41
27.56
27.12
26.4
26.68
26.63
27.09
27.97
28.54
27.07
26.08
25.51
25.78
26.42
27.15
25.13
25.52
25.19
25.06
24.67
24.42
24.39
24.45
24.48
24.72
25.39
25.77
25.94
26.54
27.31
28.06
28.84
29.02
29.55
29.86
30.55
30.82
30.87
31.26
31.51
31.92
32.26
32.31
32.53
32.77
32.95
33.11
32.97
33.23
33.54
33.69
33.86
33.86
33.73
33.84
33.67
33.69
33.45
32.96
32.58
32.09
31.88
31.97
31.99
31.69
31.25
30.97
30.62
30.37
30.14
29.9
29.68
29.51
29.29
29.02
28.65
25.65
24.18
23.76
22.99
22.59
22.71
22.62
22.5
22.42
22.6
22.81
22.77
23.12
22.81
22.53
22.61
22.16
21.97
21.8
21.62
21.48
21.41
21.27
21.09
20.92
20.85
20.75
20.68
20.61
20.59
20.55
20.51
20.45
20.41
20.39
20.4
20.42
20.48
20.46
20.42
20.41
20.42
20.49
20.57
20.69
20.84
21.18
21.41
21.7
22.21
22.69
23.22
23.68
24.01
24.31
25.16
25.45
25.49
25.84
26.17
26.12
26.51
26.84
27.22
27.43
27.43
27.81
27.97
27.77
28.5
28.87
28.93
29.03
29.12
29.42
29.53
29.5
29.62
29.71
29.72
29.91
30.43
30.32
29.84
29.71
29.7
29.21
28.59
28.24
28.36
28.55
28.6
28.65
28.67
28.49
27.7
27.34
26.5
26.49
26.88
25.77
25.32
25.51
25.29
25.1
25.66
26.33
25.79
25.65
25.51
25.47
25.39
25.69
26
25.81
25.38
24.82
24.75
24.23
24.22
24.23
24.38
24.42
24.15
23.83
23.77
23.73
23.67
23.62
23.29
23.24
23.46
23.4
23.18
23.19
23.17
22.27
21.33
21.3
21.28
21.32
21.43
21.54
21.58
21.66
21.7
21.75
21.79
21.87
22.11
22.01
21.83
22.05
22.52
22.75
22.51
22.56
22.93
23.47
24.33
24.98
25.79
26.04
25.82
25.88
26.35
26.43
26.25
26.48
26.04
26
26.27
26.62
26.43
26.22
26.29
26.72
26.72
26.72
26.82
26.88
26.56
26.22
25.65
25.15
24.85
24.72
24.56
24.38
24.32
24.15
24.36
24.53
24.49
24.16
24.2
24.1
24.27
24.4
24.36
24.51
24.54
24.47
24.56
24.41
24.18
23.85
23.71
23.65
23.53
23.36
23.24
23.17
23.21
23.38
23.37
23.44
23.55
23.42
23.45
23.75
23.87
23.8
23.82
23.75
23.71
23.77
23.77
23.73
23.71
23.8
23.86
23.95
23.25
22.83
22.93
22.85
22.82
22.93
23.08
23.33
23.55
23.66
23.75
24.01
24.34
24.71
25.08
25.41
25.44
25.4
25.5
25.77
26.03
26.09
26.12
26.32
26.59
26.85
27.07
27.22
27.38
27.4
27.73
28.1
28.1
28.42
28.23
28.37
28.95
29.23
29.14
28.79
28.39
28.23
28.09
27.96
28.02
27.77
27.23
26.92
26.36
25.7
25.21
24.89
24.64
24.5
24.39
24.22
24.04
23.9
23.89
23.95
23.88
23.79
23.72
23.75
23.79
23.77
23.72
23.68
23.73
23.84
23.97
23.9
23.84
23.76
23.7
23.67
23.69
23.7
23.72
23.73
23.65
23.65
23.59
23.57
23.63
23.58
23.48
23.44
23.46
23.39
23.3
23.35
23.33
23.07
22.89
22.9
22.85
22.73
22.7
22.81
22.69
22.71
22.8
22.89
23.05
23.46
23.48
23.65
23.81
23.57
22.82
21.3
20.84
20.54
20.41
20.28
20.3
20.35
20.2
19.99
19.82
19.57
19
18.98
19.04
18.76
18.53
18.08
17.81
17.71
17.65
17.69
17.69
17.78
17.81
17.68
17.45
17.43
17.29
17.16
16.95
16.71
16.56
16.46
16.39
16.29
16.26
16.24
16.16
16.12
16.14
16.12
16.11
16.04
16
16
16.01
16.01
16.04
16.07
16.09
16.05
16
15.99
15.97
16.02
16.02
16.07
16.1
16.09
16.17
16.19
16.15
16.21
16.28
16.26
16.29
16.27
16.29
16.29
16.32
16.31
16.38
16.37
16.41
16.49
16.45
16.31
16.2
16.18
16.19
16.2
16.27
16.32
16.35
16.5
16.84
17.07
17.27
17.38
17.55
17.72
17.79
17.99
18.39
18.71
18.53
18.36
18.59
18.6
18.5
18.56
18.95
19.13
18.92
19.45
19.76
19.57
19.66
19.96
19.93
19.67
20.17
19.77
19.93
20.3
20.8
20.63
20.92
20.71
20.4
20.45
20.55
20.45
20.33
20.32
20.35
20.3
20.03
19.75
19.7
19.42
19.23
19.37
19.43
19.28
19.2
19.28
19.37
19.39
19.27
19.09
18.99
18.86
18.59
18.39
18.1
17.98
17.97
17.96
18.1
18.01
17.89
17.77
17.72
17.58
17.52
17.48
17.31
17.25
17.19
17.25
17.24
17.06
16.98
17.15
17.79
17.54
17.34
17.41
16.81
16.75
16.55
16.57
16.64
16.7
16.82
16.76
16.74
17.04
17.39
17.65
18.27
19.14
19.57
20.4
21.27
21.79
22.16
22.61
23.36
23.84
24.34
24.86
25.31
25.84
26.06
26.52
27.29
27.52
27.93
28.27
28.36
28.56
29.03
29.65
29.85
29.97
30.36
30.71
30.81
30.88
31.45
31.46
31.71
32.15
31.97
31.54
31.61
31.62
31.45
31.26
31.13
30.96
30.65
30.38
30.22
30.12
29.97
29.96
29.75
29.69
29.62
29.8
30.06
29.33
29.1
29.45
29.45
28.5
27.75
26.77
26.4
26.82
26.35
25.64
25.65
26.43
26.28
26.31
26.34
25.31
26.07
26.39
25.13
24.99
25.18
24.48
24.24
24.23
24.21
24.14
24.26
24.11
23.73
23.71
23.54
23.36
23.23
23.14
22.91
22.56
22.2
22.17
22.57
22.8
23.49
23.9
24.35
25.22
26.11
26.99
28.12
28.83
29.38
29.72
30.34
31.04
31.49
32.01
32.34
32.7
32.97
33.43
33.77
34.12
34.54
34.64
34.79
34.97
35.15
35.33
35.6
35.61
35.58
35.65
35.82
35.92
36.01
36.17
36.25
36.29
36.38
36.49
36.13
35.99
35.61
35.06
34.68
34.32
33.49
32.45
31.76
31.32
30.93
30.39
30.03
29.72
29.38
29.05
28.51
28.05
27.93
27.73
27.64
27.42
27.3
27.03
27.03
26.98
26.94
26.69
26.67
26.95
26.99
27.34
27.53
27.4
27.44
27.14
27.16
26.27
25.87
25.75
25.66
25.84
25.89
26.03
26.29
26.7
27.16
27.22
27.16
26.67
26.68
26.51
26.19
25.93
25.28
25.22
25.42
25.48
25.8
26.35
26.48
27.04
27.63
28.12
28.52
28.95
29.28
29.78
30.35
30.85
31.53
31.87
32.2
32.68
33.17
33.42
33.83
34.05
34.23
34.52
34.45
34.59
34.6
35.09
35.19
35.53
35.49
35.47
35.39
35.64
35.78
35.66
35.42
35.47
35.54
35.53
35.45
35.19
34.67
34.33
33.91
33.51
33.1
32.68
32.17
32
31.82
31.65
31.36
31.19
30.66
30.41
30.14
29.96
29.89
29.38
29.41
29.47
29.06
28.5
28.22
28.04
28.26
28.09
27.69
27.58
27.39
27.22
26.93
26.83
26.96
26.83
26.59
26.87
26.99
26.57
26.14
25.96
26.55
26.47
26.02
24.91
25.07
24.95
24.61
24.73
24.47
24.92
24.65
24.76
25.09
25.08
25.19
25.2
25.74
25.66
25.71
26.37
27.18
27.77
28.46
29.21
30.02
30.76
31.25
31.73
32.35
32.64
32.67
31.69
29.86
29.38
28.14
27.26
27.09
26.74
26.75
27.07
27.54
27.83
27.96
28.1
27.68
27.4
28.1
28.14
27.63
27.8
28.07
28.09
28.53
28.76
28.72
28.7
28.29
27.91
27.36
26.81
26.37
25.94
25.53
25.09
24.69
24.32
24.01
23.73
23.47
23.18
22.87
22.56
22.34
22.19
21.94
21.69
21.45
21.24
21.02
20.84
20.63
20.4
20.15
19.99
19.84
19.62
19.31
19.09
18.9
18.69
18.39
18.07
17.86
17.68
17.44
17.25
17.1
16.91
16.78
16.65
16.55
16.45
16.26
16.07
15.93
15.86
15.78
15.74
15.65
15.6
15.54
15.53
15.55
15.71
15.75
15.86
16.06
16.16
16.31
16.43
16.55
16.74
16.87
17.24
17.09
17.17
17.22
17.33
17.51
17.61
17.96
18.33
18.39
18.66
18.7
18.89
18.98
19.89
20.57
21.05
21.23
21.55
21.1
20.92
20.84
20.91
21.07
21.35
21.74
21.7
21.34
21.5
21.33
20.84
20.35
19.9
19.49
19.08
18.79
18.53
18.31
18.06
17.9
17.78
17.62
17.41
17.2
17.04
17.01
16.98
16.97
16.92
16.92
16.86
16.81
16.73
16.68
16.58
16.52
16.54
16.57
16.53
16.47
16.4
16.26
16.11
15.95
15.8
15.72
15.6
15.44
15.45
15.47
15.47
15.48
15.46
15.34
15.26
15.19
15.24
15.42
15.47
15.4
15.32
15.35
15.36
15.43
15.73
16.22
16.58
17.18
17.58
18.07
18.43
18.79
19.25
19.82
20.26
20.52
21.09
21.7
21.95
22.65
23
23.64
23.81
24.54
25.07
25.28
25.24
25.73
25.89
26.27
26.3
26.68
27.08
27.49
27.49
27.95
27.87
28.02
28.1
28.38
28.07
28.1
28.27
28.18
28.21
28.05
27.93
27.54
26.89
26.26
25.77
25.32
25.02
24.87
24.77
24.59
24.52
24.49
24.09
23.63
23.02
22.63
22.29
21.97
21.67
21.36
20.95
20.54
20.25
19.98
19.79
19.6
19.34
19.19