23.78
23.35
23.06
22.97
23.24
23.54
23.51
24.22
24.42
24.11
24.35
24.6
24.4
24.02
23.82
23.92
23.88
23.94
23.96
24.03
24.32
24.18
23.94
24.24
24.21
24.48
24.9
25.14
25.56
26.1
26.69
27.42
28.07
28.8
29.74
30.62
31.52
32.31
33.18
33.79
34.53
35.12
35.9
36.35
36.4
36.6
37.06
37.17
37.12
37.25
37.51
37.49
37.86
37.9
38.21
38.31
38.25
38.76
38.55
38.38
38.12
38.34
38.57
38.37
38.34
38.15
37.73
37.5
37.22
36.77
36.31
35.8
35.72
35.36
35.16
34.65
34.26
34.06
33.32
33
32.89
32.24
31.89
31.61
31.09
31.01
30.86
30.82
30.58
30.06
29.73
29.5
29.43
29.34
29.32
29.37
29.33
29.34
29.32
28.9
28.57
28.45
28.08
27.63
27.51
27.37
27.41
27.43
27.36
27.19
27.01
26.88
26.66
26.47
26.33
26.25
26.1
25.86
25.63
25.48
25.29
25.19
25.13
25.13
25.28
25.76
26.45
27.17
27.91
28.77
29.47
30.1
31.09
31.81
32.34
32.68
33.03
33.51
33.71
33.79
33.79
33.82
33.71
33.18
33.38
33.34
32.14
31.52
32.76
33.1
32.26
31.4
30.49
29.59
29.77
28.81
28.82
27.57
26.07
25.68
25.44
25.21
25.11
24.94
25.02
25.08
25.14
25.06
24.97
25.06
24.94
24.66
24.16
24
23.57
23.3
23.13
22.97
22.83
22.68
22.49
22.34
22.3
22.31
22.31
22.32
22.39
22.56
22.76
22.9
22.68
22.5
22.42
22.33
22.24
22.21
22.24
22.25
22.24
22.21
22.16
22.08
22.02
22.11
22.06
21.99
21.92
21.94
21.97
22.02
22.08
22.12
22.12
22.15
22.2
22.27
22.31
22.35
22.45
22.56
22.68
22.83
23.02
23.24
23.51
23.77
24.02
24.38
24.68
24.94
25.18
25.41
25.65
25.92
26.45
26.89
27.53
27.82
27.87
28.23
28.34
28.23
28.1
28.7
28.83
28.94
28.87
29.03
29.51
29.88
29.72
29.62
29.37
29.2
29.13
29.19
29.32
29.46
29.42
29.38
29.12
28.87
28.55
28.59
28.58
28.46
28.31
28.1
27.61
27.19
27.34
27.23
26.83
26.64
26.26
25.95
25.76
25.61
25.11
24.83
24.57
24.43
24.49
24.38
24.38
24.59
24.82
24.79
24.69
24.65
24.57
24.5
24.4
24.24
24.18
23.99
23.65
23.61
23.29
23.01
23.06
23.16
23.07
22.73
22.58
22.41
22.25
22.2
22.25
22.17
22.27
22.35
22.35
22.43
22.75
23.21
23.68
24.06
24.46
25.4
26.07
27.05
27.37
27.93
28.34
28.92
29.27
29.98
30.51
30.95
31.23
31.78
32.08
32.38
32.9
33.09
33.23
33.35
33.95
33.45
34.42
34.25
34.79
34.07
33.83
33.78
33.39
33.32
32.99
32.84
32.55
32.59
32.91
32.72
32.23
32.27
32.28
32.02
31.52
31.15
30.87
30.77
30.73
30.53
30.31
30.26
30.41
30.49
30.44
29.34
29.02
28.53
28.72
29.06
29.42
29.42
29.51
29.65
29.81
29.67
29.65
28.97
27.77
26.46
25.35
25.82
25.64
25.88
26.47
26.42
25.12
24.91
24.34
23.07
22.82
22.74
22.64
22.57
22.57
22.53
22.48
22.44
22.42
22.46
22.47
22.47
22.48
22.49
22.53
22.55
22.61
22.6
22.63
22.65
22.73
22.66
22.4
22.17
21.85
21.82
21.91
21.99
22.01
22.33
22.33
22.22
21.94
22.68
22.87
23.12
23.21
23.24
23.12
23.16
23.21
23.14
22.85
23.01
22.76
22.45
22.39
22.37
22.24
22.29
22.53
22.92
23.04
23.18
23
22.92
23.43
23.72
23.5
23.08
22.67
22.47
22.25
21.98
21.74
21.56
21.33
21.18
20.83
20.6
20.31
20.14
19.9
19.7
19.6
19.46
19.3
19.09
18.91
18.74
18.69
18.67
18.53
18.5
18.49
18.36
18.29
18.24
18.15
18.05
17.95
17.88
17.84
17.83
17.89
17.91
17.91
17.92
17.94
17.95
17.95
17.92
17.94
18
18.05
18.11
18.15
18.23
18.29
18.38
18.47
18.59
18.74
18.94
19.18
19.42
19.59
19.86
20.24
20.35
20.53
20.6
20.54
20.66
20.71
20.81
20.88
21.16
21.39
21.21
21.26
21.27
21.32
21.68
21.56
21.48
21.31
21.46
21.6
21.79
21.74
21.79
21.63
21.51
21.34
21.34
21.37
21.41
21.59
21.74
21.79
21.77
21.83
21.91
21.73
21.64
21.58
21.48
21.34
21.23
21.15
21.02
20.94
20.88
20.77
20.59
20.42
20.22
20.08
20.12
19.95
19.72
19.57
19.42
19.19
19.22
19.2
19.1
18.98
19.05
19.09
19.18
19.12
18.92
18.88
18.83
18.84
18.82
18.8
18.81
18.75
18.7
18.67
18.65
18.62
18.63
18.62
18.62
18.63
18.58
18.6
18.63
18.68
18.66
18.57
18.56
18.69
18.98
19.18
19.35
19.5
19.64
19.9
20.28
20.9
21.19
21.44
21.88
22.19
22.7
23.03
23.27
24.05
24.93
24.87
25.13
25.61
25.84
25.89
26.09
26.17
26.27
26.75
27.1
27.06
27.17
27.5
27.68
27.85
27.89
27.82
27.82
27.64
27.46
27.7
27.56
27.5
26.73
26.3
26.11
26.03
25.86
25.43
25.04
24.72
24.42
24.17
23.89
23.59
23.36
23.26
23.25
23.1
22.99
22.86
22.66
22.68
22.33
22.06
21.9
21.87
21.82
21.72
21.73
21.71
21.45
21.35
21.19
21.29
21.01
20.86
20.83
20.69
20.56
20.45
20.45
20.42
20.43
20.44
20.35
20.14
20.1
20.09
19.99
20.09
20.25
20.13
20.09
20.1
20.1
20.08
20.05
20.02
20.02
20.27
20.64
21.03
21.54
22.09
22.83
23.75
24.93
25.41
26.39
26.58
27.23
27.84
28.08
28.75
29.17
29.75
29.28
29.81
30.23
30.76
30.84
30.95
31.5
31.64
32.21
32.71
33.11
33.4
33.86
34.18
34.16
34.39
34.62
34.54
34.16
34.02
33.75
33.37
33.14
33.12
33.09
32.86
32.55
32.08
31.3
30.72
30.19
29.73
29.24
28.71
28.12
27.67
27.28
26.97
26.7
26.6
26.42
26.21
26.11
26.12
26.04
25.96
25.9
25.86
25.68
25.46
25.35
24.22
23.87
24.34
24.48
24.4
23.89
23.79
23.66
23.53
23.56
23.6
23.37
23.02
23.22
23.18
22.97
22.5
22.18
21.83
21.66
21.69
21.67
21.39
21.03
20.96
20.85
20.88
20.86
20.99
21.1
21.4
21.8
22.35
23.13
23.34
23.36
23.96
24.63
25.71
26.51
27.37
28.14
28.42
29.65
30.4
30.4
30.09
30.79
31.48
31.66
31.7
32.54
32.43
33.02
33.2
34.26
34.1
34.67
35.2
35.28
35.17
34.37
33.73
33.39
33.75
33.61
33.49
33.26
33.14
33.05
32.75
32.31
31.87
31.65
31.46
31.04
30.98
30.45
29.65
29.09
28.68
28.3
28.06
27.97
27.71
27.14
26.73
26.38
26.09
25.94
25.95
25.91
26.05
26.09
25.72
25.43
25.25
24.77
24.57
24.48
24.46
24.21
24.33
24.29
24.21
24.07
23.86
23.93
23.91
23.67
23.2
22.86
22.62
22.31
22.05
22.25
22.46
22.63
22.98
23.21
22.91
22.83
22.92
23.03
23.36
23.82
24.16
24.77
25.53
25.8
26.57
27.61
28.48
29.07
29.98
30.42
30.8
31.33
31.52
32.04
32.7
33.03
33.55
34.09
34.37
34.79
35.55
35.76
36.34
36.43
36.68
36.59
36.71
36.78
36.25
36.37
35.93
36.08
36.01
36.22
36.09
35.76
35.69
35.8
35.72
35.56
35.13
34.71
34.37
34.03
33.62
33.37
33.06
32.04
30.95
30.36
29.96
29.6
29.42
29.45
29.27
29.13
28.81
28.77
28.73
28.56
28.37
27.97
27.3
27.14
27.33
27.15
26.21
25.69
25.26
24.91
24.54
24.25
23.99
23.78
23.62
23.31
23.06
22.82
22.7
22.61
22.46
22.33
22.15
21.98
21.9
21.93
21.99
21.89
21.84
21.85
21.87
21.89
22.07
22.19
22.45
22.84
23.09
23.49
23.75
23.93
24.16
24.41
24.62
24.83
24.83
24.89
25.15
25.59
25.84
26.21
26.37
27.04
26.6
26.91
27.43
28.06
28.49
28.34
28.31
28.1
28.07
27.67
27.63
28.05
27.76
27.77
27.83
27.96
27.95
27.9
27.78
27.84
27.36
27.5
27.25
27.11
26.86
26.7
26.44
26.14
25.91
25.56
25.24
24.96
24.7
24.51
24.24
23.91
23.67
23.47
23.31
23.17
23.05
23.05
22.99
23.17
23.28
23.33
23.44
23.56
23.55
23.44
22.9
22.51
22.3
22.21
21.99
21.84
21.79
21.6
21.55
21.55
21.62
21.38
21.51
21.38
21.41
21.24
21.31
21.39
21.39
21.1
20.95
20.94
21.13
21.01
20.76
19.94
19.69
19.99
20.61
21.28
21.87
22.71
23.63
24.42
24.89
26.09
26.87
27.48
28.4
28.91
29.29
29.91
30.88
31.22
31.8
32.29
32.83
33.24
33.9
34.21
34.87
34.75
35.06
35.43
35.23
35.58
35.77
35.91
35.65
35.87
35.83
35.95
36.16
35.96
35.88
35.74
35.6
35.53
35.31
35.08
34.76
34.3
33.8
33.34
32.96
32.66
32.11
31.69
31.47
31.27
30.92
30.85
30.3
29.68
29.23
28.98
28.79
28.79
28.54
28.19
27.72
27.48
27.19
26.9
26.7
26.56
26.5
26.22
25.99
25.7
25.48
25.3
25.37
25.07
24.87
24.71
24.63
24.4
24.38
24.09
24.03
24.26
23.97
23.69
23.52
23.6
23.3
22.91
23.49
23.71
23.46
23.43
23.78
23.7
23.82
23.94
24.33
24.76
25.37
26.22
27.32
28.5
28.66
29.18
30.02
31.07
31.43
32.09
32.79
32.97
33.79
34.17
34.75
34.88
35.26
35.43
35.71
36.36
36.04
36.27
36.43
36.68
36.46
36.69
36.54
36.53
36.74
36.86
37.02
37.37
37.03
36.77
36.84
36.35
35.61
34.97
34.58
34.39
33.95
33.31
32.87
32.83
32.49
32.07
31.61
31.03
30.88
30.39
30.87
30.28
29.32
30.66
31.14
31.27
31.24
30.76
29.17
28.94
28.94
27.6
27.39
27.33
27.32
27.15
27.46
27.54
27.27
27.35
27.46
27.35
27.03
26.96
27.07
26.93
26.43
25.78
25.74
25.76
25.6
25.37
25.17
25.14
24.92
24.6
24.64
24.73
24.82
24.8
24.38
24.29
24.75
25.2
25.76
26.54
27.27
27.73
28.49
29.36
30.32
31.05
31.99
33.19
34
34.46
34.53
35.09
35.17
35.85
35.93
36.57
37.03
36.86
37.14
36.77
37.38
37.41
37.65
37.87
38.15
38.35
38.25
37.98
37.35
37.18
36.48
36.27
36.37
35.98
35.27
35.19
34.85
34.69
34.44
34.24
33.9
33.43
32.94
32.78
32.37
31.95
31.65
31.35
30.98
30.75
30.45
30.18
29.9
29.53
29.16
29.29
29.5
29.19
28.85
28.72
28.57
28.43
28.3
28.06
27.8
27.73
27.8
27.95
27.77
27.09
26.6
26.47
26.47
26.28
26.01
25.82
26.04
26.39
26.26
26.03
24.85
24.61
24.41
24.25
24.4
24.67
24.91
25.05
24.92
24.98
25.02
25.1
25.59
25.76
25.99
26.29
26.76
27.02
27.42
28.09
28.91
30.14
31.33
32.81
33.29
34.27
35.55
36.27
37.14
37.33
37.59
37.45
38.05
37.79
38.38
38.15
38.97
39.21
39.72
39.33
39.43
39.64
38.97
38.77
39.45
39.78
39.94
39.13
38.75
39.26
38.8
38.1
36.79
35.9
35.2
34.34
33.81
33.32
33.04
33.08
32.2
32.24
32.18
31.53
31.55
31.21
30.87
30.57
30.41
30.33
30.14
29.82
29.55
29.34
28.9
28.59
28.43
28.31
28.31
28.42
28.06
28.02
27.76
27.58
27.54
27.62
27.55
27.46
27.45
27.18
26.83
26.67
26.36
25.48
25.41
25.81
26.72
27.87
28.48
28.62
28.08
28.17
28.84
28.84
28.24
28.09
28.17
27.15
26.87
27.03
27.33
27.62
28.22
28.86
29.56
30.01
30.65
31.35
32.26
33.35
34.02
35.05
36.12
36.09
36.95
37.1
37.52
37.76
37.62
37.49
37.79
38.54
38.38
38.5
38.55
37.98
34.23
32.23
31.9
30.03
29.79
31.16
30.9
30.9
31.13
30.7
30.89
30.89
30.34
30.06
29.85
29.7
29.39
29.18
29.34
29.62
29.47
29.15
28.66
27.9
27.67
28.16
28.27
28.08
27.81
27.49
27.77
27.68
27.18
26.82
25.97
25.67
25.88
26.39
26.74
26.56
26.13
25.88
26
26.4
26.36
25.37
25.18
25.73
26.13
25.91
24.46
23.94
24.04
24.54
23.82
23.98
24.13
24.03
23.68
23.58
23.59
23.55
23.55
23.51
23.34
23.26
23.32
23.57
23.87
24.29
24.59
24.88
24.97
25.35
25.43
25.57
25.91
26.87
27.25
27.68
28.49
28.92
29.4
29.49
29.94
30.34
30.88
31.29
31.48
32.05
32.59
33.43
33.75
34.03
34.25
34.45
34.29
34.32
34.69
34.64
34.66
34.89
34.84
34.9
34.9
34.69
34.91
34.54
34.12
33.94
33.69
33.19
32.81
32.53
32.09
31.63
31.25
30.83
30.43
30.14
29.97
29.67
29.53
29.27
29.13
28.95
28.76
28.74
27.48
26.4
25.98
25.55
25.21
24.87
24.46
24.18
23.96
23.97
24.06
24.04
23.97
23.93
23.88
24.15
24.63
24.8
24.29
23.56
23.1
22.78
22.56
22.12
21.71
21.23
20.83
20.58
20.51
20.52
20.54
20.54
20.58
20.7
20.76
20.81
20.86
20.92
20.98
21.04
21.09
21.15
21.23
21.34
21.64
21.87
21.94
22.28
22.81
23.35
23.46
23.89
24.07
24.5
24.61
24.82
24.67
24.67
24.71
24.99
25.11
25.38
26.07
26.41
26.35
26.03
26.02
26.33
26.22
25.51
25.05
24.92
24.91
24.73
24.6
24.44
24.34
24.23
24.13
24.05
24.01
23.97
23.86
23.76
23.77
23.73
23.76
23.83
23.81
24.08
24.03
23.95
23.29
22.41
22.13
21.86
21.61
21.48
21.47
21.5
21.54
21.55
21.51
21.45
21.4
21.35
21.3
21.28
21.27
21.26
21.19
21.21
21.21
21.16
21.19
21.14
21.12
21.15
21.11
21.09
21.06
21.1
21.07
21.02
21
21.08
21.02
20.93
20.89
20.9
20.88
20.86
20.88
20.99
21.14
21.46
21.66
21.57
21.74
22.25
22.67
23.04
23.18
23.59
24.48
25.2
26.15
26.97
27.23
27.52
28.23
28.49
28.95
29.4
29.36
29.37
29.6
29.37
29.91
30.74
30.91
31.16
31.2
30.49
30.51
31.19
30.87
31.4
32.65
31.91
31.78
31.85
31.53
31.04
30.65
30.51
30.01
29.51
29.02
28.56
28.28
28.14
28.12
27.56
27.22
27.02
26.87
26.65
26.33
26.02
25.89
25.73
25.56
25.31
25.14
25.24
25.07
24.9
24.7
24.42
24.17
24.06
24
23.98
23.85
23.83
23.72
23.67
23.65
23.52
23.47
23.4
23.34
23.17
23.03
22.93
22.94
22.83
22.73
22.65
22.53
22.54
22.54
22.47
22.48
22.66
22.69
22.87
23.09
23.38
23.76
24.14
24.7
25.79
26.29
27.19
28.18
29.03
29.31
29.16
29.69
29.75
30.33
30.08
30.82
31.22
31.51
32.43
32.54
32.01
31.78
32.59
32.33
32.45
32.38
33.14
32.53
32.45
33.01
32.79
33.17
33.04
33.43
33.16
33.05
32.46
31.68
31.9
31.92
31.82
31.22
31.05
30.91
30.61
30.26
29.84
29.06
28.96
28.56
28.13
27.87
27.77
27.52
26.92
26.07
25.74
25.49
25.86
26.12
25.63
25.21
24.9
24.74
24.32
23.2
22.22
21.93
21.78
21.79
22.05
22.36
22.13
22.03
21.85
21.81
21.78
21.72
21.55
21.61
21.62
21.55
21.47
21.49
21.39
21.28
21.43
21.58
21.54
21.58
21.31
21
21.26
21.51
22.1
22.66
22.84
23.57
24.33
24.78
25.57
26.21
25.96
26.26
26.78
26.95
27.25
27.61
28.26
28.65
29.13
29.76
30.63
30.69
31.13
31.01
31.3
31.48
31.69
32.12
32.26
32.07
31.48
30.8
29.94
29.2
28.66
27.76
25.12
25.29
25.47
26.19
25.55
25.32
24.85
24.45
24.17
24.68
24.92
24.73
24.24
23.93
23.72
23.59
23.58
23.66
23.69
23.8
24.15
24.78
25.61
26.19
26.31
26.31
26.16
26
25.76
25.69
25.59
25.44
25.4
25.29
25.12
25
24.7
24.56
24.48
24.23
24.14
24.02
23.96
23.82
23.65
23.56
23.53
23.39
22.91
22.78
22.86
22.9
22.7
22.29
22.51
22.83
22.85
22.69
22.57
22.57
22.67
22.84
23.09
23.13
23.22
23.5
24.54
25.32
25.84
26.45
26.88
27.4
27.65
27.83
28.49
28.62
28.77
29.36
29.36
29.39
29.55
29.9
29.96
29.8
29.9
30.13
30.59
31.18
30.76
31
31.04
31.3
31.12
31.37
31.29
30.92
30.89
31.05
31.07
31.75
31.97
31.97
32.63
32.63
32.22
31.41
31.28
31.1
30.47
29.89
29.62
29.42
29.4
28.83
28.56
28.3
28
27.9
27.58
27.29
27.18
27.16
27.17
27.21
27.18
26.95
26.97
26.98
26.74
26.41
26.04
25.86
25.78
25.9
25.59
25.41
25.23
24.97
24.91
24.55
24.33
24.16
23.92
23.74
23.59
23.6
23.56
23.63
23.68
23.45
23.09
23.07
23.16
23.26
23.22
23.17
23.21
23.33
23.44
24.35
25.27
25.98
26.86
27.35
27.75
28.28
29.16
29.86
30.18
30.79
31.05
32.1
32.67
32.72
32.78
32.81
33.75
33.76
34.59
34.42
34.52
34.16
33.76
34.86
34.85
35.22
35.18
35.45
35.79
35.82
35.92
35.5
35.73
36.02
35.76
36.28
36.51
36.14
34.43
34.03
33.88
33.8
33.67
33.38
32.84
32.35
31.91
31.54
31.27
31.04
30.39
29.93
29.94
29.83
29.77
29.8
29.77
29.75
29.3
28.89
28.38
28.03
27.81
27.67
27.7
27.75
27.94
27.81
27.4
27.25
26.76
26.84
27
27.04
27.21
26.92
26.6
26.8
26.53
26.07
25.85
25.71
25.37
25.07
25.3
25.23
24.93
24.82
24.95
24.97
24.94
24.55
24.41
25.22
24.97
25.08
25.21
25.45
25.7
26.25
26.96
27.7
28.54
29.35
30.26
31.21
31.24
31.78
32.16
33
33.64
33.96
34.85
35.12
35.69
35.61
35.65
36.11
36.75
37.06
36.6
36.86
37.39
37.09
36.91
37.25
37.39
37.36
37.44
37.4
37.33
37.27
36.8
36.41
36.17
34.55
32.89
32.29
31.8
31.23
30.24
29.42
28.96
28.62
28.3
27.91
27.45
25.74
24.85
23.72
23.54
23.59
23.53
23.43
24.03
23.74
23.41
23.31
23.34
23.45
23.32
23.31
23.33
23.28
23.28
23.22
23.18
23.18
23.15
23.06
23.05
22.97
22.91
22.87
22.83
22.83
22.81
22.81
22.8
22.74
22.75
22.8
22.86
22.89
22.88
22.91
22.89
22.86
22.89
22.91
22.99
23.12
23.33
23.56
23.98
24.81
25.54
26.21
26.21
26.64
26.9
27.25
27.89
28.05
28.64
28.94
29.27
29.71
30.78
31.16
31.33
31.44
31.91
32.11
32.47
32.87
33.07
33.26
33.41
33.86
34.15
34.2
34.46
34.69
34.85
35.01
35.01
35.01
35.4
35.36
35.22
35.41
35.67
35.53
35.27
34.78
33.52
32.67
32.27
31.74
31.44
31.06
30.92
30.55
29.93
29.73
29.36
28.93
28.61
28.41
28.23
28.38
28.12
27.83
27.19
26.95
26.99
27.02
27.25
27.33
27.21
26.94
26.73
26.53
26.52
26.53
26.5
26.46
26.36
26.5
26.7
26.63
26.35
26.11
26.03
25.85
25.54
25.4
25.1
24.8
24.62
24.57
24.47
24.37
24.28
24.39
24.72
25.32
26.02
26.36
26.43
26.73
27.21
27.58
27.98
28.37
28.82
29.31
29.84
30.64
31.5
31.81
32.7
33.19
33.44
33.72
34.28
34.51
34.48
34.21
34.52
34.34
34.66
34.67
34.77
35.11
35.63
35.65
34.43
31.85
30.74
29.27
28.09
28.26
27.82
27.71
27.74
28.15
28.24
27.95
28.23
28.02
27.88
27.75
27.46
27.17
27
27.2
27.15
26.67
26.35
26.13
26.11
26.14
26.18
26.21
26.11
26.07
26.16
26.24
25.88
25.97
26.14
26.16
25.9
25.58
25.4
25.4
25.73
25.68
25.63
25.61
25.56
25.55
25.56
25.75
25.62
25.36
25.22
25.6
25.4
25.13
25.44
25.21
25.14
24.92
24.68
24.98
24.74
24.59
24.89
24.88
25.43
25.91
26.61
26.99
27.43
28.23
29.09
29.68
30.19
30.79
31.56
31.6
31.83
32
32.26
32.63
32.73
33.02
33.63
33.66
34.18
34.28
34.26
34.49
34.72
34.37
34.97
35.11
35.37
35.49
34.39
28.76
25.75
24.92
25.16
25.38
24.89
24.64
24.48
24.57
24.29
24.26
24.39
24.44
24.47
24.36
24.45
25.02
24.92
24.72
24.82
25.39
24.55
24.59
25.12
25.39
25.19
24.82
24.6
24.51
24.45
24.26
24.11
23.96
23.72
23.67
23.62
23.62
23.65
23.56
23.43
23.58
23.57
23.45
23.33
23.21
23.09
22.97
22.85
22.73
22.61
22.49
22.37
22.25
22.13
22.23
22.33
22.43
22.53
22.63
22.48
22.41
22.47
22.92
23
23.09
23.35
23.78
24.37
24.65
24.88
25.37
26.32
27.38
28.44
29.34
29.84
30.24
31.11
31.96
32.02
32.31
32.73
33.21
33.62
34.28
34.36
34.94
35.1
34.74
35.39
35.69
35.97
36.26
35.59
34.88
32.97
29.87
28.36
30.2
31.09
32.46
33.39
34.58
35.33
35.26
34.83
34.3
34.65
34.76
34.08
33.72
33.59
33.13
33.07
32.48
32.69
32.93
33.46
32.28
31.05
31.57
31.35
30.79
30.06
29.8
29.57
29.34
29.1
28.81
28.68
28.7
28.63
28.51
28.27
28.04
27.97
27.79
27.62
27.85
28.03
27.81
27.6
27.27
26.72
26.17
26.39
26.53
26.52
26.17
25.8
25.56
25.54
25.68
25.88
26.1
26.21
26.1
25.92
25.65
25.3
24.95
24.4
24.57
25.22
25.85
26.55
27.34
28.08
28.67
28.85
29.57
30.37
31.12
31.93
32.41
32.64
33.07
33
33.56
33.66
34.15
35.25
34.95
35.33
35.02
35.18
35.5
35.85
35.84
35.88
36.06
35.05
34.04
33.04
32
31.02
30.02
29
28
27
27.39
27.32
27.72
27.93
27.75
27.23
26.73
26.22
25.7
25.35
25.17
24.98
24.71
24.44
24.21
23.97
23.79
23.75
23.87
23.89
23.9
23.85
23.74
23.66
23.48
23.01
23.02
22.8
22.71
22.62
22.52
22.53
22.55
22.515
22.48
22.61
22.64
22.76
22.72
22.65
22.57
22.44
22.43
22.42
22.18
22.05
22.01
21.84
21.78
21.76
21.81
21.89
21.93
22
22.03
22.18
22.3
22.36
22.45
22.66
23.06
23.52
23.89
24.13
24.26
24.34
24.6
25.23
25.53
25.22
25.08
25.2
25.19
25.4
26.08
26.36
26.81
27.11
27.47
27.53
27.69
27.99
28.28
28.31
28.33
28.01
27.83
27.71
27.57
27.46
27.3
27.16
26.96
26.8
26.81
27
27.39
27.32
27.72
27.93
27.75
27.23
26.73
26.22
25.7
25.35
25.17
24.98
24.71
24.44
24.21
23.97
23.79
23.75
23.87
23.89
23.9
23.85
23.74
23.66
23.48
23.36
23.35
23.35
23.35
23.34
23.33
23.27