23.53
23.43
23.23
23.1
23.11
23.11
22.99
22.87
22.78
22.6
22.52
22.56
22.49
22.47
22.41
22.39
22.54
22.55
22.55
22.67
22.66
22.75
22.47
22.3
22.39
22.54
22.62
22.77
23.19
23.48
23.73
23.95
24.28
24.43
24.44
24.29
23.76
22.8
22.64
22.52
22.58
22.6
22.59
22.65
22.92
23
22.95
23.03
23.17
23.46
23.62
23.68
23.87
24.21
24.2
24.3
24.42
24.52
24.5
24.56
24.76
25.17
25.74
25.43
25.2
25.47
25.47
25.28
25.28
25.1
25.01
24.95
24.84
24.51
24.33
24.37
24.51
24.41
24.24
24.16
24.14
24.09
23.97
23.79
23.77
23.68
23.31
23.31
23.46
23.43
23.4
23.43
23.48
23.47
23.59
23.7
23.55
23.6
23.61
23.85
24.16
24.11
24.05
23.8
23.51
23.37
23.26
23.15
23.06
23.01
23.04
23.07
23.19
23.1
23.06
23.21
23.25
23.24
22.92
22.91
22.92
22.9
22.9
23.01
23.25
23.61
23.85
24.14
24.43
25.08
25.77
26.15
27.06
28.35
28.87
29.53
29.93
29.86
30.01
30.78
31
31.36
31.62
30.75
30.76
31.5
31.07
30.76
30.23
29.66
29.16
28.94
29.1
29.55
29.09
29.67
29.87
29.12
28.82
28.71
28.46
26.38
24.12
23.12
22.61
22.5
22.21
22.01
21.76
21.73
21.7
21.62
21.53
21.44
21.38
21.31
21.32
21.36
21.48
21.55
21.55
21.45
21.41
21.28
21.28
21.21
21.44
21.33
21.36
21.28
21.12
20.95
20.92
20.86
20.81
20.79
20.84
20.81
20.84
20.83
20.81
20.81
20.73
20.65
20.61
20.71
20.77
20.63
20.49
20.53
20.45
20.33
20.32
20.34
20.36
20.4
20.49
20.69
20.99
21.41
22.04
22.99
23.73
23.74
23.79
23.75
23.96
24.3
24.51
25.23
25.56
25.93
26.09
26.15
26.43
26.55
26.82
27.04
27.75
28.46
28.31
28.54
28.71
29.15
29.72
29.67
29.71
30.36
30.77
31.24
31.27
31.54
31.53
31.11
31.33
31.34
31.13
31.02
30.62
29.9
29.41
28.96
28.61
28.29
27.93
27.73
27.63
27.45
27.3
27.23
27.21
27.09
27.26
26.92
26.9
26.78
26.46
26.04
25.92
25.91
25.69
25.67
25.67
25.66
25.56
25.51
25.63
25.84
25.97
25.9
25.96
25.87
25.71
25.35
25.2
25.12
25.21
25.23
25.03
24.78
24.5
24.31
24.16
24.09
23.98
24.19
24.1
24.03
23.93
23.76
23.11
22.63
22.61
22.68
22.67
22.93
22.9
22.77
22.85
22.9
23.08
23.54
23.91
23.99
24.1
24.09
23.98
23.93
24.03
24.18
24.25
24.26
24.35
24.54
25.18
25.32
25.45
26.1
26.32
26.75
27.17
27.14
28.39
28.19
28.25
28.95
28.9
28.98
29.45
29.1
29.28
28.86
28.45
28.18
27.7
27.39
27.37
27.31
27.3
26.9
26.74
26.59
26.46
26.59
26.54
26.71
26.67
26.69
26.65
26.47
26.22
25.89
25.53
25.58
25.67
25.93
26.18
26.4
26.58
26.42
26.46
26.58
26.49
26.32
25.54
25.03
24.73
24.6
24.56
24.53
24.39
24.44
24.5
24.6
24.86
24.84
24.79
24.63
24.45
24.43
24.51
24.51
24.47
24.29
24.18
24.19
24.32
24.42
24.39
24.4
24.54
24.71
24.93
25.65
26.72
26.68
26.77
27.44
28.35
28.3
28.42
28.39
28.33
28.55
28.47
28.65
28.59
28.27
28.01
27.94
28.16
28.21
28.04
27.79
27.61
27.45
27.56
28.15
29.08
28.67
29.29
29.54
29.84
30.01
29.83
30.05
30.56
29.39
28.78
28.83
28.76
28.62
28.43
28.36
28.19
28.11
27.86
27.48
27.51
27.73
27.85
27.2
26.75
25.11
24.04
23.58
23.52
23.43
23.07
22.97
22.87
22.49
22.39
22
21.62
21.46
21.36
21.19
21.21
21.25
21.26
21.23
21.13
21.06
21.06
21.05
20.95
20.89
20.82
20.78
20.76
20.73
20.69
20.65
20.63
20.63
20.59
20.49
20.44
20.34
20.29
20.28
20.3
20.28
20.3
20.42
20.55
20.66
20.78
20.93
21.13
21.47
21.78
21.93
22.16
22.55
22.92
23.32
23.56
23.76
23.94
23.87
23.96
24.13
24.11
24.26
24.16
24.21
24.25
23.68
23.65
23.93
24.63
24.91
25.06
25.19
25.92
26.16
26.4
27.45
27.51
27.26
26.48
26.77
26.85
26.22
25.95
26.15
25.92
25.81
26.09
25.71
25.55
25.47
24.91
24.33
24.31
24.44
24.48
24.28
24.02
24.04
24.11
24.2
23.88
23.75
23.31
23.13
23.67
23.33
22.74
22.34
22.2
22.03
21.96
21.86
21.92
21.87
21.69
21.6
21.55
21.54
21.49
21.44
21.48
21.48
21.4
21.34
21.35
21.51
21.52
21.26
21.1
21.03
20.99
20.9
20.99
21.03
20.91
21.07
21.08
21.3
21.46
21.64
21.89
22.24
22.57
22.76
23.16
23.32
23.55
23.84
24.43
25.1
25.04
25.25
25.42
25.48
25.35
25.35
25.74
27.03
27.29
27.71
28.68
29.03
29.42
29.53
29.5
28.98
28.66
27.94
27.86
27.85
28.59
29.11
29.21
29.54
29.79
28.82
27.57
27.62
27.13
26.55
26.18
25.86
25.59
25.19
24.91
24.65
24.45
24.21
23.85
23.62
23.6
23.61
23.77
23.86
23.86
23.58
23.41
23.29
23.22
23.21
23.16
22.97
23
23.13
23.34
23.36
23.14
23.1
22.94
22.63
22.4
22.35
22.23
22.24
22.28
22.25
22.13
22.07
21.93
21.82
21.77
21.74
21.59
21.63
21.6
21.8
21.8
21.86
21.84
21.77
21.58
21.53
21.67
22.05
23.22
22.93
23.28
23.93
24.55
25.02
25.87
26.43
26.11
26.42
26.74
27.41
28.42
28.17
28.45
28.72
29.28
29.94
30
30.85
30.68
30.91
30.73
30.95
31.2
31.76
31.81
32.38
32.43
32.7
31.64
30.91
30.6
30.92
31.75
32.97
33.35
33.66
33.17
32.99
32.97
32.45
32.24
32.1
32.17
31.28
30.88
30.78
30.59
29.86
29.11
29.37
29.56
29.23
27.69
26.72
26.45
26.38
26.28
26.18
25.98
25.71
25.39
25.15
24.9
24.48
24.52
24.33
24.26
24.33
23.82
23.79
23.82
23.87
23.76
23.51
23.6
23.74
23.84
23.71
23.8
23.65
23.52
23.02
23.03
23.15
23.59
23.76
23.75
23.68
23.98
23.58
22.27
22.18
22.15
22.04
22.31
22.89
23.42
24.06
24.74
25.61
26.25
26.48
26.87
27.5
28.17
28.4
29.19
29.66
30.04
30.51
30.85
31.72
31.68
31.86
32.57
32.53
33.14
33.45
33.4
33.6
33.56
33.43
33.66
33.7
34.31
34.13
33.71
32.8
32.84
32.72
32.44
32.11
32.3
32.29
31.94
31.74
32.01
31.64
31.57
31.3
31.25
30.96
30.88
30.93
31.05
31.01
30.79
30.52
28.58
27.02
26.7
26.33
26.08
25.72
25.51
25.3
25.21
25.09
24.93
24.77
24.52
24.29
24.01
23.73
23.62
23.42
23.36
23.41
23.48
23.58
23.73
23.94
23.69
23.31
22.66
22.58
22.56
22.49
22.04
21.84
21.67
21.72
22.01
22.19
22.29
22.71
22.96
23.02
23.11
23.48
23.78
24.61
25.39
25.96
26.62
27.04
27.38
27.75
27.97
28.59
28.87
29.23
29.57
30.23
31.08
31.43
31.44
31.91
32.03
32.29
32.36
32.77
33.24
33.38
33.66
33.82
33.87
34.29
34.38
34.46
34.66
34.42
35.32
34.2
32.22
31.71
31.37
31.34
30.28
28.93
28.19
26.91
25.06
25.55
28.8
28.41
26.85
25.04
25.3
25.32
26.66
25.27
24.41
24.31
24.06
23.76
23.68
23.6
23.35
23.18
23.1
22.93
22.85
22.76
22.72
22.76
22.71
22.63
22.8
22.86
22.83
22.78
22.83
22.84
22.87
23
23.07
22.99
22.96
23.03
22.94
22.83
22.88
22.83
22.94
23.12
23.24
23.25
23.24
23.18
23.17
23.04
22.88
22.91
22.98
23.17
23.28
23.47
23.79
24.54
25.06
25.74
26.31
26.71
26.95
27.05
27.32
27.66
27.79
28.21
28.34
28.42
28.94
29.05
29.06
29.42
29.82
29.72
29.73
30.03
29.95
28.93
24.92
25.1
25.97
26.24
26.87
27.44
27.97
29.11
29.81
29.91
30.04
30.21
30.2
30.21
30.15
29.8
29.52
29.17
28.61
28.11
27.66
27.45
27.33
27.1
26.91
26.46
26.16
25.99
25.86
25.59
25.31
25.24
25.13
24.97
25.04
25.07
24.99
24.87
24.81
24.75
24.64
24.61
24.61
24.53
24.35
24.18
24.16
24.15
24.24
24.28
23.8
22.55
22.07
21.77
21.53
21.42
21.33
21.27
21.19
21.14
21.1
21.01
21
20.98
20.97
20.96
20.95
20.95
20.92
20.93
20.93
20.95
21.02
21.18
21.41
21.66
21.96
22.31
22.71
23.2
23.86
24.47
24.55
24.91
25.33
25.77
26.01
26.61
27.43
27.55
27.81
28.23
28.88
29.03
29.39
29.99
30.33
30.34
30.44
30.99
30.66
30.97
31.37
31.41
30.8
31.16
30.82
31.1
30.72
30.47
30.11
30.07
29.3
28.06
27.45
27.05
26.7
26.26
25.93
25.69
25.51
25.36
25.18
25.12
24.63
24.32
23.95
23.61
23.51
23.41
23.36
23.28
23.26
23.18
22.94
22.76
22.63
22.58
22.68
22.63
22.57
22.52
22.53
22.52
22.52
22.52
22.5
22.53
22.48
22.39
22.3
22.31
22.24
22.25
22.17
22.13
22.16
22.05
22.07
22.09
22.19
22.24
22.29
22.36
22.37
22.4
22.44
22.42
22.4
22.36
22.32
22.03
21.77
21.63
21.55
21.5
21.51
21.54
21.8
21.99
22.3
22.97
23.76
23.9
24.13
24.29
25.1
24.95
24.87
24.71
24.48
24.08
23.78
23.59
23.36
23.26
23.39
23.59
23.62
23.55
23.74
23.77
23.87
23.87
23.78
23.59
23.56
23.55
23.49
23.39
23.29
23.21
23.1
23.03
23.08
23.09
23.1
23.11
23.13
23.1
23
23.04
23.07
23.07
23.06
23.04
23
22.97
22.89
22.79
22.66
22.6
22.56
22.57
22.47
22.37
22.3
22.46
22.4
22.34
22.29
22.19
22.15
22.33
22.47
22.5
22.36
22.17
22.1
22.07
22
21.9
21.82
21.8
21.83
21.81
21.79
21.76
21.68
21.7
21.76
21.93
22.13
22.34
22.63
22.87
23.14
23.54
23.85
24.11
24.51
24.95
25.09
25.75
26.49
26.36
26
26.05
26.8
26.76
26.8
27.17
27.29
27.36
26.93
26.11
25.1
23.98
24.09
24.32
24.95
25.84
25.78
26.6
26.93
27.45
27.82
27.79
27.84
28.18
28.22
28.31
28.18
28.01
27.74
27.41
26.94
26.44
25.97
25.69
25.55
25.31
25.02
25.01
24.93
24.78
24.78
24.66
24.47
24.32
24.29
24.2
24.23
24.29
24.23
23.93
23.47
23.19
23.18
23.11
23
22.92
22.96
22.87
22.84
22.82
22.87
22.82
22.76
22.8
22.83
22.67
22.61
22.74
23.02
22.86
22.68
22.63
22.62
22.76
22.95
23.15
23.1
22.99
22.85
22.62
22.22
22.37
22.42
22.56
22.91
23.25
23.6
23.66
23.93
24.03
24.31
24.84
25.23
25.51
25.68
25.75
25.88
25.91
25.88
25.83
25.82
25.84
25.86
25.98
26.21
26.44
26.75
27
27.02
27.17
27.32
27.35
27.36
27.24
27.54
27.89
28.09
28.61
28.79
28.45
28.24
27.94
27.28
27
26.74
26.62
26.43
26.24
26.1
26.26
26.41
26.1
25.9
25.55
25.28
25.3
25.27
25.16
25.35
25.13
24.23
23.05
22.44
22.32
22.14
22.1
22.14
22.27
22.33
22.28
22.17
22.03
21.78
21.64
21.51
21.44
21.44
21.49
21.53
21.52
21.51
21.46
21.34
21.19
21.08
21
20.93
20.86
20.86
20.84
20.78
20.73
20.77
20.73
20.61
20.54
20.57
20.81
21.27
21.66
22.15
23.02
23.87
24.14
24.11
24.3
24.71
24.39
24.43
24.76
24.73
24.83
25.19
25.59
25.57
26.07
26.44
26.5
26.52
26.79
27.36
27.77
27.79
27.96
28.65
28.73
29.62
29.2
29.46
29.32
29.44
29.1
29.46
29.33
29.38
29.26
28.95
28.5
28.11
28.03
27.69
27.19
26.41
25.94
25.63
25.38
25.26
25.16
25.09
24.93
24.68
24.55
24.58
24.44
24.21
24.18
23.95
23.9
24.02
23.96
23.78
23.63
23.51
23.39
23.23
23.07
22.89
22.71
22.58
22.57
22.57
22.52
22.45
22.4
22.36
22.25
22.23
22.19
22.14
22.09
22.06
22.02
22.02
22.03
22.09
22.05
22.06
22.05
21.9
21.83
21.72
21.84
22.23
23.17
23.27
23.54
24.47
24.21
24.51
25.62
25.8
26.22
26.01
26.76
26.72
26.68
26.91
26.94
27.13
27.65
27.41
27.18
27.54
28.29
28.58
28.36
28.59
28.74
28.92
29.36
29.6
29.16
29.7
29.81
30.16
30.39
30.17
30.02
30.08
30.3
30.46
30.19
29.55
29.51
29.34
29.43
29.18
28.92
28.61
28.25
28.02
27.88
27.58
27.44
27.33
27.08
26.99
27.01
27.08
27
26.92
26.69
26.52
26.14
26.08
24.44
24.25
24.37
24.35
24.38
24.29
24.19
23.84
23.57
23.36
23.25
23.11
23.08
23.02
22.92
22.86
22.92
22.84
22.79
22.79
22.81
22.91
22.88
22.8
22.65
22.37
22.02
21.94
21.87
21.8
21.75
21.81
21.84
22.23
22.93
23.09
24.13
25.25
25.52
26.33
26.11
26.26
27.29
27.54
28.2
28.34
28.94
29.46
30.03
30.56
31.16
30.23
31.11
30.85
31.76
31.65
31.76
32.13
32.68
33.14
33.48
33.82
34.01
32.54
31.76
28.27
25.91
24.95
24.75
24.79
24.66
24.65
24.71
24.95
24.96
24.78
24.83
24.84
24.86
24.81
24.72
24.67
24.79
24.88
24.72
24.56
24.39
24.42
24.54
24.59
24.58
24.56
24.49
24.51
24.57
24.6
24.54
24.59
24.52
24.43
24.44
24.47
24.43
24.46
24.6
24.71
24.67
24.4
24.16
24.23
24.27
24.17
24.21
24.43
24.16
23.9
23.85
23.9
23.98
24.01
24.16
24.22
24.14
24.07
23.87
23.75
23.72
23.9
23.99
24.15
24.3
24.53
24.97
25.37
25.86
26.34
27.13
26.82
27.05
27.71
26.69
26.44
26.4
26.2
25.86
25
24.94
25.17
25.56
25.81
26.06
26.33
26.58
26.38
26.36
26.57
26.93
27.6
28.54
29.04
28.51
28.2
28.34
27.78
27.32
26.47
24.95
24.47
24.16
23.95
23.84
23.86
23.77
23.77
23.7
23.72
23.78
23.76
23.72
23.65
23.59
23.54
23.67
23.98
23.84
23.77
23.78
23.84
23.58
23.42
23.29
23.39
23.34
23.21
23.21
23.19
23.22
23.18
23.15
23.21
23.31
23.27
23.29
23.39
23.44
23.37
23.38
23.13
22.96
22.86
22.76
22.86
22.88
22.88
22.95
23.04
22.9
22.72
22.52
22.53
22.49
22.46
23.07
22.7
22.7
23.05
23.61
24.22
24.93
25.64
26.4
26.71
26.97
26.92
26.88
27.19
27.69
28.25
28.36
28.38
28.82
29.18
30.07
29.93
30.21
30.42
30.73
31.27
32.02
31.79
31.86
32.17
33.09
32.57
32.51
33.37
33.58
33.43
33.42
33.4
33.25
32.38
30.78
30.33
29.62
29.25
29.14
29.03
28.99
29.16
29.26
29.07
28.78
28.67
28.62
28.22
28.17
28.1
27.86
27.32
27.07
26.96
26.95
26.82
26.49
26.18
26
25.76
25.46
25.33
25.43
25.92
25.39
25.17
25.05
25.2
25.36
25.31
25.2
25.13
24.74
24.63
24.52
24.34
24.21
24
23.97
23.87
23.87
23.95
23.92
23.97
24.08
24.05
24.15
24.09
24.01
23.96
24.14
24.06
24.09
24.07
24.12
24.23
24.27
24.34
24.37
24.43
24.52
24.8
25
25.12
25.26
25.47
25.58
25.66
26.22
26.68
27.17
27.61
27.5
27.69
28
28.73
28.11
28.06
28.1
28.74
28.98
29.04
29.65
30.45
30.05
30.12
30.74
30.73
31.38
31.57
31.18
31.23
31
30.67
30.48
30.25
30.09
29.53
29.09
28.84
28.56
28.36
28.35
28.2
28.23
28.18
28.07
28.04
27.95
27.7
27.29
27.15
26.91
26.48
26.23
26
26
25.92
25.81
25.77
25.57
25.53
25.47
25.39
25.32
25.25
25.15
25.08
25
24.96
24.86
24.76
24.74
24.71
24.71
24.72
24.69
24.64
24.52
24.42
24.18
23.96
23.88
23.9
23.91
23.89
23.96
24.07
24.17
24.35
24.36
24.59
24.8
24.88
24.96
25.03
25.57
26.68
26.83
27.27
27.25
27.5
27.24
27.39
27.63
28.43
28.86
29.54
29.51
29.94
29.92
30.2
30.66
30.93
30.89
31.28
31.4
31.36
32.07
31.92
32
32.56
32.64
32.17
31.85
30.4
28.47
26.52
24.89
23.57
23.18
22.83
22.68
22.68
22.7
22.7
22.81
22.85
22.97
23
22.97
22.85
22.63
22.53
22.46
22.46
22.44
22.38
22.38
22.44
22.5
22.52
22.57
22.49
22.47
22.42
22.38
22.32
22.35
22.41
22.43
22.46
22.48
22.51
22.48
22.5
22.52
22.53
22.49
22.48
22.56
22.54
22.56
22.58
22.51
22.48
22.52
22.58
22.6
22.53
22.51
22.4
22.38
22.48
22.71
23.18
23.36
23.68
23.86
24.02
24.18
24.51
25.08
25.56
26.19
26.84
27.48
27.75
27.57
28.15
28.46
28.84
28.9
29.26
29.57
29.69
29.99
30.5
30.78
30.85
31.33
31.51
31.6
31.66
31.69
32.52
32.1
33.45
33.28
32.98
32.66
32.8
31.89
31.28
31.26
31.09
30.84
30.44
30.34
29.88
29.45
28.92
28.15
27.7
27.32
26.96
26.65
26.32
26.09
25.96
25.78
25.65
25.38
25.25
25.04
24.77
24.59
24.52
24.45
24.39
24.32
24.43
24.58
24.57
24.63
24.46
24.39
24.25
24.2
24.18
24.17
24.24
24.37
24.25
24.14
23.97
23.75
23.7
23.65
23.61
23.55
23.47
23.5
23.49
23.49
23.49
23.47
23.44
23.36
23.36
23.43
23.55
23.65
23.88
24.07
24.23
24.52
24.68
24.76
25.27
25.68
26.13
25.87
25.93
25.98
26.41
26.67
26.85
27.62
27.53
28.18
28.46
29.07
29.39
29.2
29.21
29.54
30.31
30.86
30.42
30.61
31.36
31.04
31.95
30.81
31.02
31.08
30.85
30.87
30.95
31.39
31.01
30.98
30.59
30
29.42
29.08
28.71
28.48
28.18
27.95
27.77
27.7
27.46
27.29
27.22
27.14
27.03
26.97
27.02
27.02
27.12
26.96
26.59
26.32
26.16
25.39
25.24
25.13
24.95
24.85
24.78
24.73
24.77
24.84
24.88
24.85
24.71
24.52
24.48
24.45
24.5
24.41
24.1
23.97
23.88
23.81
23.87
23.85
23.7
23.52
23.58
23.51
23.53
23.57
23.63
23.78
23.8
23.9
24.26
24.48
24.9
25.39
26.25
26.95
27.36
27.89
28.11
28.39
29.12
29.12
29.78
29.75
29.97
30.3
30.73
30.95
31.76
31.89
32.07
32.44
32.67
32.41
31.38
32.05
32.04
33.01
32.5
31.74
30.1
28.77
28.02
27.74
29.2
30.37
31.07
31.29
31.35
31.59
31.58
31.72
31.29
31.08
31.29
30.27
29.7
29.53
28.98
28.37
27.61
27.06
26.61
25.93
25.08
24.88
24.75
24.62
24.35
24.27
24.25
24.19
24.04
23.88
23.71
23.6
23.54
23.54
23.59
23.7
23.98
24.09
23.91
23.76
23.63
23.66
23.96
24.04
23.84
23.7
23.61
23.45
23.36
23.32
23.29
23.27
23.33
23.35
23.23
23.16
23.24
23.29
23.42
23.74
24.01
24.62
25.22
25.7
26.26
26.55
26.72
26.99
27.15
27.03
27.76
28.35
28.26
29
28.71
28.65
29.17
29.61
29.39
29.96
30.49
30.99
31.12
31.02
31.26
31.56
31.58
31.67
32.43
32.04
31.88
33.34
32.95
33.55
33.74
33.16
32.81
32.93
32.95
32.59
32.47
32.56
32.52
32.41
32.25
32.21
31.73
31.08
30.78
30.76
30.45
29.96
29.67
29.35
29.42
29.37
28.97
27.96
27.48
27.27
27.19
27.2
27.28
27.26
27.18
26.6
26.76
26.6
26.74
27.04
26.77
26.41
25.78
25.51
25.19
25.1
24.92
24.74
24.64
24.6
24.64
24.59
24.58
24.58
24.53
24.49
24.46
24.35
24.21
24.31
24.31
24.18
23.96
23.85
23.71
23.8
23.92
24.37
24.98
25.22
25.8
26.39
26.76
27.17
27.64
27.96
28.41
28.81
29.21
29.64
29.84
29.98
30.16
30.6
31.06
31.34
31.86
31.93
31.72
32.1
32.23
32.45
32.47
32.9
33.28
32.71
33.07
33.34
33.52
33.45
33.57
33.57
33.87
33.6
34.05
33.22
32.54
32.48
32.71
32.38
32.13
31.76
31.22
30.92
30.55
30.26
29.96
29.59
29.64
29.27
29.02
28.78
28.71
28.58
28.6
28.28
28.07
27.82
27.7
27.86
27.91
27.73
27.49
27.32
27.33
27.21
26.94
26.65
26.46
26.33
26.22
26.06
25.85
25.79
25.86
26.04
25.95
26.08
25.93
25.77
25.93
25.81
25.51
25.74
25.87
25.98
25.84
25.73
25.63
25.54
25.59
25.46
25.36
25.47
25.6
25.91
26.22
26.49
26.99
27.45
27.98
28.91
29.81
30.06
30.42
30.62
31.35
31.31
31.59
32.27
31.92
31.98
32.33
32.42
32.82
32.68
32.93
33.7
33.68
33.65
33.92
34.25
34.38
34.54
35.06
34.73
34.43
34.82
34.33
34.76
33.97
34.13
32.17
29.34
28.16
27.96
28.17
28.67
28.96
28.39
28.09
27.86
27.85
28
28.29
28.37
28.56
27.88
27.42
27.22
26.99
26.83
26.75
26.77
26.79
26.8
26.69
26.66
26.73
26.63
26.34
26.1
25.66
25.45
25.36
25.38
25.27
25.29
25.22
25.12
24.94
24.85
24.99
25.05
24.69
24.38
24.21
24.22
24.36
24.17
24.2
24.57
24.77
24.61
24.39
24.44
24.58
24.75
24.92
25.4
26.18
26.75
27.18
27.91
28.06
28.95
29.19
29.7
30.41
30.91
31.44
31.56
31.97
32.24
32.49
32.52
32.77
32.6
32.74
33.39
33.82
33.99
33.93
34.3
34.21
34.64
34.45
34.62
34.71
34.66
34.62
34.48
34.87
34.41
32.82
33.28
32.62
31.46
32.77
34.07
34.58
34.6
34.53
34.02
33.64
33.08
32.54
31.49
31.04
30.59
30.22
30.11
30.12
29.77
29.4
29.23
28.98
28.58
28.37
28.36
28.29
28.26
28.13
27.91
27.71
27.72
27.71
27.69
27.56
27.4
27.4
27.41
27.31
26.96
26.89
26.85
27.06
27.02
26.8
26.26
26.03
26.16
26.21
26.03
25.93
25.98
26.22
26.37
26.25
25.97
25.75
25.92
25.87
25.8
26
26.28
26.53
26.9
27.18
27.83
28.25
28.72
29.34
29.61
30.47
30.26
30.46
30.79
31.98
32.39
32.2
32.18
32.86
32.97
32.56
32.61
32.79
32.97
32.99
33.28
33.39
33.71
33.19
32.75
33.09
33.1
33.32
33.17
33.09
33.06
32.18
28.37
25.62
24.36
23.43
22.88
23
23.12
23.09
23.11
23.26
23.09
22.83
22.74
22.81
22.84
22.82
22.63
22.56
22.61
22.62
22.66
22.63
22.64
22.69
22.71
22.71
22.7
22.8
22.86
22.8
22.73
22.66
22.63
22.57
22.58
22.62
22.6
22.57
22.59
22.66
22.65
22.62
22.52
22.59
22.59
22.47
22.51
22.57
22.6
22.57
22.6
22.42
22.61
22.53
22.43
22.43
22.47
22.45
22.61
22.9
23.38
23.81
24.33
24.94
25.09
25.58
26.19
26.76
27.01
27.42
27.7
28.35
28.76
29.01
29.33
29.86
30.23
30.27
30.71
30.87
30.83
31.3
31.67
31.82
31.99
32.56
32.53
32.69
32.86
33.24
33.25
33.23
33.53
33.56
33.56
33.5
33.77
33.4
33.87
33.8
33.67
33.55
33.1
32.99
32.27
31.85
31.6
31.39
30.87
30.77
30.69
29.69
29.36
29.52
29.46
29.2
28.91
28.89
28.87
28.91
28.67
28.46
28.28
28.28
28.03
27.75
27.08
27.42
26.86
27.19
26.96