28.38
28.25
27.9
27.67
27.38
27.17
27.08
26.81
26.54
26.54
26.2
25.77
25.51
25.23
24.73
24.43
24.27
24.53
24.67
24.18
23.96
24.04
24.15
24.27
24.31
24.05
24.03
24.28
24.3
24.44
24.83
25.35
26.12
26.99
27.91
28.59
29.5
29.77
30.15
30.32
30.55
31.6
32.5
32.69
32.86
33.02
33.3
33.43
34.3
34.28
33.77
33.74
34.15
34.26
34.63
34.47
34.58
34.74
35.02
35.08
35.21
35.34
35.11
35.63
35.29
34.73
34.57
34.46
34.38
34.18
33.61
33.33
32.93
32.76
32.61
32.77
32.21
30.84
30.04
30.09
30.32
28.89
28.47
28.59
28.73
28.62
28.97
29.65
30.45
30.74
30.68
30.08
29.2
29.02
28.96
28.8
28.61
27.98
27.15
26.99
27.05
26.97
27.16
27.12
26.91
26.62
26.45
26.58
26.81
26.86
26.41
26.34
26.22
26.03
25.93
26.06
26.06
25.77
25.63
25.37
25.28
25.46
25.49
25.51
25.49
25.79
25.88
25.58
25.6
26.07
26.47
26.83
27.43
27.93
28.42
29.04
29.39
29.87
30.21
30.26
30.14
30.02
30.64
31.01
31.47
31.89
32.36
33.55
33.42
33.08
33.23
33.31
33.43
32.92
33.01
32.5
32.98
32.66
32.3
32.1
31.86
31.9
31.87
31.3
31.4
31.37
31.09
31.08
30.92
31.22
31.07
30.82
30.64
30.23
30.01
29.74
29.44
29.34
29.39
29.11
29.22
29.48
29.41
29.4
29.53
29.64
29.82
29.77
29.22
28.96
28.84
28.62
28.44
28.4
28.47
28.51
28.39
27.64
27.2
26.97
26.83
26.7
26.53
26.12
25.71
25.44
24.99
24.7
24.81
24.9
24.93
24.73
24.55
24.64
24.82
25.06
25.1
25.06
24.86
24.97
25.22
25.13
25.7
25.77
26.1
26.6
27.15
27.87
28.38
28.69
28.97
29.37
29.89
30.57
31.07
31.66
32.21
32.47
32.44
32.33
32.64
32.82
32.99
33.16
33.15
32.94
32.96
33
33.16
33.38
33.33
32.93
32.75
32.57
32.33
32.1
32.06
32.44
32.79
32.95
32.94
32.88
32.76
32.55
30.79
29.6
29.5
29.21
29.04
29.04
28.98
28.85
28.65
28.53
28.38
28.13
27.91
27.82
27.61
27.48
27.26
27.01
26.98
27.16
27.15
26.93
26.79
26.56
26.35
26.1
26.01
26.03
25.78
25.75
25.81
26.05
25.83
25.72
25.47
25.33
25.4
25
24.64
24.63
24.51
24.32
24.51
24.59
24.59
24.28
24.07
24.13
24.05
24.03
24.05
24.14
24.19
24.38
24.52
24.81
25.24
25.7
26.32
27.26
28.13
29.52
29.81
29.98
31.11
31.57
32.37
32.5
32.72
33.43
33.93
34.46
34.12
34.85
34.75
34.83
35.1
35.37
35.64
35.76
35.71
35.55
35.65
35.77
35.63
35.66
35.06
34.53
34.87
35.27
35.38
34.98
33.23
32.64
32.31
32.55
32.59
32.62
32.29
32.29
31.41
31.42
31.28
30.18
30.06
30.42
29.98
29.35
29.49
28.57
27.43
27.6
28.51
28.56
28.75
29.17
28.82
28.14
27.56
27.45
27.79
27.48
27.28
27.45
27.6
27.06
26.73
26.53
26.46
26.77
26.7
26.29
25.97
25.65
25.67
25.7
25.84
25.99
25.96
25.9
25.91
25.81
25.29
25.07
25.09
25.09
25
24.92
24.89
25.06
25.42
26.09
26.89
27.69
28.37
29.01
29.63
30.11
30.65
31.23
31.85
32.37
33.1
33.57
33.91
34.03
34.1
34.17
34.34
34.32
34.67
35.07
35.24
35.53
35.49
35.48
35.56
35.78
35.85
35.97
35.69
35.3
35.01
34.87
34.92
34.97
34.78
34.44
34.14
33.82
33.54
32.91
31.92
31.02
30.25
29.74
29.58
29.57
29.52
29.23
28.41
28.23
28.06
27.76
27.48
27.13
26.51
26.01
25.67
25.4
25.21
24.91
24.63
24.6
24.74
24.31
24.05
24.34
23.72
23.49
24.22
24.13
23.84
23.63
23.6
23.54
23.32
22.97
22.65
22.25
21.8
21.42
21.14
20.96
20.84
20.76
20.78
20.93
21.18
21.24
21.09
21
21.15
21.61
22.04
22.57
23.39
24.39
25.61
26.62
27.41
28.19
28.89
29.37
30.12
30.89
31.34
32.18
32.64
33.38
33.84
34.17
34.55
34.87
35.13
35.67
35.84
35.87
36.17
36.42
36.41
36.54
36.5
36.61
36.6
36.57
36.6
36.27
35.96
36.07
36.29
36.61
37.15
36.36
35.34
35.53
35.75
35.43
35.13
35.11
34.98
32.14
31.73
31.47
31.21
30.89
30.74
30.45
30.24
30.13
29.96
29.67
29.42
28.9
28.28
27.88
27.73
27.3
27.19
27.09
27.37
27.18
27.18
27.05
26.64
26.65
26.69
26.33
26.03
25.59
25.09
24.79
24.69
24.59
24.51
24.32
24.1
23.93
23.59
23.25
23.03
22.92
22.79
22.74
22.8
22.88
22.91
23.07
23.28
23.6
24.23
25.34
26.46
27.16
27.82
27.86
25.88
25.1
25.1
25.35
25.75
26.31
26.66
27.39
28.32
28.47
28.49
28.4
28.54
29.09
29.25
29.39
29.44
29.95
29.78
30.03
30.04
29.92
30.22
30.29
30.24
30.02
29.75
29.92
30.26
30.01
30.03
29.82
29.53
29.26
28.89
28.54
28.26
27.84
27.36
27.06
26.79
26.54
26.32
26.08
25.82
25.57
25.49
25.23
25.02
24.84
24.69
24.56
24.44
24.32
24.23
24.02
23.78
23.76
23.65
23.6
23.39
23.23
23.03
22.78
22.68
22.52
22.39
22.22
22.03
21.89
21.73
21.51
21.41
21.31
21.16
21.08
21.06
20.92
20.88
20.85
20.73
20.64
20.61
20.51
20.52
20.59
20.59
20.57
20.61
20.72
21.36
22.01
22.74
23.23
24.05
24.47
25.59
25.95
26.97
27.16
28.04
28.65
28.82
29.46
30.2
30.44
30.88
31.37
32.4
32.8
32.81
33.13
33.37
33.62
33.92
34.4
34.75
34.88
35.4
35.5
35.34
35.73
36.2
36.1
36.12
36.27
36.22
35.55
34.92
34.52
34
33.51
33.19
32.82
32.26
31.71
31.3
30.79
30.44
30.24
29.9
29.53
29.35
29.09
28.81
28.62
28.34
28.22
28.4
28.29
27.99
27.97
28.08
27.47
27.16
26.94
26.64
26.37
25.82
25.38
25.14
25.11
25.03
24.84
24.79
24.81
24.72
24.49
24.24
24.13
23.89
23.78
23.6
23.64
23.67
23.45
22.89
22.28
22.09
21.96
21.81
21.67
21.64
21.8
22.29
22.52
23.01
23.83
24.76
25.68
26.48
27.73
28.52
29.57
30.66
31.25
31.54
31.74
32.24
32.92
33.49
33.81
34.14
34.65
34.98
35.08
35.5
35.93
36.42
36.31
36.85
37.36
38.38
37.89
38.18
38.07
38.08
38.14
38.4
39
39.14
38.55
38.57
38.37
38.17
37.87
37.4
37.27
36.59
36.15
36.66
36.05
34.76
33.72
33.73
33.47
33.35
33.16
32.66
31.74
31.27
30.99
30.7
30.47
30.46
30.24
30.17
29.9
29.78
29.65
29.11
29.05
28.78
28.36
27.65
27.6
27.19
25.75
25.65
25.91
26.09
26.45
27.25
27.38
27.12
27.46
27.67
27.53
27.21
26.99
26.96
27.13
27.02
26.73
26.38
26.47
26.47
26.31
25.47
25.56
25.65
26.11
26.5
27
27.3
28.25
29.29
29.98
30.49
31.11
31.62
31.89
32.3
32.67
32.96
33.56
33.39
33
33.29
33.8
33.68
33.75
33.47
32.83
32.31
31.99
31.19
30.7
30.72
30.42
30.41
30.35
30.29
30.17
30.18
30.18
30.12
30.09
30
29.86
29.63
29.63
29.34
29.02
28.84
28.44
28.05
27.65
27.33
27.3
27.23
26.99
27.14
26.83
26.44
26.52
26.42
26.54
26.46
26.1
25.87
25.52
25.4
25.37
25.36
25.06
25.04
25.08
25.06
24.73
24.16
23.76
23.13
23.2
23.27
23.3
23.08
22.86
23.02
23.2
23.37
23.28
23.35
23.28
23.45
23.05
22.81
22.6
22.67
23.1
22.99
22.96
23.08
23.45
23.28
23.08
23.41
23.78
24.29
24.89
24.57
25.68
26.15
27.64
28.82
29.19
30.28
30.62
31.41
31.86
32.33
33.14
33.91
34.19
34.62
34.68
35.25
35.12
35.73
36.29
36.38
36.25
36.39
36.64
36.71
36.97
36.6
36.53
36.17
36.08
35.86
35.79
35.74
35.72
35.77
35.86
35.75
35.45
35.21
34.96
34.43
34.18
33.08
32.85
31.42
31.1
31.03
30.72
30.82
31.38
31.4
31.45
31.67
31.22
30.9
30.68
30.29
29.81
29.55
29.29
29.16
29.07
28.83
28.53
28.23
27.89
27.63
27.42
27.07
26.61
26.35
26.3
26.6
26.28
25.5
24.78
24.36
23.62
22.65
22.43
22.49
22.52
22.57
22.57
22.68
22.7
22.49
22.39
22.35
22.36
22.32
22.28
22.33
22.51
22.76
22.92
23.03
23.12
23.09
23.14
23.33
23.48
23.47
23.39
23.59
23.88
24.24
24.73
25.45
26.28
26.86
27.55
27.85
28.61
29.08
29.12
29.44
29.97
29.8
29.6
29.62
30.08
30.49
31.34
31.3
31.67
31.94
32.34
31.99
32.24
32
31.27
28.1
26.72
26.28
25.17
25.7
24.13
23.79
24.4
23.93
23.97
23.64
23.45
23.11
23.22
22.82
22.9
23.29
23.53
23.92
23.46
22.85
22.6
22.75
22.9
23.05
23.03
23.07
22.87
22.7
22.81
22.94
23.01
23.01
22.9
22.83
22.65
22.49
22.54
22.66
22.78
22.72
22.66
22.57
22.44
22.3
22.23
22.15
22.08
22.01
22.07
22.1
22.11
22.11
22.12
22.12
22.15
22.17
22.22
22.3
22.4
22.45
22.52
22.62
22.72
22.87
22.99
23.18
23.7
23.86
23.98
24.14
24.33
24.63
25.09
25.31
25.18
25.21
25.49
26.56
26.97
26.99
27.31
27.46
27.56
28.08
27.58
27.92
28.15
28.08
28.89
29.09
28.56
28.59
28.19
28.17
28.32
28.51
28.66
28.25
27.88
27.37
26.72
26.31
25.41
25.03
24.83
24.6
24.39
24.23
24.1
23.95
23.78
23.57
23.41
23.3
23.25
23.25
23.25
23.28
23.31
23.28
23.26
23.15
23.07
22.98
22.87
22.75
22.67
22.57
22.52
22.5
22.53
22.49
22.46
22.46
22.46
22.4
22.41
22.4
22.39
22.36
22.35
22.29
22.26
22.21
22.21
22.22
22.23
22.26
22.28
22.31
22.36
22.37
22.34
22.37
22.4
22.42
22.55
22.66
22.75
22.78
22.82
23.04
23.18
23.35
23.48
23.79
24.03
24.47
24.8
24.95
25.81
25.48
25.15
24.97
24.78
24.54
24.32
24.66
24.75
25.26
25.59
25.69
25.63
25.98
25.83
25.45
25.71
25.99
26.38
26.5
26.24
26.43
26.39
26.43
26.1
25.84
25.66
25.49
25.31
25.18
25.13
25
24.93
24.99
25.03
24.95
25.1
25.07
25.18
24.93
24.51
24.55
25.03
24.94
24.8
24.67
24.53
24.54
24.6
24.48
24.34
24.21
24.07
24.08
24.21
24.4
24.44
24.28
23.8
23.16
23.08
23.11
23.02
23.11
22.97
23.01
23.21
23.18
23.2
23.05
22.92
22.97
22.94
22.93
22.99
23.21
23.62
23.54
23.27
23.04
22.93
22.89
22.93
22.96
22.74
22.84
23.13
23.31
23.59
23.92
24.42
24.97
25.1
25.79
26.32
26.66
27.53
28.37
28.75
29.02
29.74
29.48
29.78
29.71
30.18
29.66
29.12
29.35
29.65
29.16
29.11
29.15
29.05
29.18
28.87
28.8
28.61
28.59
28.4
28.1
27.9
27.82
27.65
27.47
27.37
27.15
26.97
26.81
26.56
26.36
26.12
25.84
25.58
25.33
25.12
24.96
24.85
24.85
24.76
24.71
24.71
24.61
24.47
24.58
24.56
24.59
24.55
24.68
24.44
24.07
23.85
23.87
23.8
23.74
23.82
23.84
23.65
23.66
23.76
23.86
23.84
23.9
23.87
23.77
23.73
23.69
23.79
23.77
23.94
24.04
24.15
24.54
24.53
24.34
24.75
25.67
26.76
27.53
28.26
27.72
28.32
29.15
29.73
30.18
30.99
31.82
31.64
32.17
32.06
32.32
32.72
32.87
33.07
33.8
33.62
33.73
33.97
34.54
34.88
34.9
35.38
35.62
35.75
35.72
35.69
35.89
35.94
36.05
35.95
36.01
36.12
35.66
35.48
34.76
34.77
34.23
33.77
33.39
32.95
32.49
32.14
31.71
31.32
31.02
30.63
30.11
29.6
29.33
29.24
28.77
28.47
28.26
28.18
27.97
27.87
27.73
27.82
27.95
27.94
27.83
27.69
27.53
27.38
27.22
27.03
26.83
26.62
26.49
26.36
26.21
26.02
25.84
25.64
25.48
25.28
25.06
24.88
24.61
24.33
24.06
23.9
23.74
23.59
23.55
23.35
23.17
23.04
23.06
23.22
23.36
23.66
24.01
24.32
24.87
25.52
25.91
26.51
27.15
28.37
29.52
29.94
30.56
31.8
31.9
32.74
32.51
33.08
33.09
33.46
33.51
33.56
33.46
34.34
34.79
35.86
35.56
35.72
35.45
35.37
35.34
35.33
34.91
34.7
34.56
34.61
34.66
34.68
34.25
33.82
33.4
32.99
32.59
32.44
32.12
31.91
31.76
31.44
31.22
30.67
30.31
30.14
29.78
29.7
29.77
29.69
29.52
29.34
29.3
29.21
29.24
29.18
29.05
28.91
28.76
28.63
28.36
28.09
28.01
27.79
27.76
27.6
27.43
27.13
27.01
26.96
26.94
26.78
25.1
22.39
20.98
20.9
20.93
20.72
20.63
20.53
20.44
20.41
20.43
20.48
20.45
20.41
20.38
20.31
20.37
20.39
20.36
20.29
20.23
20.36
20.62
20.75
20.9
20.89
20.97
21.19
21.34
21.53
21.85
22.39
22.93
23.21
23.51
23.65
23.96
24.67
25.1
25.36
25.57
26.24
26.76
27.19
27.4
27.7
28.07
28.6
29.2
29.6
30.11
30.13
29.98
29.94
29.93
30.04
30.42
30.98
30.6
30.41
29.82
29.19
28.8
28.26
27.75
27.46
27.16
26.77
26.55
26.49
26.35
26.21
26.05
25.95
26.12
25.96
25.92
25.74
25.58
25.43
25.36
25.56
25.5
25.46
25.68
25.77
25.51
25.29
24.81
24.23
24.05
24.1
24.12
24.08
23.95
24.1
23.99
23.89
23.7
23.41
23.34
23.24
22.66
22.91
22.44
22.02
21.87
21.85
22.14
22.17
22.18
22.18
22.35
22.82
23.43
24.22
24.85
25.57
25.96
26.45
27.01
27.39
27.69
28.1
28.64
28.86
28.93
29.85
30.2
30.9
31
31.27
31.61
32.31
32.84
33.11
33.17
33.32
33.47
34.08
34.01
33.74
34.19
34.94
34.67
34.72
35.23
34.81
34.71
34.71
34.47
34.72
34.09
33.81
33.7
34.11
33.55
33.1
32.9
31.51
30.15
29.65
29.19
28.65
28.19
28.09
27.91
27.74
27.58
27.53
27.19
26.82
26.53
26.58
26.57
26.31
26.07
25.77
25.58
25.42
25.37
25.3
25.13
25.03
24.94
24.82
24.67
24.46
24.42
24.26
23.97
23.61
23.31
23.41
23.2
22.87
22.79
22.85
22.77
22.8
22.83
22.88
22.8
22.89
23.12
23.39
23.33
23.36
23.39
23.74
24.05
24.52
24.81
25.45
26.4
26.96
27.92
28.91
29.56
29.55
29.35
29.84
30.79
31.06
31.28
31.85
32.14
32.34
32.11
32.48
32.76
33.41
34.14
34.07
34.25
34.67
34.78
34.85
34.9
34.55
34.41
35.1
35.05
35.27
35.2
35.04
34.84
34.92
34.71
34.67
34.51
34.36
34.31
34.39
33.71
33.3
32.98
32.16
31.2
30.5
29.69
29.13
28.47
27.73
27.02
26.48
26.05
25.78
25.52
25.39
25.24
25.11
24.83
24.43
24.26
24.26
24.27
23.99
23.81
23.58
23.4
23.28
23.21
23.03
22.88
22.73
22.37
22.27
22.32
22.3
22.16
22.13
22.08
22.11
22.17
22.22
21.99
21.91
21.77
21.73
21.95
22.05
22.04
22.03
22.16
22.32
22.47
22.67
23.1
23.59
24.24
24.96
26.11
27.06
27.28
28.29
29.27
31.14
30.75
31.39
31.83
31.76
31.51
31.89
32.21
32.36
31.54
30.91
30.55
30.17
30.55
30.98
30.74
30.67
30.36
30.41
30.92
30.39
29.87
29.64
29.37
29.34
29.3
29.51
29.83
30.03
29.85
29.64
29.55
29.4
29.24
29.1
28.83
28.66
28.62
28.5
28.27
27.9
27.85
27.97
28.03
27.92
27.45
26.99
26.78
26.85
26.89
26.6
26.48
26.46
26.55
26.26
26.01
26.07
26.18
26.2
26.53
26.71
26.9
26.88
26.75
26.42
26.16
25.98
25.89
25.97
25.93
25.94
25.99
25.8
25.41
24.94
25
25.2
25.08
24.71
24.54
24.28
24.4
24.48
24
23.61
23.51
23.59
24.14
24.87
25.62
26.25
27.4
28.1
28.18
27.72
28.05
29.14
30.21
30.5
30.24
30.26
30.36
30.3
30.07
30.88
31.34
31.57
32.26
32.33
31.98
31.63
31.04
30.47
29.91
29.55
29.67
29.96
29.96
29.2
29.81
30.59
30.98
31.36
31.77
31.99
31.88
31.97
32.07
31.45
30.83
30.34
30.01
30.01
29.35
30.13
30.14
29.71
30.2
30
29.18
27.74
27.2
27.4
27.82
27.94
27.98
27.82
27.74
27.39
27.03
26.75
26.57
26.24
25.44
24.55
24.57
24.68
25.25
25.26
25.25
25.3
25.15
24.79
24.6
24.49
24.44
24.41
24.62
24.55
23.99
23.21
23.8
23.9
24.07
24.25
24.44
23.96
23.15
22.98
23.13
23.24
23.47
24.1
25.03
25.51
26.68
27.39
27.86
28.4
28.68
29.38
29.96
30.33
30.51
31.14
31.36
31.52
31.7
32.4
32.53
33.06
33.18
33.61
33.98
34.12
33.64
33.71
34.38
34.64
34.4
34.98
34.98
34.94
34.66
34.1
30.32
28.29
27.95
27.73
26.67
25.3
24.87
25.15
25.4
25.36
25.06
24.7
24.71
24.48
25.12
24.36
23.73
23.44
23.28
23.22
23.28
23.32
23.27
23.2
23.16
23.12
23.08
22.98
22.8
22.69
22.68
22.62
22.63
22.55
22.45
22.35
22.34
22.28
22.21
22.13
22.05
22.01
21.91
21.8
21.74
21.68
21.67
21.66
21.63
21.53
21.44
21.39
21.37
21.38
21.39
21.41
21.44
21.48
21.48
21.46
21.5
21.61
21.75
22.01
22.27
22.55
23.4
23.9
23.71
24.08
24.28
24.69
24.78
25.09
25.73
25.72
25.75
25.69
25.87
26.24
26.18
26.61
26.25
26.43
26.31
26.15
26.18
26.34
26.41
26.25
26.25
26.1
25.99
26.07
26.12
25.92
25.71
25.55
25.55
25.49
25.34
25.22
25.15
24.94
24.77
24.64
24.53
24.37
24.22
24.09
24.03
23.94
23.85
23.79
23.7
23.65
23.59
23.56
23.54
23.47
23.43
23.41
23.42
23.39
23.31
23.22
23.18
23.12
23.16
23.12
23.11
23.06
23.01
22.96
22.78
22.68
22.63
22.58
22.55
22.56
22.56
22.55
22.51
22.56
22.62
22.64
22.68
22.68
22.67
22.65
22.64
22.65
22.67
22.71
22.76
22.85
22.9
22.86
22.85
22.81
22.82
22.91
22.95
22.99
23.1
23.19
23.12
22.97
22.96
23
23.07
23.12
23.07
23.07
23.15
23.13
23.18
23.15
23.11
23.03
22.97
22.94
22.94
23.13
23.27
23.26
23.13
23.02
23.13
23.04
23
23.01
22.93
23.04
23.19
23.26
23.07
22.99
23
22.96
22.94
22.91
22.83
22.83
22.68
22.52
22.47
22.05
21.9
21.82
21.67
21.56
21.4
21.3
21.23
21.19
21.01
20.91
20.87
20.82
20.86
20.9
20.9
20.91
20.86
20.88
20.83
20.58
20.59
20.69
20.77
20.84
20.71
20.74
20.59
20.46
20.49
20.47
20.46
20.13
19.95
20.06
20.07
20.15
20.25
20.21
20.14
20.19
20.08
20.02
20.04
20.36
20.95
21.42
22.32
23.38
23.7
23.55
23.12
23.06
23.73
24.7
25.11
25.48
26.16
26.74
27.71
28.24
28.36
28.97
29.01
29.8
29.98
30.69
30.73
30.96
30.68
30.83
31.01
31.36
31.64
31.49
31.7
31.59
31.64
31.73
32.48
32.06
32.02
32.69
32.39
32.17
32.16
32.26
32.73
32.57
33.2
32.51
31.2
30.46
30.11
29.76
29.72
29.78
29.66
29.31
28.12
28.71
29.31
29.03
27.04
27.68
27.05
27.2
26.61
26.35
26.63
26.77
26.29
26.04
25.78
25.59
25.3
25.15
25.01
24.92
24.81
24.63
24.29
24.09
23.9
23.57
23.44
23.37
23.35
23.4
23.46
23.4
23.24
23.21
23.11
23.1
23.02
22.81
22.55
22.26
22.22
22.49
22.77
23.12
23.57
24.25
25.26
26.33
27.23
27.58
28.71
28.98
30.05
30.86
30.51
30.92
30.81
31.21
31.65
31.69
32.62
33.06
32.71
33.05
32.86
33.31
33.8
33.77
33.8
34.25
34.55
34.58
34.9
34.71
35.13
35.49
35.72
35.73
35.49
34.53
33.47
33.31
33.25
34.21
34.12
33.52
33.13
32.46
30.79
30.28
29.89
29.43
28.82
28.45
28.16
27.99
28.03
28.09
28.25
27.86
27.44
26.82
26.46
26.48
26.44
26.08
25.68
25.4
25.63
25.64
25.56
25.69
25.53
25.12
25.31
25.17
24.99
24.82
24.62
24.6
24.66
24.69
24.42
24.07
23.02
22.5
22.52
22.99
23.65
23.76
24.25
24.1
23.53
23.3
23.43
23.62
23.5
23.5
23.51
23.8
24.74
25.52
26.37
26.94
28.25
28.85
29.5
30.75
31.01
31.59
31.95
33.63
34.01
33.75
33.85
34.24
34.36
34.8
35.08
35.18
35.4
35.34
35.52
35.71
36.11
36.17
36.15
36.52
35.82
35.56
36.24
37.55
37.28
37.35
37.41
36.82
33.38
32.39
32.56
32.97
32.4
32.49
32.96
32.58
32.1
28.91
23.54
21.69
21.7
22.01
22.61
23.05
24.15
24.09
23.89
22.37
22.31
22.61
22.42
22.36
22.42
22.47
22.31
22.38
22.32
22.25
22.42
22.66
22.89
23.03
23.06
22.99
23.05
23.24
23.47
23.26
22.98
22.88
22.95
22.47
22.72
22.89
22.82
22.78
22.69
22.44
22.4
22.46
22.66
22.89
22.98
22.89
22.87
22.93
23.05
22.91
22.8
22.77
23.25
24.81
25.91
26.05
26.65
27.46
28.14
28.65
29.04
29.52
29.38
30
31.08
30.57
30.82
31.07
31.46
31.88
32.03
32.46
32.58
32.92
33.32
33.52
34.01
34.2
34.73
35.02
34.87
34.99
35.34
35.08
35.17
34.74
34.47
34.34
34.31
34.29
34.27
34.14
34.17
34.08
33.38
32.52
31.88
31.5
31.51
31.12
30.91
30.78
30.71
30.43
30.41
30.04
29.98
29.88
29.94
30.01
29.59
29.9
30.07
27.76
27.03
27.5
28.19
28.24
28.41
28.33
28.3
28.44
28.35
28.45
28.49
28.51
28.23
28.26
28.21
26.35
25.59
25.19
25.03
24.88
25.32
25.74
26.08
26.2
26.05
25.97
26.06
25.79
25.37
24.63
25.09
25.7
25.64
25.3
25.27
25.07
25.2
25.9
26.53
26.67
26.79
26.76
26.77
27.08
27.67
28.03
28.12
28.08
28.35
28.71
29.01
29.14
28.91
29.27
29.71
30.4
31.07
31.97
32.14
32.15
32.46
32.51
32.22
32.48
32.7
32.64
32.51
32.34
32.28
32.31
32.07
31.86
31.59
31.27
30.93
30.62
30.29
29.88
29.7
29.48
29.07
28.88
28.71
28.58
28.4
28.29
27.94
27.49
27.37
27.22
26.89
26.47
26.6
26.7
26.77
26.69
26.84
26.93
26.79
26.44
25.94
25.58
25.41
25.29
25.22
25.19
25.1
25.14
25.24
25.06
24.96
24.78
24.67
24.58
24.62
24.68
24.61
24.49
24.26
23.97
23.75
23.5
23.25
23.14
23.14
23.19
23.19
23.35
23.7
24.23
24.72
25.29
25.76
26
26.49
26.94
26.91
27.41
27.87
28.19
28.43
29.37
30.07
31.02
31.26
31.72
31.72
32.59
32.93
33.74
34.64
34.22
34.95
34.46
34.51
34.72
34.8
34.96
34.65
35.11
35.18
35.35
35.34
35.38
34.88
34.86
34.68
34.43
34.16
33.66
33.23
32.99
32.86
32.83
32.48
31.58
30.49
29.94
29.28
28.81
28.41
27.98
27.53
27.24
27.03
26.91
26.7
26.56
26.36
26.43
26.13
26.1
25.88
25.83
25.65
25.66
25.59
25.37