19.07
18.91
18.86
18.71
18.47
18.33
18.2
18.14
18.11
18.01
17.81
17.59
17.45
17.58
17.68
17.59
17.6
17.55
17.55
17.92
17.98
17.97
17.92
17.97
17.96
17.09
16.9
17.81
18.57
19.23
19.82
20.48
20.97
21.98
22.76
23.37
23.95
24.27
24.77
25.1
25.8
25.81
26.35
26.92
27.65
27.56
28.46
28.44
28.59
29.11
29.69
30.07
30.35
30.6
31.17
31.28
31.63
32.02
32.29
31.94
32.23
32.25
32.46
32.86
32.41
32.36
32.36
32.25
32.01
31.58
31.06
30.32
29.79
29.49
29.27
29.06
28.97
28.67
28.29
27.77
27.4
27.44
27.38
27.27
26.97
26.63
26.21
26
25.8
25.8
25.71
25.57
25.53
25.55
25.67
25.56
25.41
25.3
25.26
24.87
24.36
24.01
23.9
23.9
24
24.07
24
23.53
22.94
21.63
21.42
21.34
21.74
22.14
21.35
20.92
21.27
21.25
21.06
21.09
20.86
20.78
21.19
21.86
22.27
22.96
24.73
25.44
25.82
25.52
25.91
26.05
26.35
26.95
27.25
27.49
28.1
28.44
28.74
28.88
29.23
29.35
29.81
29.44
30.19
30.37
30.4
30.29
30.48
30.18
30.3
29.91
29.94
31.43
32.47
32.58
32.54
33.54
32.66
31.79
31.54
30.97
31.42
31.74
31.86
31.39
31.34
29.91
29.2
28.88
28.46
28.18
28.31
28.35
27.82
27.69
27.43
27.17
26.9
26.23
25.75
26
26.09
25.78
25.2
25.37
25.49
25.63
25.5
25.09
24.45
24.45
24.64
24.2
23.69
24.01
24.74
24.85
25.01
24.57
24.32
24.24
24.61
24.46
23.88
24.2
24.14
23.73
24.04
24.35
24
22.84
22.39
22.45
22.46
22.14
21.94
22.04
22.38
22.96
23.28
23.82
24.74
25.8
26.98
27.44
27.74
28.72
28.99
29.43
29.85
30.94
30.6
30.49
30.8
31.36
31.18
31.27
31.29
31.73
32.27
32.67
33.1
33.23
32.89
33.03
32.93
33.03
33.17
33.51
34.11
34.08
34.6
34.38
34.39
34.38
34.11
33.69
33.49
33.4
33.22
33.05
32.04
31.37
31.63
31.59
31.86
32.12
32.51
32.41
31.96
30.97
30.39
29.37
28.46
28.06
27.81
27.41
27.02
26.61
26.32
26.35
26.16
26.1
26.12
26.26
26.37
26.62
27.02
26.66
26.62
25.85
24.98
24.77
24.62
24.56
24.59
24.8
25.24
24.8
24.18
24.05
23.92
23.93
23.89
23.65
23.9
23.73
23.69
23.69
23.61
23.67
23.78
23.84
23.96
24.28
24.37
24.75
25.06
25.25
25.38
25.87
26.81
27.26
27.71
28.13
28.5
28.85
29.22
30
30.42
31.23
31.4
31.12
31.08
31.25
31.32
31.51
31.51
31.19
30.95
30.86
30.86
30.83
30.86
30.56
29.88
29.84
30.34
30.49
30.9
31.11
30.69
30.71
30.46
30
29.63
29.41
29.21
28.95
28.71
28.66
28.72
28.84
28.83
28.8
28.48
28.39
27.99
27.77
27.59
27.45
27.13
27.19
26.6
25.94
25.63
25.71
25.63
25.49
24.88
24.34
24.31
24.36
24.23
24.35
24.38
24.49
24.4
24.38
24.62
24.63
24.85
24.84
24.59
24.36
24.11
24.01
23.88
23.9
24.03
23.79
23.77
23.66
23.51
23.45
23.45
23.7
23.77
23.91
24.02
24.09
24.01
24.06
24.15
24.19
24.13
24.28
24.41
24.67
24.82
24.94
25.01
25.1
25.3
25.63
26.12
26.5
26.33
26.05
25.26
24.85
25.24
25.52
25.41
25.55
25.77
26.16
26.41
26.62
26.88
26.94
26.96
27
26.99
26.82
26.58
26.64
26.71
26.8
26.85
26.91
26.83
26.75
26.72
26.72
26.56
26.36
26.27
26.18
26.22
26.09
26.19
26.21
26.16
25.91
25.55
25.43
25.58
25.58
25.57
25.53
25.44
25.1
24.75
24.46
24.24
24.07
24.11
24.11
23.86
23.63
23.52
23.54
23.53
23.29
23.01
23.01
23.11
23.17
23.32
23.37
23.34
23.33
23.32
23.25
23.21
23.02
22.89
22.9
22.87
22.81
22.87
22.98
23.29
23.5
23.51
23.64
23.75
23.97
24.27
24.55
24.97
25.5
25.97
26.38
26.83
27.86
29.37
30.36
30.75
30.91
31.73
32.08
32.26
32.39
32.83
33.02
33.43
34
34.22
34.4
34.14
34.23
34.45
34.54
34.61
34.79
33.95
33.12
32.88
32.69
32.13
31.51
30.88
30.29
30.08
30.35
30.16
30.15
29.92
29.55
29.36
29.34
28.87
28.14
27.55
26.9
26.22
25.36
25.09
25.02
24.95
24.93
24.94
24.97
24.84
24.61
24.57
24.48
24.42
24.38
24.56
24.84
24.75
24.74
24.81
24.57
24.41
24.25
24.16
24.12
24.01
23.88
23.82
23.88
23.88
23.88
23.95
23.96
24.04
24.35
24.55
24.49
24.48
24.31
24.38
24.12
24.18
24.35
24.37
24.34
24.43
24.44
24.02
22.81
22.22
21.94
22
22.02
21.93
21.93
21.95
21.9
21.91
22.01
22.17
22.3
22.44
22.48
22.59
22.76
22.99
23.19
23.45
23.55
23.51
23.49
23.34
23.17
23.29
23.4
23.41
23.65
23.99
24.22
24.22
24.34
24.29
24.56
24.84
24.83
25.02
25.51
25.46
25.04
25.01
24.67
24.38
24.13
23.9
23.65
23.51
23.33
23.27
23.52
23.67
23.46
23.17
22.92
22.88
22.99
23.02
22.85
22.59
22.62
22.51
22.5
22.53
22.6
22.61
22.42
22.02
21.86
21.6
21.3
21.08
21.09
21.13
21.14
21.07
21
20.94
20.84
20.78
20.7
20.65
20.64
20.58
20.55
20.55
20.55
20.5
20.49
20.33
20.26
20.28
20.46
20.73
21.02
21.45
21.86
22.32
22.86
23.3
23.59
24.11
24.5
25.17
25.87
26.51
26.62
26.8
27.1
27.51
27.37
27.27
27.42
27.17
27.56
28.03
28.46
28.68
29.28
28.98
28.89
28.89
29.1
28.96
28.74
28.71
28.66
28.66
28.74
29.05
28.88
29.01
28.87
28.86
28.84
28.76
28.65
28.35
27.89
27.46
27.13
26.79
26.55
26.37
26.2
26.1
26.05
25.93
25.7
25.47
25.2
25.01
24.86
24.75
24.52
24.32
24.13
23.95
23.76
23.6
23.45
23.29
23.2
23.11
23.04
22.9
22.78
22.63
22.34
22.25
22.29
22.17
22.19
22.15
22.02
22.06
22.14
22.15
22.11
22.12
22.05
21.97
22.03
21.9
21.69
21.7
21.89
22.14
22.42
22.81
23.09
23.55
23.86
24.19
24.75
25.22
25.7
26.63
26.79
27.58
28.24
28.45
28.74
29.09
29.46
30.08
30.3
30.39
30.87
31.19
31.19
31.5
31.73
31.86
32.13
32.38
33.3
32.84
32.76
32.78
33.45
33.18
33.74
33.93
33.67
33.13
32.64
32.34
32.3
32.81
33.02
33.04
32.34
31.83
30.97
30.67
30.39
30.07
29.75
29.55
29.51
29.47
29.02
28.8
28.7
28.58
28.48
28.3
28.7
28.98
29.11
28.77
28.13
27.84
27.24
26.75
26.56
26.28
26.26
26.25
26.18
25.97
25.62
25.86
25.62
25.63
25.36
24.74
24.29
24.55
24.74
24.78
24.45
24.52
24.27
24.12
23.99
24.08
23.85
23.43
23.03
22.71
22.56
22.46
22.2
22.36
22.89
23.51
24.27
25.02
25.64
26.23
26.94
27.5
27.97
28.34
29.08
29.55
29.74
30.14
30.6
31.34
31.74
32.12
32.48
32.84
33.19
33.27
33.83
33.86
34.32
34.34
34.04
34.38
34.53
34.88
35.38
35.13
34.94
34.99
35.07
35.26
35.34
35.54
35.65
35.36
35.25
34.81
34.54
34.41
34.19
34.06
33.88
33.62
33.38
32.81
32.17
31.95
31.32
31.02
30.84
30.84
30.4
29.4
28.62
28.29
28.52
28.62
28.38
28.17
27.87
27.81
27.97
27.7
27.37
27.02
26.85
26.83
26.76
26.71
26.62
26.41
26.2
26.09
26
25.96
25.96
25.84
25.67
25.59
25.39
25.07
24.95
24.82
24.81
24.82
24.78
24.8
24.71
24.74
24.98
25.33
25.74
26.2
26.83
27.4
27.97
28.69
29.41
29.88
30.3
30.93
31.41
31.69
31.93
32.48
32.79
33.32
33.64
33.88
34.13
34.43
34.39
34.46
34.91
35.01
35.26
35.71
35.66
35.95
36.16
36.5
36.69
36.8
36.63
36.65
36.47
36.54
36.73
36.61
36.2
36.29
36
35.78
35.36
34.99
34.59
33.97
33.31
33.13
32.79
32.6
32.34
32.04
31.82
31.6
31.43
31.2
30.75
30.32
30.26
29.92
29.68
29.73
29.56
29.34
29.4
29.21
29.12
28.94
28.69
28.46
28.41
28.38
28.54
28.46
28.27
28.34
28.35
28.09
27.77
27.71
27.35
27.39
27.36
27.69
27.75
27.03
26.3
26.04
26.23
26.17
25.86
25.67
25.57
25.54
25.56
25.98
26.66
26.98
27.08
27.79
28.46
29.53
29.87
30.52
31.23
31.92
32.43
32.64
32.88
33.22
33.32
33.7
33.92
34.14
34.65
34.99
34.99
35.11
35.12
34.58
31.66
28
25.3
24.11
24.08
24.04
24.14
23.99
23.85
23.76
23.57
23.56
23.51
23.49
23.52
23.62
23.55
23.53
23.4
23.34
23.24
23.15
23.13
23.04
23.03
22.97
22.94
22.77
22.72
22.74
22.82
22.81
22.81
22.86
22.87
22.88
22.95
23.07
23.06
22.92
22.8
22.78
22.64
22.4
22.38
22.34
22.35
22.34
22.33
22.29
22.21
22.12
22.03
22.04
22.04
21.89
21.77
21.69
21.59
21.5
21.38
21.23
21.2
21.16
21.1
21.06
21.02
21
20.96
20.98
21.04
21.4
21.68
22.15
22.44
23.01
23.56
23.93
24.54
24.33
24.63
25.02
25.36
25.54
25.87
26.18
26.9
27.16
27.25
27.94
27.81
28.25
28.79
29.03
29.62
29.62
29.89
29.89
30.18
30.66
30.61
30.85
31.07
31.47
31.89
31.85
31.84
31.71
32.02
32.26
32.72
32.73
32.11
31.94
31.79
31.58
30.7
29.78
29.87
29.68
29.25
28.72
28.25
28.08
28.07
27.87
27.79
27.75
27.59
27.61
27.44
27.1
26.79
26.55
26.39
26.27
26.49
26.46
26.24
26.01
25.85
25.68
25.45
25.19
24.95
24.85
24.89
24.75
24.62
24.46
24.28
24.08
23.92
23.83
23.86
23.8
23.72
23.71
23.65
23.57
23.43
23.24
23.15
23.01
22.92
23.08
23.23
23.57
24.04
24.71
25.28
25.84
26.49
26.97
27.53
27.98
28.57
29.15
29.44
29.86
30.21
30.67
31.02
31.47
31.79
31.88
32.26
32.35
32.65
32.74
32.94
33.04
33.17
33.45
33.45
33.4
33.56
33.94
33.99
33.76
33.8
33.72
33.78
33.81
34
33.89
33.74
33.49
33.11
32.85
32.6
32.45
32.44
32.32
31.56
31.16
31.05
30.65
30.74
30.85
30.6
30.15
29.74
29.39
28.97
28.48
28.03
27.66
27.51
27.21
27.03
26.8
26.56
26.26
26.05
25.85
25.73
25.59
25.43
25.24
25.17
25.01
24.95
24.81
24.69
24.59
24.49
24.51
24.5
24.33
24.22
24.14
24.16
24.2
24.17
24.11
23.87
23.81
23.74
23.53
23.69
24.01
24.4
24.97
25.24
25.72
26.24
27.14
27.74
28.32
29.07
29.62
30.19
30.56
30.85
31.15
31.64
31.77
31.96
32.38
31.91
32.35
32.82
32.69
32.24
32.3
32.66
32.57
33.14
33.44
33.93
33.59
33.25
27.93
25.45
24.56
25.48
26.92
27.14
27.79
27.49
27.76
27.67
28.02
28.27
28.09
27.64
27.46
27.25
27.13
27
26.65
26.59
26.41
26.15
25.9
25.72
25.56
25.44
25.26
24.98
24.83
24.8
24.68
24.58
24.45
24.4
24.34
24.29
24.31
24.27
24.23
24.23
24.16
24.07
23.93
23.91
23.92
23.97
23.77
23.82
23.87
23.9
23.76
23.75
23.92
24.27
24.26
24.27
24.23
24.31
24.42
24.46
24.39
24.33
24.18
24.19
24.3
24.34
24.48
24.85
25.48
26.2
26.97
27.6
28.01
28.42
28.79
29.27
29.61
29.97
30.29
30.67
30.92
30.96
31.3
31.69
31.88
32.08
32.36
32.45
32.69
32.91
32.34
31.66
31.58
31.85
31.85
31.87
31.98
32.23
32.02
32.02
32.25
32.49
31.75
30.32
29.88
29.96
29.96
29.26
28.81
28.5
28.39
28.28
28.16
28.19
28.33
27.86
27.59
27.27
27.47
27.22
26.99
26.99
26.79
26.45
26.45
26.78
27.01
26.89
26.29
26.23
26.04
25.98
26.41
27.24
27.18
27.3
27.05
26.57
26.29
26.11
25.57
25.57
25.48
24.81
25.07
25.45
25.55
25.56
25.61
25.1
24.96
24.97
24.87
24.68
24.59
24.65
24.74
24.8
24.72
24.54
24.75
25.31
26.27
26.64
26.39
26.61
27.06
27.28
28.1
28.47
29.06
29.35
29.98
30.35
30.56
30.88
31.26
31.73
31.67
31.84
31.44
31.87
31.61
31.21
32
31.89
31.76
32.69
32.93
33.13
33.44
33.33
33.42
33.5
33.31
33.16
32.74
32.52
32.69
32.89
32.7
32.24
32.06
32.04
32.23
31.15
30.86
30.75
30.83
31.02
30.5
30.32
30.92
31.18
31.23
31.17
31.02
29.82
28.19
28.01
27.91
27.83
27.82
27.78
27.52
27.4
27.31
27.33
27.72
27.09
26.91
25.99
25.75
25.63
25.63
25.81
25.55
25.4
25.33
25.35
25.23
24.96
25.12
25.09
24.86
24.9
25.11
25.01
24.96
24.71
24.55
24.44
24.47
24.52
24.54
24.56
24.67
24.88
25.29
25.7
26.36
27.13
27.75
28.41
29.15
29.5
29.93
30.49
30.99
31.49
31.95
32.57
32.97
33.16
33.18
33.72
33.87
34.39
34.22
34.52
34.23
34.2
34.39
34.79
35.2
34.81
34.89
35.38
35.27
35.76
35.55
35.77
35.7
35.66
35.67
35.7
35.57
35.47
35.59
35.74
35.82
35.94
35.78
35.36
34.97
34.6
32.99
32.45
32.88
33.43
33.82
32.7
31.37
31.2
30.62
29.89
29.62
29.32
29.06
28.83
28.74
28.69
28.56
28.5
28.3
28.04
27.79
27.67
27.21
26.82
26.66
26.48
26.09
26.11
26.18
26.31
26.41
26.5
26.9
27.38
27.41
27.26
27.01
26.64
26.37
26.1
25.87
25.74
25.68
25.54
25.47
25.37
25.37
25.64
25.81
26.11
26.52
27.08
27.72
28.29
28.84
29.41
29.9
30.26
30.77
31.07
31.31
31.69
31.96
32.12
32.29
32.45
32.3
32.79
33.2
33.38
33.62
33.71
33.63
33.55
34
34.09
34.35
34.9
34.65
34.25
34.62
35.18
34.84
34.43
33.79
32.71
32.08
32.3
32.42
32.44
32.3
32.21
32.09
31.9
31.5
31.29
31.13
30.91
30.98
30.41
30.17
30.16
29.96
29.74
29.72
29.41
29.01
28.68
28.64
28.55
28.61
28.69
28.46
28.24
28.06
28.17
28.33
28.35
28.28
28.3
28.13
27.78
27.63
27.29
26.38
24.34
23.33
23.19
22.89
22.73
22.66
22.49
22.27
22.27
22.25
22.2
22.07
21.93
21.82
21.78
21.75
21.69
21.71
21.77
21.78
21.81
21.88
22.05
22.2
22.28
22.36
22.55
22.8
22.89
23.17
23.6
23.87
24.14
24.49
24.91
25.47
25.79
25.89
26.01
26.01
26.01
25.92
25.93
26.06
26.3
26.44
26.68
26.88
27.2
27.24
27.34
27.5
27.68
27.74
27.83
27.9
27.88
27.83
27.87
27.87
27.86
27.57
27.38
27.25
26.97
26.8
26.46
26.37
26.84
27.2
27.35
27.4
27.31
27.33
27.26
26.76
26.75
26.29
25.68
25.08
24.84
25.07
24.99
24.93
24.96
24.89
24.9
24.71
24.52
24.26
24.33
24.46
24.46
24.56
24.3
24.08
24.02
23.87
23.83
23.87
23.9
23.97
24
23.86
23.8
23.58
23.46
23.33
23.19
23.18
23.14
23.11
23.19
23.21
23.22
23.37
23.46
23.72
24.18
24.82
25.81
26.27
27.03
27.49
27.74
28.51
28.37
28.27
28.53
29.13
29.38
29.84
29.98
30.23
30.78
30.61
30.63
30.76
31.31
31.46
31.52
31.88
32.03
32.3
32.53
32.72
32.67
33.02
33.52
33.41
33.1
33.08
33.01
32.9
32.53
32.47
32.27
32.25
31.89
31.32
30.83
30.16
29.58
29.14
28.76
28.43
28.24
27.97
27.49
27.01
26.57
26.28
26.06
25.93
25.85
25.78
25.68
25.55
25.41
25.2
25.05
25.03
25.01
25.2
25.22
25.19
25.09
25.01
25.01
24.95
24.94
25.05
25.11
25.13
25.18
25.09
25.07
24.91
24.85
24.76
24.86
24.77
24.74
24.77
24.81
24.8
24.84
24.82
25.01
25.13
25.06
25.11
25.2
25.33
25.8
26.13
26.38
26.51
26.46
26.58
27.11
27.44
27.38
27.44
27.36
27.59
27.99
28.33
29.08
29.4
29.79
30.05
30.16
30.33
30.6
31.22
31.2
31.32
31.22
30.86
30.78
30.69
30.3
30.18
29.13
28.37
27.96
27.68
27.12
26.62
26.35
26.13
26.03
26.05
26.03
26.03
25.99
25.86
25.74
25.76
25.74
25.64
25.4
25.2
25.03
24.84
24.65
24.55
24.42
24.53
24.63
24.75
24.69
24.58
24.4
24.17
24.18
24.16
24.03
23.96
24.03
24.07
24.11
24.32
24.23
24.04
23.82
23.76
23.7
23.69
23.56
23.47
23.31
23.25
23.2
23.17
23.17
23.18
23.09
23.02
22.71
22.76
22.95
22.83
22.72
22.73
22.78
22.94
23.22
23.65
24.2
24.8
25.38
25.99
26.48
26.75
27.02
27.72
28.26
28.93
28.96
29.19
29.35
29.72
30.25
30.61
31.18
31.09
31.21
31.5
31.5
32.05
32.35
32.38
32.46
32.48
32.8
32.7
33.04
33.36
33.46
33.49
33.17
32.9
33.01
32.69
32.32
32.22
32.09
31.67
29.86
28.84
28.52
28.21
27.81
27.44
27.18
27.2
27.12
26.95
26.67
26.43
26.26
25.85
25.61
25.44
25.25
25.07
24.91
24.87
24.85
24.77
24.65
24.52
24.36
24.14
24.02
23.92
23.83
23.78
23.8
23.77
23.76
23.72
23.69
23.75
23.71
23.67
23.6
23.57
23.52
23.55
23.41
23.39
23.49
23.48
23.42
23.31
23.22
23.13
23.18
23.23
23.35
23.61
24.26
25.04
25.83
26.38
27.11
27.8
28.54
28.94
29.38
29.86
30.53
31.01
31.32
31.69
32.23
32.67
33.05
33.29
33.61
33.8
33.81
33.93
34.04
34.22
34.37
34.47
34.14
34.2
34.42
34.68
34.22
34.31
34.75
35
35.22
35.21
35.22
35.25
35.29
35.1
34.93
34.68
34.3
33.91
33.57
33.17
32.75
32.52
32.26
31.92
31.75
31.58
31.33
31.31
31.15
30.95
30.98
30.65
30.21
30.02
30.28
30.14
29.14
28.61
28.11
27.8
27.67
27.47
27.26
27
27.1
26.91
26.78
26.68
26.5
26.4
26.28
26.27
26.33
26.14
26.01
25.95
25.94
25.86
25.86
25.86
25.88
25.88
25.85
25.76
25.48
25.39
25.25
25.25
25.51
25.73
25.83
25.93
26.18
26.63
26.91
27.44
27.76
28.23
28.52
28.84
29.48
29.36
29.9
29.88
29.4
29.44
29.71
29.66
30
30.17
30.17
30.39
30.54
30.92
30.84
31.23
31.69
31.56
32.07
31.91
31.43
31.12
31.22
30.45
30.05
27.28
25.98
25.28
24.64
24.41
24.55
24.84
25.05
25
25.03
24.95
24.69
24.6
24.82
24.77
25.12
25.17
25.19
25.33
26.04
26.14
25.32
25.56
25.35
25.33
25.46
25.44
25.23
25.1
25.13
25.2
25.31
25.44
25.49
25.18
25.6
26.03
25.81
26
26.04
25.82
25.75
25.12
24.42
23.67
23.71
23.53
23.53
23.63
23.72
23.66
24.07
24.05
23.64
23.45
23.51
23.71
23.73
23.98
24.04
24.18
24.31
24.52
24.73
24.54
24.85
25.34
25.89
26.68
27.4
28.19
28.68
29.67
29.93
29.65
28.87
28.11
28.4
28.34
28.94
29.17
29.45
29.96
30.54
30.11
30.28
30.71
30.74
30.87
29.39
26.26
25.09
24.64
26.56
25.81
26.06
25.28
25.22
25.44
25.75
26.03
26.07
26.41
26.47
26.05
25.8
25.67
25.59
25.42
25.34
25.35
25.48
25.38
25.11
24.67
24.48
24.27
23.68
23.48
23.5
23.22
23.19
23.11
23.07
23.03
22.93
22.91
22.82
22.76
22.8
22.71
22.62
22.62
22.69
22.67
22.6
22.55
22.51
22.51
22.51
22.54
22.6
22.66
22.67
22.61
22.57
22.55
22.54
22.48
22.48
22.49
22.57
22.64
22.65
22.68
22.7
22.82
22.92
23.02
23.2
23.4
23.55
23.7
23.98
24.35
24.9
25.01
25.29
26.05
26.59
27.07
27.64
27.42
27.95
28.53
28.77
28.84
29.27
29.43
29.47
29.72
30.16
30.31
29.97
30.02
30.15
30.58
30.26
30.71
30.52
30.83
31.1
31.6
31.2
31.23
31.46
32.11
31.71
31.3
31.08
30.81
30.56
30.34
30.05
29.71
29.73
29.28
28.88
28.77
28.6
28.37
28.11
28.19
28.19
28.26
28.3
27.09
26.25
26
25.76
25.62
25.52
25.17
24.69
24.4
24.05
23.85
23.72
23.81
23.6
23.59
23.72
24.19
23.45
23.74
23.52
23.32
23.24
23.05
22.98
23.08
23.12
23.12
23.2
23.32
23.32
23.25
23.07
22.6
22.1
22.35
23.05
22.71
22.22
22.3
22.29
22.48
22.66
22.9
23.36
23.78
24.15
24.55
24.96
25.53
25.83
26.02
26.35
26.43
26.61
26.82
26.91
27.1
27.84
28.49
28.41
28.4
29.05
29.53
29.49
29.39
30.28
30.74
30.85
30.96
31.61
32.24
31.93
31.83
31.81
31.89
31.99
31.9
31.85
31.39
31.13
30.41
30.33
30.43
30.51
30.54
30.26
29.9
28.6
28
27.76
27.47
27.25
27.03
26.87
26.71
26.35
26.02
25.91
25.75
25.63
25.41
25.12
25.19
25.1
24.67
24.64
24.93
25.09
24.79
24.62
24.58
24.54
24.53
24.06
23.98
23.94
23.74
23.88
24.14
23.81
23.7
23.49
23.49
23.31
23.34
23.36
23.43
23.42
23.29
23.28
23.24
23.24
23.25
23.37
23.44
23.65
23.93
24.22
24.55
24.85
25.08
25.25
25.41
25.63
25.86
26.35
26.5
26.99
27.89
28.08
28.44
28.84
28.67
28.91
29.56
29.38
29.24
29.59
29.55
29.96
30.18
30.28
30.61
30.11
30.03
29.98
30.19
30.61
30.8
31.1
31.06
31.36
31.36
31.22
31.12
31.05
30.56
30.09
29.68
29.44
29.23
29.01
28.81
28.78
28.6
28.37
28.21
28.01
27.72
27.58
27.72
27.88
27.86
27.5
27.34
27.2
27.02
26.89
26.77
26.34
26.43
26.6
26.48
26.17
25.84
25.6
25.75
25.41
24.16
24.28
24.63
24.88
24.71
24.86
25.43
25.23
25.18
24.97
25.2
25.16
24.06
23.31
23.18
23.06
23.05
23.24
23.65
24.17
24.63
25.11
25.83
26.32
27.26
28.03
28.64
28.56
28.73
29.22
29.47
29.84
30.28
30.69
30.91
31.18
31.6
32.15
32.42
32.52
32.41
32.63
32.53
32.91
33.43
33.48
33.75
33.71
34.42
33.4
34.07
34.47
34.61
35.05
35
34.98
34.87
34.79
34.28
33.62
33.47
33.6
33.63
33.57
33.29
32.85
32.36
31.89
31.62
31.42
31.28
31.1
31.18
30.95
31
30.43
30.11
30.36
30.54
29.91
29.33
29.8
29.68
29.41
29.25
29.29
29.4
29.53
29.4
29.1
28.12
26.35
25.95
25.88
25.52
26.15
26.86
27.18
27.02
26.89
26.98
26.59
25.91
25.36
23.31
23.13
23.05
23.06
23.09
22.47
22.58
22.33
21.52
21.4
22.02
22.73
23.55
24.59
25.13
25.8
26.29
27.01
27.55
28.03
28.77
29.31
29.63
30.16
31.16
31.34
31.7
32.34
32.46
32.77
33.32
33.67
33.56
33.85
34.31
34.49
34.6
35.01
35.25
35.27
35.6
35.34
35.47
35.73
35.95
36.3
36.38
36.39
36.26
36.18
35.71
35.8
35.56
35.21
34.94
34.69
34.48
34.15
33.44
33.6
33
33.1
33.2
33.08
33.13
33.36
33.83
30.19
27.91
27.79
27.74
27.63
27.52
27.53
27.31
27.04
26.93
26.54
26.28
26.19
26.35
26.23