23.27
23.24
23.11
22.92
22.89
22.91
22.84
22.77
22.66
22.6
22.52
22.48
22.42
22.41
22.43
22.41
22.4
22.42
22.4
22.41
22.42
22.42
22.45
22.49
22.52
22.55
22.59
22.62
22.64
22.78
22.9
23.02
23.26
23.43
23.63
23.7
23.79
24.12
24.4
24.57
24.94
24.9
24.8
25.15
25.88
26.33
26.07
26.36
26.53
26.5
27.2
27.15
27.28
28.19
28.59
28.87
28.94
29.32
29.2
29.14
29.14
30.28
29.9
30.26
30.15
30.02
29.76
29.9
29.4
29.33
29.16
28.86
28.3
27.87
27.56
27.36
27.11
26.81
26.7
26.54
26.47
26.54
26.19
26.02
25.88
25.79
25.72
25.48
25.31
25.24
25.39
25.19
25.08
24.82
24.61
24.75
24.66
24.41
24.23
24.16
24.05
23.87
23.74
23.73
23.76
23.91
23.76
23.49
23.25
23.06
22.81
22.67
22.62
22.5
22.55
22.7
22.72
22.67
22.72
22.71
22.62
22.59
22.6
22.67
22.96
24.13
25.45
25.71
26.11
27.06
27.73
28.34
28.13
27.99
29.43
29.39
29.77
29.8
30.41
31.1
31.73
31.35
31.31
31.55
32.02
32.29
32.65
32.83
32.58
33.5
33.14
33.84
33.99
34.13
33.57
33.55
33.44
33.36
33.56
33.13
32.26
30.84
29.3
28.84
29.41
29.52
28.83
28.34
27.51
26.39
24.62
23.66
23.58
24.24
23.75
23.33
23.11
23.08
23.11
23.6
23.57
23.45
23.42
23.22
22.99
22.9
22.89
22.78
22.81
22.71
22.61
22.58
22.49
22.44
22.48
22.66
22.94
23.19
23.26
23.29
23.38
23.32
23.2
23.22
23.16
23.02
22.97
22.87
22.77
22.63
22.54
22.48
22.34
22.2
22.14
22.17
22.23
22.46
22.64
22.89
23.21
23.65
24.2
24.8
24.71
25.07
25.13
25.35
25.79
26.66
26.77
27.09
27.39
27.67
28.11
28.87
29.28
29.46
29.94
30.57
30.66
31.31
32.08
32.72
32.82
32.91
33.25
33.2
33.68
33.52
33.6
33.19
32.83
33.15
33.52
34.03
33.31
32.58
31.87
31.75
31.3
31.62
30.96
30.34
29.87
29.38
29.07
28.86
28.7
28.65
28.68
28.64
28.65
28.67
28.69
28.61
28.42
28.11
27.83
27.39
27.52
27.55
27.49
27.49
27.57
27.79
27.98
27.94
27.74
27.4
26.91
26.59
26.37
26.35
26.39
26.49
26.48
26.37
26.24
25.96
25.3
24.86
24.65
24.14
23.9
24.08
24.07
23.82
23.59
23.43
23.33
23.27
23.36
23.52
23.57
23.67
23.76
24.02
24.33
24.71
25.23
25.74
26.49
27.15
27.84
28.05
28.85
29.12
29.23
29.3
29.31
30.45
31.09
31.29
31.35
31.71
32.3
32.59
32.81
33.54
33.59
34.11
34.31
34.75
32.68
31.01
30.33
30.57
32.59
33.89
33.32
33.33
33.94
34.22
34
33.5
33.29
32.62
32.26
32.07
31.6
30.42
30.05
29.78
29.66
29.4
29.75
29.18
28.89
28.98
28.89
28.52
28.42
28.46
28.52
28.14
28.13
28.02
27.75
27.61
27.76
27.55
27.34
27.2
27.11
26.77
26.37
26.3
26.13
25.62
25.74
25.62
25.55
25.77
25.86
25.39
25.2
24.92
24.88
24.56
24.33
24.27
24.31
24.41
24.34
23.94
23.86
24.01
24.15
24.1
24.14
24.33
24.78
25.57
26.5
27.15
27.51
28.12
28.33
28.83
29.46
30.31
31.02
31.13
31.62
32.17
32.77
33.1
33.26
33.22
34.12
34.77
34.67
34.94
34.9
35.17
35.04
35.04
35.36
35.47
35.46
36.28
36.64
36.43
35.45
34.77
33.64
31.49
30.86
29.63
27.92
25.1
25.65
27.23
26.73
26.22
25.7
25.35
25.17
24.98
24.71
24.44
24.21
23.97
23.79
23.75
23.87
23.89
23.9
23.85
23.74
23.66
23.48
23.01
23.02
22.8
22.71
22.62
22.52
22.53
22.55
22.515
22.48
22.61
22.64
22.76
22.72
22.65
22.57
22.44
22.43
22.42
22.18
22.05
22.01
21.84
21.78
21.76
21.81
21.89
21.93
22.47
22.5
22.66
22.87
23.5
24.17
25.08
25.85
26.76
26.98
27.86
28.66
28.01
28.81
29.81
29.8
30.48
31.43
31.79
32
31.61
32.41
33.05
33.09
33.45
33.84
33.79
34.33
34.28
34.61
34.53
34.89
35.05
35.09
35.67
35.51
35.8
35.41
35.11
32.28
30.44
28.68
26.33
26.05
26.88
27.49
27.09
26.96
26.46
26.32
26.67
26.62
26.2
26.22
26.5
26.33
25.97
25.96
26.01
26.11
26.11
26.12
26.04
25.97
25.89
25.82
25.75
25.67
25.95
25.52
25.45
25.37
25.29
25.22
25.11
24.84
24.66
24.76
24.72
24.88
24.84
24.94
25.18
25.38
25.14
24.87
24.75
24.81
24.91
25.03
24.97
24.61
24.66
24.91
24.96
25.07
25.16
25.12
25.13
25.23
25.43
25.78
26.16
26.45
26.72
26.98
26.97
27.17
27.57
27.73
28.34
28.13
27.99
29.43
29.39
29.77
29.8
30.41
31.1
31.73
31.35
31.31
31.55
32.02
32.29
32.65
32.83
32.58
33.5
33.14
33.84
33.99
34.13
33.57
33.55
33.44
33.36
33.56
33.13
32.26
30.84
29.3
28.84
29.41
29.52
28.83
28.34
27.51
27.845
28.18
28.515
28.85
28.47
28.07
27.81
27.7175
27.625
27.5325
27.44
27.12
26.68
26.45
26.38
26.32
26.15
25.86
25.65
25.6
25.54
25.39
25.36
25.32
25.25
25.26
25.12
24.91
24.84
24.77
24.67
24.63
24.53
24.47
24.47
24.47
24.42
24.29
24.17
23.99
23.78
23.7
23.66
23.56
23.3
23.36
23.38
23.53
23.64
24.16
24.86
25.53
25.98
26.6
27.07
27.67
27.91
28.36
28.76
29.49
29.89
30.24
30.97
30.98
31.51
31.67
32.16
32.54
32.98
32.94
32.99
33.27
33.63
33.37
33.39
33.63
33.86
34.35
34.61
34.33
34.56
34.86
33.82
33.89
34.57
32.89
29.97
29.41
29.7
29.83
30.07
30.35
30.61
30.68
30.07
29.86
29.74
28.39
27.83
27.52
27.33
27.17
27.06
26.96
26.82
26.69
26.62
26.47
26.28
26.12
25.95
25.79
25.67
25.65
25.88
25.8
25.64
25.56
25.44
25.4
25.32
25.22
25.1
24.95
24.88
24.94
24.85
24.66
24.58
24.56
24.67
24.64
24.6
24.55
24.46
24.46
24.47
24.47
24.28
24.12
24.07
24.08
24.03
24.21
24.5
25.08
25.57
26.3
26.71
26.97
27.47
28.27
28.96
29.38
29.83
30.49
31.19
31.54
32.32
32.8
32.87
33.06
33.58
33.57
33.67
34.2
34.28
34.59
34.75
35.16
35.08
34.81
34.81
34.93
34.76
34.9
34.7
35.37
35.9
35.53
35.41
35.46
35.43
35.36
35.36
35.25
34.85
34.53
34.64
34.26
34.05
33.89
33.16
32.42
32.81
32.6
30.54
29.96
29.75
29.47
29.09
28.89
28.65
28.39
28.08
27.75
27.55
27.24
26.77
26.64
26.57
26.42
26.13
26.08
26.02
26.18
26.3
26.12
26.15
26.07
25.98
26.19
26.12
25.95
25.92
25.88
25.88
25.79
25.77
25.56
25.57
25.36
25.19
25.23
25.17
24.96
24.96
25.07
25.34
25.65
26.08
26.71
27.38
27.8
28.11
29.01
30.06
30.65
31.21
31.69
32.09
32.7
33.05
33.43
34.24
34.46
34.96
35.04
34.77
34.66
34.51
34.67
34.07
32.91
33.11
33.6
34.44
34.73
35.4
36.03
36.5
36.5
36.48
36.64
36.34
36.05
36.55
36.18
35.91
36.11
36.22
36.21
35.34
34.75
34.32
34.06
33.66
33.2
32.64
32.11
31.47
30.72
30.27
30
29.76
29.44
29.17
29.09
29.24
28.78
28.61
28.33
27.88
27.7
27.37
26.97
27.04
25.68
29.46
29.34
28.53
27.99
27.16
26.73
26.65
26.63
26.86
26.47
26.25
24.85
25.05
25.54
26.24
26.29
26.08
26.09
26.09
26.09
26.08
26.03
25.99
25.99
25.78
25.76
25.9
25.73
25.1
25.03
25.23
25.11
25.29
25.07
24.88
24.65
24.68
24.36
24.31
24.75
24.21
23.21
23.97
24.91
25.4
26.13
27.2
28.46
29.07
29.38
30.53
31.83
32.83
33.29
33.09
33.13
33.94
34.24
34.5
34.56
34.56
34.6
34.46
34.59
34
34.25
34.58
34.56
34.51
34.64
34.85
34.68
34.66
35.05
35.19
34.7
34.5
34.3
34.72
35.15
35.59
35.58
35.18
34.98
34.65
34.65
34.25
33.78
33.16
32.69
32.26
31.81
31.28
30.84
30.27
29.31
29.07
29.16
29.1
28.88
28.67
28.33
26.94
26.94
27.16
27.16
26.58
25.49
24.85
24.85
25.5
26.29
26.16
26.04
25.97
25.76
25.8
25.68
25.83
25.91
25.65
25.76
25.64
25.49
25.35
25.13
25.29
25.14
25.29
25.29
25.14
25.14
25.07
24.5
24.67
24.74
24.69
23.45
23.97
24.6
24.86
26.86
28.16
29.07
29.58
29.58
29.92
30.39
31.83
32.83
32.75
33.13
33.28
34.2
34.48
34.31
34.33
34.45
34.49
34.49
34.67
34.53
34.3
34.42
34.44
34.64
34.72
34.9
34.95
35.23
35.17
34.67
34.36
34.4
35.49
35.97
35.97
35.7
35.58
35.18
34.65
34.65
34.08
33.15
32.72
32.27
32.15
31.99
31.72
31.2
30.82
30.48
29.8
29.3
29.12
29.07
28.67
28.33
27.15
26.8
26.86
26.45
25.48
24.85
25.19
25.5
25.86
26.34
26.29
26.09
26.09
25.88
25.88
25.7
25.56
25.53
25.76
25.73
25.73
25.73
25.24
25.12
24.81
25.25
25.29
25.29
25.2
25.15
25.05
24.49
24.52
24.68
23.48
23.5
24.6
24.86
24.89
25.51
26.79
28.16
29.07
29.38
29.92
30.39
30.93
31.92
33.13
33.46
33.46
33.46
34.06
34.4
34.42
34.19
34.5
34.77
34.8
34.51
33.9
34.33
34.54
34.42
34.75
34.7
34.67
35.24
35.19
34.46
34.31
33.72
34.4
35.06
35.97
35.87
35.57
35.35
35.01
34.25
34.25
33.61
33.15
32.72
32.25
31.85
30.8
30.09
29.51
29.16
29.35
29.27
29.19
29.12
28.33
27.46
26.52
26.86
27.02
27.18
27.16
26.24
24.86
24.85
25.54
26.09
26.29
26.09
26.09
26.09
25.69
25.7
25.58
25.56
25.5
25.59
25.57
24.74
24.42
24.52
24.68
25.19
25.32
25.29
25.14
25.05
24.6
24.21
24.18
24.18
24.69
24.25
23.41
24.6
24.91
25.51
26.8
28
28.78
29.38
29.85
29.99
30.44
30.93
31.78
32.58
32.86
34.19
34.21
34.4
34.47
34.07
34.27
34.5
34.43
33.9
34.21
33.746
33.282
32.818
32.354
31.89
31.57
30.9
30.69
30.27
29.42
29.04
28.86
28.54
28.15
27.86
27.69
27.38
27.32
27.18
26.63
26.46
26.05
25.61
25.37
25.06
24.92
24.88
24.8
24.72
24.59
24.5
24.44
24.27
24.23
24.1
23.95
23.88
23.92
23.95
23.86
23.75
23.63
23.67
23.71
23.69
23.61
23.47
23.48
23.44
23.4
23.28
23.17
22.99
22.9
22.97
23.24
23.62
24
24.47
24.93
25.62
26.13
26.48
27.17
27.49
27.8
28.19
28.31
28.89
29.54
30.32
30.48
30.93
31.01
30.78
32.14
31.73
31.84
32.49
32.39
32.61
32.8
32.62
33.55
32.97
33.2
33.5
33.7
34.24
34.09
34.69
34.77
34.62
34.51
34.4
34.71
34.68
34.25
34.28
34.28
34.14
34.41
33.94
33.35
32.83
32.18
31.81
31.75
30.69
30.04
30.23
30.13
30.06
30.05
29.83
29.61
29.48
29.5
29.42
29.09
28.91
28.78
28.58
29
28.56
28.22
27.59
27.21
27.2
26.78
26.74
26.32
25.81
25.6
25.82
25.81
25.77
25.83
25.82
25.9
25.39
24.89
24.71
24.45
24.44
24.55
24.57
24.57
24.56
24.52
24.61
24.74
25.05
25.33
25.77
26.37
27.02
27.6
27.96
28.24
28.86
29.17
29.66
29.85
30.14
30.65
31.08
31.35
32.02
32.05
32.44
32.45
33
33.23
33.6
33.62
33.68
34.29
34.52
34.63
34.18
34.5
34.27
34.82
34.81
35.15
35.44
35.06
34.7
34.66
35.14
34.63
34.36
34.02
34.78
35.74
35.49
34.46
34.24
33.69
33.11
32.84
32.69
32.22
32.01
31.6
31.28
30.99
30.53
30.1
29.75
29.51
29.03
28.82
28.54
28.38
28.3
28.26
28.2
28.11
28.15
27.92
27.66
27.56
27.4
27.37
27.14
27.07
27.06
26.71
26.47
26.21
26.15
26.26
26.15
26.04
25.88
25.7
25.72
25.69
25.47
25.28
25.22
25.26
25.24
25.26
25.34
25.3
25.34
25.4
25.52
25.67
25.55
25.68
25.18
24.36
23.84
23.41
23.3
23.2
23.34
23.7
23.79
24.02
24.5
24.87
25.81
26.43
25.76
25.47
25.78
25.72
25.71
26.28
26.91
27.31
27.34
27.65
27.5
27.66
27.47
27.47
27.16
26.76
26.3
26.14
26.24
26.47
26.41
26.42
26.37
26.14
26.06
25.91
25.86
25.61
25.2
24.85
24.62
24.42
24.19
24.08
24.08
24.21
24.31
24.38
24.32
24.01
23.52
22.83
22.3
21.92
21.59
21.43
21.3
21.19
21.05
20.88
20.74
20.59
20.47
20.43
20.27
19.95
19.76
19.62
19.53
19.4
19.36
19.34
19.3
19.29
19.26
19.21
19.22
19.15
18.99
18.86
18.79
18.75
18.72
18.74
18.75
18.69
18.74
18.78
18.8
18.87
18.96
18.99
19.1
19.1
19.17
19.42
19.41
19.65
19.86
19.93
20.33
20.53
20.88
20.98
21
21.35
21.43
21.86
22.49
22.4
22.58
22.76
22.91
23.13
23.36
23.6
23.96
24.43
24.9
24.73
24.93
25.07
25.19
25.3
25.39
25.03
25.32
25.06
25.04
25.05
24.93
24.81
24.84
24.53
24.01
23.63
23.44
23.22
22.91
22.69
22.61
22.85
22.82
22.56
22.43
22.38
22.45
22.79
22.87
23.17
23.19
23.33
22.08
22.02
22.17
22.24
22.34
22.47
22.45
22.37
22.35
22.29
22.27
22.21
22.08
22.06
21.98
21.82
21.8
21.74
21.68
21.61
21.56
21.6
21.57
21.64
21.75
21.8
21.77
21.76
21.75
21.77
22
22.35
22.89
23.94
24.75
25.42
25.91
26.89
27.05
27.17
27.63
27.26
27.9
28.17
28.04
28.16
28.34
28.5
28.59
28.73
29.4
29.81
29.99
30.07
29.97
29.64
30.72
30.49
30.66
30.72
30.99
31.03
31.03
30.66
30.32
30.36
30.24
30.25
30.61
30.62
31.57
30.96
26.34
24.92
24.84
24.9
24.63
24.59
24.49
24.2
23.8
23.83
23.83
23.77
23.52
23.43
23.41
23.48
23.55
23.54
23.56
23.64
23.67
23.66
23.69
23.62
23.38
23.19
23.1
23.06
23.11
23.17
23.25
23.28
23.27
23.13
23.07
22.91
22.76
22.47
22.25
22.18
22.13
22.08
22.02
21.94
21.82
21.75
21.71
21.69
21.68
21.64
21.56
21.45
21.39
21.34
21.36
21.6
21.98
22.59
23.19
23.89
25.35
26.75
26.99
27.43
27.78
28.09
28.02
28.25
28.77
29.96
30.22
29.47
29.54
30.17
30.86
30.36
31
31.15
30.64
30.97
31.02
31.69
32.15
32.85
32.01
31.7
32.23
33.39
33.41
33.34
32.34
33.17
33.44
33.41
33.1
33.12
33.49
32.78
33.53
32.89
31.31
30.7
30.45
30.27
30.09
29.89
29.79
29.76
29.7
29.59
29.27
29.18
29.38
29.45
28.92
28.37
27.65
26.59
26.13
25.86
25.67
25.49
25.53
25.54
25.5
25.45
25.28
25.07
24.58
24.12
23.94
23.8
23.86
23.77
23.57
23.47
23.35
23.14
23.13
23.29
23.17
23.39
23.54
23.73
23.75
23.58
23.34
23.34
23.46
23.45
23.58
24.31
25.16
25.85
26.51
27.02
27.45
27.91
28.28
28.51
28.94
29.65
30.3
30.95
30.73
30.53
30.86
30.9
31.51
31.7
32.06
31.92
32
32.09
32.23
31.96
32.01
32.33
33.11
33.61
32.99
33.41
32.57
32.15
31.1
30.7
32.31
30.64
31.37
31.11
29.6
29.76
30.88
31.91
32.67
32.67
31.39
31.39
31.13
30.57
30.24
29.85
29.47
29.27
28.99
28.74
28.24
27.6
27.17
26.82
26.35
26.18
26.16
25.89
25.92
24.1
23.77
24.01
24.39
23.81
23.58
23.88
24.17
24.22
24.17
23.99
23.96
24.04
23.91
23.72
23.85
24.01
23.71
23.31
23.09
23.01
22.97
22.98
22.92
22.78
22.79
22.75
22.8
23.01
23.05
23.02
23.31
23.5
23.78
24.38
25.32
25.57
25.48
25.93
26.54
26.81
27.4
27.92
28.04
28.72
28.84
29.27
30.11
31.01
30.63
31.02
30.88
31.32
31.72
31.49
31.82
32.21
31.88
32.51
32.78
33.11
32.94
32.94
33.03
32.87
30.98
30.42
30.55
32.9
33.54
33.79
33.75
33.66
33.47
33.7
33.46
33.45
32.69
32.51
32.19
31.85
31.45
30.82
30.44
30.27
30.29
30.39
30.76
30.68
30.55
30.45
30.49
29.73
27.95
27.4
27.78
28.04
27.74
27.23
26.95
26.84
26.74
26.64
26.32
25.84
25.73
25.56
25.58
25.55
25.25
25.14
24.92
24.72
24.56
24.37
23.58
23.09
23.29
23.8
23.54
22.9
22.66
22.48
22.52
22.42
22.38
22.63
23.1
23.96
25.02
25.57
26.52
27
27.54
27.84
28.2
28.48
28.78
29.31
29.55
30.21
30.31
30.55
30.5
31.15
31.22
31.85
31.6
31.86
31.67
32.8
32.68
33.11
33.1
33.57
33.65
33.51
33.94
33.37
34.5
35.83
35.02
34.17
34.44
34.56
34.44
34.55
34.4
34.45
34.22
34.66
34.24
34.89
34.5
33.54
32.86
32.09
31.78
31.39
30.66
29.52
28.73
28.29
27.85
27.46
27.13
27.09
27
26.24
26.13
25.92
25.61
25.47
25.31
25.09
24.86
24.55
24.62
24.77
24.75
24.47
24.4
24.52
24.4
24.23
24.11
24.16
24.16
24.06
23.9
23.9
23.82
23.62
23.49
23.28
23.16
23.21
23.27
23.14
23.02
22.97
23.14
23.62
24.06
24.4
25.1
25.79
26.5
27.27
27.84
28.26
28.61
29.04
29.18
29.66
30.05
30.58
30.94
31.14
31.12
31.51
31.64
31.61
31.51
31.52
31.37
31.73
31.53
31.87
32.25
32.72
33.05
33.77
33.81
34.22
34.32
34.52
34.22
34.92
34.57
34.67
35.16
35.35
35.14
35.67
35.85
35.91
35.01
34.36
34.16
33.65
33.04
32.32
31.61
30.91
30.36
29.92
29.71
29.52
29.16
28.6
28.31
28.28
28.36
28.17
27.87
27.72
27.7
27.7
27.91
27.69
27.47
26.9
26.49
26.31
25.9
25.57
25.62
25.35
25.03
24.88
24.84
24.91
25.2
25.05
25.04
24.55
24.85
24.89
24.71
24.64
24.57
24.71
24.73
24.6
24.41
24.38
24.41
24.48
24.82
25.36
25.84
26.3
26.81
27.28
27.84
28.4
29.14
29.41
29.83
30.22
30.61
30.86
31.33
31.69
31.98
32.2
32.5
32.98
33.59
33.44
33.66
33.99
34.02
33.99
34.62
34.93
35.21
34.7
35.41
36.04
34.83
32.02
28.12
27.81
29.37
31.19
33.47
34.14
34.42
34.61
34.61
34.87
35.44
34.78
34.27
33.89
33.37
32.84
32.43
31.63
31.37
31
30.86
30.39
30.27
29.32
28.42
28.51
28.42
27.9
27.48
27.09
26.96
26.78
26.54
26.4
26.41
26.18
26.04
26.06
26.03
25.9
25.72
25.73
25.48
25.19
24.7
24.45
24.2
24.21
24.16
24.04
24.04
24.06
24.08
24.08
24.17
24.33
24.36
23.96
23.9
23.83
24.03
24.29
24.4
24.99
25.61
26.07
26.52
27.6
28.47
29.22
29.94
30.42
30.77
31.12
31.32
31.43
31.74
32.19
32.5
32.62
32.63
33.4
33.36
33.8
34.18
34.42
34.57
34.71
34.83
34.76
35
35.44
35.02
35.04
35.11
35.2
35.18
35.39
35.07
33.32
31.93
31.33
30.65
30.14
29.39
29.08
29.37
29.15
28.79
28.1
27.78
27.71
27.53
27.25
26.87
26.63
26.38
26.2
26.04
25.95
25.75
25.46
25.21
25.05
24.72
24.8
24.91
24.6
24.52
24.62
24.46
24.26
23.98
23.65
23.14
23.54
23.71
23.22
22.78
22.53
22.69
22.82
23.16
23.38
22.83
23.13
23.12
23.03
22.8
22.6
22.71
22.62
22.52
22.72
22.73
22.66
22.8
22.27
22.39
22.82
23.55
24.38
25.35
26.35
27.52
28.45
29.09
29.13
29.45
29.83
30.59
30.51
30.46
30.97
31.29
31.11
31.88
31.31
31.95
31.46
31.62
31.64
31.65
29.3
28.07
28.71
29.15
29.55
30.52
29.94
29.97
30.84
30.72
30.89
30.81
31.04
30.99
31.04
31.41
31.37
30.4
29.61
29.68
29.63
29.03
28.47
28.22
28.26
27.88
27.66
27.36
26.81
26.61
26.39
26.06
25.69
25.48
25.33
25.14
25.2
25.23
25.21
25.04
24.51
24.28
24.19
24.21
24.22
24.26
24.36
24.56
24.8
24.95
24.68
24.51
24.35
24.23
24.14
24.09
23.97
23.8
23.67
23.57
23.47
23.43
23.38
23.23
23.13
22.9
22.7
22.43
22.13
22.19
22.75
23.16
23.37
24.38
24.97
24.64
24.89
25.19
25.77
26.42
27.41
27.97
28.46
28.91
29.17
29.73
30.18
30.47
31.27
31.64
31.59
32.03
31.75
31.89
32
32.01
32.2
32.46
32.68
32.77
33.1
33.39
33.31
33.4
33.78
34
34.58
35.23
34.94
35.12
34.48
34.11
34.84
34.83
34.43
33.85
33.78
33.27
32.74
32.34
31.9
31.47
31.01
30.8
30.71
30.8
30.85
30.31
29.62
28.9
28.5
28.12
27.57
27.17
26.93
26.79
26.58
26.26
25.94
25.72
25.61
25.51
25.42
25.19
25.01
24.93
24.88
24.72
24.55
24.5
24.47
24.33
24.23
24.08
23.9
23.69
23.48
23.38
23.22
22.97
22.79
22.79
22.77
22.93
22.72
22.73
22.87
23.4
23.89
24.31
24.82
25.65
26.16
26.45
26.93
27.35
27.81
28.34
28.78
28.85
29.38
29.74
30.08
30.38
31.03
31.04
31.01
32.09
32.13
32.37
32.02
32.22
32.29
32.95
33.36
33.04
32.92
34
34.12
33.97
34.33
34.58
34.45
33.95
34.33
35
34.87
34.97
34.57
34.55
34.08
34.05
34.08
33.94
33.55
32.92
32.17
31.54
31.11
30.97
30.84
30.71
30.64
30.29
29.51
28.62
28.58
29.21
29.48
29.44
29.03
28.6
27.71
27.13
27
26.73
26.42
26.13
25.95
25.76
25.57
25.48
25.38
25.65
25.85
25.87
25.68
25.53
25.27
24.96
24.74
24.65
24.65
24.65
24.59
24.51
24.46
24.36
24.28
24.18
24.12
24.18
24.29
24.36
24.43
24.57
25.22
25.51
25.46
25.68
26.6
27.2
27.65
28.23
28.74
29.03
29.45
29.84
30.3
30.72
30.46
30.78
31.95
32.03
31.54
32.07
31.99
32.15
32.28
32.75
32.96
32.85
28.63
24.3
22.73
22.95
23.46
23.16
23.38
22.98
22.78
23.41
24.61
24.98
24.72
24.6
24.31
24.25
23.87
23.75
23.61
23.46
23.32
23.2
23.15
23.14
23.07
23.03
23.07
23.11
23.08
23.01
23.1
23.08
23.11
23.1
23.01
22.95
22.68
22.44
22.25
22.12
22.1
22.05
22.01