26.38
26.13
25.76
25.78
25.6
25.69
26.04
25.68
25.22
24.92
24.74
24.84
24.83
24.88
25.21
25.13
25
24.92
24.69
24.54
24.55
24.47
24.46
24.62
24.8
25.15
25.54
26.09
26.72
27.14
27.75
28.28
28.68
29.06
29.41
29.91
30.23
30.53
30.93
31.14
31.41
31.74
31.93
32.14
32.4
32.45
32.47
32.63
32.62
32.7
32.66
32.64
33.02
33.18
33.31
32.94
33.11
33.47
33.65
33.84
34
33.9
33.93
33.95
34
33.87
33.8
33.75
32.42
30.68
30.17
29.85
29.43
29.14
28.87
28.66
28.36
28
27.89
27.59
27.3
27.15
26.87
26.77
26.6
26.57
26.48
26.19
25.87
25.66
25.68
25.55
25.47
25.48
25.4
25.26
25.08
24.92
24.78
24.6
24.47
24.39
24.21
23.92
23.91
23.89
23.97
23.75
23.69
23.84
23.79
23.62
23.68
23.59
23.55
23.52
23.35
23.34
23.41
23.54
23.69
24.24
24.78
25.21
25.88
26.48
26.96
27.3
27.77
28.15
28.26
28.5
28.95
29.33
29.93
29.74
30.06
30.86
30.81
30.97
30.65
31.12
31.62
31.25
31.59
31.78
32.06
31.96
31.61
31.61
31.48
30.75
30.5
30.69
30.6
30.41
30.41
30.57
30.37
30.31
30.31
30.4
30.81
30.92
30.92
30.52
30.1
29.67
29.26
29.02
28.9
28.76
28.57
28.46
28.34
28.09
27.83
27.57
27.31
27.05
26.72
26.57
26.46
26.22
25.96
25.69
25.35
25.31
25.2
25.1
25.05
24.99
24.92
24.78
24.62
24.47
24.36
24.23
24.16
24.2
23.89
23.72
23.65
23.66
23.6
23.57
23.37
23.34
23.46
23.37
23.41
23.44
23.3
23.34
23.57
23.84
24.02
24.35
24.85
25.39
25.93
26.47
26.97
27.28
27.66
28.32
28.79
29.19
29.55
30.02
30.2
30.45
30.89
31.2
31.27
31.52
31.61
31.12
31.42
31.66
31.5
31.88
31.62
31.76
31.51
30.29
29.91
31.05
31.31
30.67
30.54
30.39
29.72
29.31
28.61
28.42
28.38
27.62
26.87
26.41
26.02
25.72
25.66
25.66
25.36
24.42
24.05
24
24.01
23.88
23.72
23.69
23.34
23.14
23.05
22.95
22.94
22.9
22.84
22.83
22.76
22.71
22.75
22.84
22.9
22.9
22.91
22.94
22.96
22.99
23.01
22.96
22.86
22.81
22.76
22.69
22.63
22.54
22.46
22.41
22.34
22.23
22.23
22.35
22.35
22.44
22.56
22.68
22.9
22.97
22.88
22.79
22.75
22.85
22.83
22.86
22.97
23.13
23.4
23.79
24.13
24.37
24.4
24.51
24.83
25.4
26.47
27.01
27.55
27.81
28.15
28.58
28.69
28.69
28.41
28.61
28.61
28.83
28.83
28.75
29.02
29.56
29.48
29.66
29.91
30.21
30.27
30.56
30.45
30.5
30.7
30.65
30.68
30.75
30.71
30.74
30.69
30.39
30.08
29.84
29.65
29.54
29.47
29.29
28.55
28.43
28.2
27.85
27.55
27.42
27.36
27.16
26.88
26.64
26.31
25.99
25.77
25.48
25.42
25.34
25.27
25.37
25.53
25.34
25.22
25.12
25.16
25.31
25.19
25.05
25.11
24.88
24.7
24.58
24.47
24.82
24.93
24.94
25.03
25.1
25.04
24.83
24.78
24.77
24.66
24.52
24.52
24.54
24.63
24.78
24.83
25.02
25.38
25.83
26.33
26.84
27.21
27.94
28.07
27.89
28.21
28.46
28.41
28.58
29.29
28.95
28.23
27.86
27.87
28.44
29.64
30.32
30.72
30.89
26.96
24.32
23.91
23.56
23.75
23.96
23.99
23.93
23.87
23.92
23.92
23.91
23.89
23.82
23.77
23.84
23.85
23.9
23.88
23.82
23.77
23.74
23.57
23.39
23.28
23.18
23.16
23.19
23.17
23.15
23.14
23.13
23.12
23.09
23.12
23.1
23.13
23.17
23.18
23.21
23.19
23.24
23.2
23.11
23.01
22.94
22.95
22.88
22.85
22.83
22.81
22.78
22.74
22.69
22.7
22.65
22.66
22.7
22.67
22.67
22.63
22.72
22.93
23.03
22.97
23.03
23.13
23.03
22.94
22.97
22.99
23.04
23.14
23.3
23.81
24.25
24.67
25.55
25.79
24.48
23.01
22.48
22.2
22.09
22.02
21.91
21.92
21.93
22.03
22.36
22.85
23.46
23.63
23.52
23.35
23.03
22.8
22.91
23.19
23.37
23.21
23.22
23.51
23.96
24.21
24.72
24.78
25.01
25.07
25.46
25.4
25.42
25.31
25.19
25.06
24.91
24.65
24.49
24.27
24.02
23.79
23.64
23.45
23.34
23.26
23.2
23.16
23.13
23.03
23.04
23.05
23.02
23.06
23.22
23.27
23.37
23.42
23.41
23.52
23.63
23.64
23.96
24.22
24.39
24.43
24.02
23.48
23.1
22.88
22.68
22.52
22.48
22.45
22.42
22.4
22.41
22.44
22.33
22.16
22.05
22.01
22.01
22.08
22.1
22.12
22.14
22.21
22.4
22.62
22.8
22.97
23.12
23.3
23.58
23.9
24.36
24.99
25.19
25.45
25.76
25.97
26.25
26.53
26.7
26.96
27.34
27.39
27.35
27.26
27.26
27.29
27.06
26.69
27.09
27.53
27.12
26.87
26.82
26.77
26.71
26.63
26.53
26.48
26.53
26.49
26.52
26.79
27.64
27.74
27.68
27.64
27.42
27.04
26.86
26.58
26.5
26.73
26.53
26.34
26.42
26.39
26.07
25.95
26.01
25.99
25.93
25.93
25.82
25.63
25.42
25.3
25.23
25.2
25.16
25
24.89
24.87
24.86
24.84
24.71
24.53
24.45
24.38
24.36
24.27
24.26
24.18
24.07
23.98
23.82
23.76
23.64
23.55
23.46
23.35
23.29
23.25
23.26
23.29
23.25
23.13
23.06
23.07
23.11
23.24
23.34
23.4
23.49
23.56
23.67
23.83
24.04
24.22
24.46
24.78
25.19
25.54
26.06
26.68
27.03
27.75
28.19
27.8
27.27
27.54
27.74
28.54
29.22
29.49
29.83
29.88
29.55
29.31
29.76
30.16
30.41
30.66
30.64
30.73
30.73
30.86
30.06
29.71
29.35
29.13
29.02
28.54
28.38
28.32
27.61
25.49
24.37
23.5
23.16
23.25
23.52
23.3
23.01
22.96
22.95
22.98
22.98
22.9
22.78
22.76
22.74
22.73
22.76
22.74
22.76
22.79
22.8
22.81
22.78
22.72
22.82
22.85
22.8
22.71
22.56
22.56
22.6
22.66
22.71
22.79
22.8
22.75
22.76
22.79
22.86
22.94
22.92
22.91
22.86
22.84
22.77
22.77
22.88
22.92
23.02
23.17
23.25
23.5
23.66
23.87
24.19
24.74
25.32
25.73
26.14
26.43
26.71
27.26
27.59
28.18
28.72
29.21
29.6
29.85
30.23
30.6
30.46
30.42
30.49
30.57
30.5
30.75
31.5
30.82
30.2
29.09
29.05
29.56
30.24
30.82
31.27
31.43
31.53
31.94
31.91
31.75
31.71
31.73
31.47
31.02
30.66
30.28
29.99
29.83
29.96
30.15
29.9
29.95
29.85
29.75
28.62
27.23
26.83
26.6
26.35
26.28
26.23
26.14
25.99
25.83
25.68
25.58
25.42
25.31
25.17
25
24.89
24.88
25.04
25.04
24.92
24.89
24.79
24.68
24.63
24.56
24.48
24.38
24.24
24.22
24.31
24.3
24.27
24.18
24.1
23.98
23.94
23.99
24.22
24.43
24.8
25.28
25.8
26.19
26.78
27.26
27.71
28.11
28.52
28.85
29.16
29.41
29.71
30.19
30.62
30.97
31.38
31.57
31.9
32.18
32.48
32.52
32.89
33.15
32.99
33.48
33.56
33.44
33.6
33.38
33.84
33.87
33.82
34.18
34.33
33.25
32.14
31.22
31.72
31.27
30.27
29.49
29.13
28.78
28.62
28.53
28.35
28.38
28.16
28.1
28.11
27.9
27.63
27.41
27.3
27.17
27.09
26.89
26.72
26.65
26.73
26.82
26.73
26.45
26.43
26.43
26.2
26.23
26.41
26.32
26.09
26.25
26.04
25.72
25.36
24.96
24.59
24.42
24.21
24.07
24.04
24.07
24.01
23.93
23.93
23.94
23.91
23.59
23.07
22.92
22.93
22.89
22.89
22.91
22.96
23.01
23.15
23.46
23.98
24.42
24.62
24.75
24.88
25.14
25.29
25.63
26.02
26.12
26.37
26.59
26.79
26.89
26.89
27.16
27.4
27.8
28.27
28.65
29.1
29.41
29.54
29.8
30.38
30.26
29.88
29.73
29.89
29.88
30.03
30.25
30.43
30.71
30.92
31.08
31.15
30.9
30.62
30.4
30.33
30.06
29.9
29.76
29.53
29.24
29.06
29.27
29.36
28.69
28.02
27.62
27.39
27.21
27.09
27.13
27.01
26.86
26.52
26.2
26.16
26.02
26.05
25.75
25.5
25.41
25.25
25.15
24.83
24.54
24.44
24.31
24.29
24.43
24.54
24.28
24.08
23.87
23.7
23.6
23.48
23.48
23.48
23.65
23.8
23.84
23.89
23.82
23.76
23.59
23.37
23.49
23.9
24.5
25
25.51
25.93
26.3
26.79
27.66
27.75
28.18
28.6
28.74
28.84
29.48
29.79
30.33
30.73
31.18
31.58
31.68
31.95
32.49
32.49
32.78
33.02
33.4
33.21
33.72
34.38
34.34
34.25
34.26
34.82
34.87
34.74
35.45
35.58
34.87
34.6
33.25
33.21
33.6
34.37
34.83
34.7
33.6
32.17
31.96
31.8
31.46
31.17
30.84
30.61
30.23
29.9
29.39
29.08
28.84
28.55
28.18
27.97
27.74
27.58
27.39
27.26
27.08
27.07
27.14
27.04
27.04
26.91
26.82
26.89
26.77
26.55
26.18
26
26.15
26.13
26.28
26.24
26.45
26.24
26.02
25.77
25.69
25.58
25.68
25.77
25.85
25.86
25.91
25.88
25.78
25.85
25.88
25.97
26.06
26.24
26.28
26.63
27.57
28.08
28.82
29.15
29.64
30.07
30.5
31.51
32.24
32.26
32.47
32.49
33.22
33.63
33.96
34.05
33.52
33.14
33.45
33.73
33.38
33.36
34.01
31.75
32.13
32.99
33.84
34.38
34.82
35.03
35.46
35.61
34.85
34.08
31.62
28.84
29.79
31.93
33.2
31.8
30.29
29.69
29.48
28.77
28.21
27.93
28.16
28.31
28.07
28
27.99
28.13
27.89
27.45
27.69
27.65
27.34
27.04
26.82
26.88
26.61
26.64
26.72
26.93
27.31
27.23
26.97
26.86
26.78
26.79
26.79
26.37
26.32
26.51
26.61
26.76
26.74
26.21
25.81
25.44
25.31
25.36
25.42
25.26
25.12
24.93
24.6
24.25
24.24
24.16
23.96
23.83
23.75
23.77
23.9
24.25
24.71
25.09
25.46
25.77
26.2
26.47
26.75
27.04
27.41
27.61
27.86
27.81
27.93
28.42
28.69
29.11
29.38
30.1
30.26
30.8
31.35
31.45
32.05
32.46
32.57
32.3
32.23
32.28
32.25
32.15
32.1
32.16
32.08
32.08
32.34
32.2
31.88
31.67
31.59
31.54
31.23
30.96
30.77
30.54
30.23
29.92
29.58
29.34
29.17
28.99
29.01
28.85
28.58
28.43
28.49
28.27
27.93
27.96
27.93
27.78
27.85
27.91
27.69
27.45
27.47
27.46
27.22
27.36
27.39
27.37
27.32
27.23
27
26.75
26.42
25.94
25.79
25.69
25.36
25.12
25.24
25.48
25.41
25.16
24.95
24.9
24.82
24.74
24.74
24.99
25.07
25.14
25.23
25.35
25.56
25.76
26.12
26.55
26.93
27.28
27.67
27.78
28.14
28.6
28.93
29.25
29.59
30
30.34
30.49
30.88
30.98
31.24
31.52
31.62
31.7
31.79
31.99
32.13
32.36
32.67
32.95
32.67
32.69
33.14
33.48
33.7
33.89
33.95
33.94
33.73
33.68
33.67
33.84
33.67
33.3
33.04
32.8
32.48
32.19
32.17
32.24
32.4
32.29
31.95
32.09
32.02
31.73
31.5
30.72
30.34
30.41
30.02
29.91
29.9
28.81
28.7
28.63
28.66
28.78
28.71
28.66
28.53
28.6
28.36
27.7
26.69
26.79
27.09
27.38
27.47
27.51
27.73
27.87
27.79
27.89
27.73
27.23
26.76
26.67
26.45
25.9
25.92
25.47
25.6
25.56
25.25
24.9
24.99
25.04
25.07
25.21
25.34
25.16
24.93
24.93
25.15
25.59
25.9
26.11
26.43
26.16
26.27
26.29
26.16
26.23
26.22
26.09
26.16
26.28
26.6
27.07
27.61
27.67
28.03
28.44
29.44
30.24
30.64
29.95
29.82
29.87
29.8
29.85
30.39
30.14
29.51
28.91
28.91
28.77
28.82
29.03
28.95
28.83
28.63
28.44
28.14
27.82
27.54
27.62
27.53
27.62
27.11
27.76
27.32
26.63
26.69
26.39
26.1
25.94
25.82
25.84
26.19
26.15
26.36
26.78
26.25
26.1
25.03
24.74
24.72
24.97
25.5
25.72
26.08
26
25.45
25.2
25.1
25.19
25.1
24.71
24.57
24.49
24.37
24.31
24.26
24.44
24.5
24.34
24.31
24.11
24.25
24.34
24.21
24.43
24.66
25
25.84
26.46
27.17
27.89
28.31
29.23
28.99
30
30.09
30.37
31.09
30.97
31.5
32.02
32.03
32.12
32.2
32.69
32.99
33.38
33.62
34
34.4
34.49
34.67
34.94
34.73
34.4
34.83
34.45
34.99
35.45
35.64
35.49
35.48
35.43
35.56
35.49
35.38
35.31
35.26
35.15
34.82
34.35
34.2
34.26
33.9
33.46
32.84
32.3
32.25
32.08
31.67
31.67
31.46
31.09
30.84
30.45
30.2
29.77
29.52
29.2
28.76
28.38
28.37
28.4
28.19
28.05
28.08
27.64
27.48
27.48
27.54
27.25
27.19
27.23
27.13
27.29
27.64
27.9
28.31
28.8
28.58
28.24
27.43
26.6
26.74
27.01
26.3
26.38
26.92
26.75
26.39
26.76
26.67
26.86
27.62
28.12
28.2
28.42
28.54
29.22
29.83
30.3
31.21
32.04
32.91
32.88
32.54
32.97
33.26
33.38
33.91
34.31
34.46
34.57
34.87
35.27
35.5
35.42
35.62
35.72
35.57
35.44
35.8
35.26
32.21
31.64
31.12
31.8
31.78
31.49
31.03
30.51
30.29
29.98
29.64
29.35
29.21
29.02
28.78
28.54
28.38
28.18
27.98
27.78
27.67
27.55
27.49
27.28
27.16
27.13
27.13
26.94
26.75
26.63
26.37
26.13
26.15
26.02
26.03
26.08
25.93
25.8
25.66
25.46
25.19
25.17
25.02
25.1
25.43
25.54
25.55
25.5
25.5
25.45
25.35
25.27
25.21
25.21
25.15
25.19
25.28
25.31
25.27
25.28
25.37
25.31
25.37
25.53
25.64
25.96
26.42
27.06
27.81
28.45
29.11
29.66
30.08
30.58
30.83
31.09
31.58
32.11
31.95
32.66
32.83
33.05
32.93
33.26
33.53
33.84
34.09
34.17
34.15
34.31
34.53
34.66
35
34.79
34.97
35.1
34.67
34.62
34.36
34.3
34.27
33.98
33.81
33.59
33.25
32.76
32.45
32.21
31.89
31.47
31.02
30.72
30.33
29.98
29.64
29.29
28.98
28.74
28.51
28.36
28.33
28.26
28.18
28.23
28.07
27.88
27.68
27.57
27.5
27.4
27.24
27.08
27.05
27.09
27.09
27.03
26.91
26.98
27.02
26.95
27.03
27.09
27.01
27.04
27.29
27.38
27.38
27.26
27.13
27.09
26.48
26.22
25.64
25.17
25.38
25.29
25.16
24.92
24.84
24.87
24.97
25.14
25.25
25.62
25.94
26.27
27.17
27.63
28.35
28.93
29.17
29.54
29.65
30.26
30.75
30.68
30.6
30.44
30.31
30.4
30.16
29.48
28.11
28.57
28.64
28.44
28.39
28.5
28.79
28.65
28.68
28.41
28.2
28.29
28.41
28.44
28.34
28.23
28.02
27.69
27.47
27.47
27.51
27.33
27.19
27
26.92
26.77
26.68
26.65
26.43
26.31
26.33
25.81
25.68
25.81
25.81
25.69
25.83
25.69
25.4
25.25
25.19
25.15
24.99
24.95
24.94
24.9
24.92
24.96
24.9
24.87
24.81
24.88
25.06
24.92
24.71
24.54
24.45
24.48
24.47
24.45
24.3
24.26
24.33
24.39
24.23
24.19
24.06
23.96
23.64
23.62
23.77
24.1
23.95
24.08
24.54
25.28
25.89
26.53
27.16
27.73
28
28.59
28.78
29.02
29.21
29.63
29.85
30.17
30.62
30.53
30.95
31.64
31.59
31.75
31.86
31.72
31.8
31.55
31.65
31.92
32.23
31.32
31.34
30.83
31.08
30.32
28.25
27.93
25.75
25.22
25.61
25.42
25.16
25.41
25.62
25.99
26.66
26.88
26.94
27.02
27.09
26.7
26.32
25.88
25.75
25.71
25.45
25.23
25.18
25.25
25.13
25.14
25.06
24.96
24.78
24.72
24.73
24.72
24.72
24.75
24.75
24.7
24.6
24.5
24.39
24.12
24.04
24.16
24.21
24.12
24.16
24.11
24.04
24.07
24.2
24.35
24.45
24.45
24.4
24.38
24.34
24.36
24.36
24.3
24.31
24.17
24.1
24.16
24.4
24.61
24.68
25.42
26.07
26.85
27.7
28.36
28.82
28.98
28.87
29.12
29.19
29.39
29.49
29.3
29.02
28.86
28.84
28.97
29.14
29.27
29.48
29.7
30.05
30.53
31.54
31.78
32.11
32.68
32.73
32.61
33.14
33.17
33.06
33.78
33.39
32.75
32.23
29.53
27.86
26.04
26.91
26.6
24.87
23.51
23.16
23.12
23.38
23.56
23.56
23.57
23.63
24.03
24.05
23.98
24.04
24.3
24.13
23.96
23.8
23.6
23.61
23.66
23.81
23.76
23.76
23.8
23.8
23.78
23.78
23.87
23.93
23.89
24.07
23.85
23.69
23.61
23.58
23.54
23.53
23.6
23.59
23.6
23.65
23.69
23.69
23.66
23.63
23.67
23.67
23.68
23.74
23.81
23.97
23.93
23.83
23.99
24.18
24.36
24.69
25.14
25.44
25.81
26.4
26.99
27.5
27.93
28.53
28.91
29.59
30.06
30.41
30.86
31.19
31.52
31.99
32.27
32.27
32.37
32.56
32.33
32.66
32.15
31.88
31.69
32.67
33.55
34.12
33.86
34.11
34.16
34.18
34.28
34.41
34.53
34.71
34.91
34.86
34.45
34.31
34.07
31.39
28.12
26.42
26.2
26.28
26.21
26.3
26.23
26.16
26.21
26.1
25.86
25.92
25.85
25.65
25.5
25.39
25.32
25.22
25.07
25.06
25.07
25.03
25.04
24.92
24.83
24.68
24.57
24.55
24.49
24.75
24.79
24.69
24.75
24.88
25.13
24.99
24.74
24.74
24.85
24.85
24.82
24.88
24.91
24.95
25.01
24.98
25.04
25.04
24.95
25.02
25.1
25.19
25.31
25.47
25.55
25.54
25.43
24.73
24.25
23.86
23.3
23.21
23.29
23.38
23.42
23.51
23.58
23.86
24.6
25.12
25.39
26.06
26.4
26.44
26.5
26.6
26.46
26.45
26.96
27.01
27.84
28.03
28.57
28.99
29.27
29.32
29.45
29.7
29.85
29.79
29.77
29.87
29.81
29.77
29.41
29.04
28.88
28.76
28.61
28.38
28.25
28.08
27.77
27.65
27.5
27.43
27.31
27.12
27.02
26.97
26.88
26.68
26.35
26.26
26.18
26.08
25.98
25.88
25.78
25.54
25.46
25.36
25.35
25.4
25.35
25.18
25.06
24.97
24.82
24.68
24.52
24.51
24.56
24.51
24.48
24.39
24.34
24.31
24.28
24.3
24.26
24.27
24.22
24.17
24.15
24.19
24.38
24.49
24.67
24.86
25.14
25.55
26.01
26.5
26.9
27.47
27.82
28.61
29.01
29.38
29.57
29.69
30.16
30.54
30.3
30.17
30.63
30.78
30.83
31.33
31.4
31.22
31.62
32.18
32.1
32.27
32.94
32.49
32.84
32.47
30.22
28.28
28.05
27.67
27.45
27.13
26.99
27.01
27.03
27.02
26.95
26.86
26.77
26.74
26.73
26.76
26.77
26.53
26.44
26.43
26.4
26.33
26.08
25.93
25.74
25.49
25.29
25.11
25.05
25
24.91
24.77
24.72
24.59
24.49
24.49
24.41
24.4
24.42
24.38
24.36
24.31
24.23
24.22
24.26
24.27
24.38
24.32
24.3
24.32
24.4
24.41
24.42
24.47
24.56
24.71
24.73
24.73
24.77
24.83
24.87
24.93
25.02
25.06
25.17
25.4
25.75
26.11
26.55
26.95
27.23
27.42
27.5
27.83
28.16
28.52
28.82
28.85
29.23
30.03
30.32
30.33
30.21
30.16
30.35
30.56
30.7
31
31.13
31.2
31.19
31.39
31.35
31.44
31.76
31.6
31.6
30.92
31.42
31.87
31.93
31.99
32.07
31.95
31.3
31.22
31.04
31.11
30.95
30.66
30.29
29.76
29.22
28.98
28.75
28.48
28.36
28.18
28.02
27.94
27.65
27.17
27.22
27.15
26.75
26.76
27.05
26.66
26.69
26.73
26.75
26.49
26.52
26.55
26.26
26.59
26.58
26.28
26.01
25.63
25.53
25.55
25.46
25.32
25.12
25.04
25.17
25.09
24.95
24.88
24.92
24.92
24.79
24.77
24.72
24.66
24.8
24.99
25.25
25.47
25.46
25.75
26.35
26.92
27.76
28.2
28.32
28.71
28.99
29.38
29.45
29.51
29.95
29.97
30.32
30.72
30.86
31.12
31.06
31.31
31.09
31.28
31.86
32.03
29.78
26.4
24.07
23.94
23.93
24.26
24.91
25.61
26.42
27.5
28.14
28.53
28.09
27.84
27.54
27.36
27.22
27.14
27.11
27.24
27.02
26.87
26.47
26.08
25.9
25.66
25.14
24.8
24.69
24.57
24.37
24.36
24.25
24.2
24.29
24.33
24.2
24.24
24.09
24.06
24.02
23.95
23.93
23.83
23.83
23.71
23.66
23.63
23.59
23.52
23.46
23.45
23.48
23.6
23.62
23.63
23.47
23.47
23.55
23.59
23.58
23.42
23.3
23.32
23.46
23.5
23.44
23.51
23.7
23.85
24.03
24.52
25.01
25.68
26.37
26.94
27.42
27.81
27.9
28.56
29.04
29.18
29.53
30.02
30.22
30.51
30.82
31.15
31.41
31.67
31.64
31.89
32.04
32.19
32.52
32.6
32.52
32.74
33.02
33.11
33.23
33.36
33.52
33.58
33.56
33.54
33.54
33.42
33.29
33.19
33.18
33.24
33.13
32.84
32.49
32.19
31.7
31.19
30.65
30.21
30.06
29.99
29.86
29.7
29.5
29.34
29.07
28.96
28.59
28.23
28.03
27.88
27.73
27.62
27.59
27.31
27.09
27.06
26.94
26.85
26.71
26.7
26.53
26.31
26.22
26.12
26.09
25.93
25.81
25.71
25.65
25.58
25.45
25.36
25.18
25.12
25.21
25
24.93
24.96
24.72
24.47
24.61
24.51
24.77
25.12
25.46
25.98
26.81
27.07
27.38
27.98
28.12
28.25
28.68
29.16
29.88
30.49
31.05
31.32
31.35
31.28
31.87
32.38
32.62
32.86
33.42
33.37
33.45
33.53
30.79
28.27
29.18
30.86
31.76
33.27
32.43
30.97
29.98
28.27
27.47
27.3
27.69
27.81
28.43
29.18
29.56
29.76
29.69
29.9
29.56
28.97
28.49
28.16
27.81
27.54
27.33
26.98
26.66
26.5
26.34
26.39
26.7
26.38
25.91
25.61
25.36
25.22
24.99
24.86
24.79
24.68
24.62
24.58
24.5
24.35
24.16
24.05
23.93
23.85
23.82
23.75
23.83
23.78
23.86
23.9
23.8
23.68
23.59
23.52
23.56
23.65
23.66
23.75
23.79
23.82
23.79
23.76
23.67
23.73
23.61
23.56
23.73
24.02
24.25
24.55
24.96
25.37
25.85
26.24
26.93
27.44
27.89
28.31
28.72
28.89
29.15
29.39
29.8
29.97
30.08
30.36
30.7
30.95
31.04
31.4
31.88
32.23
32.57
32.86
32.65
32.77
33.28
33.44
33.56
33.65
33.69
33.73
33.78
33.92
34.05
34.62
35.22
35.33
34.61
33.97
34.4
33.85
33.33
33.05
32.78
32.12
31.01
30.83
30.87
30.97
30.59
30.21
30
30.13
30.15
29.31
28.66
28.03
27.6
27.36
27.14
26.88
26.63
26.48
26.44
26.56
26.65