26.8
27.07
27.11
26.68
26.58
27.21
27.19
27.56
27.24
27.56
27.49
26.47
25.04
25.98
26.17
26.11
26.24
25.94
25.16
25.14
25.06
25.21
25.27
25.35
25.81
26.48
26.35
26.32
26.41
26.66
27.06
27.6
28.3
28.89
29
29.18
29.72
30.05
30.44
30.93
31.39
31.43
31.3
31.3
31.74
31.98
32.65
32.84
33.12
33.4
33.42
33.38
34.05
33.88
33.88
34.26
34.45
34.44
34.64
34.86
35.04
35.31
35.13
34.58
33.92
33.25
32.63
31.1
28.31
27.63
27.53
27.57
27.63
27.57
27.4
27.27
27.07
26.98
26.63
26.29
26.08
25.89
25.83
25.57
25.39
25.45
25.41
25.44
25.28
25.06
24.96
24.9
24.93
24.92
24.84
24.65
24.6
24.56
24.43
24.18
23.99
23.88
23.82
23.69
23.61
23.71
23.71
23.65
23.58
23.54
23.48
23.42
23.43
23.37
23.35
23.39
23.3
23.23
23.26
23.39
23.43
23.65
24.04
24.69
25.24
26.03
25.94
26.13
26.29
27.05
27.15
27.24
27.48
27.81
27.87
27.92
28.42
29.15
29.32
29.35
29.6
29.83
30.18
29.44
29.74
30.03
30.23
30.24
30.58
30.51
30.33
30.46
30.55
30.57
30.79
30.72
30.7
30.77
30.65
30.37
30.2
28.3
27.66
27.53
27.13
26.72
26.49
26.24
25.87
25.74
25.39
25.26
25.4
25.57
25.46
25.35
25.35
25.41
25.54
25.56
25.44
25.32
25.28
25.28
25.26
25.15
25.06
25.02
25.01
24.88
24.84
24.85
24.77
24.77
24.69
24.62
24.62
24.75
24.87
24.88
24.85
24.72
24.63
24.53
24.6
24.62
24.69
24.76
24.73
24.73
24.68
24.67
24.61
24.6
24.66
24.69
24.71
24.76
24.96
25.21
25.56
26.13
26.82
27.8
28.28
28.68
28.83
29.21
29.4
29.62
29.89
30.23
30.85
31.05
31.38
31.49
31.39
31.88
32.19
32.11
31.78
32
29.74
27.57
27.24
27.64
28.49
29.41
29.91
30.03
30.34
30.3
30.68
31.16
31.09
31
30.67
30.71
30.67
30.44
30.55
30.56
30.59
29.86
29.16
29.15
28.83
28.69
28.42
28.12
27.89
27.8
26.64
26.03
26.72
26.39
26.4
25.86
25.65
25.59
25.55
25.56
25.65
25.61
25.52
25.23
25.23
25.11
25.06
24.87
24.87
24.82
24.68
24.24
24.26
24.17
24.33
24.78
24.5
24.39
24.31
24.17
24.18
24.35
24.23
24.34
24.23
24.14
24.21
24.32
24.47
24.77
25.06
25.91
26.55
26.24
26.11
26.63
27.08
27.26
27.44
27.71
28.33
28.97
29.22
29.43
29.56
29.75
30.27
30.59
31.02
31.32
31.67
32.17
31.95
32.52
32.57
32.62
32.41
32.67
33.2
33.56
33.27
32.87
33.1
32.78
33.93
34.81
34.31
33.17
32.59
31.67
30.1
29.78
30
28.95
28.34
28.48
28.51
28.4
27.93
27.54
27.18
27
26.91
26.96
26.99
26.73
26.56
26.65
26.82
26.98
27
26.26
25.8
25.88
25.92
25.96
26.01
26.26
26.3
26.84
26.73
26.29
26.56
26.4
26.58
26.86
26.74
26.37
25.78
25.79
25.77
24.99
24.83
25.06
25.31
25.28
24.95
24.7
24.4
24.28
23.99
23.61
23.54
23.52
23.56
23.59
23.63
23.71
23.81
23.89
23.97
24.1
24.18
24.32
24.43
24.49
24.54
24.68
24.87
25.2
25.88
26.3
25.92
26.36
26.85
27.76
27.99
28.15
29.11
29.24
28.75
28.69
29.06
29.27
29.77
30.38
30.29
30.92
30.64
30.76
30.94
31.38
31.72
31.21
31.64
31.64
31.39
31.47
31.56
31.44
31.28
30.69
30.02
29.42
29.18
29.13
28.99
29.04
28.93
28.36
27.12
26.51
26.25
25.94
25.56
25.32
25.18
24.94
24.63
24.4
24.28
24.35
24.48
24.48
24.12
23.81
23.61
23.46
23.49
23.62
23.61
24.19
24.13
24.04
23.83
23.59
23.17
23.12
23.32
23.51
23.67
23.69
23.41
23.34
23.5
23.49
23.46
23.38
23.36
23.27
23.34
23.58
23.92
24.27
24.84
25.54
26.11
26.76
27.47
28.13
28.97
29.27
29.69
30.26
30.86
31.17
31.89
31.74
32.13
32.29
32.62
32.57
32.54
32.44
32.78
32.98
32.93
32.54
32.82
32.64
32.86
33.2
33.45
33.27
33.56
33.42
33.35
33.25
31.22
28.64
28.28
28.05
27.69
27.45
27.06
26.63
26.44
26.26
26.1
25.97
25.73
25.48
25.27
25.06
24.88
24.69
24.51
24.36
24.33
24.29
24.19
24.19
24.24
24.24
24.43
24.56
24.64
24.67
24.84
25.15
25.22
25.04
24.67
24.45
24.35
24.32
24.47
24.55
24.42
24.62
24.4
23.94
23.76
23.64
23.39
23.2
23.17
23.28
23.33
23.35
23.4
23.46
23.52
23.59
23.57
23.56
23.57
23.64
23.8
23.95
24.25
24.53
24.97
25.21
25.5
26.16
26.9
27.63
27.65
27.61
27.94
27.6
27.63
27.85
27.77
27.87
27.84
28.1
28.29
28.33
28.82
29.08
29.17
29.5
29.53
29.75
30.19
30.38
30.9
31.05
30.8
31.02
31.16
31.15
31.51
31.2
30.63
30.69
30.36
30.07
29.81
29.6
29.47
29.27
29.1
28.87
28.68
27.93
27.31
27.01
26.84
26.67
25.98
26.01
25.65
25.3
25.37
25.56
25.1
24.45
24.14
23.85
23.69
23.46
23.21
22.96
22.35
22.2
22.02
21.94
21.91
21.83
21.83
21.78
21.79
21.74
21.73
21.78
21.77
21.82
21.85
21.87
21.84
21.89
21.89
21.91
21.9
21.83
21.81
21.79
21.83
21.79
21.84
21.9
21.97
22.05
22.15
22.21
22.35
22.49
22.66
22.93
23.34
23.57
23.52
23.82
24.22
24.28
24.82
25.72
25.72
26.06
25.82
25.66
25.91
25.9
26.26
26.71
27.32
26.96
26.48
27.45
27.88
28.13
28.29
28.31
28.25
28.06
28.43
28.78
29.15
29.44
29.43
29.67
29.82
29.4
29.25
29.34
28.98
28.61
28.35
27.83
27.32
27.01
27.17
26.95
26.77
26.57
26.31
26.35
26.27
26.12
25.99
25.99
25.92
25.87
25.82
25.57
25.34
25.08
24.89
24.69
24.55
24.48
24.31
24.17
24.06
23.99
23.92
23.89
23.83
23.76
23.66
23.54
23.46
23.39
23.42
23.41
23.47
23.5
23.52
23.54
23.52
23.54
23.56
23.57
23.62
23.64
23.66
23.71
23.79
23.9
24.17
24.58
24.66
24.75
25.16
25.42
25.28
25.7
26.28
26.48
26.12
25.94
25.83
25.85
26.65
27.09
27.29
27.74
27.86
28.41
28.28
28.91
29.07
29.24
29.61
29.85
29.97
29.92
30.28
30.58
30.4
30.58
29.97
30.23
30.28
29.34
29.58
29.6
29.48
29.11
28.61
29.38
29.09
28.78
28.44
28.1
27.63
27.23
26.96
26.69
26.34
26.16
25.98
25.75
25.64
25.49
25.23
25.03
24.79
24.67
24.54
24.36
24.27
24.03
23.9
23.77
23.56
23.36
23.03
22.79
22.69
22.57
22.33
22.08
21.79
21.67
21.52
21.35
21.16
20.99
20.87
20.77
20.72
20.52
20.39
20.26
20.18
20.18
20.22
20.22
20.27
20.31
20.27
20.35
20.44
20.62
20.82
20.76
20.72
21.06
21.06
20.79
21.18
21.82
21.78
21.47
21.22
21.08
21.78
22.12
22.09
22.51
22.46
21.6
21.27
21.2
21.46
21.87
22.45
22.28
22.23
22.14
22.16
22.45
22.79
22.94
23.08
22.97
22.96
22.53
22.58
23.03
23.02
22.98
22.9
22.73
22.77
22.93
22.89
22.8
22.69
22.57
22.46
22.37
22.28
22.15
22.1
22.08
22.04
22.02
22.01
22
22.04
22.03
21.92
21.83
21.74
21.77
21.55
21.37
21.23
21.05
20.9
20.8
20.69
20.63
20.46
20.25
20.16
20.1
20.08
20
19.95
19.88
19.82
19.78
19.8
19.73
19.71
19.6
19.5
19.34
19.26
19.28
19.23
19.17
19.11
19.15
19.25
19.43
19.82
20.28
20.64
21.15
21.77
22.51
23.23
23.75
24.28
24.77
25.43
25.49
25.96
26.55
27.12
27.09
27.56
27.85
27.87
28.08
28.39
28.57
28.95
29.24
29.31
29.17
29.91
29.68
29.72
30.05
30.58
30.47
30.4
30.31
30.48
30.15
30.6
30.92
31.14
31.05
30.8
30.65
30.6
30.38
30.18
29.68
29.18
28.64
27.97
27.44
27.1
26.86
26.36
26.4
25.99
25.52
24.89
24.45
24.04
23.52
23.05
22.9
22.81
22.71
22.48
22.21
22.05
22.67
22.62
22.2
22
21.86
21.59
21.04
20.75
20.52
20.18
20.06
19.84
19.87
20.28
20.03
20.12
19.68
19.49
20.18
20.04
19.48
19.19
18.92
18.4
18.35
18.25
18.2
18.1
18.44
18.7
19.18
19.84
20.52
21.49
21.7
22.22
23.14
23.77
24.58
25.58
26.2
26.34
27.29
27.58
28.21
28.42
28.63
28.95
29.19
29.69
29.96
30.29
30.19
30.49
30.93
30.96
31.21
31.32
30.48
31.61
31.35
32.27
32.74
32.89
32.41
32.16
32.46
31.94
32.34
32
32.03
31.7
31.64
31.35
30.98
30.59
30.08
29.74
29.42
28.91
27.9
26.9
27.42
27.38
27.04
27.06
26.9
26.5
26.08
25.98
25.69
24.96
24.41
24.11
23.73
23.46
23.53
23.17
22.97
22.8
22.35
21.96
21.91
21.78
21.54
21.44
21.35
21.14
21.37
21.01
20.9
20.94
20.57
19.39
19.38
19.64
19.73
19.46
18.97
18.57
18.73
18.78
18.7
18.66
18.85
19.17
19.67
20.13
20.8
21.57
22.66
23.68
24.87
25.96
26.9
27.39
27.67
28.04
28.22
28.57
28.99
29.38
29.17
29.79
29.86
30.1
30.38
30.55
31.11
31.66
32.92
32.38
32.65
32.37
32.89
32.9
33.2
33.49
33.42
33.12
33.64
33.79
33.72
33.59
32.96
32.45
33.15
33.86
33.26
32.76
32.53
32
31.62
31.6
31.35
31.04
29.58
29.21
29.48
28.34
29.24
29.41
29.31
29.24
28.63
28.16
27.62
27.01
26.79
26.13
25.41
25.36
25.98
25.81
25.23
24.69
24.15
23.85
24.01
24.21
24.26
23.88
23.78
23.69
22.78
22.16
21.84
22.15
20.34
20.22
21.22
22.77
22.97
22.4
21.2
21.71
21.76
21.52
20.98
21.12
20.62
19.23
20.29
21.75
23.19
23.58
24.48
25.49
26.75
26.98
27.84
28.53
28.79
29.23
29.89
30.23
29.96
30.44
30.89
31.1
31.24
31.63
32.04
32.33
32.54
33.18
33.42
33.46
33.66
34.23
34.46
34.34
34.29
34.45
34.54
34.49
34.44
34.39
34.34
34.29
34.29
34.29
34.33
34.05
33.78
33.45
33.11
32.62
32.19
31.18
30.87
30.92
30.55
30.51
29.73
29.33
29.02
29.07
29.44
29.27
29.25
28.73
26.99
26.7
27.07
28.35
28.01
27.3
26.97
27.64
27.58
26.55
26.29
25.95
25.58
25.7
25.62
25.27
25.26
25.21
25.71
25.75
25.05
24.54
24.66
24.31
24.2
23.96
24.38
24.02
23.83
23.63
23.32
23.45
23.36
23.48
23.41
23.54
23.81
24.09
24.41
24.97
25.67
26.28
26.78
27.53
28.28
28.68
29.07
29.67
30.18
30.53
31.09
31.18
31.78
31.82
32.2
32.51
32.63
32.82
33.05
33.13
33.38
33.35
33.42
33.77
33.96
33.84
34.08
34.4
34.2
34.32
33.95
34.11
34.15
33.92
33.89
34.02
33.94
33.82
33.66
33.39
33.14
32.76
32.39
31.89
31.42
30.79
30.41
30.08
29.91
29.64
29.41
29.19
28.86
28.79
28.84
28.62
28.22
27.91
27.73
27.56
27.36
27.17
27.12
26.92
26.77
26.82
26.53
26.11
26.14
26.05
26.04
25.78
25.51
25.35
25.27
24.99
25.01
24.98
24.87
24.83
24.75
24.68
24.57
24.47
24
23.87
24.12
24.07
23.72
23.77
24.29
24.67
24.95
25.37
25.86
26.58
27.39
28.11
28.48
28.94
29.32
29.77
30.37
30.39
30.66
30.88
31.14
31.62
31.96
31.82
32.3
32.24
32.63
32.75
33.16
33.18
33.61
33.51
33.12
33.45
33.81
33.93
34.26
34.6
34.71
34.94
35.07
35.12
35.34
34.6
34.72
34.32
31.17
26.16
25.51
25.32
25.45
25.46
25.52
25.26
25.15
25.04
25.18
25.39
25.3
25.31
25.14
25.24
25.32
24.64
24.4
24.65
24.28
24.23
24.32
24.14
24.19
24.26
24.05
23.62
23.32
23.17
23.1
22.9
22.75
22.77
22.85
22.88
22.84
22.91
22.67
22.38
22.22
22.17
22.16
22.22
22.12
22.29
22.84
23.08
23.09
22.92
23.07
23.31
22.66
22.59
22.73
23.04
23.84
24.81
25.71
26.53
26.85
27.06
27.71
28.57
29.17
29.6
30.02
30.62
30.89
31.52
32.06
32.51
32.76
33.23
33.53
33.69
34.03
34.2
34.25
34.6
34.69
34.84
34.85
35.19
35.38
35.27
35.35
35.82
35.97
35.97
36.33
36.2
36.31
36.3
36.34
36.24
36.07
36.19
35.98
35.6
35.24
34.63
34.03
33.38
32.8
32.68
32.77
32.88
32.79
32.65
32.26
31.54
31.42
30.78
30.82
30.5
30.2
30.06
30.1
29.65
29.14
29.2
29.29
29.36
29.16
28.66
28.53
28.1
26.17
26.09
26.43
26.28
26.44
26.34
26.16
26.3
26.04
26.15
26.36
26.34
26.23
26.26
26.43
26.05
25.7
25.68
25.57
25.3
25.35
25.05
24.94
24.84
24.63
24.87
25.77
26.94
28.16
28.66
29.19
30.25
30.62
30.95
31.44
31.74
31.53
32.14
32.25
32.51
32.82
33.01
33.45
33.97
34.11
34.24
35.05
34.82
35.19
35.72
35.97
35.59
35.81
36.04
36.13
35.9
35.87
36.17
36.42
36.13
36.13
36.61
35.86
35.94
35.16
34.89
34.73
34.24
33.21
32.55
32.01
31.64
31.2
30.78
30.64
30.53
30.4
30.17
30
29.93
30.09
29.9
30.04
29.81
30.05
29.86
29.55
28.75
28.38
27.51
27.3
27.23
27.26
27.4
27.15
27.12
26.17
25.71
26.26
26.54
26.66
26.21
26.17
26.19
26.29
26.38
26.06
25.57
25.01
24.71
24.82
24.74
24.52
24.47
24.87
24.53
24.56
24.78
25.61
24.88
25.4
25.72
25.84
26.12
26.23
26.75
26.92
27.76
28.21
28.57
29.06
29.16
29.6
30
29.35
28.86
29.66
30.34
30.63
31.07
31.12
31.34
31.35
31.55
31.52
31.33
31.74
32.12
32.02
32.05
31.87
31.92
32.25
33.15
32.78
32.94
33.72
32.62
31.43
26.92
26.25
26.07
26.44
26.44
25.85
25.46
25.13
24.95
24.86
24.8
24.69
24.69
24.84
24.82
24.49
24.04
24.08
24.04
23.92
23.86
23.65
23.48
23.42
23.25
23.08
23.04
23.1
23.28
23.34
23.25
23.39
23.91
24.15
24.15
24.17
24.2
24.09
23.99
23.81
23.64
23.46
23.18
22.89
22.59
22.28
22.08
21.97
21.84
21.66
21.48
21.45
21.45
21.34
21.31
21.37
21.46
21.55
21.73
21.93
22.09
22.32
22.68
23.01
23.21
23.53
23.76
23.96
24.13
24.18
24.57
24.55
24.44
24.34
24.15
23.99
24.01
23.92
23.76
23.98
24.14
24.51
25.02
25.37
26.09
26.66
27.02
27.06
28.11
28.31
27.92
28.61
28.35
28.16
27.68
28
27.78
27.92
27.98
28.34
28.49
28.03
27.96
27.43
27.15
26.92
26.59
26.49
26.35
26.19
25.9
25.6
25.16
24.93
24.69
24.51
24.46
24.37
24.18
24.16
24.07
24.43
24.62
24.76
24.7
24.78
23.8
22.77
22.67
22.88
22.96
22.93
22.5
22.38
22.09
21.91
21.93
22.04
22.18
22.17
22.02
21.86
21.71
21.46
21.4
21.46
21.56
21.51
21.78
21.64
21.69
21.97
22.36
22.96
23.58
24.45
25.03
25.45
26.55
26.98
26.96
27.39
27.79
28.03
28.84
28.93
29.23
29.26
29.64
30.81
30.68
31.11
31
31
31.45
31.7
31.92
32.32
33.18
33.16
33.62
33.78
34.16
34.06
33.81
34.55
33.97
34.48
34.66
34.83
35.15
35.35
35.54
35.17
34.51
34.76
35.14
34.97
35.02
34.57
33.18
32.72
32.52
31.64
30.32
29.66
29.26
29.09
29.09
29.14
29.13
29.04
28.73
27.7
27.76
27.9
28.42
27.81
27.25
26.9
26.46
26.54
26.84
26.92
27.02
27.09
26.87
26.49
26.23
26.54
26.68
26.57
26.29
26.13
26.23
26.38
26.38
26.33
25.95
25.55
25.63
25.85
25.72
25.56
24.64
24.54
24.57
24.98
25.46
26.24
26.75
27.65
28.53
29.03
30.35
30.13
29.96
30.39
30.74
31.49
31.32
32.03
32.34
33.16
33.82
34.01
34.4
33.99
34.1
34.8
35.05
33.75
32.73
32.32
30.33
26.68
25.56
26.02
26.69
26.85
27.25
28.09
29.01
30.31
31.66
33.2
33.85
34.26
34.28
33.4
32.35
31.59
31.21
31.38
31.5
31.22
30.8
30.12
29.69
29.56
29.08
28.57
28
27.72
27.55
27.78
27.88
27.64
27.48
27.16
26.61
25.86
25.17
25.03
25.13
25.04
24.7
24.35
24.14
23.9
23.85
23.86
24.12
24.14
24.08
24.32
24.38
24
23.8
23.81
23.5
23.28
23.38
23.63
23.72
24.14
24.51
24.6
24.39
24.5
24.33
24.25
24.25
24.33
24.26
24.78
25.5
25.67
25.78
26.3
26.36
26.44
26.58
27.01
27.96
28.83
28.98
29.71
29.81
30.21
30.87
31.38
31.32
31.94
31.98
32.2
32.43
32.88
32.85
32.97
32.76
33.24
33.27
33.2
34.17
31.43
32.32
33.76
34.21
33.54
34.26
34.22
35.21
34.9
33.98
32.4
26.15
25
25.32
25.72
26.78
25.61
24.28
24.08
24.78
25.89
24.41
24.32
24.39
24.83
25.04
24.84
24.71
24.84
24.53
24.12
23.91
23.58
23.85
24.13
24.42
24.94
25.06
25.47
25.59
25.07
24.79
24.88
24.88
25.02
24.9
24.86
25.12
25.3
26.02
26.28
25.78
25.19
24.2
23.27
23.36
23.21
23.3
23.28
23.3
23.25
23.43
23.69
23.47
23.5
23.9
24.41
24.92
25.19
25.76
26.17
26.63
26.95
27.31
27.96
28.76
29.1
29.84
30.54
31.1
31.55
31.91
32.15
32.48
32.52
33.18
32.97
32.97
33.4
33.53
33.82
33.3
33.96
34.19
34.55
34.81
35.02
34.75
35.2
35.64
35.3
35.37
35.23
35.04
34.58
34.85
34.74
33.28
31.91
31.43
30.99
29.59
28.71
28.09
27.78
27.82
27.22
27.28
27.29
27.28
27.07
27.47
27.48
27.24
27.09
26.77
26.32
26.22
26.19
26.21
26.18
26.45
26.63
26.43
26.18
25.86
25.65
25.66
25.42
25.46
25.24
24.88
24.69
24.7
24.64
24.61
24.34
24.19
24
23.72
23.81
23.98
23.76
23.51
23.49
23.81
23.85
23.75
23.69
23.87
24.14
24.47
24.77
25.1
25.76
26.54
27.17
27.72
28.54
29.31
29.61
30.09
30.55
31
30.87
31.3
31.59
31.63
31.92
32.07
32.02
32.31
32.58
33.02
32.61
30.7
27.67
26.01
27.26
30.46
30.91
30.59
28.96
28.51
28.13
28.37
28.16
27.75
27.3
26.95
26.75
26.55
26.44
26.47
26.38
26.27
26.23
26.12
25.91
25.64
25.5
25.43
25.36
25.34
25.35
25.31
25.24
25.16
25.12
25.06
24.96
24.85
24.78
24.67
24.41
24.43
24.45
24.49
24.56
24.66
24.65
24.39
24.21
24.15
24.09
24.08
23.99
23.99
23.93
23.88
23.8
23.8
23.8
23.92
23.94
23.96
23.98
23.95
23.97
23.88
23.85
23.73
23.57
23.44
23.36
23.35
23.44
23.73
23.99
24.29
24.61
25.22
25.57
26.17
26.9
27.87
28.38
29.25
29.96
30.07
30.83
31.36
31.46
31.79
32.48
32.54
33.09
33.7
33.8
33.83
33.77
34.65
34.71
34.39
34.47
34.86
35.06
34.98
34.22
33.57
31.94
29.76
29.17
29.42
29.84
29.7
29.42
29.33
29.38
29.16
28.91
28.93
28.67
28.34
28.19
28.1
27.7
27.38
27.17
26.99
26.89
26.66
26.59
26.54
26.45
26.2
26.04
25.87
25.81
26.02
26.23
26.36
26.24
26.13
25.99
25.8
25.68
25.69
25.62
25.49
25.63
25.54
25.43
25.4
25.29
25.44
25.58
25.57
25.3
25.12
25.01
25
25.06
25.02
24.88
24.8
24.73
24.45
24.28
24.34
24.61
24.85
25.13
25.52
25.95
26.36
26.87
27.38
27.84
28.17
28.49
28.89
29.24
29.52
29.91
30
30.37
30.62
30.99
31.08
31.44
31.79
31.81
31.44
31.1
25.76
24.26
24.62
25.42
25.32
25.74
25.78
26.05
26.41
26.41
26.79
27.46
27.23
27.19
27.25
25.53
24.61
24.36
24.11
24.34
24.43
24.39
24.8
24.96
24.73
24.21
24.27
24.09
24.21
24.47
24.39
24.43
24.49
24.44
24.4
24.35
24.29
24.23
24.15
24.08
24.03
23.94
23.88
23.88
23.84
23.81
23.82
23.92
23.94
23.95
23.92
23.96
24.01
24
24
23.99
23.92
23.89
23.87
23.85
23.85
23.89
23.91
23.91
23.91
23.96
23.96
23.97
23.97
24
24.03
24.01
24.04
24.14
24.21
24.37
24.55
24.75
24.89
25
25.18
25.25
25.43
25.64
25.84
25.91
25.69
25.34
25.42
25.83
26.13
26.64
26.57
26.71
27.2
27.27
27.37
27.74
27.86
27.96
26.35
25.06
24.95
25.21
25.48
25.4
25.76
26.19
26.35
26.14
26.08
25.87
25.95
25.67
25.57
25.62
25.49
25.35
25.32
25.27
25.09
24.94
24.77
24.59
24.41
24.23
24.1
24.03
24.02
24.06
24.01
23.9
23.89
23.94
23.96
23.98
23.96
23.92
23.9
23.86
23.75
23.5
23.25
23.16
23.08
22.71
22.27
22.15
22.11
22.12
22.18
22.14
22.07
22.06
22.06
22.05
22.1
22.18
22.22
22.23
22.18
22.12
22.11
22.09
22.14
22.18
22.18
22.17
22.21
22.25
22.35
22.47
22.63
22.86
23.18
23.59
24.03
24.59
25.03
25.56
26.5
26.71
26.99
27.85
27.87
28.05
28.35
28.58
28.86
28.79
29.45
29.65
30.11
30
29.89
30.33
30.67
30.83
30.56
30.88
30.93
30.85
29.87
29.76
29.94
29.97
30.51
30.67
30.73
30.9
31.34
31.02
30.87
30.88
30.87
30.61
30.27
29.95
29.42
29.03
28.81
28.78
28.45
27.6
26.23
25.65
25.09
24.58
24.42
24.37
24.3
24.02
23.9
23.94
24.04
24.06
24.12
24.14
24.11
24.14
24.24
24.22
23.96
23.88
23.96
24.09
23.87
23.64
23.62
23.66
23.77
23.67
23.78
23.83
23.62
23.64
23.64
23.65
23.6
23.65
23.62
23.63
23.69
23.67
23.7
23.76
23.89
24.07
24.37
24.68
24.91
25.29
25.97
27.25
28.31
29.35
28.61
28.27
28.24
28.4
29.14
28.59
27.79
26.05
25.39
24.97
24.87
25.28
25.75
26.41
26.98
27.52
28.27
28.55
29.19
30.01
30.15
30.56
30.73
31.79
31.18
30.39
30.35
29.61
29.35
29.12
29.26
29.16
28.68
28.43
28.03
27.47
27.05
26.82
26.52
26.42
26.53
26.55
26.28
25.81
25.72
25.84
25.7
25.58
25.64
25.4
25.54
25.03
24.95
25.01
25.13
25.21
24.93
25.12
24.96
24.98
24.95
24.88











































































26.8
27.07
27.11
26.68
26.58
27.21
27.19
27.56
27.24
27.56
27.49
26.47
25.04
25.98
26.17
26.11
26.24
25.94
25.16
25.14
25.06
25.21
25.27
25.35
25.81
26.48
26.35
26.32
26.41
26.66
27.06
27.6
28.3
28.89
29
29.18
29.72
30.05
30.44
30.93
31.39
31.43
31.3
31.3
31.74
31.98
32.65
32.84
33.12
33.4
33.42
33.38
34.05
33.88
33.88
34.26
34.45
34.44
34.64
34.86
35.04
35.31
35.13
34.58
33.92
33.25
32.63
31.1
28.31
27.63
27.53
27.57
27.63
27.57
27.4
27.27
27.07
26.98
26.63
26.29
26.08
25.89
25.83
25.57
25.39
25.45
25.41
25.44
25.28
25.06
24.96
24.9
24.93
24.92
24.84
24.65
24.6
24.56
24.43
24.18
23.99
23.88
23.82
23.69
23.61
23.71
23.71
23.65
23.58
23.54
23.48
23.42
23.43
23.37
23.35
23.39
23.3
23.23
23.26
23.39
23.43
23.65
24.04
24.69
25.24
26.03
25.94
26.13
26.29
27.05
27.15
27.24
27.48
27.81
27.87
27.92
28.42
29.15
29.32
29.35
29.6
29.83
30.18
29.44
29.74
30.03
30.23
30.24
30.58
30.51
30.33
30.46
30.55
30.57
30.79
30.72
30.7
30.77
30.65
30.37
30.2
28.3
27.66
27.53
27.13
26.72
26.49
26.24
25.87
25.74
25.39
25.26
25.4
25.57
25.46
25.35
25.35
25.41
25.54
25.56
25.44
25.32
25.28
25.28
25.26
25.15
25.06
25.02
25.01
24.88
24.84
24.85
24.77
24.77
24.69
24.62
24.62
24.75
24.87
24.88
24.85
24.72
24.63
24.53
24.6
24.62
24.69
24.76
24.73
24.73
24.68
24.67
24.61
24.6
24.66
24.69
24.71
24.76
24.96
25.21
25.56
26.13
26.82
27.8
28.28
28.68
28.83
29.21
29.4
29.62
29.89
30.23
30.85
31.05
31.38
31.49
31.39
31.88
32.19
32.11
31.78
32
29.74
27.57
27.24
27.64
28.49
29.41
29.91
30.03
30.34
30.3
30.68
31.16
31.09
31
30.67
30.71
30.67
30.44
30.55
30.56
30.59
29.86
29.16
29.15
28.83
28.69
28.42
28.12
27.89
27.8
26.64
26.03
26.72
26.39
26.4
25.86
25.65
25.59
25.55
25.56
25.65
25.61
25.52
25.23
25.23
25.11
25.06
24.87
24.87
24.82
24.68
24.24
24.26
24.17
24.33
24.78
24.5
24.39
24.31
24.17
24.18
24.35
24.23
24.34
24.23
24.14
24.21
24.32
24.47
24.77
25.06
25.91
26.55
26.24
26.11
26.63
27.08
27.26
27.44
27.71
28.33
28.97
29.22
29.43
29.56
29.75
30.27
30.59
31.02
31.32
31.67
32.17
31.95
32.52
32.57
32.62
32.41
32.67
33.2
33.56
33.27
32.87
33.1
32.78
33.93
34.81
34.31
33.17
32.59
31.67
30.1
29.78
30
28.95
28.34
28.48
28.51
28.4
27.93
27.54
27.18
27
26.91
26.96
26.99
26.73
26.56
26.65
26.82
26.98
27
26.26
25.8
25.88
25.92
25.96
26.01
26.26
26.3
26.84
26.73
26.29
26.56
26.4
26.58
26.86
26.74
26.37
25.78
25.79
25.77
24.99
24.83
25.06
25.31
25.28
24.95
24.7
24.4
24.28
23.99
23.61
23.54
23.52
23.56
23.59
23.63
23.71
23.81
23.89
23.97
24.1
24.18
24.32
24.43
24.49
24.54
24.68
24.87
25.2
25.88
26.3
25.92
26.36
26.85
27.76
27.99
28.15
29.11
29.24
28.75
28.69
29.06
29.27
29.77
30.38
30.29
30.92
30.64
30.76
30.94
31.38
31.72
31.21
31.64
31.64
31.39
31.47
31.56
31.44
31.28
30.69
30.02
29.42
29.18
29.13
28.99
29.04
28.93
28.36
27.12
26.51
26.25
25.94
25.56
25.32
25.18
24.94
24.63
24.4
24.28
24.35
24.48
24.48
24.12
23.81
23.61
23.46
23.49
23.62
23.61
24.19
24.13
24.04
23.83
23.59
23.17
23.12
23.32
23.51
23.67
23.69
23.41
23.34
23.5
23.49
23.46
23.38
23.36
23.27
23.34
23.58
23.92
24.27
24.84
25.54
26.11
26.76
27.47
28.13
28.97
29.27
29.69
30.26
30.86
31.17
31.89
31.74
32.13
32.29
32.62
32.57
32.54
32.44
32.78
32.98
32.93
32.54
32.82
32.64
32.86
33.2
33.45
33.27
33.56
33.42
33.35
33.25
31.22
28.64
28.28
28.05
27.69
27.45
27.06
26.63
26.44
26.26
26.1
25.97
25.73
25.48
25.27
25.06
24.88
24.69
24.51
24.36
24.33
24.29
24.19
24.19
24.24
24.24
24.43
24.56
24.64
24.67
24.84
25.15
25.22
25.04
24.67
24.45
24.35
24.32
24.47
24.55
24.42
24.62
24.4
23.94
23.76
23.64
23.39
23.2
23.17
23.28
23.33
23.35
23.4
23.46
23.52
23.59
23.57
23.56
23.57
23.64
23.8
23.95
24.25
24.53
24.97
25.21
25.5
26.16
26.9
27.63
27.65
27.61
27.94
27.6
27.63
27.85
27.77
27.87
27.84
28.1
28.29
28.33
28.82
29.08
29.17
29.5
29.53
29.75
30.19
30.38
30.9
31.05
30.8
31.02
31.16
31.15
31.51
31.2
30.63
30.69
30.36
30.07
29.81
29.6
29.47
29.27
29.1
28.87
28.68
27.93
27.31
27.01
26.84
26.67
25.98
26.01
25.65
25.3
25.37
25.56
25.1
24.45
24.14
23.85
23.69
23.46
23.21
22.96
22.35
22.2
22.02
21.94
21.91
21.83
21.83
21.78
21.79
21.74
21.73
21.78
21.77
21.82
21.85
21.87
21.84
21.89
21.89
21.91
21.9
21.83
21.81
21.79
21.83
21.79
21.84
21.9
21.97
22.05
22.15
22.21
22.35
22.49
22.66
22.93
23.34
23.57
23.52
23.82
24.22
24.28
24.82
25.72
25.72
26.06
25.82
25.66
25.91
25.9
26.26
26.71
27.32
26.96
26.48
27.45
27.88
28.13
28.29
28.31
28.25
28.06
28.43
28.78
29.15
29.44
29.43
29.67
29.82
29.4
29.25
29.34
28.98
28.61
28.35
27.83
27.32
27.01
27.17
26.95
26.77
26.57
26.31
26.35
26.27
26.12
25.99
25.99
25.92
25.87
25.82
25.57
25.34
25.08
24.89
24.69
24.55
24.48
24.31
24.17
24.06
23.99
23.92
23.89
23.83
23.76
23.66
23.54
23.46
23.39
23.42
23.41
23.47
23.5
23.52
23.54
23.52
23.54
23.56
23.57
23.62
23.64
23.66
23.71
23.79
23.9
24.17
24.58
24.66
24.75
25.16
25.42
25.28
25.7
26.28
26.48
26.12
25.94
25.83
25.85
26.65
27.09
27.29
27.74
27.86
28.41
28.28
28.91
29.07
29.24
29.61
29.85
29.97
29.92
30.28
30.58
30.4
30.58
29.97
30.23
30.28
29.34
29.58
29.6
29.48
29.11
28.61
29.38
29.09
28.78
28.44
28.1
27.63
27.23
26.96
26.69
26.34
26.16
25.98
25.75
25.64
25.49
25.23
25.03
24.79
24.67
24.54
24.36
24.27
24.03
23.9
23.77
23.56
23.36
23.03
22.79
22.69
22.57
22.33
22.08
21.79
21.67
21.52
21.35
21.16
20.99
20.87
20.77
20.72
20.52
20.39
20.26
20.18
20.18
20.22
20.22
20.27
20.31
20.27
20.35
20.44
20.62
20.82
20.76
20.72
21.06
21.06
20.79
21.18
21.82
21.78
21.47
21.22
21.08
21.78
22.12
22.09
22.51
22.46
21.6
21.27
21.2
21.46
21.87
22.45
22.28
22.23
22.14
22.16
22.45
22.79
22.94
23.08
22.97
22.96
22.53
22.58
23.03
23.02
22.98
22.9
22.73
22.77
22.93
22.89
22.8
22.69
22.57
22.46
22.37
22.28
22.15
22.1
22.08
22.04
22.02
22.01
22
22.04
22.03
21.92
21.83
21.74
21.77
21.55
21.37
21.23
21.05
20.9
20.8
20.69
20.63
20.46
20.25
20.16
20.1
20.08
20
19.95
19.88
19.82
19.78
19.8
19.73
19.71
19.6
19.5
19.34
19.26
19.28
19.23
19.17
19.11
19.15
19.25
19.43
19.82
20.28
20.64
21.15
21.77
22.51
23.23
23.75
24.28
24.77
25.43
25.49
25.96
26.55
27.12
27.09
27.56
27.85
27.87
28.08
28.39
28.57
28.95
29.24
29.31
29.17
29.91
29.68
29.72
30.05
30.58
30.47
30.4
30.31
30.48
30.15
30.6
30.92
31.14
31.05
30.8
30.65
30.6
30.38
30.18
29.68
29.18
28.64
27.97
27.44
27.1
26.86
26.36
26.4
25.99
25.52
24.89
24.45
24.04
23.52
23.05
22.9
22.81
22.71
22.48
22.21
22.05
22.67
22.62
22.2
22
21.86
21.59
21.04
20.75
20.52
20.18
20.06
19.84
19.87
20.28
20.03
20.12
19.68
19.49
20.18
20.04
19.48
19.19
18.92
18.4
18.35
18.25
18.2
18.1
18.44
18.7
19.18
19.84
20.52
21.49
21.7
22.22
23.14
23.77
24.58
25.58
26.2
26.34
27.29
27.58
28.21
28.42
28.63
28.95
29.19
29.69
29.96
30.29
30.19
30.49
30.93
30.96
31.21
31.32
30.48
31.61
31.35
32.27
32.74
32.89
32.41
32.16
32.46
31.94
32.34
32
32.03
31.7
31.64
31.35
30.98
30.59
30.08
29.74
29.42
28.91
27.9
26.9
27.42
27.38
27.04
27.06
26.9
26.5
26.08
25.98
25.69
24.96
24.41
24.11
23.73
23.46
23.53
23.17
22.97
22.8
22.35
21.96
21.91
21.78
21.54
21.44
21.35
21.14
21.37
21.01
20.9
20.94
20.57
19.39
19.38
19.64
19.73
19.46
18.97
18.57
18.73
18.78
18.7
18.66
18.85
19.17
19.67
20.13
20.8
21.57
22.66
23.68
24.87
25.96
26.9
27.39
27.67
28.04
28.22
28.57
28.99
29.38
29.17
29.79
29.86
30.1
30.38
30.55
31.11
31.66
32.92
32.38
32.65
32.37
32.89
32.9
33.2
33.49
33.42
33.12
33.64
33.79
33.72
33.59
32.96
32.45
33.15
33.86
33.26
32.76
32.53
32
31.62
31.6
31.35
31.04
29.58
29.21
29.48
28.34
29.24
29.41
29.31
29.24
28.63
28.16
27.62
27.01
26.79
26.13
25.41
25.36
25.98
25.81
25.23
24.69
24.15
23.85
24.01
24.21
24.26
23.88
23.78
23.69
22.78
22.16
21.84
22.15
20.34
20.22
21.22
22.77
22.97
22.4
21.2
21.71
21.76
21.52
20.98
21.12
20.62
19.23
20.29
21.75
23.19
23.58
24.48
25.49
26.75
26.98
27.84
28.53
28.79
29.23
29.89
30.23
29.96
30.44
30.89
31.1
31.24
31.63
32.04
32.33
32.54
33.18
33.42
33.46
33.66
34.23
34.46
34.34
34.29
34.45
34.54
34.49
34.44
34.39
34.34
34.29
34.29
34.29
34.33
34.05
33.78
33.45
33.11
32.62
32.19
31.18
30.87
30.92
30.55
30.51
29.73
29.33
29.02
29.07
29.44
29.27
29.25
28.73
26.99
26.7
27.07
28.35
28.01
27.3
26.97
27.64
27.58
26.55
26.29
25.95
25.58
25.7
25.62
25.27
25.26
25.21
25.71
25.75
25.05
24.54
24.66
24.31
24.2
23.96
24.38
24.02
23.83
23.63
23.32
23.45
23.36
23.48
23.41
23.54
23.81
24.09
24.41
24.97
25.67
26.28
26.78
27.53
28.28
28.68
29.07
29.67
30.18
30.53
31.09
31.18
31.78
31.82
32.2
32.51
32.63
32.82
33.05
33.13
33.38
33.35
33.42
33.77
33.96
33.84
34.08
34.4
34.2
34.32
33.95
34.11
34.15
33.92
33.89
34.02
33.94
33.82
33.66
33.39
33.14
32.76
32.39
31.89
31.42
30.79
30.41
30.08
29.91
29.64
29.41
29.19
28.86
28.79
28.84
28.62
28.22
27.91
27.73
27.56
27.36
27.17
27.12
26.92
26.77
26.82
26.53
26.11
26.14
26.05
26.04
25.78
25.51
25.35
25.27
24.99
25.01
24.98
24.87
24.83
24.75
24.68
24.57
24.47
24
23.87
24.12
24.07
23.72
23.77
24.29
24.67
24.95
25.37
25.86
26.58
27.39
28.11
28.48
28.94
29.32
29.77
30.37
30.39
30.66
30.88
31.14
31.62
31.96
31.82
32.3
32.24
32.63
32.75
33.16
33.18
33.61
33.51
33.12
33.45
33.81
33.93
34.26
34.6
34.71
34.94
35.07
35.12
35.34
34.6
34.72
34.32
31.17
26.16
25.51
25.32
25.45
25.46
25.52
25.26
25.15
25.04
25.18
25.39
25.3
25.31
25.14
25.24
25.32
24.64
24.4
24.65
24.28
24.23
24.32
24.14
24.19
24.26
24.05
23.62
23.32
23.17
23.1
22.9
22.75
22.77
22.85
22.88
22.84
22.91
22.67
22.38
22.22
22.17
22.16
22.22
22.12
22.29
22.84
23.08
23.09
22.92
23.07
23.31
22.66
22.59
22.73
23.04
23.84
24.81
25.71
26.53
26.85
27.06
27.71
28.57
29.17
29.6
30.02
30.62
30.89
31.52
32.06
32.51
32.76
33.23
33.53
33.69
34.03
34.2
34.25
34.6
34.69
34.84
34.85
35.19
35.38
35.27
35.35
35.82
35.97
35.97
36.33
36.2
36.31
36.3
36.34
36.24
36.07
36.19
35.98
35.6
35.24
34.63
34.03
33.38
32.8
32.68
32.77
32.88
32.79
32.65
32.26
31.54
31.42
30.78
30.82
30.5
30.2
30.06
30.1
29.65
29.14
29.2
29.29
29.36
29.16
28.66
28.53
28.1
26.17
26.09
26.43
26.28
26.44
26.34
26.16
26.3
26.04
26.15
26.36
26.34
26.23
26.26
26.43
26.05
25.7
25.68
25.57
25.3
25.35
25.05
24.94
24.84
24.63
24.87
25.77
26.94
28.16
28.66
29.19
30.25
30.62
30.95
31.44
31.74
31.53
32.14
32.25
32.51
32.82
33.01
33.45
33.97
34.11
34.24
35.05
34.82
35.19
35.72
35.97
35.59
35.81
36.04
36.13
35.9
35.87
36.17
36.42
36.13
36.13
36.61
35.86
35.94
35.16
34.89
34.73
34.24
33.21
32.55
32.01
31.64
31.2
30.78
30.64
30.53
30.4
30.17
30
29.93
30.09
29.9
30.04
29.81
30.05
29.86
29.55
28.75
28.38
27.51
27.3
27.23
27.26
27.4
27.15
27.12
26.17
25.71
26.26
26.54
26.66
26.21
26.17
26.19
26.29
26.38
26.06
25.57
25.01
24.71
24.82
24.74
24.52
24.47
24.87
24.53
24.56
24.78
25.61
24.88
25.4
25.72
25.84
26.12
26.23
26.75
26.92
27.76
28.21
28.57
29.06
29.16
29.6
30
29.35
28.86
29.66
30.34
30.63
31.07
31.12
31.34
31.35
31.55
31.52
31.33
31.74
32.12
32.02
32.05
31.87
31.92
32.25
33.15
32.78
32.94
33.72
32.62
31.43
26.92
26.25
26.07
26.44
26.44
25.85
25.46
25.13
24.95
24.86
24.8
24.69
24.69
24.84
24.82
24.49
24.04
24.08
24.04
23.92
23.86
23.65
23.48
23.42
23.25
23.08
23.04
23.1
23.28
23.34
23.25
23.39
23.91
24.15
24.15
24.17
24.2
24.09
23.99
23.81
23.64
23.46
23.18
22.89
22.59
22.28
22.08
21.97
21.84
21.66
21.48
21.45
21.45
21.34
21.31
21.37
21.46
21.55
21.73
21.93
22.09
22.32
22.68
23.01
23.21
23.53
23.76
23.96
24.13
24.18
24.57
24.55
24.44
24.34
24.15
23.99
24.01
23.92
23.76
23.98
24.14
24.51
25.02
25.37
26.09
26.66
27.02
27.06
28.11
28.31
27.92
28.61
28.35
28.16
27.68
28
27.78
27.92
27.98
28.34
28.49
28.03
27.96
27.43
27.15
26.92
26.59
26.49
26.35
26.19
25.9
25.6
25.16
24.93
24.69
24.51
24.46
24.37
24.18
24.16
24.07
24.43
24.62
24.76
24.7
24.78
23.8
22.77
22.67
22.88
22.96
22.93
22.5
22.38
22.09
21.91
21.93
22.04
22.18
22.17
22.02
21.86
21.71
21.46
21.4
21.46
21.56
21.51
21.78
21.64
21.69
21.97
22.36
22.96
23.58
24.45
25.03
25.45
26.55
26.98
26.96
27.39
27.79
28.03
28.84
28.93
29.23
29.26
29.64
30.81
30.68
31.11
31
31
31.45
31.7
31.92
32.32
33.18
33.16
33.62
33.78
34.16
34.06
33.81
34.55
33.97
34.48
34.66
34.83
35.15
35.35
35.54
35.17
34.51
34.76
35.14
34.97
35.02
34.57
33.18
32.72
32.52
31.64
30.32
29.66
29.26
29.09
29.09
29.14
29.13
29.04
28.73
27.7
27.76
27.9
28.42
27.81
27.25
26.9
26.46
26.54
26.84
26.92
27.02
27.09
26.87
26.49
26.23
26.54
26.68
26.57
26.29
26.13
26.23
26.38
26.38
26.33
25.95
25.55
25.63
25.85
25.72
25.56
24.64
24.54
24.57
24.98
25.46
26.24
26.75
27.65
28.53
29.03
30.35
30.13
29.96
30.39
30.74
31.49
31.32
32.03
32.34
33.16
33.82
34.01
34.4
33.99
34.1
34.8
35.05
33.75
32.73
32.32
30.33
26.68
25.56
26.02
26.69
26.85
27.25
28.09
29.01
30.31
31.66
33.2
33.85
34.26
34.28
33.4
32.35
31.59
31.21
31.38
31.5
31.22
30.8
30.12
29.69
29.56
29.08
28.57
28
27.72
27.55
27.78
27.88
27.64
27.48
27.16
26.61
25.86
25.17
25.03
25.13
25.04
24.7
24.35
24.14
23.9
23.85
23.86
24.12
24.14
24.08
24.32
24.38
24
23.8
23.81
23.5
23.28
23.38
23.63
23.72
24.14
24.51
24.6
24.39
24.5
24.33
24.25
24.25
24.33
24.26
24.78
25.5
25.67
25.78
26.3
26.36
26.44
26.58
27.01
27.96
28.83
28.98
29.71
29.81
30.21
30.87
31.38
31.32
31.94
31.98
32.2
32.43
32.88
32.85
32.97
32.76
33.24
33.27
33.2
34.17
31.43
32.32
33.76
34.21
33.54
34.26
34.22
35.21
34.9
33.98
32.4
26.15
25
25.32
25.72
26.78
25.61
24.28
24.08
24.78
25.89
24.41
24.32
24.39
24.83
25.04
24.84
24.71
24.84
24.53
24.12
23.91
23.58
23.85
24.13
24.42
24.94
25.06
25.47
25.59
25.07
24.79
24.88
24.88
25.02
24.9
24.86
25.12
25.3
26.02
26.28
25.78
25.19
24.2
23.27
23.36
23.21
23.3
23.28
23.3
23.25
23.43
23.69
23.47
23.5
23.9
24.41
24.92
25.19
25.76
26.17
26.63
26.95
27.31
27.96
28.76
29.1
29.84
30.54
31.1
31.55
31.91
32.15
32.48
32.52
33.18
32.97
32.97
33.4
33.53
33.82
33.3
33.96
34.19
34.55
34.81
35.02
34.75
35.2
35.64
35.3
35.37
35.23
35.04
34.58
34.85
34.74
33.28
31.91
31.43
30.99
29.59
28.71
28.09
27.78
27.82
27.22
27.28
27.29
27.28
27.07
27.47
27.48
27.24
27.09
26.77
26.32
26.22
26.19
26.21
26.18
26.45
26.63
26.43
26.18
25.86
25.65
25.66
25.42
25.46
25.24
24.88
24.69
24.7
24.64
24.61
24.34
24.19
24
23.72
23.81
23.98
23.76
23.51
23.49
23.81
23.85
23.75
23.69
23.87
24.14
24.47
24.77
25.1
25.76
26.54
27.17
27.72
28.54
29.31
29.61
30.09
30.55
31
30.87
31.3
31.59
31.63
31.92
32.07
32.02
32.31
32.58
33.02
32.61
30.7
27.67
26.01
27.26
30.46
30.91
30.59
28.96
28.51
28.13
28.37
28.16
27.75
27.3
26.95
26.75
26.55
26.44
26.47
26.38
26.27
26.23
26.12
25.91
25.64
25.5
25.43
25.36
25.34
25.35
25.31
25.24
25.16
25.12
25.06
24.96
24.85
24.78
24.67
24.41
24.43
24.45
24.49
24.56
24.66
24.65
24.39
24.21
24.15
24.09
24.08
23.99
23.99
23.93
23.88
23.8
23.8
23.8
23.92
23.94
23.96
23.98
23.95
23.97
23.88
23.85
23.73
23.57
23.44
23.36
23.35
23.44
23.73
23.99
24.29
24.61
25.22
25.57
26.17
26.9
27.87
28.38
29.25
29.96
30.07
30.83
31.36
31.46
31.79
32.48
32.54
33.09
33.7
33.8
33.83
33.77
34.65
34.71
34.39
34.47
34.86
35.06
34.98
34.22
33.57
31.94
29.76
29.17
29.42
29.84
29.7
29.42
29.33
29.38
29.16
28.91
28.93
28.67
28.34
28.19
28.1
27.7
27.38
27.17
26.99
26.89
26.66
26.59
26.54
26.45
26.2
26.04
25.87
25.81
26.02
26.23
26.36
26.24
26.13
25.99
25.8
25.68
25.69
25.62
25.49
25.63
25.54
25.43
25.4
25.29
25.44
25.58
25.57
25.3
25.12
25.01
25
25.06
25.02
24.88
24.8
24.73
24.45
24.28
24.34
24.61
24.85
25.13
25.52
25.95
26.36
26.87
27.38
27.84
28.17
28.49
28.89
29.24
29.52
29.91
30
30.37
30.62
30.99
31.08
31.44
31.79
31.81
31.44
31.1
25.76
24.26
24.62
25.42
25.32
25.74
25.78
26.05
26.41
26.41
26.79
27.46
27.23
27.19
27.25
25.53
24.61
24.36
24.11
24.34
24.43
24.39
24.8
24.96
24.73
24.21
24.27
24.09
24.21
24.47
24.39
24.43
24.49
24.44
24.4
24.35
24.29
24.23
24.15
24.08
24.03
23.94
23.88
23.88
23.84
23.81
23.82
23.92
23.94
23.95
23.92
23.96
24.01
24
24
23.99
23.92
23.89
23.87
23.85
23.85
23.89
23.91
23.91
23.91
23.96
23.96
23.97
23.97
24
24.03
24.01
24.04
24.14
24.21
24.37
24.55
24.75
24.89
25
25.18
25.25
25.43
25.64
25.84
25.91
25.69
25.34
25.42
25.83
26.13
26.64
26.57
26.71
27.2
27.27
27.37
27.74
27.86
27.96
26.35
25.06
24.95
25.21
25.48
25.4
25.76
26.19
26.35
26.14
26.08
25.87
25.95
25.67
25.57
25.62
25.49
25.35
25.32
25.27
25.09
24.94
24.77
24.59
24.41
24.23
24.1
24.03
24.02
24.06
24.01
23.9
23.89
23.94
23.96
23.98
23.96
23.92
23.9
23.86
23.75
23.5
23.25
23.16
23.08
22.71
22.27
22.15
22.11
22.12
22.18
22.14
22.07
22.06
22.06
22.05
22.1
22.18
22.22
22.23
22.18
22.12
22.11
22.09
22.14
22.18
22.18
22.17
22.21
22.25
22.35
22.47
22.63
22.86
23.18
23.59
24.03
24.59
25.03
25.56
26.5
26.71
26.99
27.85
27.87
28.05
28.35
28.58
28.86
28.79
29.45
29.65
30.11
30
29.89
30.33
30.67
30.83
30.56
30.88
30.93
30.85
29.87
29.76
29.94
29.97
30.51
30.67
30.73
30.9
31.34
31.02
30.87
30.88
30.87
30.61
30.27
29.95
29.42
29.03
28.81
28.78
28.45
27.6
26.23
25.65
25.09
24.58
24.42
24.37
24.3
24.02
23.9
23.94
24.04
24.06
24.12
24.14
24.11
24.14
24.24
24.22
23.96
23.88
23.96
24.09
23.87
23.64
23.62
23.66
23.77
23.67
23.78
23.83
23.62
23.64
23.64
23.65
23.6
23.65
23.62
23.63
23.69
23.67
23.7
23.76
23.89
24.07
24.37
24.68
24.91
25.29
25.97
27.25
28.31
29.35
28.61
28.27
28.24
28.4
29.14
28.59
27.79
26.05
25.39
24.97
24.87
25.28
25.75
26.41
26.98
27.52
28.27
28.55
29.19
30.01
30.15
30.56
30.73
31.79
31.18
30.39
30.35
29.61
29.35
29.12
29.26
29.16
28.68
28.43
28.03
27.47
27.05
26.82
26.52
26.42
26.53
26.55
26.28
25.81
25.72
25.84
25.7
25.58
25.64
25.4
25.54
25.03
24.95
25.01
25.13
25.21
24.93
25.12
24.96
24.98
24.95
24.88








































































































