25.3
25.1
25.05
24.91
24.84
24.71
24.83
24.98
25.29
25.26
25.43
25.08
24.76
24.99
24.88
24.81
24.83
24.79
24.77
24.81
24.6
24.51
24.62
24.65
24.78
24.86
25.16
25.79
26.46
26.65
26.79
27.1
27.16
27.2
27.36
27.67
28.12
29.4
29.89
30.19
30.73
31.6
32.04
32.82
33.32
33.54
33.84
34.01
34.21
34.54
34.65
34.58
35.01
35.12
34.99
34.83
35.52
35.69
35.65
35.31
35.46
35.84
35.76
35.07
34.41
34.77
34.83
34.73
34.58
34.32
34.05
33.65
33.14
32.64
32.23
31.91
31.76
31.7
31.66
30.8
30.58
30.32
30.04
29.68
28.82
28.9
28.8
28.49
28.36
28.25
28.18
27.98
27.85
26.93
26.26
26.48
26.4
26.41
25.34
25.07
25.28
25.29
25.32
25.6
25.15
25.1
24.52
24.06
23.93
23.85
23.84
23.81
23.94
23.76
23.36
23.29
23.44
23.41
23.87
23.93
23.95
24.22
24.48
24.86
25.43
26.01
26.37
26.74
27.26
27.68
28.1
28.65
28.81
28.79
29.1
29.47
29.77
30.2
30.75
31.01
31.2
31.4
31.71
31.99
32.24
32.47
32.57
33.17
33.38
33.49
32.6
31.19
31.89
33.06
33.3
34.48
34.36
32.34
31.62
31.16
30.74
30.34
29.64
28.97
26.64
25.05
25.22
25.17
25.06
25.09
25.02
24.87
24.76
24.5
24.47
24.35
24.27
24.22
24.09
24.07
24.47
24.62
24.43
24.31
24.18
23.95
23.71
23.75
23.85
23.67
23.56
23.39
23.33
23.46
23.44
23.18
23.15
23.07
23.03
22.95
22.92
22.88
22.83
22.81
22.75
22.73
22.7
22.66
22.58
22.45
22.26
22.08
21.96
21.82
21.74
21.77
21.84
21.84
21.92
21.97
21.98
22.13
22.61
22.83
22.75
22.8
22.84
22.76
22.89
23.16
23.62
24.34
25.24
25.43
25.96
26.14
26.76
26.75
26.88
27.66
28.78
28.27
28.34
28.56
28.93
28.92
28.59
28.39
27.3
27.32
27.64
29.13
30.76
30.56
31.13
31.18
30.19
29.55
29.02
28.63
28.29
27.95
27.52
25.47
23.88
23.54
23.08
23.13
23.27
23.29
24.36
23.61
23.33
23.4
23.78
23.97
23.63
23.38
23.2
23.19
23.19
23.27
23.38
23.57
23.64
23.62
23.46
23.45
23.44
23.36
23.3
23.13
23.08
23
22.9
22.8
22.7
22.64
22.57
22.53
22.49
22.48
22.45
22.43
22.4
22.4
22.4
22.41
22.43
22.4
22.4
22.44
22.46
22.53
22.65
22.78
22.9
23.12
23.44
23.68
23.64
23.86
24.01
24.15
24.51
24.61
24.74
24.85
25.54
25.84
26.26
26.75
27.35
28.2
27.92
28.04
27.68
27.51
27.4
27.58
27.96
28.76
28.36
27.82
27.84
27.95
28.19
28.3
28.41
28.53
28.73
28.66
28.46
28.46
28.35
27.95
27.67
27.46
27.15
26.87
26.65
26.44
26.23
26.02
25.81
25.62
25.51
25.36
25.29
25.24
25.11
25.02
24.98
24.9
24.86
24.83
24.73
24.57
24.45
24.37
24.24
24.12
24.04
23.9
23.81
23.83
23.87
23.82
23.78
23.87
23.79
23.65
23.5
23.37
23.2
22.94
22.65
22.46
22.37
22.33
22.31
22.26
22.05
21.9
21.88
21.93
21.95
22.11
22.2
22.22
22.22
22.23
22.28
22.29
22.4
22.55
22.7
22.59
22.37
22.28
22.3
22.4
22.65
22.81
23.19
23.48
23.87
24.21
24.51
24.7
24.88
25.18
25.7
26.67
27.08
27.33
27.68
27.78
28.63
29.02
29.15
29.69
30.21
29.85
28.4
28.56
28.72
28.36
28.29
28.57
28.38
27.94
27.75
27.66
27.45
27.11
26.76
26.47
26.22
26.02
25.93
25.77
25.65
25.67
25.58
25.42
25.18
25.06
24.88
24.68
24.51
24.52
24.45
24.34
24.08
24.02
23.96
23.96
24
24
23.87
23.83
23.78
23.63
23.59
23.48
23.38
23.18
22.96
23
22.85
23.14
22.85
22.96
23.08
22.93
22.98
22.86
22.58
22.1
21.94
21.98
21.96
22.04
22.45
23.04
23.65
23.8
23.86
23.88
24
24.35
24.54
24.48
24.94
25.44
25.61
25.64
25.92
26.55
27.09
27.81
28.5
29.41
30.51
30.51
30.5
30.81
30.42
30.13
30.31
30.78
30.14
29.93
30.08
30.33
30.56
31.36
31.61
31.05
30.52
30.5
30.39
29.99
29.79
29.65
29.48
29.48
29.6
29.53
29.29
29.18
28.9
28.91
28.92
28.89
28.89
28.63
28.47
28.24
28.26
28.22
27.69
27.7
27.35
27.08
27.03
27.01
27.03
27.64
26.7
26.98
26.75
26.4
26.31
26.06
25.87
25.66
25.57
25.47
25.26
25.33
24.88
24.9
24.52
24.47
24.68
24.13
23.87
23.85
23.91
23.88
24.5
24.72
24.18
23.35
22.95
22.59
22.35
22.19
22.1
22.07
22.06
22.09
22.12
22.21
22.38
22.64
22.79
22.94
23.06
23.16
23.37
23.53
23.46
23.54
23.88
24.16
24.21
24.37
24.57
24.42
24.29
24.54
25.25
25.64
25.42
25.63
25.74
26.6
26.72
26.72
26.72
27.75
28.04
28.6
28.97
29.28
28.85
28.62
28.67
28.85
28.72
28.65
28.26
28.01
27.57
27.24
26.93
26.65
26.47
26.21
26
25.83
25.62
25.56
25.66
25.5
25.27
25.07
25.06
25.03
25.1
25.15
25.15
24.89
24.62
24.71
24.74
24.7
24.7
24.81
25.04
24.9
24.46
24.15
24.25
24.34
24.2
24.04
23.89
23.76
23.84
23.81
23.75
23.85
23.59
23.24
23.23
23.2
22.81
22.84
23.16
23.13
23.04
23.12
23.27
23.56
24.09
24.58
25.07
25.3
25.71
26.34
26.76
27.13
27.94
28.55
29.15
30.99
31.12
31.37
31.23
30.99
31.3
31.84
32.03
31.84
31.39
31.75
31.91
32.35
32.55
30.9
24.78
22.07
21.5
21.47
21.86
22.4
23.79
24.2
24.45
24.81
25
24.98
24.72
24.66
24.57
24.45
24.23
24.16
24.11
24.1
23.99
23.8
23.55
23.55
23.44
23.23
23.05
23.01
23.06
23.18
23.24
23.22
23.27
23.44
23.67
23.74
23.64
23.53
23.45
23.36
23.33
23.34
23.32
23.23
23.13
23.08
23.08
23.04
23.04
23.13
23.21
23.2
23.2
23.2
23.15
23.15
23.16
23.09
23.11
23.08
23.1
23.17
23.04
22.97
22.92
22.95
22.96
22.96
23.03
23.2
23.4
23.52
23.58
23.87
24.2
24.51
24.8
25.02
25.1
25.2
25.39
25.75
26.04
26.24
26.52
26.65
26.88
27.47
27.85
27.81
27.66
27.83
28.03
28.47
29.12
29.05
29.24
29.82
29.78
30.22
30.68
31.21
31.05
30.94
31.17
31.37
31.47
31.6
31.63
31.04
30.89
30.54
30.52
30.09
29.63
29.26
29.06
29.13
28.99
28.62
28.25
28.02
27.86
27.68
27.54
27.45
27.42
27.23
27.15
27.14
26.94
26.86
26.85
26.89
26.76
26.58
26.43
26.28
26.07
25.95
25.62
25.29
25.08
24.97
24.73
24.65
24.65
24.52
24.44
24.17
24
23.93
23.91
23.74
23.61
23.71
23.8
23.86
23.79
23.71
23.6
23.67
23.85
23.89
23.98
24.05
24.32
24.75
25.26
25.59
25.78
25.9
26.12
26.38
26.55
26.84
27.12
27.24
27.49
27.95
28.37
28.73
29.1
29.41
29.83
30.02
30
30.13
31.17
31.58
32.06
32.21
32.23
32.34
32.64
32.64
32.65
32.89
33.15
33.27
33.25
33.36
33.49
33.33
33.45
33.49
33.34
32.8
32.53
32.34
31.91
31.05
30.18
29.43
28.78
28.42
28.17
27.9
27.23
26.79
26.79
26.54
26.04
25.81
25.74
25.61
25.45
25.27
25.07
24.88
24.73
24.6
24.37
24.26
24.27
24.17
24.11
24.05
24.01
23.98
23.99
23.94
23.95
24.01
24.01
23.96
23.93
23.91
23.84
23.67
23.65
23.58
23.44
23.41
23.47
23.45
23.43
23.42
23.46
23.54
23.59
23.77
24.07
24.42
24.78
25.09
25.57
26.02
26.61
27.05
27.52
28.21
28.28
28.8
29.15
29.87
30.11
30.11
30.78
30.86
31.7
31.29
31.17
31.36
32.13
32.23
32.17
32.95
32.03
32.47
31.82
32.41
32.66
30.86
25.17
23.23
22.82
23
23.15
23.29
23.03
22.99
23.05
23.15
23.3
23.45
23.63
23.69
23.67
23.6
23.49
23.41
23.41
23.51
23.62
23.71
23.58
23.52
23.43
23.41
23.33
23.31
23.3
23.29
23.28
23.31
23.28
23.27
23.22
23.13
23.06
23.01
22.98
22.98
22.97
22.99
23.04
23.12
23.03
22.97
22.89
22.85
22.84
22.79
22.76
22.75
22.71
22.67
22.68
22.6
22.52
22.36
22.28
22.26
22.22
22.17
22.1
22.11
22.12
22.14
22.16
22.24
22.33
22.5
22.76
22.74
22.84
22.87
22.92
23.25
23.27
23.4
23.38
23.78
24.49
24.85
25.41
26.25
26.71
27.02
27.04
27.66
27.09
27.14
27.67
28.51
28
28.03
27.95
27.1
26.84
26.74
26.56
26.95
27.8
27.92
27.21
27.12
27.21
27.4
27.23
27.13
26.9
26.41
26.04
25.65
25.34
25.17
24.86
24.53
24.3
24.05
23.83
23.79
23.78
23.7
23.52
23.34
23.23
23.28
23.17
23.12
22.98
22.83
22.79
22.59
22.34
22.27
22.23
22.2
22.06
22.04
21.96
21.87
21.8
21.54
21.36
21.37
21.5
21.67
21.82
21.89
21.91
21.94
21.97
21.87
21.63
21.48
21.41
21.48
21.48
21.32
21.39
21.5
21.76
22.05
22.45
23.19
23.83
24.66
25.84
25.89
26.31
26.75
27.15
27.39
28.12
28.52
28.73
28.99
29.39
30.38
30.34
30.35
30.84
30.55
31.22
31.89
31.83
31.84
31.83
32.16
32.46
32.14
32.32
32.78
32.69
31.62
32.59
32.49
32.7
32.91
32.6
32.08
32.27
31.86
31.49
31.31
31.38
30.93
30.46
30.03
29.79
29.9
29.75
29.67
29.64
29.28
28.8
28.45
28.07
27.89
27.61
27.27
27.01
26.8
26.65
26.4
26.06
25.76
25.55
25.23
24.96
24.63
24.29
24.22
24.18
24.12
24.12
24.05
24
24.02
23.99
23.98
23.94
23.84
23.75
23.93
24.06
24.01
23.95
23.89
23.81
23.83
24.08
24.04
24.03
24.1
24.2
24.27
24.34
24.51
24.76
25.33
25.9
27.05
27.59
28.07
28.5
29.24
28.96
29.67
30.11
30.54
30.72
30.91
31.26
31.39
31.61
31.68
31.79
32.09
32.38
32.66
30.58
29.74
25.83
26.96
26.96
24.99
24.55
24.1
24.68
25.12
25.27
25.45
25.28
25.13
25.39
25.36
25.06
25.18
25.19
24.95
24.67
24.58
24.34
24.23
24.07
23.94
23.91
23.84
24.16
24.25
24.24
24.16
24.26
24.3
24.35
24.34
24.3
24.24
24.21
24.22
24.23
24.17
24.03
23.95
23.99
24.01
24.04
24
23.94
23.88
23.88
23.5
23.31
23.18
23.04
23
22.93
22.8
22.69
22.61
22.48
22.46
22.42
22.37
22.39
22.37
22.41
22.48
22.51
22.53
22.73
22.82
22.94
23.11
23.42
23.93
23.94
24.1
24.08
24.18
24.08
23.7
22.75
21.87
21.68
21.53
21.34
21.57
21.63
21.71
21.49
22
22.03
22.32
22.44
22.52
22.27
22.3
22.62
22.87
23.09
23
23.54
23.61
23.75
23.94
23.85
23.67
23.54
23.37
23.35
22.84
22.85
22.77
22.75
22.8
22.69
22.64
22.52
22.42
22.22
22.02
21.79
21.52
21.45
21.47
21.39
21.22
21.15
21.11
21.02
20.96
20.97
20.93
20.87
20.83
20.83
20.86
20.93
20.92
20.92
20.91
20.84
20.78
20.75
20.64
20.48
20.27
20.1
19.96
19.85
19.77
19.72
19.65
19.61
19.55
19.56
19.52
19.48
19.44
19.45
19.45
19.4
19.34
19.38
19.48
19.71
20.08
20.45
21.04
21.92
22.34
23.27
23.25
23.51
24.4
24.55
24.74
26
26.63
26.33
26.99
27.03
26.41
27.48
27.91
28.13
29.17
28.88
29.17
29.45
30.13
30.71
30.68
29.97
30.09
30.9
31.69
32.21
32.71
32.88
33.37
34.02
32.62
32.9
32.93
32.49
32.5
32.58
32.29
28.56
27.12
26.46
26.26
25.77
25.48
25.28
25.2
25.07
24.77
24.55
24.33
24.18
24.14
24.03
23.92
23.87
23.69
23.42
23.4
23.07
23.04
23.04
22.68
22.66
22.87
22.85
22.86
22.94
22.94
22.92
22.92
22.89
22.83
22.83
22.9
22.92
22.81
22.62
22.63
22.72
22.72
22.77
22.85
22.92
22.88
22.88
23
22.94
22.94
23.03
23.14
23.34
23.58
24.27
24.53
24.98
25.61
27.23
28.09
28.38
28.32
28.94
29.2
29.68
30.19
30.8
31.13
31.67
31.52
31.55
31.64
31.88
32.12
32.08
32.27
32.2
32.15
32.64
32.74
32.72
33.01
33.69
33.68
34.03
34.34
34.08
34.64
34.67
34.86
34.85
35.05
35.17
35.59
35.27
35.1
34.86
34.34
33.67
33.61
33.37
32.81
32.13
31.58
29.8
28
27.35
26.88
26.52
26.37
26.33
26.15
26.06
26.14
25.48
24.74
24.94
25.25
25.06
25.03
24.35
24.12
24.03
24.08
24.01
24.07
24.17
24.25
24.18
24.27
24.31
24.07
23.98
23.54
23.33
23.54
23.84
23.81
23.8
23.55
23.14
23.36
22.88
22.52
22.47
22.58
22.87
23.16
23.77
24.67
25.9
26.22
25.73
26.28
26.74
27.54
28.21
28.97
29.49
30
30.22
30.05
30.57
31.26
31.41
31.87
32.08
32.46
32.63
32.9
33.31
33.38
33.76
33.68
33.69
33.99
34.39
34.52
34.28
34.85
34.45
34.54
34.56
35.09
34.38
35.18
35.33
34.43
33.81
33.1
32.69
32.17
31.76
31.25
30.87
30.54
30.21
29.9
29.64
29.46
29.15
28.93
28.79
28.72
28.68
28.36
28.18
28.11
28.18
28
27.84
27.69
27.56
27.53
27.36
27.31
27.06
26.85
26.62
26.38
26.26
26.05
25.79
25.59
25.47
25.43
25.35
25.33
25.28
25.2
25.62
25.74
25.8
25.73
25.7
25.62
25.48
25.3
25
24.77
24.5
24.29
24.33
24.4
24.63
25.25
25.85
26.17
26.9
27.38
27.78
28.18
28.24
29
29.28
29.79
30.41
30.82
31.11
31.47
31.95
32.4
32.76
33.07
33.36
33.36
33.93
34.24
34.56
34.2
31.47
28.9
27.87
27.15
27.12
26.76
26.78
26.57
26.33
26.61
27.01
26.43
26.3
25.5
24.98
24.82
24.84
24.76
24.73
24.61
24.69
24.72
24.59
24.49
24.4
24.31
24.25
24.19
24.09
23.95
23.81
23.77
23.68
23.58
23.54
23.62
23.63
23.59
23.4
23.35
23.48
23.57
23.32
23.22
23.25
23.23
23.16
23.1
23.04
22.94
23.01
22.97
22.96
22.97
23.03
23.04
22.92
22.77
22.75
22.74
22.69
22.65
22.74
22.79
22.89
22.92
22.87
23.04
23.16
23.37
23.32
23.28
23.35
23.57
23.71
24.03
24.25
24.12
24.18
24.18
24.22
24.36
24.49
24.51
24.56
24.49
24.38
24.19
24.04
24.08
24.23
24.31
24.65
24.97
25.32
25.49
26
26.47
26.95
27.32
27.73
28.02
27.75
28.03
27.83
27.81
27.87
27.89
27.94
27.97
27.82
28.15
28.06
27.71
27.58
27.75
27.35
26.94
26.51
26.13
25.96
25.7
25.56
25.56
25.26
25.04
24.92
24.79
24.51
24.41
24.27
24.2
24.11
23.89
23.82
23.92
23.92
23.81
23.68
23.57
23.55
23.48
23.39
23.38
23.24
23.21
23.21
23.16
22.99
22.95
22.89
22.82
22.78
22.76
22.71
22.65
22.7
22.8
22.93
22.96
22.92
22.86
22.84
22.81
22.8
23.07
23.56
23.41
23.44
23.56
23.99
24.36
25.19
26.13
26.34
26.75
27.29
27.77
27.82
28.02
28.64
29.73
29.58
29.41
29.58
30.67
31.52
31.02
30.65
31.37
31.65
32.4
32.57
32.74
33.23
33.72
33.85
33.67
33.81
34.13
34.15
32.95
32.27
32.25
32.12
32.02
31.98
31.76
31.7
31.19
30.91
30.69
29.96
29.65
29.3
28.97
28.6
28.46
28.1
27.78
27.56
27.62
27.33
26.96
26.68
26.51
26.23
26.08
25.88
25.79
25.58
25.35
25.19
25.19
25.01
25.12
24.74
24.34
24.03
24.43
24.85
24.81
24.54
24.84
24.77
24.27
23.89
23.88
23.94
23.6
23.43
23.25
23.08
23.2
23.26
23.32
23.34
23.35
23.31
23.69
23.73
23.96
24.28
23.91
24.51
25.84
26.89
28.17
28.29
28.77
29.86
30.37
29.97
30.05
30.26
30.59
30.8
31.38
31.89
31.54
31.97
31.96
31.83
32.99
33.07
33.58
33.5
33.92
33.26
33.03
34
34.67
34.44
33.9
33.7
32.55
28.17
27.23
26.78
26.05
25.66
24.84
24.46
24.38
24.25
24.44
24.79
24.97
24.88
24.62
24.35
24.1
24
23.79
23.45
23.45
23.4
23.26
23.18
23
22.9
22.87
22.91
22.76
22.85
22.79
22.8
22.88
22.94
22.75
22.72
22.67
22.54
22.41
22.38
22.53
22.84
22.95
22.85
22.74
22.66
23.01
23.19
22.96
23.04
23.16
22.99
22.75
22.82
23.06
22.87
23.07
23.06
22.98
22.99
22.91
22.7
23.01
23.11
23.45
24.05
24.75
25.53
26.34
27.29
27.91
28.28
28.5
28.77
29.49
29.67
30.32
30.22
30.53
30.84
31.45
31.62
31.87
32.1
32.59
32.32
33.09
32.89
33.23
29.75
26.98
26.2
25.8
26.29
26.16
25.83
26.25
26.69
27.29
27.48
27.48
27.21
27.05
26.98
26.89
26.76
26.67
26.47
26.27
25.96
25.88
25.83
25.77
25.65
25.3
24.97
24.77
24.64
24.59
24.54
24.47
24.54
24.6
24.52
24.39
24.31
24.22
24.09
23.92
23.71
23.53
23.46
23.4
23.36
23.32
23.35
23.32
23.21
23.01
22.91
22.93
23.11
23.16
23.18
23.22
23
22.85
22.84
22.8
22.71
22.73
22.75
22.62
22.6
22.71
22.67
22.65
22.57
22.64
22.6
22.64
22.68
22.71
22.41
21.55
20.91
20.78
20.71
20.86
21.1
21.24
21.42
21.74
21.84
21.89
21.84
21.82
21.85
21.76
21.74
21.8
21.96
22.05
22.08
22.12
22.29
22.43
22.56
22.61
22.4
22.21
22.2
22.25
22.27
22.33
22.41
22.52
22.65
22.72
22.82
22.87
22.87
22.98
22.95
22.9
22.88
22.84
22.76
22.49
22.34
22.33
22.29
22.38
22.39
22.18
22.01
21.95
21.89
21.86
21.88
21.91
21.92
21.98
22.02
22.02
22.06
22.06
22.09
22.09
22.1
22.14
22.17
22.17
22.21
22.24
22.27
22.3
22.33
22.37
22.47
22.55
22.55
22.62
22.68
22.77
22.85
22.95
23
23.01
23.01
23.03
23.01
22.99
22.96
22.93
22.94
22.93
22.99
23.08
23.21
23.39
23.56
23.77
23.93
24.17
24.43
24.6
24.84
25.34
25.6
26.04
26.22
26.76
27.09
27.53
27.68
27.9
27.95
28.59
28.77
29.41
29.01
29.27
29.38
29.65
29.8
30.18
29.93
29.74
30.03
29.73
29.64
30.14
29.74
29.58
29.54
29.34
28.92
28.71
28.05
26.9
26.42
26.12
25.94
24.98
24.33
23.99
23.85
23.72
23.65
23.52
23.42
23.35
23.32
23.28
23.22
23.19
23.17
23.22
23.28
23.34
23.39
23.42
23.38
23.34
23.23
23.18
23.16
23.08
23.03
23.01
23
22.92
22.87
22.85
22.85
22.85
22.87
22.88
22.87
22.84
22.82
22.74
22.5
22.54
22.53
22.53
22.57
22.59
22.58
22.52
22.53
22.55
22.62
22.73
22.85
22.93
22.71
22.5
22.36
22.29
22.29
22.29
22.33
22.41
22.54
22.71
22.83
22.94
22.94
23.02
23.07
23.18
23.22
23.46
23.51
23.76
24.1
24.41
24.68
25.18
25.52
25.92
26.19
26.47
26.52
26.94
26.93
27.24
27.12
26.86
26.99
26.87
26.6
26.38
26.18
26.01
25.86
25.69
25.59
25.33
25.17
25.07
24.81
24.7
24.69
24.66
24.48
24.32
24.24
24.19
24.11
24.07
24.07
24.12
24.14
24.22
24.26
24.36
24.32
24.21
24.05
23.83
23.71
23.81
23.97
23.94
23.87
23.92
23.95
23.66
23.43
23.21
23.34
23.47
23.5
23.42
23.2
23.15
23.08
23.02
23.05
23.02
23.01
23.07
23.04
23.1
23.35
23.67
23.95
24.01
24.29
24.63
25.33
25.91
26.27
26.05
26.7
27.25
27.54
27.65
28.17
27.88
28.14
28.75
28.93
29.06
29.12
29.38
29.74
30.12
29.97
29.78
28.86
29.3
30.23
30.68
30.99
31.26
31.15
30.45
30.17
30.47
30.14
30.46
31.34
31.2
31.32
31.6
31.47
31.41
31.15
31
30.69
30.35
29.6
29.3
28.98
28.71
28.58
28.41
28.47
27.26
27.03
27.05
26.88
26.9
26.82
26.44
26.42
26.19
26.01
25.98
25.77
25.52
25.46
25.65
25.56
25.65
25.55
25.32
25.41
25.36
25.23
25.29
25.31
25.2
24.96
25.16
24.92
24.41
24.16
24.42
24.58
24.78
24.49
24.36
24.09
24.03
24.07
24.13
24.16
24.34
24.3
24.58
26.09
26.37
26.47
27.01
27.38
27.49
28.35
28.75
29.35
29.8
30.49
30.48
29.77
29.59
30.01
29.64
29.43
30.27
30.91
31.76
32.27
32.31
32.19
32.58
32.41
32.91
32.3
32.08
32.81
33.02
33.39
32.25
27.87
25.01
25.7
25.37
25.07
24.5
24.44
24.78
24.82
25.68
26.28
26.43
27.05
26.93
26.33
26.15
26.06
25.92
25.61
25.26
25.12
25.16
25.18
24.94
24.8
24.75
24.83
24.95
24.7
24.66
24.6
24.34
24.06
23.87
23.7
23.49
23.46
23.46
23.37
23.27
23.15
23.12
23.09
22.85
22.69
22.59
22.58
22.56
22.53
22.42
22.38
22.33
22.23
22.16
22.09
22.14
22.17
22.04
22.21
22.31
22.24
22.25
22.4
22.82
23.33
23.93
24.51
24.76
24.96
25.17
25.41
25.84
26.12
26.19
26.28
26.41
26.63
27.05
27.21
27.37
27.94
28.57
28.24
28.05
28.44
28.85
29.46
29.47
29.9
30.02
30.47
30.58
30.37
31.09
31.82
31.76
31.99
32.07
32.53
33.03
32.36
32.35
32.8
31.74
31.21
30.88
30.76
30.5
30.07
29.64
29
28.56
28.4
28.41
27.84
27.68
27.68
28.04
27.73
27.47
27.31
27.22
27.05
27.06
27.05
26.88
26.85
26.83
26.88
26.69
26.52
26.72
26.55
26.27
26.37
26.39
26.44
26.34
26.03
25.32
24.8
25.33
25.5
25.31
24.96
24.9
24.67
24.53
24.35
24.14
24.21
24.26
24.27
24.17
23.83
23.68
23.8
24.18
24.8
25.16
25.68
26.46
26.59
27.1
27.3
27.7
27.91
28.28
28.76
29.01
29.39
30.24
30.44
30.1
30.37
30.45
30.85
30.83
31.39
31.51
31.56
31.55
31.69
32.1
32.22
32.67
33.15
32.94
32.87
33.13
33.39
33.23
33.49
32.74
32.61
32.84
33.12
32.77
32.47
32.27
32.65
32.78
32.21
31.68
31.54
30.97
29.22
28.49
28.07
27.09
26.52
26.59
26.35
25.53
24.94
25.1
25.27
25.16
25.1
25.01
24.83
24.68
24.55
24.55
24.48
24.39
24.48
24.49
24.61
24.61