21.99
21.94
21.79
21.83
21.88
21.88
21.85
21.65
21.7
21.71
21.75
21.84
21.82
21.67
21.71
21.65
21.66
21.33
21.19
21.11
21.13
21.1
21.09
21.12
21.3
21.61
22.31
22.8
23.63
24.41
24.76
26.08
27.53
28.34
27.75
27.86
27.99
28.17
28.24
28.97
29.23
29.28
29.67
29.8
30.2
30.9
31.07
31.2
31.34
32.15
32.33
32.81
33.42
33.23
33.67
33.3
33.57
33.82
34.06
34.61
33.68
33.07
33.94
33.9
34.58
34.09
33.23
32.94
32.82
32.22
32.03
31.74
31.9
31.49
30.87
30.39
29.87
29.62
29.39
28.87
28.4
28.13
27.92
27.67
27.43
27.21
27.09
26.8
26.63
26.65
26.29
25.75
25.74
25.78
25.41
24.98
24.75
24.71
24.95
25.06
25.28
25.24
25.06
25.25
25.26
24.71
24.48
24.34
24.19
24.12
24.22
24.17
24.15
23.97
23.93
23.89
23.74
23.58
23.64
23.73
23.89
24.17
24.62
25.19
26.26
26.57
26.84
27.68
28.4
28.68
29.22
29.63
30.35
30.75
31.31
31.38
31.18
31.04
31.52
31.14
31.94
32.39
32.09
32.91
32.49
32.08
30.91
29.38
30.47
32.17
32.78
32.34
32.32
32.12
32.35
33.48
33.94
32.98
32.29
31.81
31.45
30.82
29.78
29.33
28.95
28.69
28.51
28.39
28.08
27.87
27.71
27.47
27.38
27.11
26.86
26.57
26.67
26.41
26.17
26.06
25.61
25.35
25.66
25.74
25.73
25.81
25.88
25.6
25.18
25.06
25.06
25.01
25.14
25.1
25.17
25.1
24.96
24.9
24.68
24.42
24.41
24.5
24.39
24.46
24.39
24.42
24.47
24.6
24.49
24.54
24.67
24.9
24.98
24.91
24.77
24.63
24.76
25.07
25.38
25.49
25.61
25.88
26.2
26.72
27.05
27.16
27.62
28.05
27.86
27.82
27.78
27.44
27.67
27.96
27.78
27.41
27.29
27.34
27.48
27.65
27.95
28
28.14
28.23
28.87
29.11
29.57
29.84
29.87
29.76
29.87
29.99
29.66
29.53
29.22
25.96
23.38
23.14
23.37
23.48
23.63
23.74
23.9
24.26
24.42
24.53
24.54
24.35
24.11
23.87
23.62
23.36
23.08
22.9
22.71
22.52
22.35
22.15
22.01
21.91
21.75
21.68
21.6
21.43
21.46
21.48
21.48
21.41
21.49
21.48
21.36
21.25
21.3
21.3
21.21
21.18
21.13
21.1
21.15
21.14
21.13
21.14
21.01
20.89
20.86
20.82
20.81
20.78
20.76
20.79
20.8
20.85
20.94
21.06
21.22
21.36
21.51
21.81
22.17
23.05
24.16
24.46
24.94
25.05
25.59
26.29
25.91
25.52
26.07
26.18
26.65
26.87
26.74
27.46
28.05
27.94
27.85
28.42
28.07
28.88
28.3
28.24
28.54
28.99
28.6
28.6
28.53
28.48
28.64
28.74
28.63
28.71
28.65
28.53
27.95
27.12
26.52
26.06
25.55
25.29
24.94
24.5
24.36
24.08
23.93
23.58
23.53
23.59
23.56
23.57
23.48
23.21
22.83
22.46
22.04
21.76
21.34
21.26
20.98
21.11
21.04
20.49
20.04
19.77
19.38
19.16
18.99
19
18.97
18.81
18.73
18.57
18.31
18.29
18.42
18.49
18.44
18.19
17.81
17.79
17.4
17.24
17.17
17.08
17.05
16.84
16.99
17.13
17.2
17.38
18.38
19.19
19.99
20.42
21.63
22.5
22.79
23.37
24.56
25.63
26.08
26.58
27.02
27.69
28.54
28.48
28.62
28.63
29.12
28.99
29.47
29.86
29.7
30.36
30.17
31.22
31.2
30.6
30.31
30.54
30.74
30.65
31.09
31.47
31.93
31.11
31.4
31.35
31.25
30.53
30.37
29.55
29.15
29.14
28.81
28.48
27.91
27.54
27.57
26.73
26.33
26.82
26.94
26.72
24.98
23.73
24.27
24.89
24.96
24.59
23.96
23.47
24.32
25.21
23.94
22.37
21.45
22.21
22.64
22.76
22.98
22.86
22.99
22.19
21.38
21.3
21.51
21.33
21.25
21.25
20.99
21.1
20.74
20.32
20.15
19.99
20.03
20.02
19.61
19.49
19.2
18.62
18.53
18.59
18.13
18.22
19.64
21.8
22.53
22.88
23.41
24.42
25.34
25.92
26.34
27.3
27.52
28
28.94
29.63
29.99
30.58
31.26
30.79
31.73
31.23
32.29
32.94
32.32
32.14
32.61
31.92
32.48
33.26
33.47
33.23
33.33
33.47
33.82
33.78
33.86
34.12
34.27
33.95
33.72
33.95
33.9
33.74
33.45
32.71
32.3
31.94
31.62
30.74
30.2
29.98
29.6
29.12
27.99
28.58
28.3
27.89
27.92
27.51
27.3
27.26
27.28
26.87
26.67
26.76
26.67
26.06
25.46
23.92
23.17
23.51
24
24.67
24.48
24.22
24.28
23.94
23.94
23.57
23.04
22.55
21.45
21
20.6
20.53
21.02
21.47
21.4
22
22.47
22.22
22.51
22.48
21.9
21.53
20.8
20.86
21.43
22.16
22.94
23.55
24.23
25.58
26.47
26.97
28.55
29.59
30.6
30.88
31.52
32.2
32.78
33.36
33.47
33.56
33.6
34.2
34.68
34.41
34.91
34.83
34.63
35.94
35.87
35.98
35.38
35.36
35.45
35.84
35.98
35.88
36.34
36.13
36.23
35.98
35.77
36.78
36.52
36.43
36.05
35.69
35.19
34.92
34.76
33.84
33.2
33.04
33.08
32.65
31.71
32.28
32.58
32.21
31.82
31.67
30.71
29.14
28.58
27.33
27.65
27.82
28.02
28.13
28.54
28.84
28.83
28.69
28.47
27.97
27.21
26.63
26.21
26.63
26.79
26.38
26.06
25.95
26.11
26.42
26.2
25.97
25.71
25.62
25.49
25.47
25.38
25.31
25.02
24.89
24.83
24.86
24.79
24.82
24.9
24.9
25.06
25.43
25.7
26.01
26.43
26.76
27.04
27.8
28.39
28.82
29.41
29.74
29.46
30.02
31.59
31.84
31.78
31.68
31.72
31.55
32.25
32.49
32.49
32.83
33.21
30.94
25.89
23.18
23.2
23.33
23.63
23.88
24.21
24.63
24.83
24.79
25.11
25.34
25.55
25.83
26.08
25.85
25.62
25.44
25.3
25
24.9
24.81
24.6
24.55
24.57
24.47
24.32
24.26
24.19
24.15
24.14
24.1
24.02
23.94
24.02
23.98
23.93
23.86
23.82
23.77
23.75
23.81
23.76
23.62
23.62
23.58
23.47
23.42
23.45
23.49
23.5
23.58
23.68
23.71
23.76
23.73
23.78
23.8
23.83
23.77
23.73
23.7
23.67
23.67
23.67
23.65
23.83
24.09
24.35
24.7
25.32
25.76
26.27
26.42
26.9
27.17
27.53
28.13
28.38
28.61
28.99
28.86
28.96
29.74
30.01
30.4
30.81
31.14
31.39
31.89
32.15
32.57
32.35
32.18
32.64
32.86
33.07
33.47
33.4
33.69
34.13
34
34.04
34.37
34.27
34.32
34.79
34.55
34.15
34.02
34.31
34.14
34
33.79
33.44
32.72
31.97
31.39
31.02
30.55
30.23
29.93
29.66
29.2
28.88
28.62
28.32
28.08
27.75
27.55
27.42
27.27
26.9
26.76
26.62
26.29
26.09
25.82
25.58
25.36
25.34
25.33
25.18
25.11
25.17
25.04
24.87
24.77
24.74
24.8
24.83
24.85
24.78
24.82
24.73
24.6
24.36
24.28
24.18
24.14
24.17
24.3
24.63
25.1
25.72
26.58
27.05
27.67
27.94
27.84
28.4
29.01
28.65
28.36
28.79
29.44
29.83
30.65
31.2
31.59
32.49
32.62
33.05
33.15
33.57
33.58
33.79
34.62
34.48
34.5
34.73
35.24
35.5
35.2
35.52
35.45
35.61
35.18
35.11
36.61
36.06
35.18
34.25
34.31
35.36
36.41
35.33
34.74
34.51
34.41
34.59
33.81
32.76
31.75
31.03
30.6
30.66
30.63
30.39
30.06
29.51
29.32
28.81
28.72
28.8
28.57
28.06
27.72
27.36
27.17
26.91
26.52
26.27
26.1
25.85
25.67
25.6
25.43
25.36
25.33
25.09
24.83
24.69
24.67
24.64
24.5
24.45
24.38
24.31
24.27
24.26
24.25
24.09
24.01
23.96
23.98
24.27
24.48
24.78
25.01
25.43
26.15
26.95
27.49
28.25
29
29.51
30.2
31.18
32.08
32.07
32.32
32.71
33.48
33.66
34
34.24
34.57
34.49
34.45
34.96
34.74
35.25
35.85
36.02
36.27
35.79
36.46
36.39
36.67
36.46
36.64
36.6
36.89
37.05
36.9
36.36
35.9
35.47
34.76
32.97
31.94
31.3
28.36
24.98
25.62
26.07
26.68
27.15
27.33
27.35
27.35
27.38
27.33
27.37
27.53
27.45
27.12
26.66
26.13
26.07
26.5
27.33
26.89
25.86
26.33
26.06
25.28
25.2
25.51
26.01
25.93
25.95
25.76
25.79
25.38
25.04
24.85
24.67
24.43
24.34
24.37
24.1
23.53
23.42
23.42
23.33
23.03
22.41
21.96
21.85
21.78
21.59
21.52
21.48
21.42
21.38
21.36
21.35
21.33
21.35
21.33
21.32
21.25
21.24
21.26
21.28
21.28
21.31
21.33
21.42
21.61
21.86
22.22
22.54
22.9
23.33
23.91
24.24
24.54
24.86
25.55
25.48
25.5
25.23
25.34
25.39
25.38
25.36
25.72
25.9
26.23
26.77
26.6
27.58
28.43
28.91
28.41
27.87
27.52
26.74
26.28
25.93
25.6
25.26
25.02
24.94
24.79
24.56
24.19
23.99
23.9
23.77
23.67
23.62
23.71
23.68
23.67
23.64
23.61
23.38
23.32
23.29
23.28
23.3
23.33
23.37
23.42
23.4
23.23
23.14
23.07
22.82
22.78
22.88
22.86
22.82
22.83
22.63
22.53
22.52
22.67
22.61
22.51
22.41
22.48
22.59
22.77
22.83
22.85
22.96
23.22
23.56
23.65
23.79
24.33
24.97
25.55
26.29
26.87
27.38
27.55
27.99
28.22
28.61
28.97
29.51
29.8
29.67
30.11
30.46
30.92
30.97
31.38
31.46
31.91
32.08
32.5
32.06
32.34
32.8
33.24
29.77
26.11
26.31
27.76
28.55
29.02
28.89
28.88
29.29
29.61
29.62
29.58
30.09
30.73
30.59
29.98
29.47
28.82
28.37
28.03
27.65
27.23
26.9
26.68
26.43
26.11
25.91
25.77
25.6
25.52
25.42
25.29
25.23
25.17
25.12
25.07
25.06
24.93
24.77
24.77
24.84
24.77
24.78
24.95
25
24.93
24.67
24.62
24.45
24.27
24.16
24.13
23.96
23.79
23.87
23.83
23.92
23.96
23.81
23.73
23.55
23.52
23.44
23.34
23.36
23.43
23.82
24.22
24.57
25.07
25.31
25.46
25.64
25.87
26.28
26.57
26.89
27.13
27.59
27.74
27.52
27.94
28.13
28.3
28.8
28.82
29.26
29.94
30.31
30.15
30.1
30.45
30.42
30.43
30.59
30.5
30.97
31.31
31.41
31.44
31.51
31.48
31.3
31
31.34
31.6
31.53
31.14
31.04
30.69
30.44
30.28
30.01
29.63
29.49
29.28
29.05
28.77
28.63
28.48
28.35
28.18
27.76
27.52
27.31
26.98
26.9
26.99
26.92
26.65
26.27
25.9
25.45
25.17
24.9
24.65
24.48
24.27
24.15
24.08
24.12
23.98
23.9
23.86
23.74
23.63
23.58
23.55
23.52
23.49
23.51
23.52
23.51
23.52
23.52
23.44
23.41
23.52
23.7
23.69
23.71
23.69
23.75
23.83
24.03
24.22
24.48
24.69
24.85
25
25.21
25.22
25.19
25.29
25.36
25.71
25.77
25.96
26.18
26.39
26.88
26.9
27.16
27.34
27.64
28.09
28.3
28.83
29.17
29.17
29.49
29.33
29.47
29.57
29.46
29.87
30.13
30.51
31.18
31.53
31.8
31.36
30.26
29.65
29.71
29.57
29.16
29.09
28.91
25.89
23.32
22.79
22.84
22.84
22.78
22.72
22.68
22.63
22.52
22.36
22.34
22.29
22.27
22.24
22.21
22.21
22.23
22.22
22.15
22.1
22.11
22.1
22.14
22.15
22.2
22.26
22.23
22.24
22.29
22.27
22.28
22.31
22.38
22.43
22.45
22.46
22.49
22.52
22.5
22.57
22.63
22.74
22.79
22.83
22.86
22.89
22.89
22.89
22.93
23.04
23.12
23.17
23.23
23.4
23.54
23.77
23.99
24.07
24.01
24.15
24.22
24.25
24.41
24.97
25.12
25.5
25.79
25.95
26.71
26.75
27.04
27.48
27.9
27.8
27.89
28.53
28.83
28.89
28.28
27.13
27.39
27.18
28.13
28.63
28.73
28.91
28.99
29.19
29.19
28.75
28.69
28.33
28.07
27.9
27.69
27.53
27.28
27
26.77
26.71
26.48
26.2
26.13
25.98
25.91
25.88
25.72
25.65
25.62
25.49
25.41
25.44
25.4
25.14
25.25
25.24
25.17
24.93
24.71
24.54
24.38
24.29
24.25
24.22
24.16
24.17
24.14
24
23.91
23.86
23.76
23.68
23.6
23.55
23.5
23.52
23.5
23.45
23.37
23.39
23.38
23.44
23.51
23.65
23.95
24.45
24.79
25.35
25.98
26.57
26.91
27.14
27.73
28.15
28.42
28.55
28.86
28.97
29.56
29.88
30.18
30.23
30.52
30.82
31.14
31.54
31.49
31.83
32.09
32.18
32.71
32.62
32.4
32.83
33.25
33.44
32.94
33.3
33.45
33.76
33.68
33.74
33.66
33.61
33.35
33.39
33.29
33.3
33.17
32.89
32.42
31.71
31.08
30.79
30.58
30.29
29.96
29.98
29.95
29.78
29.55
29.45
29.48
29.18
28.97
28.47
27.7
26.13
25.96
26.22
26.38
26.39
25.92
25.57
25.4
25.35
25.18
24.96
24.77
24.98
25.06
24.73
24.59
24.53
24.57
24.63
24.54
24.55
24.57
24.57
24.52
24.53
24.48
24.16
24.04
23.96
23.91
24.01
24.24
24.51
24.99
25.59
25.63
26.5
27.04
27.65
28.25
29.14
28.97
29.33
29.73
30.09
30.67
30.57
30.65
31.17
31.35
31.1
31.64
31.68
32.05
32.22
32.41
32.72
32.92
33.11
33.15
33.26
33.33
33.21
33.42
33.58
34.45
33.94
34.15
34.12
33.77
34.09
33.64
34.15
34.56
35.87
35.5
35.17
34.95
34.48
34.87
34.7
34.83
34.82
34.77
34.78
34.7
34.71
34.77
34.78
34.93
35.06
34.69
34.59
34.25
33.69
33.37
32.61
31.88
30.89
30.06
29.43
29.02
28.86
28.67
28.44
27.93
27.54
27.32
27.17
27.35
27.26
27
26.88
26.65
26.65
26.51
26.27
25.94
25.82
25.87
25.94
25.95
25.95
25.89
25.61
25.36
25.29
25.47
25.37
24.86
24.47
24.5
24.27
24.13
24.04
23.97
23.89
24.13
24.51
24.86
24.94
25.24
25.8
26.28
26.87
26.9
27.13
27.31
27.43
27.69
28.26
28.85
29.52
29.97
30.58
30.92
31.5
31.98
32.1
32.97
33.49
34.42
34.73
34.95
34.95
35.08
35.09
35.18
35.43
35.5
35.95
35.54
35.52
35.67
35.38
34.82
34.31
34.38
34.67
34.74
34.83
34.48
34.51
34.52
34.56
34.52
34.93
34.69
34.62
33.14
31.65
30.46
29.96
29.68
29.68
29.33
29.2
29
28.86
28.6
27.97
27.52
27.39
27.25
27.25
27.35
27.02
26.95
27.01
26.89
27.02
26.96
26.68
26.38
26.24
26.11
25.95
25.89
25.97
25.8
25.22
24.93
24.74
24.87
24.77
24.76
24.47
24.26
24.13
24.13
24.1
23.78
23.78
23.61
24
24.6
24.71
24.8
24.9
24.97
24.97
25.47
25.92
26.33
26.51
26.68
26.95
28.15
29.42
30.25
31.15
32
33.18
33.96
34.35
34.44
34.69
34.92
34.95
34.95
35.14
35.09
35.12
35.37
35.75
36.03
35.93
35.6
35.47
35.37
35.79
35.92
35.76
35.43
35.15
35.15
34.96
35.05
34.77
34.42
34.64
33.82
32.63
31.33
30.48
30.48
30.21
30.21
29.96
29.49
29.34
29.23
29.15
29.14
28.93
28.16
28.19
28.06
27.93
27.93
27.67
27.5
27.26
27.04
26.81
27.43
27.11
26.82
26.69
26.32
26.11
24.32
24.29
24.26
24.23
24.01
23.91
23.87
23.92
23.9
24.15
24.44
24.86
25.22
25.23
25.47
25.57
25.48
25.73
26.11
26.64
27.73
28.47
29.06
29.69
28.85
28.96
29.41
29.71
30.29
30.57
31.12
31.42
31.81
32.15
32.11
31.94
32.35
32.5
32.56
32.5
32.73
33.08
33.03
33.56
33.17
33.21
33.24
33.26
33.47
33.28
33.08
33.21
33.19
33.06
32.81
32.65
31.55
30.62
30.15
29.47
29.04
28.74
28.42
28.14
27.92
27.73
27.57
27.37
27.28
27.02
26.67
26.59
26.53
26.52
26.6
26.61
26.49
26.3
26.23
26.07
25.93
25.64
25.22
25.17
25.06
25.06
25.06
24.59
24.64
24.86
24.76
24.62
24.84
24.91
24.78
24.68
24.74
24.81
24.82
24.86
24.95
25.14
25.14
25.36
25.17
25.59
26.05
26.44
26.76
27.05
27.22
27.49
27.76
28.18
28.67
29.33
29.21
29.36
29.37
29.92
30.37
30.78
30.76
31.11
31.78
31.8
31.84
32.17
32.47
32.67
32.08
32.58
33.19
32.73
33.48
33.1
32.6
32.21
29.85
28.78
26.8
25.97
25.5
25.61
25.26
24.35
24.04
23.94
23.9
23.97
23.93
24.06
24.18
23.94
23.98
23.92
23.75
23.58
23.54
23.75
23.77
23.58
23.47
23.39
23.34
23.37
23.45
23.44
23.53
23.39
23.23
23.21
23.37
23.45
23.44
23.53
23.66
23.89
24.03
24.1
24.01
23.92
23.9
23.94
23.92
23.82
23.7
23.56
23.33
23.01
22.74
22.48
22.29
22.1
21.94
21.62
21.45
21.43
21.47
21.61
21.86
22.12
22.38
22.96
23.42
23.6
23.99
24.19
24.29
24.4
24.77
25.84
25.75
26.14
26.37
26.6
26.97
27.44
27.82
27.07
27.4
27.28
27.86
27.7
28.16
28
28.46
28.39
28.38
28.75
28.99
28.85
29.03
29.44
29.47
29.72
29.41
29.27
29.39
29.31
29.49
29.78
30.42
30.67
30.45
30.43
30.46
30.2
30.11
29.8
29.02
28.44
28.1
28.04
28.05
27.75
26.82
26.14
25.86
25.57
25.42
25.24
24.97
24.74
24.53
24.35
24.31
23.92
23.74
23.37
23.19
23.12
23.07
23.09
23.21
23.26
23.36
22.86
22.58
22.49
22.71
22.93
22.91
23
22.7
22.72
22.76
22.61
22.5
22.3
22.4
22.53
22.61
22.63
22.68
22.84
22.91
22.96
23.1
23.26
23.57
24.06
24.74
25.66
26.46
26.68
26.63
27.09
27.81
27.58
27.42
28.2
28.55
27.92
28
29.13
28.39
28.66
28.66
29.24
29.39
25.85
25.99
26.66
26.32
26.49
26.75
27.11
27.62
28.36
28.95
30.16
30.01
31.03
30.44
29.74
29.23
29.43
29.06
28.32
27.89
27.6
27.22
26.91
26.76
26.45
26.08
25.79
25.74
25.61
25.38
25.33
25.25
25.2
24.98
24.75
24.69
24.74
25.01
24.73
24.79
24.46
24.39
24.69
24.61
24.22
24
23.82
23.79
23.74
23.68
23.64
23.55
23.54
23.55
23.57
23.58
23.6
23.66
23.65
23.58
23.61
23.68
23.69
23.65
23.62
23.58
23.58
23.54
23.5
23.5
23.5
23.63
24.03
24.27
24.8
25.19
25.3
25.49
26.03
26.12
26.7
27.16
27.61
27.96
28.05
28.38
28.33
28.98
29.13
28.73
28.94
28.49
28.33
29.02
29.69
29.91
30.32
30.13
29.94
29.41
29.15
29.37
29.94
29.87
30.08
29.74
29.51
29.39
29.37
29.78
29.85
29.95
29.32
29.57
29.9
29.19
28.86
28.71
28.44
28.18
27.89
27.72
27.49
27.2
27.07
27.01
27.08
26.25
24.49
24.12
23.95
23.87
23.81
23.85
23.82
23.78
23.75
23.79
23.75
23.61
23.4
23.34
23.3
23.32
23.32
23.32
23.31
23.36
23.39
23.42
23.47
23.48
23.51
23.54
23.58
23.59
23.6
23.63
23.63
23.66
23.72
23.8
23.83
23.82
23.81
23.87
23.96
24
24.05
24.08
24.28
24.46
24.59
24.8
25.02
25.21
25.5
25.91
26.14
26.51
26.53
26.67
26.97
27.1
27.3
27.23
27.3
28.17
26.49
24.82
25.18
25.59
25.6
25.36
24.74
24.68
24.94
24.54
24.47
24.53
24.46
24.48
24.49
24.46
24.41
24.39
24.28
24.2
24.16
24.14
24.08
24
23.96
23.97
23.93
23.93
23.9
23.87
23.86
23.84
23.81
23.78
23.74
23.7
23.62
23.55
23.44
23.35
23.36
23.41
23.46
23.49
23.52
23.48
23.47
23.5
23.51
23.56
23.6
23.58
23.54
23.5
23.48
23.52
23.55
23.59
23.59
23.59
23.6
23.58
23.54
23.23
23.1
23.05
23.14
23.08
23.06
23.09
23.15
23.23
23.3
23.31
23.35
23.39
23.43
23.44
23.49
23.54
23.73
23.84
23.96
24.06
23.94
23.9
24.09
24.36
24.52
24.66
24.83
24.87
24.98
25.15
25.37
25.47
25.6
25.81
26.18
26.68
26.91
27.28
27.59
28.04
28.4
28.52
28.71
28.81
28.69
28.59
28.92
28.84
29.05
28.61
28.47
28.47
28.6
28.65
28.52
28.36
28.24
27.91
27.93
27.71
27.55
27.4
27.04
26.72
26.31
26.18
26
25.88
25.68
25.45
25.32
25.22
25.17
25.03
25.04
24.97
24.96
24.76
24.73
24.61
24.52
24.46
24.37
24.09
23.9
23.86
23.92
23.79
23.73
23.7
23.84
23.83
23.77
23.66
23.52
23.49
23.4
23.37
23.49
23.47
23.44
23.34
23.15
23.09
23.06
23.05
23.04
23.1
23.19
23.34
23.66
24.03
24.6
25.07
25.86
26.27
26.72
27.19
27.39
27.61
27.92
27.93
28.07
28.87
28.87
29.26
29.1
28.78
28.83
29.56
30.25
30.11
29.44
28.62
29.1
29.27
29.55
30.41
30.45
30.81
31.61
32.2
32.19
32
32.15
32.31
32.37
32.53
32.57
33.08
33.22
32.36
32.34
32.14
31.95
31.39
30.62
30.19
29.93
29.94
29.74
29.49
29.54
29.7
29.51
29.31
28.05
29.16
29.13
28.92
28.67
28.91
28.91
28.44
28.15
27.55
26.08
25.93
26.11
26.1
26.18
26.22
26.38
26.56
26.62
26.66
26.62
26.57
26.31
26.12
25.95
25.84
25.75
25.78
25.77
25.68
25.57
25.41
25.31
25.19
25.15
25.28
25.27
25.44
25.88
25.91
26.05
26.11
26.13
26.13
26.18
26.5
26.23
26.65
27.19
27.32
28.25
28.3
29.22
29.55
29.96
30.12
30.52
30.81
30.92
30.75
30.49
28.69
26.07
24.56
24.56
24.69
24.84
24.75
24.73
24.67
24.47
24.27
24.2
24.21
24.22
24.26
24.33
24.4
24.54
24.67
24.79
24.86
24.94
25.01
25.02
25.05
24.98
24.95
24.91
24.92
24.9
24.99
24.96
24.89
25.11
25.14
24.68
24.52
24.47
24.43
24.41
24.42
24.36
24.31
24.26
24.18
24.11
24.03
24.08
24.15
24.28
24.34
24.3
24.26
24.17
24.08
24
23.95
23.9
23.85
23.82
23.82
23.81
23.77
23.68
23.62
23.57
23.54
23.55
23.51
23.47
23.43
23.51
23.55
23.52
23.65
23.9
24.75
24.84
24.93
25.25
25.65
25.85
26.3
26.63
26.68
26.71
27.1
26.96
27.31
27.71
27.73
27.98
28.47
28.4
28.75
29.29
29.95
30.17
29.96
30.83
30.92
31.52
32.04
31.64
30.69
30.71
30.8
30.65
30.87
30.96
30.99
31.06
31.21
31.35
31.6
31.66
31.13
31.17
30.9
30.65
30.18
29.77
29.29
27.72
25.82
24.63
23.96
23.84
23.98
24.16
24.47
24.69
24.74
24.56
24.45
24.2
24.12
24.19
24.34
24.34
24.4
24.71
24.49
24.43
24.41
24.53
24.59
24.77
24.96
24.71
24.73
24.8
24.74
24.58
24.43
24.31
23.98
23.81
23.75
23.73
23.71
23.63
23.64
23.54
23.52
23.54
23.53
23.52
23.51
23.55
23.65
23.69
23.78
23.92
23.95
24.04
24.1
24.29
24.51
24.78
25.2
25.85
26.51
26.48
26.62
27
27.11
27.81
28.27
28.51
29.5
29.3
29.75
30.03
30.09
30.33
30.39
30.65
30.74
30.51
30.07
29.31
29.2
28.35
27.52
26.87
26.51
26.34
26.31
26.19
26.11
25.8
24.15
23.2
22.79
22.71
22.87
22.96
22.77
22.66
22.57
22.63
22.68
22.7
22.69
22.72
22.74
22.7
22.68
22.72
22.76
22.79
22.94
23.01
23.02
23.05
23.17
23.19
23.22
23.3
23.3
23.3
23.24
23.19
23.15
23.09
23.09
23.05
22.99
22.97
22.97
22.88
23.14
23.44
23.4
23.34
23.14
23.08
22.88
22.72
22.61
22.6
22.65
22.69
22.68
22.87
23.12
23.38
23.57
23.76
23.95
24.02
24.18
24.3
24.52
25.18
26.33
26.83
26.96
27.39
27.75
27.78
27.95
28.44
28.96
29.19
29.89
30.13
30.34
30.39
30.59
30.67
30.66
31.06
31.29
31.36
31.29
31.08
30.75
30.64
30.42
30.48
30.72
30.52
30.29
30.47
30.19
30.03
30.09
29.86
29.92
29.58
29.39
28.94
28.8
28.58
28.46
28.37
28.14
27.91
27.43
27.15
26.95
26.82
26.86
26.57
26.41
26.27
26.18
26.1
26.03
25.93
25.91
25.79
25.72
25.62