24.56
24.4
24.19
24.03
24.05
24.06
24
23.88
23.73
23.78
23.55
23.48
23.41
23.39
23.31
23.54
23.69
23.8
23.88
23.86
23.79
23.79
23.74
23.62
23.78
24.04
24.36
24.5
24.74
25.39
26.17
26.32
26.7
26.89
27.31
28.03
28.07
28.36
29.24
29.17
29.36
30.16
30.27
29.9
30.21
30.26
30.39
30.47
30.94
31
31.38
31.74
31.81
32.1
31.88
32.12
32.26
32.97
33.11
32.87
33.21
32.67
32.32
32.28
32.58
32.45
32.22
31.92
31.51
31.04
31.01
30.38
29.74
29.4
29.08
29.26
29.31
29.44
29.5
29.59
29.57
29.31
28.98
27.67
27.41
27.14
26.85
26.68
26.72
26.73
26.59
26.49
26.44
26.28
26.08
25.86
25.88
26.44
26.39
26
25.08
22.31
21.53
21.25
21.3
21.29
21.32
21.41
21.52
21.6
21.61
21.58
21.62
21.64
21.69
21.65
21.62
21.65
21.7
21.82
21.92
22.09
22.28
22.54
22.89
23.38
23.95
24.6
25.15
25.79
26.35
27.06
27.78
27.69
27.75
27.77
27.97
28.5
28.84
28.93
29.54
29.71
29.57
29.48
28.52
26.66
26.71
27.42
28.03
28.9
29.2
29.62
28.85
28.64
29.34
29.09
28.52
28.35
28.36
28.46
28.16
27.9
27.69
26.6
25.76
25.25
24.93
24.74
24.56
24.24
24.12
23.97
23.96
23.96
23.99
23.95
23.92
23.83
23.83
23.9
23.91
23.96
23.98
24.07
24.03
24.02
23.98
23.91
23.85
23.69
23.54
23.57
23.57
23.44
23.39
23.35
23.31
23.3
23.32
23.29
23.33
23.37
23.45
23.45
23.46
23.46
23.43
23.44
23.47
23.55
23.5
23.47
23.5
23.58
23.58
23.64
23.66
23.71
23.81
23.96
24.2
24.57
25.11
25.46
25.8
26.14
26.45
26.56
26.68
27.07
27.47
28.22
28.8
28.58
29.03
29.3
29.5
29.41
29.55
28.52
28.24
29.66
29.76
29.74
28.43
28.42
27.72
28.02
27.95
27.48
27.09
27.07
27.14
27.11
27.28
27.13
27.03
26.78
26.54
26.41
26.46
26.34
26.18
26.03
25.74
25.46
25.24
25.06
24.91
24.84
24.78
24.76
24.7
24.72
24.72
24.75
24.71
24.69
24.61
24.65
24.77
24.92
24.96
24.94
25.01
24.96
24.82
24.71
24.65
24.55
24.44
24.37
24.27
24.18
24.17
24.37
24.44
24.39
24.26
24.09
23.87
23.67
23.44
23.24
23.18
23.23
23.22
23.17
23.16
23.11
23.1
23.12
23.21
23.33
23.46
23.76
23.95
24.09
24.5
25.1
25.62
25.52
25.68
25.56
25.57
25.52
25.44
25.6
25.94
26.09
26
26.07
26.19
26.35
26.51
26.58
26.37
26.19
26.16
26.35
27
27.4
27.35
27.4
27.42
27.66
27.93
28.11
27.9
28.02
28.08
28.26
28.49
28.69
28.67
28.79
28.7
28.37
28.13
27.83
27.48
27.14
26.79
26.63
26.62
26.32
26.03
25.84
25.63
25.65
25.38
25.19
25.19
25.6
25.6
25.41
25.23
25.06
24.97
24.91
24.76
24.7
24.57
24.56
24.5
24.39
23.96
23.83
23.85
23.78
23.65
23.68
23.75
23.66
23.68
23.68
23.61
23.5
23.47
23.43
23.37
23.47
23.54
23.54
23.47
23.44
23.51
23.6
23.76
24.12
24.61
25.08
25.39
25.51
25.58
25.72
26.29
26.44
26.55
26.82
26.89
26.62
26.78
27.13
27.8
28.21
28.3
28.64
28.89
28.85
29
29.05
28.92
28.81
28.83
28.81
28.87
29.26
29.42
29.72
29.72
30.36
30.44
30.62
30.61
29.87
30.12
30.48
30.4
30.48
30.71
30.8
30.56
30.09
29.73
29.37
29.06
28.86
28.59
28.39
28.11
27.87
27.41
27.1
26.92
26.94
27.21
27.27
27.12
26.88
26.3
25.15
25.29
25.32
25.42
25.47
25.43
25.27
25.07
24.87
24.86
24.65
24.49
24.36
24.31
24.23
23.9
23.75
23.58
23.46
23.33
23.28
23.14
23
22.82
22.7
22.67
22.65
22.58
22.51
22.43
22.35
22.34
22.37
22.41
22.53
22.71
22.9
23.18
23.51
24.43
24.84
25.16
25.73
26.44
27.04
27.89
27.81
28.3
28.5
28.58
28.48
28.79
29.21
29.15
27.89
27.96
29.36
29.51
29.92
26.85
25.72
26.56
26.5
27.36
29.14
29.21
29.58
30.04
30.2
29.37
29.96
29.96
29.89
29.72
29.99
29.43
29.01
28.98
28.41
28.35
28.57
28.26
27.75
27.2
26.89
26.76
26.63
26.36
26.03
25.82
25.64
25.73
25.81
25.69
25.72
25.61
25.17
25.45
25.33
24.91
24.42
24.11
24.25
24.3
24.28
24.24
24.32
24.22
24.17
24.23
24.17
24.18
24.25
24.21
24.17
24.22
24.24
24.12
24.16
24.07
24.03
24.07
24.18
24.2
24.08
23.94
23.79
23.78
24.03
24.44
25.47
25.42
25.8
26.14
26.49
26.9
27.22
27.71
28.19
28.27
28.48
28.86
29.08
28.8
29.35
29.38
29.68
30.15
30.39
29.92
30.16
30.68
31.11
30.48
30.51
30.92
31.09
31.33
31.3
31.47
31.11
31.69
31.2
31.32
31.23
31.18
31.29
31.41
31.6
31.68
31.93
31.98
31.8
31.62
31.56
31.13
30.68
30.52
30.11
29.7
29.45
29.27
29.15
28.42
27.57
27.1
26.73
26.53
26.4
26.24
25.93
25.64
25.41
25.28
25.24
25.08
25.01
25.02
24.95
24.96
24.86
24.83
24.92
24.91
24.88
24.76
24.69
24.62
24.57
24.65
24.68
24.6
24.5
24.39
24.29
24.2
24.15
24.06
23.89
23.86
23.71
23.58
23.52
23.44
23.5
23.58
23.78
24.01
24.37
24.81
25.4
25.86
26.2
26.53
26.86
27.31
27.61
27.74
28.06
28.65
29.52
29.92
29.96
30.02
30.35
30.73
30.87
31.02
31.48
31.08
31.97
32.13
31.86
32.19
32.34
31.73
31.85
31.65
31.24
31.69
30.23
27.49
27.67
27.78
27.89
28.13
28.5
28.94
29.39
29.34
29.51
29.57
29.3
29.14
28.88
28.49
28.21
27.99
27.83
27.72
27.63
27.52
27.35
27.28
27.25
27.18
27.17
27.15
27.12
26.93
26.75
26.6
26.42
26.36
26.26
26.15
26.15
26.01
25.97
25.93
25.81
25.77
25.8
25.62
25.44
25.25
25.11
25.22
25.29
25.27
25.18
25.28
25.19
24.92
24.79
24.71
24.58
24.49
24.74
25.06
25.33
25.4
25.44
25.53
25.76
26.09
26.38
26.95
27.53
28.42
28.98
29.21
29.36
29.72
29.99
30.45
31.2
31.38
31.37
31.81
31.9
32.22
31.76
28.54
27.65
28.11
27.65
27.89
27.91
27.43
26.32
25.19
23.98
23.38
23.38
23.37
23.41
23.83
23.87
23.94
24.01
24.26
24.59
24.86
25.1
25.18
25.25
25.25
25.36
25.07
24.86
24.77
24.65
24.63
24.63
24.52
24.5
24.44
24.37
24.26
24.25
24.29
24.26
24.24
24.24
24.23
24.17
24.05
24
24.01
24.04
24.02
24.01
24.03
23.96
23.83
23.7
23.54
23.41
23.24
23.2
23.18
23.1
23.04
23.03
22.97
23.03
23.09
23
23
22.94
22.97
22.92
22.85
22.86
22.92
23.02
23.27
23.66
24.18
24.5
24.98
25.69
25.99
26.31
26.65
26.65
27.07
27.86
28.61
28.59
28.77
28.89
29.07
29.42
29.41
29.71
29.97
29.94
30.12
30.73
30.81
31.14
31.11
31.18
31.31
31.93
31.7
31.69
28.99
28.57
26.34
23.45
22.61
22.55
22.63
22.81
23.04
23.33
24.32
25.31
25.89
25.75
25.88
25.61
25.39
25.34
24.82
24.57
24.5
24.47
24.49
24.53
24.56
24.64
24.58
24.79
24.86
24.92
24.94
24.99
24.91
24.78
24.72
24.69
24.66
24.64
24.54
24.51
24.52
24.45
24.4
24.37
24.34
24.29
24.27
24.24
24.17
24.11
24.05
23.98
23.86
23.77
23.68
23.74
23.74
23.78
23.72
23.73
23.78
23.81
23.85
23.9
24.04
24.19
24.37
24.57
24.72
24.83
25.08
25.31
25.39
25.57
25.76
26.15
26.18
26.24
26.48
26.53
26.76
26.95
27.12
27.3
27.62
27.81
27.77
27.88
28.11
28.26
28.37
28.47
28.71
28.97
29.23
29.18
29.63
29.4
29.46
29.61
29.83
29.63
30.01
30.62
30.02
30.05
30
29.86
29.77
29.35
28.96
28.71
28.56
28.51
28.22
27.8
27.33
26.78
26.34
26.02
25.72
25.39
25.18
24.97
24.67
24.4
24.16
23.98
23.82
23.62
23.53
23.45
23.4
23.4
23.29
23.37
23.28
23.15
23.06
23.17
23.35
23.31
22.85
22.6
22.68
22.77
22.8
22.79
22.77
22.9
23.09
23.15
23.15
23.25
23.36
23.43
23.39
23.33
23.3
23.28
23.32
23.49
23.71
23.97
24.39
24.93
24.95
25.2
25.17
25.59
25.72
26.12
26.51
26.53
26.59
26.69
27.1
27.15
28.29
27.77
28.05
28.44
28.63
29.05
29.2
29.14
28.82
27.82
27.88
28.17
28.08
27.46
25.75
25.44
25.17
25.2
24.62
24.13
24.01
24.03
24.19
24.32
24.31
24.3
24.28
24.24
24.17
24.06
23.94
23.89
23.86
23.8
23.76
23.71
23.6
23.58
23.55
23.58
23.55
23.48
23.48
23.51
23.45
23.55
23.51
23.49
23.53
23.48
23.43
23.26
23.21
23.07
23.04
22.99
22.94
22.99
23.01
23.02
23.06
23.13
23.14
23.39
23.43
23.32
23.37
23.4
23.41
23.41
23.39
23.31
23.38
23.35
23.18
22.96
22.6
22.47
22.52
22.9
23.42
23.91
24.68
25.92
26.9
27.27
27.2
27.54
28.07
28.15
28.13
28.39
29.22
28.99
29.48
29.6
29.79
29.59
29.99
30.61
30.4
30.74
30.42
30.75
30.92
31.26
31.82
31.97
32.44
31.97
31.94
32.02
32.71
32.74
32.44
33.23
33.32
33.1
33.3
33.39
33.18
33.5
32.34
31.6
31.07
30.58
30.08
29.37
28.81
28.49
28.27
28.26
28.04
27.96
28.1
27.93
27.19
27.08
27.15
27.32
27.52
27.64
27.47
26.78
26.67
25.7
25.68
26.18
26.54
26.79
26.58
26.05
25.74
25.82
25.8
25.95
25.71
25.55
25.66
25.8
25.96
25.97
25.7
25.36
25.09
24.97
24.92
24.97
24.83
24.75
24.69
24.49
24.43
24.5
24.59
25.02
25.77
26.45
27.3
27.91
28.11
28.63
28.95
29.14
29.43
29.69
30.23
30.21
30.44
30.72
31.43
31.12
30.83
31.21
31.7
31.91
32.11
32.52
32.21
32.38
32.7
32.61
32.48
32.8
32.89
33.28
33.41
34.04
33.46
33.31
32.68
28.18
26.76
26.3
26.09
25.96
25.79
26.3
25.54
24.54
23.78
23.54
23.36
23.06
22.84
22.75
22.71
22.65
22.56
22.52
22.53
22.53
22.44
22.29
22.18
21.93
21.77
21.81
21.97
22.13
22.24
22.23
22.18
22
21.93
22
22.03
22.09
22.09
22.01
21.89
22
21.97
21.94
21.76
21.73
21.69
21.73
21.7
21.9
22.03
22.07
22.46
21.93
21.41
21.43
21.54
21.77
21.79
21.76
21.77
21.74
22.07
22.19
22.31
22.46
22.66
22.87
23.03
23.21
23.46
23.89
24.18
24.32
24.68
25.1
25.44
25.96
26.06
26.53
26.72
26.77
27.5
28.36
28.79
29.88
30.35
30.3
30.82
30.99
30.88
31.44
32.27
31.71
32.06
32.84
31.61
31.24
32.09
31.86
32.05
31.99
31.52
31.55
31.38
32.1
31.15
29.2
26.42
23.56
23.36
23.25
23.07
22.9
22.81
22.8
22.85
22.89
22.98
23.05
23.13
23.09
23.04
23.07
23.14
23.16
23.02
22.9
22.95
22.98
22.96
22.88
22.81
22.76
22.67
22.68
22.7
22.71
22.74
22.75
22.74
22.68
22.64
22.6
22.59
22.55
22.53
22.49
22.49
22.53
22.54
22.54
22.54
22.55
22.57
22.72
22.92
23.09
23.21
23.48
23.79
23.95
24.36
25.03
25.45
25.95
26.22
26.66
26.65
27.28
27.46
27.03
27.5
28.11
28.57
28.47
29.52
29.09
28.35
28.33
28.3
28.63
29.26
29.36
29.59
30.32
30.28
29.95
30.17
30.7
30.68
28.76
27.9
28.02
29.29
30.63
30.59
30.66
30.41
30.62
29.81
30.51
31.26
30.16
28.99
27.16
26.7
26.38
26.19
26.17
25.94
25.68
25.61
25.44
25.34
25.1
24.85
24.73
24.61
24.56
24.48
24.41
24.3
24.2
24.2
24.18
24.09
23.98
23.78
23.62
23.57
23.6
23.59
23.5
23.37
23.34
23.34
23.39
23.45
23.38
23.33
23.29
23.22
23.11
23
22.92
22.9
22.88
22.85
22.77
22.71
22.72
22.77
22.84
22.92
23.18
23.4
23.48
23.63
24.09
24.62
25.24
25.96
26.11
26.22
26.27
26.94
27.55
28.14
28.6
29.07
29.73
29.54
30.07
29.71
30.31
30.74
30.68
30.66
31.07
30.76
31.69
31.04
31.99
31.71
31.4
32.13
33.08
32.32
31.95
31.74
30.93
29.35
28.31
27.83
27.69
28.71
29.15
29.2
29.58
29.42
29.27
28.97
28.94
28.67
27.33
27.27
26.92
26.61
26.37
26.18
25.94
25.79
25.78
25.72
25.61
25.63
25.61
25.85
26.07
25.83
25.39
25.34
25.17
24.79
24.76
24.88
24.91
24.68
24.42
23.89
23.89
23.89
23.92
23.85
23.83
23.91
23.68
23.71
23.54
23.56
23.9
24.18
24.17
24.15
24.32
24.38
24.29
24.49
24.84
25.41
26.13
26.37
26.89
27.6
27.74
28.78
29.25
29.21
29.14
29.4
29.64
29.42
30.21
30.16
29.91
30.5
30.29
30.62
30.69
29.98
30.61
29.52
27.37
27.42
28.74
30.05
31.04
31.13
31.66
32.41
32.64
32.14
31.58
31.45
30.97
31.1
31.89
30.01
30.17
30.29
30.22
30.16
29.87
29.88
29.82
29.45
28.71
28.02
27.45
27.02
26.69
26.47
26.4
26.36
26.1
26.2
26.05
25.9
25.91
25.97
25.92
25.78
25.63
25.56
25.54
25.29
25.32
25.2
25.11
25.05
25.03
25.05
25
24.88
24.73
24.7
24.72
24.71
24.72
24.86
24.64
24.13
24.05
23.98
23.44
23.11
22.93
22.88
22.84
22.68
22.64
22.58
22.56
22.68
22.86
23.11
23.44
23.91
24.33
24.65
25.34
25.63
25.89
26.4
26.33
26.17
26.16
26.39
26.63
26.69
26.86
26.86
27.04
27.63
28.02
28.05
28.2
27.88
26.79
24.93
24.84
24.73
24.66
24.52
24.5
24.46
24.5
24.69
24.77
25.06
25.15
25.4
25.54
25.57
25.64
25.42
25.12
24.86
24.83
24.79
24.74
24.74
24.77
24.73
24.68
24.61
24.6
24.48
24.41
24.37
24.36
24.3
24.28
24.33
24.36
24.39
24.38
24.4
24.44
24.5
24.5
24.49
24.4
24.38
24.37
24.42
24.43
24.41
24.4
24.34
24.24
24.15
24.12
24.09
24.08
24.07
24.05
24.01
24.01
24.02
23.98
23.96
23.91
23.86
23.88
23.9
23.9
23.85
23.86
23.89
24
24.05
24.07
24.33
24.77
25.02
25.34
25.81
26.32
26.04
26.26
26.67
26.63
26.72
27.36
27.3
26.04
26.04
26.4
26.84
27.62
27.46
27.79
27.74
28.78
28.88
28.99
29.11
29.36
29.88
30.27
30.45
30.05
29.74
31.03
30.47
30.07
29.91
29.89
30.44
30.46
30.33
29.82
29.65
29.71
29.3
28.86
28.5
28.17
27.88
27.64
27.51
27.39
27.12
26.86
26.09
25.57
25.14
25.03
24.74
24.7
24.76
24.83
24.73
24.63
24.6
24.39
24.35
24.27
24.23
24.23
24.16
24.06
24
24.02
24.03
24
23.94
23.88
23.84
23.88
23.76
23.7
23.69
23.66
23.78
23.7
23.58
23.43
23.41
23.4
23.3
23.35
23.33
23.41
23.6
23.79
24.11
24.6
25.07
25.48
26.12
26.65
27.17
27.37
27.73
28.21
28.52
29.08
29.41
29.36
29.75
29.69
30.26
30.33
31.52
30.28
30.81
30.95
31.21
31.64
32.16
32.12
32.4
32.41
32.74
32.68
32.94
33.04
32.98
33.09
33.13
33.06
33.17
33.33
33.38
33.13
33.12
33.11
32.92
32.82
32.65
32.12
31.67
31.4
30.72
30.55
30.2
30.17
29.9
29.64
29.51
29.06
28.76
28.78
28.57
28.59
28.39
28.68
29.04
28.54
27.94
27.23
27.6
27.66
27.67
27.51
26.79
25.9
26.04
25.83
25.98
25.83
25.93
25.53
25.43
25.6
25.32
25.64
26.15
25.63
25.42
25.53
25.46
25.55
25.17
24.91
24.66
24.59
24.5
24.59
24.72
24.96
25.46
25.95
26.37
27.01
27.25
27.58
28.05
28.47
28.62
29.02
29.33
29.59
29.74
29.85
30.09
30.34
30.55
30.89
30.75
31.15
31.93
31.81
31.86
31.65
32.49
32.86
32.83
32.82
31.98
32.97
33.33
32.61
32.29
33.36
33.25
30.93
29.54
27.52
25.89
24.83
24.68
24.88
25.39
26.68
26.77
26.24
25.78
25.9
25.53
25.01
25.02
24.96
24.7
24.29
24.51
24.47
24.02
23.81
23.85
23.73
24.31
24.51
24.37
24.18
24.1
24.03
23.94
23.82
23.55
23.46
23.26
22.99
22.92
22.95
22.64
22.89
23.15
23.14
23.35
23.21
23.1
23.02
23.12
22.32
21.68
21.34
21.15
21.05
21.08
21.17
21.21
21.23
21.46
21.98
22.46
23.15
23.61
24.5
25.12
25.48
26.32
26.66
27.46
27.73
28.16
28.66
28.31
29.1
29.22
29.38
29.56
29.41
30.17
30.21
30.23
30.36
30.94
31.44
31.17
31.73
31.67
30.7
27.53
25.31
27.28
27.98
29.85
31.01
31.57
31.83
31.76
32.2
31.98
32.17
32.25
32.34
32.2
32.36
32.26
32.3
32.1
31.83
31.56
31.09
30.31
29.66
29.23
28.92
28.41
28.46
28.53
28.39
28.11
27.16
24.59
23.6
23.44
23.46
23.67
23.73
23.64
23.43
23.4
23.13
23.46
23.82
23.61
23.08
23.01
22.82
22.95
23.04
23.17
22.93
22.78
22.73
22.86
22.96
23.03
23.08
23.2
23.13
23.1
23.11
23.2
23.16
23.03
22.96
22.96
23.28
23.56
23.86
24.26
24.65
25.05
25.49
25.69
26.11
26.45
26.96
27.25
27.62
28.03
28.49
28.61
28.62
28.81
29.51
29.32
30.04
29.81
30.03
30.38
30.6
31
30.81
31.16
31.45
31.34
31.34
31.59
32.1
32.06
32.23
32.44
32.59
32.82
33.36
32.64
32.45
32.36
32.45
32.63
32.69
31.73
30.92
30.8
30.97
30.97
31
30.17
29.59
28.75
28.46
28.05
27.67
27.5
27.36
27.07
26.92
26.8
26.53
26.35
26.26
25.94
25.56
25.47
25.4
25.31
25.13
25.02
24.91
24.77
24.43
24.24
24.2
24.32
23.62
22.38
21.84
21.58
21.57
21.91
21.83
21.54
21.38
21.28
21.4
21.4
21.31
21.19
21.28
21.51
21.9
21.91
21.97
22.03
21.91
21.85
21.85
22.06
22.31
22.46
22.59
23.11
23.74
24.42
24.64
24.86
25.13
26.03
26.28
26.48
26.86
27.3
27.14
27.39
28.53
28.72
29.13
28.96
29.11
29.36
29.82
29.67
30.35
30.36
30.88
30.38
30.6
30.88
31.17
31.25
31.36
31.67
31.81
31.78
32.31
31.66
30.61
30.3
30.4
29.96
29.62
29.62
29.5
29.33
28.81
28.71
28.1
28.08
27.1
26.01
25.87
25.53
25.26
25.03
24.84
24.94
24.82
24.78
24.78
24.54
24.21
23.92
23.72
23.73
23.71
23.58
23.56
23.48
23.43
23.55
23.56
23.58
23.55
23.54
23.28
22.73
22.53
22.45
22.51
22.54
22.63
22.6
22.71
22.98
22.99
23.02
23.02
22.96
23.09
23.25
23.29
23.52
23.88
24.69
24.64
24.68
25.42
26.25
26.89
27.64
28.2
28.59
29.22
29.6
30
30.25
30.46
30.67
30.96
31.04
31.33
31.17
31.04
31.21
31.26
31.69
31.73
31.65
31.68
31.34
31.17
30.93
31.36
31.73
31.54
27.45
25.14
25.84
26.52
26.5
24.48
24.22
23.2
22.66
22.61
22.53
22.58
22.91
22.88
22.74
22.67
22.64
22.64
22.59
22.55
22.48
22.46
22.42
22.36
22.39
22.43
22.49
22.53
22.58
22.58
22.75
22.93
23.08
22.84
22.75
22.95
23.08
23.16
23.27
23.3
23.21
23.08
23.13
23.38
23.52
23.49
23.43
23.35
23.22
23.11
23
23
22.92
22.69
22.44
22.39
22.39
22.42
22.45
22.44
22.5
22.59
22.74
22.94
23.25
23.73
24.11
25.03
25.52
26.09
26.23
26.67
26.53
26.4
26.44
26.75
27.22
27.86
27.88
28.23
28.54
28.73
28.83
28.84
28.8
29.16
29.89
30.13
30.09
29.87
30.01
29.86
30.2
30.63
31.23
31.44
31.21
31.69
31.31
31.47
31.83
31.89
31.93
31.31
31.08
31.17
31.14
30.88
30.48
29.89
29.68
29.62
29.53
29.44
29.33
29.28
29.17
28.91
28.61
26.92
26.64
26.56
26.36
26.02
25.77
25.64
25.27
24.93
24.67
24.58
24.58
24.6
24.74
24.79
25
25.1
25.15
25.06
25.04
25.04
25.09
25.01
24.87
24.7
24.56
24.49
24.47
24.41
24.35
24.18
23.96
23.79
23.7
23.7
23.66
23.67
23.71
23.95
24.35
24.91
25.53
25.97
26.35
26.69
27.16
27.43
27.57
28.07
28.74
29.11
28.82
28.9
29.09
29.61
29.88
29.91
29.84
30.01
30.22
30.46
30.86
30.27
30.27
30.74
32.41
31.77
31.56
32.1
32.75
32.72
32.8
32.99
33.09
32.63
32.56
32.65
32.62
32.42
32.23
31.7
31.47
31.2
30.16
29.57
29.36
29.05
28.6
26
24.39
23.81
22.34
22.24
22.28
22.2
22.23
22.58
22.61
22.59
22.75
22.89
22.9
22.9
22.72
22.71
22.72
22.73
22.96
23.14
23.22
23.25
23.26
23.18
23.14
23.02
22.96
22.91
22.91
22.91
22.88
22.83
22.74
22.75
22.72
22.66
22.57
22.6
22.7
22.71
22.7
22.72
22.73
22.8
23.02
23.37
23.74
24.25
24.57
24.64
24.74
24.85
25.17
25.44
25.74
25.99
26.21
26.49
26.99
27.48
27.72
28.35
28.64
28.91
29.22
29.77
29.39
29.67
29.88
30.23
27.4
25.02
24.91
26.14
28.06
30.27
31.41
31.27
29.28
28.43
28.16
26.91
26.64
26.34
26.03
26.05
26.44
26.87
26.72
26.41
26.22
26.1
26.2
26.27
26.39
26.1
25.61
25.24
24.97
24.63
24.4
24.2
24.03
23.87
23.87
23.95
24
23.9
23.76
23.61
23.44
23.31
23.25
23.14
22.99
22.93
23.04
23.14
22.98
22.77
22.72
22.7
22.82
22.87
22.81
22.75
22.71
22.67
22.57
22.57
22.52
22.55
22.51
22.45
22.39
22.35
22.44
22.54
22.56
22.65
22.81
23.34
23.77
24.02
24.5
24.96
25.52
26.17
26.84
27.23
27.44
27.91
28.35
28.6
28.89
29.32
30.09
30.01
30.28
30.31
30.63
30.92
31.2
31.16
31.43
31.68
31.66
31.88
31.96
32.46
32.47
32.96
33.46
33.31
33.2
33.24
33.11
33.25
33.64
33.91
33.58
33.58
33.36
33.7
33.53
33.2
32.73
31.13
30.31
29.52
28.75
28.33
28.13
27.9
27.48
27.35
27.3
27.2
27.11
26.89
26.74
26.61
26.76
26.53
26.37
26.41
26.49
26.37
26.28
26.16
26.1
26.08
26.18
25.97
25.94
25.99
25.99
26.09
26.09
26.02
25.85
25.81
25.73
25.5
25.41
25.49
25.23
25.24
25.25
25.13
25.02
24.98
25.13
25.08
25.12
24.92
24.88
24.81
24.96
25.43
25.44
25.45
25.98
26.18
26.57
27.25
27.38
27.81
28.21
28.74
28.8
28.93
29.29
29.51
29.78
29.71
30.14
30.34
30.49
30.78
30.95
31.04
31.01
31
31.41
31.35
31.56
32.37
32.16
32.21
32.32
32.59
31.82
29.89
29.79
29.57
28.6
27.43
26.54
26.33
26.53
26.57
26.72
26.64
26.55
26.08
26.11
26.01
26.1
26.04
25.9
25.29
24.67
24.25
23.64
23.55
23.3
23.15
23.08
23.04
23.07
23.1
23.04
23.05
23.01
22.93
22.88
22.85