24.83
24.78
24.72
24.74
24.63
24.5
24.55
24.59
24.43
24.24
24.24
24.23
24.38
24.47
24.31
24.24
24.14
24.04
23.96
23.97
23.98
23.91
23.93
24.1
24.3
24.47
24.63
24.91
25.25
25.26
25.45
25.88
26.29
27.03
27.62
27.78
28.22
28.68
28.75
29.08
29.51
31.27
30.44
30.54
30.62
30.83
31.79
31.36
31.6
32.46
32.71
32.27
33.05
32.53
32.85
33.88
31.15
28.82
29.05
29.45
29.49
28.81
28.8
28.84
28.93
29.19
29.52
29.54
29.43
29.18
28.91
28.65
28.54
28.25
28.07
28.07
27.46
26.03
25.62
25.46
25.25
25.24
25.14
24.9
24.76
24.7
24.37
24.18
24.08
23.93
23.85
23.87
23.82
23.75
23.69
23.67
23.66
23.66
23.6
23.52
23.36
23.4
23.37
23.26
23.28
23.19
23.12
23.16
23.15
22.97
22.9
22.92
22.96
22.9
22.95
23.07
23.07
23.21
23.29
23.18
23.1
23.36
23.93
24.56
25.32
25.85
26.25
26.55
26.53
26.78
27.3
27.06
27.29
27.56
27.94
28.74
29.02
29.3
29.44
29.79
30.15
30.4
30.55
30.56
30.55
30.95
31.31
30.9
30.77
30.71
30.7
30.21
29.48
27.2
26.8
26.63
26.75
26.7
26.42
26.35
26.21
25.93
25.84
25.73
25.24
24.77
24.58
24.5
24.43
24.45
24.34
24.18
24.2
24.28
24.29
24.27
24.27
24.25
24.26
24.33
24.34
24.28
24.16
24.1
24.1
24.05
24.02
23.98
23.93
23.91
23.84
23.89
23.94
23.95
23.94
23.89
23.85
23.81
23.81
23.79
23.76
23.71
23.71
23.71
23.63
23.52
23.42
23.29
23.26
23.25
23.26
23.26
23.24
23.27
23.34
23.38
23.45
23.53
23.69
23.9
24.04
24.18
24.49
24.87
25.35
25.31
25.6
26.05
26.14
26.24
26.41
26.47
26.68
26.93
27.14
27.51
27.94
28.68
29.24
29.07
29.92
30.19
29.71
30.19
30.53
30.01
30.14
29.72
28.94
27.29
25.44
25.69
26.97
28.08
29.23
29.53
30.36
29.6
29.23
29.34
29.91
29.77
29.21
28.76
28.34
27.85
27.35
27.05
26.87
26.78
26.62
26.44
26.11
25.58
24.64
24.47
24.3
24.03
23.89
23.84
23.81
23.79
23.76
23.77
23.76
23.75
23.75
23.72
23.71
23.69
23.66
23.65
23.63
23.61
23.6
23.55
23.58
23.67
23.77
23.87
23.93
23.96
23.98
23.94
23.84
23.73
23.63
23.57
23.54
23.49
23.46
23.48
23.55
23.74
23.92
23.93
23.92
24.02
24.08
24.09
24.16
24.25
24.42
24.71
25.07
25.43
25.7
26.15
26.54
26.75
27.01
27.14
27.62
27.94
27.86
28.12
28.66
29.33
29.81
30.02
29.96
30.23
30.78
30.47
30.46
30.46
30.35
29.18
27.22
25.49
24.82
24.94
24.75
24.66
24.62
24.5
24.28
24.46
24.45
24.22
24.06
24.15
24.03
24.05
24.09
24.16
24.15
24.19
24.14
24.15
24.15
24.11
24.12
24.1
24.09
24.11
24.07
24.01
24
24.03
24.03
24.1
24.12
24.07
24.14
24.17
24.06
23.99
23.91
23.87
23.79
23.8
23.85
23.84
23.8
23.79
23.79
23.77
23.78
23.78
23.79
23.74
23.73
23.74
23.76
23.74
23.79
23.86
24
24.16
24.28
24.44
24.58
24.62
24.62
24.66
24.34
23.91
23.68
23.71
23.85
23.99
24.01
24.15
24.25
24.68
24.78
25.04
24.98
24.91
24.94
24.73
24.35
24.51
24.73
24.5
24.64
25.1
25.52
25.73
25.92
26.1
26
26.05
26.01
26.07
26.14
26.2
26.21
26.2
26.51
26.41
26.04
25.81
25.65
25.54
25.36
25.19
25.07
25.03
24.98
24.84
24.73
24.62
24.53
24.48
24.51
24.52
24.45
24.38
24.33
24.29
24.25
24.22
24.15
24.12
24.13
24.17
24.21
24.15
24.11
23.93
23.74
23.72
23.73
23.69
23.71
23.75
23.74
23.73
23.76
23.82
23.86
23.87
23.9
23.8
23.76
23.72
23.73
23.81
23.81
23.87
23.85
23.8
23.84
23.97
24.12
24.36
24.55
24.81
24.89
25.09
25.45
25.86
26.27
26.89
26.91
27.13
27.18
27.23
27.51
27.78
28.3
28.41
28.63
29.14
29.32
29.49
28.8
28.32
27.6
26.05
25.66
25.56
24.42
23.5
23.23
23.12
22.99
22.88
22.82
22.87
22.86
22.9
22.93
22.94
22.95
22.95
22.94
22.94
22.92
22.88
22.86
22.84
22.89
22.86
22.82
22.75
22.67
22.64
22.64
22.68
22.74
22.8
22.8
22.8
22.82
22.9
22.93
22.89
22.9
22.96
22.96
22.97
22.96
22.91
22.89
22.88
22.87
22.8
22.73
22.76
22.77
22.74
22.75
22.72
22.72
22.77
22.77
22.79
22.82
22.85
22.89
22.88
22.9
22.91
22.93
22.93
22.94
22.97
23.08
23.28
23.45
23.56
23.47
22.38
22.19
22.12
22.14
22.08
22.23
22.4
22.63
22.96
23.43
23.73
23.62
23.47
23.44
23.68
24.13
24.61
24.81
25.03
25.47
25.94
26.28
26.65
26.84
27.42
28.13
28.64
28.41
29.06
29.21
29.5
29.07
29.47
30.04
29.75
29.86
29.91
29.73
29.75
29.42
28.79
28.56
27.69
25.6
24.16
23.92
24.03
24.05
23.96
23.9
23.82
23.89
23.93
23.99
24.08
24.16
24.21
24.18
24.12
24.11
24.14
24.16
24.16
24.15
24.16
24.11
24.23
24.31
24.26
24.33
24.36
24.33
24.28
24.26
24.27
24.17
24.11
24.03
23.95
23.97
23.96
24
23.58
23.21
23.3
23.42
23.58
23.74
23.88
23.9
23.87
23.92
23.98
24.02
24.04
24.07
24.16
24.38
24.5
24.63
24.9
25.1
25.28
25.32
25.61
25.94
26.02
26.11
26.29
26.65
26.85
27.16
27.29
27.13
27.08
27.11
27.05
26.82
27.1
27.5
27.71
27.57
27.61
27.76
27.57
27.43
27.15
25.03
23.68
22.6
22.48
22.53
22.6
22.59
22.54
22.51
22.5
22.48
22.49
22.5
22.51
22.57
22.65
22.73
22.75
22.76
22.79
22.75
22.7
22.65
22.62
22.63
22.63
22.63
22.57
22.54
22.56
22.51
22.5
22.44
22.38
22.34
22.34
22.31
22.23
22.14
22.07
22
21.97
21.87
21.85
21.88
21.97
21.96
21.88
21.88
21.88
21.9
21.89
21.94
21.95
21.94
21.98
21.99
22.01
22.01
22.04
22.09
22.22
22.36
22.5
22.66
22.85
23.06
23.27
23.56
23.63
23.68
24.05
24.31
24.81
25
25.1
25.55
25.65
25.68
25.94
25.94
25.91
25.53
25.01
24.45
24.15
24.38
24.4
25.14
25.65
26.04
26.64
26.49
26.19
26.47
26.71
26.24
25.9
25.24
24.79
24.78
24.59
24.09
23.8
23.92
24.06
24.04
24.02
23.91
23.72
23.57
23.48
23.46
23.34
23.21
23.1
22.97
22.91
22.92
22.92
22.89
22.86
22.81
22.79
22.78
22.74
22.73
22.73
22.71
22.7
22.69
22.68
22.67
22.65
22.67
22.68
22.7
22.7
22.73
22.74
22.75
22.77
22.79
22.77
22.76
22.76
22.76
22.77
22.77
22.77
22.8
22.78
22.79
22.8
22.8
22.82
22.93
23.04
23.25
23.59
24.01
24.14
24.52
24.85
25.24
25.51
25.83
26.07
26.88
26.83
26.88
26.93
27.2
27.3
27.02
27.1
27.33
27.21
27.3
28.35
27.79
27.37
25.22
25.3
27.05
27.84
28.03
28.63
29.1
28.99
28.89
29.23
29.38
29.96
30.07
29.87
29.46
28.62
25.9
24.76
24.59
24.57
24.49
24.38
24.28
24.21
23.97
23.9
23.89
23.94
24
23.9
23.8
23.75
23.68
23.63
23.66
23.66
23.69
23.68
23.63
23.69
23.67
23.66
23.63
23.6
23.56
23.56
23.56
23.53
23.49
23.47
23.49
23.47
23.42
23.37
23.34
23.32
23.29
23.3
23.33
23.36
23.37
23.36
23.33
23.36
23.39
23.42
23.47
23.5
23.5
23.58
23.67
23.73
24.39
25.14
25.02
25.02
25.26
26.18
26.56
26.92
26.97
26.97
26.86
26.65
26.77
26.87
25.46
24.94
25.11
25.41
26.08
26.2
26.54
27.26
26.77
25.86
26.55
26.95
27.61
27.98
27.81
27.82
27.73
27.43
27.81
28.14
27.92
27.49
27.08
26.67
26.57
26.56
26.76
26.9
27.02
26.78
26.57
26.19
25.89
25.52
25.13
24.92
24.75
24.59
24.46
24.33
24.25
24.2
24.16
24.04
23.95
23.81
23.73
23.77
23.75
23.72
23.78
23.77
23.74
23.68
23.62
23.55
23.46
23.4
23.36
23.28
23.17
23.12
23.13
23.17
23.2
23.19
23.22
23.28
23.24
23.27
23.31
23.34
23.22
23.14
23.26
23.3
23.33
23.36
23.32
23.36
23.49
23.63
23.63
23.77
24.2
24.99
26.03
26.46
26.96
27.54
27.7
27.7
28.25
28.71
28.9
29.12
29.28
29.68
29.72
29.91
30.24
30.28
31.06
29.58
27.12
26.19
25.7
25.25
24.86
24.83
24.96
25.12
25.03
24.94
24.68
24.7
24.59
24.6
24.66
24.74
24.74
24.74
24.77
24.9
24.93
25.01
25.02
24.97
25
24.9
24.73
24.5
24.33
24.21
24.07
23.96
23.88
23.77
23.67
23.56
23.54
23.59
23.58
23.55
23.47
23.51
23.52
23.54
23.57
23.51
23.47
23.37
23.16
23.16
23.19
23.17
23.21
23.27
23.31
23.39
23.42
23.55
23.49
23.41
23.47
23.5
23.6
23.79
23.79
23.84
23.85
23.97
23.9
23.74
23.68
23.84
24.16
24.36
25.04
25.51
25.88
26.25
26.53
26.82
27.11
27.39
27.68
27.97
28.54
28.7
28.7
29.15
29.42
29.3
29.53
29.97
31.02
30.81
30.58
30.56
30.5
30.13
27.2
25.86
25.77
26.4
26.86
26.46
26.47
26.43
25.87
25.16
24.69
24.32
24.09
24.07
24.08
24.13
24.15
24.14
24.22
24.25
24.26
24.26
24.36
24.4
24.41
24.32
24.27
24.26
24.15
24.07
24.05
24.04
23.99
23.92
23.87
23.8
23.77
23.78
23.81
23.87
23.96
24.03
24.09
24.21
24.26
24.27
24.29
24.3
24.32
24.34
24.34
24.35
24.35
24.31
24.27
24.19
24.19
24.14
24.12
24.2
24.19
24.15
24.07
23.99
23.99
24
24.01
23.94
23.98
24.08
24.16
24.26
24.43
24.54
24.73
25.02
25.36
25.79
26.21
26.82
26.72
26.65
26.65
26.8
26.92
26.95
27.52
28.09
28.07
28.07
27.98
28.27
29.25
29.79
29.37
28.72
28.14
28.7
28.71
27.25
26.95
26.82
26.59
26.66
26.95
27.14
27.44
27.86
28.59
29.42
29.9
29.5
29.89
29.68
29.74
29.4
29.57
29.2
28.43
28.04
27.75
27.26
26.92
26.69
26.56
26.38
26.41
26.5
26.41
26.26
26.03
25.8
25.48
25.27
25.16
25.13
25.13
25.09
24.99
24.96
24.97
25.01
25
24.99
24.97
24.79
24.59
24.44
24.37
24.25
24.18
24.28
24.33
24.22
24.11
24.06
24.06
24.01
24.08
24.09
24.12
24.1
24.08
24.06
24.05
24.07
24.12
24.34
24.68
24.96
25.26
25.67
25.84
25.87
26.01
26.24
26.58
27.05
27.23
27.35
27.54
27.7
27.76
28.16
28.55
28.16
28.73
29.16
29.19
28.72
28.56
28.93
28.8
28.71
29.06
29.56
29.5
29.52
29.37
29.12
29.16
29.41
29.37
28.96
28.75
28.77
28.48
28.48
27.37
26.7
26.81
26.94
26.87
26.75
26.35
25.76
25.5
25.31
25.08
24.9
24.68
24.58
24.55
24.54
24.64
24.56
24.52
24.49
24.57
24.54
24.33
24.3
24.38
24.36
24.48
24.43
24.31
24.28
24.36
24.45
24.49
24.5
24.49
24.49
24.41
24.31
24.2
24.07
23.97
23.89
23.83
23.74
23.74
23.69
23.63
23.58
23.52
23.49
23.44
23.5
23.53
23.58
23.62
23.69
23.83
24.03
24.2
24.35
24.52
24.81
25.25
25.57
25.89
26.65
27.58
27.41
27.84
28.48
29.74
28.74
28.61
27.9
28.96
29.5
28.17
26.81
28
29.12
28.81
28.1
25.99
25.35
25.72
26.35
27.19
27.95
28.48
28.6
28.49
28.72
28.83
28.65
28.63
28.41
28.47
28.92
29.04
28.57
28.2
27.88
27.53
27.29
27.03
26.91
26.83
26.7
26.58
26.53
26.45
26.16
26.01
26.04
26.5
26.76
25.95
25.89
25.98
26.05
26.05
25.9
25.7
25.65
25.7
25.5
25.17
25.04
24.94
25.01
25.01
24.8
24.61
24.51
24.5
24.49
24.45
24.43
24.41
24.42
24.39
24.35
24.3
24.19
24.15
24.15
24.17
24.14
24.21
24.28
24.38
24.8
25.22
25.45
26.03
26.69
26.93
27.25
27.72
28.26
28.93
29.21
29.47
29.9
30.21
30.25
30.73
31.14
31.01
31.24
31.47
31.85
31.86
31.89
31.48
31.84
31.83
30.29
29.84
30.24
31.46
32.32
32.95
33.2
33.59
33.22
33.2
33.14
33.48
33.34
33.66
33.5
33.56
33.74
33.58
33.47
33.3
32.97
32.8
32.39
32.09
31.87
31.63
31.46
31.5
30.41
29.35
29.14
29.13
29
28.71
28.54
28.48
28.39
28.11
27.78
27.56
27.4
27.26
27.15
27.03
26.8
26.59
26.4
26.39
26.39
26.28
26.1
26.01
25.91
26
26.01
25.99
25.92
25.68
24.55
24.37
24.33
24.26
24.33
24.23
24.46
24.59
24.66
24.67
24.73
24.61
24.59
24.63
24.77
24.95
25.24
25.75
25.71
26.12
26.59
27.21
27.77
27.45
27.65
28.59
28.48
28.65
28.75
28.96
29.1
29.29
29.5
29.07
28.83
28.99
29.12
29.33
29.3
29.8
30.09
30.48
30.8
30.99
31.2
30.31
28.98
29.65
30.23
31.09
31.07
29.76
27.17
27
26.66
26.22
26.49
25.94
25.7
25.63
25.59
25.49
25.36
25.21
25.12
24.97
24.78
24.58
24.57
24.53
24.51
24.45
24.45
24.41
24.36
24.27
24.28
24.32
24.31
24.24
24.16
24.14
24.01
26.04
25.92
25.74
25.56
25.51
25.39
25.26
25.22
25.14
25.12
25.05
25.00
24.77
24.62
24.46
24.24
24.19
24.13
24.11
24.05
24.01
23.81
23.65
23.63
23.77
23.93
23.96
23.99
24.25
24.35
24.50
24.81
25.11
25.60
25.95
26.02
26.22
26.45
26.81
27.26
27.55
27.87
27.79
27.95
28.30
28.46
28.61
28.97
29.15
29.04
28.70
29.05
29.02
29.28
29.38
29.48
29.84
30.17
30.61
30.83
31.03
31.01
31.15
31.11
31.13
31.36
31.46
31.42
31.05
30.82
30.42
30.02
29.42
28.93
28.67
28.62
28.49
28.49
28.32
28.30
28.42
28.44
28.25
28.28
28.12
28.07
27.53
26.97
26.56
26.41
26.40
26.41
26.28
26.17
26.06
26.01
25.95
25.71
25.61
25.43
25.19
25.12
25.17
24.90
24.83
24.87
24.88
24.88
24.76
24.68
24.62
24.56
24.52
24.45
24.40
24.43
24.48
24.32
24.12
24.07
24.13
24.17
24.23
24.29
24.32
24.49
24.64
24.90
25.08
25.38
25.31
25.64
26.16
26.43
26.60
26.99
27.08
26.83
27.11
27.40
27.75
28.16
28.31
28.62
29.16
29.92
30.28
30.65
31.14
31.54
32.19
32.50
32.40
32.45
32.39
33.06
32.39
30.86
30.38
30.33
31.11
31.37
31.80
31.62
31.19
30.88
30.55
30.66
30.41
30.25
29.95
29.66
29.59
29.59
29.55
29.41
28.89
28.74
28.52
28.01
27.49
27.19
27.27
26.73
26.56
26.43
26.22
26.02
25.97
25.96
25.88
25.74
25.48
25.43
25.32
25.22
25.17
25.05
24.92
24.87
24.85
24.70
24.87
24.82
24.66
24.56
24.41
24.32
23.77
23.70
23.69
23.76
23.68
23.68
23.67
23.63
23.72
23.96
24.48
25.00
25.24
25.57
26.18
26.51
26.73
26.99
27.39
27.81
28.44
29.15
29.54
29.76
29.65
29.73
30.15
30.30
30.95
30.76
31.11
31.45
31.70
31.98
32.08
31.84
32.17
32.38
32.50
32.56
32.83
33.03
33.03
33.31
32.92
32.70
32.62
32.34
32.16
31.92
31.19
30.93
31.07
31.49
30.80
30.53
30.00
29.64
29.24
28.95
28.60
28.52
28.39
28.06
27.74
27.47
27.45
27.51
27.32
27.12
26.95
27.00
27.00
26.68
26.43
26.17
26.18
26.08
26.02
25.87
25.54
25.10
24.98
24.86
24.88
24.82
24.84
24.55
24.54
24.65
24.50
24.56
24.81
24.67
24.53
24.53
24.56
24.64
24.56
24.53
24.55
24.62
24.48
24.55
24.51
24.71
25.02
25.37
25.66
26.00
26.17
26.44
26.80
27.16
27.44
27.88
28.19
28.69
28.92
29.25
29.41
29.79
29.79
30.13
30.31
30.64
30.93
31.01
31.20
31.19
31.39
31.64
32.07
32.27
32.21
32.32
32.44
32.24
31.39
31.41
30.79
29.80
29.19
28.47
27.82
27.13
27.03
26.99
27.09
27.48
27.38
27.29
27.17
26.97
26.84
26.60
26.55
26.39
26.19
26.07
25.77
25.42
24.96
24.90
24.78
24.74
24.89
24.96
24.99
24.83
24.58
24.55
24.57
24.48
24.36
24.23
24.17
24.21
24.27
24.20
23.76
23.82
23.81
23.79
23.87
23.76
23.88
23.70
23.53
23.39
23.14
22.86
22.54
22.33
22.40
22.40
22.26
22.09
22.06
22.26
22.62
23.07
23.56
24.23
24.70
25.03
25.63
25.90
26.39
26.70
27.00
27.53
27.58
28.00
28.28
28.45
28.70
28.91
29.45
29.24
29.61
29.66
29.93
30.08
30.37
30.55
30.64
30.14
28.81
27.95
28.39
27.71
28.33
29.07
29.59
29.82
29.71
29.83
29.84
29.95
30.33
30.59
30.63
30.77
30.67
30.65
30.66
30.38
30.08
29.66
28.96
28.37
28.03
27.88
27.72
27.59
27.31
27.06
26.86
26.38
25.50
25.04
24.88
24.71
24.65
24.60
24.51
24.25
24.19
23.99
24.07
24.15
24.03
23.79
23.79
23.75
23.83
23.70
23.70
23.59
23.58
23.60
23.61
23.64
23.54
23.60
23.60
23.52
23.52
23.47
23.52
23.52
23.47
23.40
23.39
23.62
23.79
23.99
24.32
24.59
24.92
25.32
25.78
26.42
26.96
27.39
27.54
27.95
28.39
28.57
28.67
29.07
29.29
29.40
29.46
30.12
29.95
30.06
29.96
30.51
30.64
29.65
29.90
30.26
30.12
30.27
30.54
30.73
30.24
30.22
30.71
31.46
31.73
32.28
31.67
31.40
31.41
31.50
30.12
28.65
28.04
27.57
27.48
27.44
27.44
27.27
26.83
26.46
26.12
25.96
25.75
25.60
25.52
25.49
25.42
25.39
25.33
25.17
25.22
25.20
25.07
24.84
24.86
25.02
24.96
24.70
24.60
24.51
24.48
24.29
24.30
24.24
24.24
23.95
23.55
23.38
23.26
23.24
23.36
23.32
23.18
23.08
23.08
23.18
23.18
23.10
22.95
22.94
23.02
23.17
23.18
23.25
23.34
23.47
23.62
23.84
24.13
24.57
24.80
25.12
25.43
26.13
26.61
26.88
27.11
27.37
27.99
28.10
28.59
28.80
28.87
29.01
28.98
29.39
29.74
30.21
30.29
30.60
30.61
30.88
30.61
30.78
30.90
31.19
31.06
31.18
31.29
31.37
31.35
31.32
31.59
31.64
31.69
31.64
31.49
31.22
30.83
30.70
30.43
30.13
29.92
29.66
29.41
29.00
28.75
28.50
28.46
28.05
27.20
26.34
26.06
25.83
25.82
25.72
25.77
25.56
25.58
25.53
25.43
25.24
25.07
24.92
24.94
24.97
24.91
24.87
24.74
24.65
24.69
24.65
24.48
24.33
24.28
24.18
24.10
24.08
24.04
24.04
24.08
24.14
24.13
24.19
24.28
24.28
24.28
24.14
24.11
24.19
24.29
24.26
24.51
24.82
25.33
25.59
25.86
26.32
26.69
27.06
27.51
27.83
28.16
28.43
28.69
29.16
29.28
29.47
29.67
29.78
30.26
29.88
28.74
27.82
28.02
27.84
28.05
28.38
28.63
28.64
27.99
27.55
26.58
26.30
26.36
26.33
24.98
24.39
25.17
25.36
25.57
25.40
25.64
25.60
25.52
25.37
25.43
25.24
25.11
24.88
24.74
24.62
24.59
24.49
24.46
24.37
24.25
24.09
23.95
23.78
23.71
23.71
23.73
23.72
23.76
23.76
23.79
23.83
23.90
23.81
23.77
23.83
23.83
23.85
23.88
23.86
23.85
23.82
23.83
23.88
23.90
23.87
23.83
23.81
23.62
23.54
23.51
23.59
23.54
23.44
23.40
23.41
23.42
23.46
23.47
23.46
23.49
23.54
23.62
23.76
23.99
24.37
24.69
25.16
25.49
25.77
25.90
26.19
26.35
26.50
26.67
26.92
27.19
27.56
27.75
28.01
28.26
28.44
28.61
28.77
28.97
29.17
29.56
29.81
30.02
30.02
30.23
30.23
30.45
30.71
30.88
31.06
30.96
31.22
30.99
30.82
30.91
30.55
30.45
30.21
29.98
30.07
29.97
29.79
29.49
29.22
29.09
28.92
28.66
28.30
28.28
28.03
27.84
27.63
27.40
26.74
26.52
26.35
26.12
25.93
25.79
25.72
25.52
25.40
25.25
25.14
25.06
24.98
24.85
24.76
24.80
24.83
24.81
24.74
24.69
24.69
24.63
24.51
24.36
24.22
24.11
24.02
24.00
24.00
23.93
23.83
23.71
23.57
23.47
23.48
23.47
23.48
23.52
23.65
23.87
24.23
24.63
25.03
25.40
25.88
26.24
26.52
26.76
27.03
27.40
27.72
27.76
27.92
28.32
28.56
28.81
28.75
28.67
28.80
29.19
29.63
29.90
29.64
29.49
30.03
30.59
30.60
30.89
31.08
31.43
31.68
31.93
31.92
31.91
31.76
31.80
31.74
31.87
31.97
32.02
31.76
31.33
31.15
30.66
30.34
29.02
28.21
28.05
27.25
26.61
26.32
25.77
25.79
25.81
25.70
25.65
25.39
25.82
25.71
25.55
25.50
25.60
25.63
25.43
25.30
25.08
24.54
24.56
24.64
24.62
24.62
24.63
24.67
24.71
24.68
24.66
24.67
24.68
24.58
24.52
24.45
24.38
24.37
24.37
24.35
24.29
24.27
24.26
24.24
24.20
24.20
24.24
24.26
24.39
24.68
24.86
25.16
25.36
25.53
25.60
25.64
25.86
25.89
26.19
26.56
26.81
27.26
27.48
28.02
28.25
28.56
28.87
29.19
29.51
29.88
29.73
29.91
29.47
28.68
27.16
26.49
26.58
26.98
27.51
28.20
28.76
28.79
28.08
27.75
27.66
27.07
27.04
27.06
27.08
27.09
27.13
27.27
27.13
27.05
27.00
26.82
26.71
26.61
26.58
26.40
26.17
25.97
25.83
25.64
25.51
25.46
25.31
25.08
25.00
25.00
25.00
24.93
24.84
24.75
24.61
24.49
24.40
24.32
24.20
24.15
24.20
24.29
24.24
24.13
24.06
24.01
24.00
23.98
23.93
23.86
23.82
23.79
23.76
23.76
23.69
23.64
23.58
23.53
23.48
23.45
23.46
23.48
23.51
23.61
23.72
23.89
24.10
24.45
24.99
25.21
25.46
25.86
26.30
26.71
27.15
27.57
27.96
28.07
28.29
28.36
28.72
28.82
28.91
28.99
29.26
29.36
29.58
29.88
30.23
30.42
30.36
30.79
30.86
31.20
31.33
31.43
31.27
31.35
31.34
31.33
31.50
31.51
31.74
32.11
32.09
32.09
32.01
32.10
31.83
31.71
31.41
30.69
30.14
29.60
29.09
28.41
27.70
27.29
26.97
26.88
26.88
26.86
26.22
25.57
25.35
24.99
24.89
24.68
24.62
24.68
24.82
24.85
24.87
24.96
24.85
24.82
24.84
24.83
24.87
24.98
25.05
24.99
24.95
24.88
24.75
24.66
24.57
24.45
24.29
24.26
24.13
24.11
24.11
24.04
24.02
23.97
23.99
23.99
24.02
23.97
23.97
24.01
24.13
24.36
24.47
24.59
24.86
25.14
25.42
25.82
26.17
26.49
26.80
27.30
27.68
27.75
28.15
28.46
28.75
28.97
29.20
29.47
30.02
30.05
30.25
30.42
30.44
30.53
30.29
29.68
28.64
28.68
28.54
28.30
28.29
28.11
27.59
26.78
26.66
26.55
26.29
25.91
25.61
25.47
25.00
24.73
24.65
24.60
24.61
24.50
24.41
24.33
24.32
24.31
24.29
24.10
23.85
23.68
23.48
23.43
23.36
23.35
23.33
23.31
23.38
23.41
23.38
23.36
23.35
23.32
23.30
23.31