26.39
26.03
25.88
25.75
25.53
25.38
25.35
25.33
25.28
25.21
25.2
25.2
25.2
25.11
25.07
25.21
25.22
25.1
24.97
24.89
24.81
24.75
24.72
24.67
24.73
24.84
25.1
25.51
25.82
26.17
26.38
26.68
26.89
27.46
27.87
28.36
28.74
29.27
29.55
29.89
30.09
29.79
30.19
30.67
31.26
31.37
31.32
31.51
31.98
32.01
31.9
32.08
32.52
32.54
32.97
32.98
33.09
33.28
33.3
32.88
32.87
33.17
29.33
26.47
25.22
24.58
24.74
25.02
26.62
27.15
26.57
26.26
26
26.02
26.13
26.12
26.21
26.38
26.47
26.37
26.28
25.92
25.98
25.99
26.01
25.98
26.01
26.09
26.01
26.07
26.06
25.99
26.03
26
25.9
25.82
25.77
25.77
25.9
25.8
25.8
25.71
25.76
25.87
25.74
25.54
25.41
25.48
25.43
25.28
25.3
25.41
25.27
25.47
25.83
25.74
25.58
25.44
24.61
24.47
24.49
24.59
24.67
24.93
25.26
25.66
26.06
26.18
26.49
26.67
26.89
27.26
27.82
27.81
28.19
28.88
29.4
30.14
30
30.67
30.92
30.71
30.95
31.18
31.61
31.52
31.7
31.95
32.37
32.29
32.64
32.09
32.59
33.16
33.18
33.24
33.43
33.04
32.16
30.57
29.18
28.28
27.68
25.24
23.48
23.19
23.21
23.13
23.11
22.99
23.08
23.22
23.4
23.37
23.27
23.35
23.4
23.5
23.47
23.41
23.45
23.5
23.46
23.49
23.47
23.36
23.29
23.22
23.16
23.16
23.19
23.19
23.17
23.19
23.23
23.26
23.2
23.15
23.11
23.08
23.08
23.1
23.1
23.1
23.18
23.22
23.19
23.17
23.14
23.2
23.28
23.37
23.3
23.28
23.43
23.39
23.38
23.34
23.08
22.8
22.7
22.63
22.56
22.59
22.72
22.72
22.7
22.73
22.8
22.93
23.15
23.37
23.58
23.8
24.14
24.54
24.96
25.41
25.71
25.84
26.28
26.28
26.46
26.58
26.88
27.33
28.02
28.41
28.85
29.11
29.71
29.79
29.89
29.64
29.19
29.75
29.93
29.85
30.62
30.71
30.75
30.31
29.62
29.01
28.63
28.69
28.57
28.46
28.16
28.06
27.67
27.65
27.65
27.46
27.29
27.24
27.16
26.86
26.68
26.74
26.51
26.28
25.71
24.6
23.66
22.74
22.37
22.36
22.31
22.29
22.27
22.26
22.27
22.27
22.3
22.32
22.39
22.41
22.39
22.36
22.46
22.59
22.77
22.84
22.9
22.9
22.88
22.88
22.89
22.94
23.06
23.15
23.24
23.27
23.3
23.35
23.41
23.46
23.48
23.53
23.55
23.59
23.61
23.64
23.64
23.65
23.63
23.58
23.54
23.57
23.59
23.62
23.67
23.75
23.81
23.86
23.88
23.9
23.94
23.97
23.98
24
23.94
23.89
23.85
23.88
23.84
23.81
23.8
23.92
23.92
24.04
23.97
24.12
23.97
23.89
23.84
23.76
23.73
23.69
23.7
23.7
23.7
23.68
23.61
23.56
23.48
23.45
23.47
23.46
23.46
23.5
23.53
23.53
23.52
23.55
23.55
23.56
23.59
23.64
23.65
23.62
23.61
23.63
23.63
23.64
23.64
23.59
23.54
23.51
23.46
23.4
23.33
23.29
23.24
23.23
23.22
23.22
23.23
23.21
23.22
23.22
23.21
23.22
23.21
23.23
23.28
23.35
23.43
23.58
23.76
23.92
24.15
24.42
24.63
24.93
24.94
24.99
25.19
25.57
26.03
26.26
26.72
26.92
27.19
27.55
27.67
27.95
28.22
28.66
28.85
28.61
27.5
27.51
28.19
27.99
28.79
29.64
30.29
30.56
30.61
30.99
31.27
31.52
31.34
31.25
31.41
31.62
31.79
31.51
31.71
31.55
31.64
31.44
31.14
30.84
30.63
30.38
30.13
30.14
29.56
28.94
28.51
28.11
27.86
27.71
27.64
27.4
27.08
26.75
26.69
26.63
26.53
26.4
26.19
25.97
25.9
25.86
25.88
25.85
25.82
25.76
25.72
25.72
25.76
25.85
25.72
25.47
25.22
24.93
24.63
24.41
24.34
24.41
24.45
24.49
24.54
24.56
24.56
24.6
24.61
24.62
24.65
24.67
24.75
24.87
25.04
25.16
25.39
25.62
25.9
25.86
25.65
25.52
26.28
26.78
27.18
27.72
27.86
28.09
28.47
28.88
27.05
26.82
27.87
28.65
29.35
28.64
29.07
29.46
29.8
29.75
29.54
29.58
29.8
28.27
28.85
29.3
29.43
29.45
29.65
28.22
28.13
28.63
28.49
28.92
27.72
26.63
26.75
26.96
27.26
27.09
26.62
26.4
26.36
26.33
26.24
26.21
26.18
26.13
26.12
25.96
25.86
25.73
25.64
25.57
25.36
25.13
24.96
24.95
25.06
25.09
25.09
24.87
24.76
24.6
24.44
24.33
24.2
24.1
24.01
23.92
23.84
23.82
23.72
23.69
23.71
23.73
23.64
23.44
23.35
23.31
23.31
23.31
23.29
23.27
23.23
23.22
23.21
23.22
23.21
23.25
23.34
23.43
23.6
23.81
24
24.29
24.64
24.68
24.92
25
24.95
24.82
24.7
24.64
24.6
24.41
24.23
24.06
23.91
23.77
23.63
23.69
23.83
23.84
23.85
23.98
24.19
24.24
24.23
24.26
24.22
24.22
23.98
23.87
23.78
23.86
23.97
24.09
24.1
23.99
23.96
23.91
23.89
23.83
23.79
23.71
23.64
23.64
23.68
23.69
23.65
23.55
23.45
23.39
23.33
23.28
23.22
23.21
23.19
23.18
23.16
23.07
23.02
23.1
23.17
23.09
23.07
23.09
23.11
23.1
23.3
23.29
23.13
23
22.87
22.81
22.85
22.9
22.92
22.89
22.82
22.74
22.65
22.61
22.63
22.58
22.53
22.53
22.52
22.59
22.65
22.68
22.72
22.78
22.8
22.89
23.08
23.32
23.49
23.74
24.07
24.46
24.96
25.3
26.02
26.78
27.05
27.6
27.9
27.4
27.57
27.27
27.53
27.97
27.9
28.41
28.33
28.35
28.89
29.29
29.46
29.75
30.14
30.47
30.26
30.6
30.4
30.3
30.58
31.8
30.86
30.95
30.97
30.86
29.78
28.48
27.99
27.93
28.36
27.65
27.41
26.96
26.11
25.6
25.42
25.09
24.88
24.79
24.76
24.57
24.24
24
23.84
23.71
23.59
23.61
23.63
23.54
23.56
23.56
23.61
23.83
23.82
23.74
23.79
23.9
23.83
23.69
23.56
23.45
23.38
23.33
23.37
23.31
23.25
23.15
23.11
23.04
23.01
23.01
23.04
23.07
23.07
22.98
22.86
22.84
22.95
23.01
23
23.07
23.26
23.25
23.48
23.91
24.57
25.05
25.66
26.21
26.92
27.54
28.09
27.7
28.28
28.72
28.44
28.96
29
28.87
29.74
29.85
29.08
30.43
30.69
31.02
30.61
31.02
31.32
31.27
31.59
31.69
31.43
32.05
32.04
32.12
32
32.1
30.94
30.52
29.64
29.54
28.19
27.66
27.14
27.08
27.25
27.49
27.65
27.67
27.39
27.16
26.78
26.36
25.57
24.72
24.65
24.56
24.47
24.62
24.29
23.87
23.59
23.63
23.7
23.73
23.82
23.81
23.81
23.81
23.75
23.76
23.71
23.64
23.61
23.54
23.53
23.56
23.52
23.49
23.42
23.33
23.31
23.3
23.34
23.33
23.35
23.34
23.33
23.33
23.32
23.4
23.33
23.24
23.27
23.3
23.27
23.29
23.4
23.52
23.74
23.99
24.24
24.44
24.68
25.05
25.23
25.56
26.13
26.67
27.11
27.19
27.73
27.96
28.06
27.93
28.01
28.32
28.61
29.06
28.92
29
29.13
28.86
29.07
29.19
29.5
29.46
29.76
29.66
29.8
29.77
29.76
29.81
29.97
30.01
29.73
29.46
29.45
29.37
29.16
28.34
25.56
23.92
23.59
23.64
23.75
23.78
23.78
23.86
24.05
24.09
24.27
24.76
25.15
25.42
25.34
25.25
24.99
24.91
24.79
24.67
24.65
24.64
24.56
24.51
24.38
24.29
24.16
24.07
23.94
23.86
23.68
23.56
23.54
23.51
23.03
23.1
23.1
23.01
22.88
22.96
23.09
23.11
23.04
22.98
22.93
22.93
22.93
22.93
22.92
22.93
22.95
23
23.03
23.06
23.08
23.13
23.18
23.25
23.35
23.47
23.64
23.76
23.75
23.91
24.12
24.4
24.81
25.2
25.37
25.5
25.64
25.95
26.46
27.14
27.12
27.25
27.58
27.99
28.23
28.52
28.92
28.99
29.12
29.37
29.88
29.8
29.89
29.93
29.88
29.97
29.88
29.7
29.58
29.22
29.03
28.8
27.04
26.11
25.71
25.48
25.35
25.23
25.74
25.9
25
24.92
24.84
24.71
24.53
24.39
24.55
24.88
25.07
24.97
24.6
24.39
24.17
24.15
24.2
23.99
23.86
23.72
23.76
24.1
24.51
24.17
23.95
23.86
23.77
23.77
23.68
23.79
23.88
23.9
23.91
23.9
23.99
24.08
24.07
23.96
23.92
23.91
24.01
24.04
23.99
23.93
23.89
23.92
24.01
24.27
24.47
24.73
25.06
25.35
25.59
25.73
25.84
25.85
25.83
25.92
26.1
26.47
26.62
26.4
26.23
25.88
25.14
25.06
25.13
25.47
25.94
26.13
26.26
26.61
27.2
27.45
28.14
28.58
28.53
28.7
28.9
28.6
28.37
28.65
28.94
28.71
28.84
28.73
26.14
25.68
25.83
24.9
23.92
22.82
22.39
22.09
21.94
21.93
21.97
21.96
21.88
21.82
21.81
21.71
21.64
21.59
21.6
21.6
21.53
21.5
21.54
21.61
21.62
21.61
21.61
21.63
21.63
21.66
21.71
21.75
21.77
21.81
21.81
21.83
21.83
21.84
21.85
21.86
21.86
21.9
21.93
21.95
21.98
21.98
21.96
21.92
21.9
21.92
21.94
21.94
21.98
21.96
21.99
22.05
22.06
22.11
22.22
22.4
22.65
23.06
22.89
23.05
23.13
23.1
23.16
23.28
23.36
23.27
23.58
24.12
24.02
24.48
25.88
26.13
25.37
25.35
25.69
25.78
25.9
26.2
26.63
27.16
27.24
27.76
27.82
27.86
28.04
28.23
28.01
28.12
28.1
27.72
27.45
27.87
27.98
27.85
28
27.84
27.98
27.96
27.73
27.8
27.3
26.44
26.15
25.89
26.09
25.97
25.62
25.52
25.39
25.25
25.46
25.43
25.7
25.53
25.64
25.73
25.63
25.32
25.21
25.19
25.4
25.41
25.18
25.01
24.85
24.65
24.67
24.68
24.69
24.6
24.43
24.58
24.64
24.22
22.98
23.12
23.36
23.57
23.63
23.67
23.66
23.44
23.8
24.13
24.03
24.1
24.2
24.2
24.61
24.53
24.65
25.21
26.08
26.47
26.92
27.12
27.01
27.26
27.17
27.39
27.59
27.63
27.69
27.97
28.29
29.12
28.52
28.79
29.14
29.1
29.46
29.76
29.42
29.55
29.85
30.05
30.33
30.64
30.41
31.26
32.39
32.2
32.08
32.04
32.04
32.06
31.36
31.51
31.38
31.72
31.78
32.11
32.37
31.64
29.45
27.29
26.13
25.66
25.24
25.05
24.99
25.01
24.78
24.54
24.43
24.42
24.28
24.33
24.38
24.29
24.31
24.28
24.29
24.2
24.17
24.07
24.1
24.1
24.22
24.25
24.17
24.11
24.12
24.01
23.89
23.48
23.34
23.37
23.44
23.36
23.32
23.39
23.52
23.38
23.26
23.04
22.96
22.99
23.16
23.24
23.26
23.25
23.25
23.17
23.4
23.9
24.52
25.01
25.36
25.76
25.95
26.32
26.67
27.07
26.89
27.21
27.31
27.82
27.78
27.98
28.51
28.62
28.89
29.15
29.49
29.49
30.09
30.3
30.33
30.56
30.54
31.1
31.3
31.61
30.85
30.74
31.34
30.04
29.62
27.67
25.91
24.52
24.49
24.58
24.57
24.76
24.93
25.19
25.63
25.79
25.91
25.92
25.91
25.72
25.47
25.4
25.17
25.03
25.04
25.05
24.9
24.96
24.72
24.52
24.4
24.33
24.31
24.31
24.52
24.6
24.65
24.62
24.62
24.64
24.6
24.5
24.49
24.48
24.41
24.27
24.2
24.17
24.2
24.38
24.32
23.87
23.83
23.85
23.87
23.82
23.78
23.79
23.76
23.76
23.73
23.71
23.55
23.21
23.28
23.52
24.05
24.53
24.79
24.95
25.4
25.81
25.93
26.16
26.33
26.54
26.9
27.08
27.37
28.16
28.61
29.16
29.79
30.25
30.25
30.28
30.02
30.23
30.28
30.49
30.56
30.63
30.22
30
30.03
30.1
30.51
30.74
30.41
27.92
27.13
26.56
26.1
25.51
24.94
24.6
24.39
24.26
24.26
24.12
24.2
24.47
24.53
24.29
24.23
24.14
24.37
24.48
24.56
24.47
24.26
24.11
24.12
24.07
23.89
23.77
23.73
23.69
23.56
23.47
23.42
23.38
23.29
23.02
23.09
23.31
23.37
23.47
23.26
23.34
23.34
23.33
23.45
23.43
23.39
23.37
23.33
23.29
23.3
23.37
23.17
23.09
22.85
22.85
23.16
22.96
22.97
23.1
23.3
23.34
23.48
23.64
23.73
24.11
24.26
24.41
24.52
24.7
24.97
25.11
25.37
25.42
25.64
25.88
26.2
26.55
26.88
27
27.14
27.55
28
28.29
28.81
29.22
29.7
30.1
30.21
30.42
30.7
30.72
31.03
31.1
31.3
30.99
30.77
31.55
32.17
30.97
31.03
31.82
31.93
32.41
31.81
28.63
27.09
26.5
25.94
25.9
26.08
26.51
26.55
26.37
26.2
26.13
25.98
25.78
25.54
25.41
25.28
25.24
25.12
24.99
24.84
24.72
24.63
24.54
24.41
24.2
24.06
24.01
23.98
23.88
23.62
23.65
23.66
23.64
23.88
23.94
24.15
24.52
24.68
24.96
24.99
24.5
24.14
23.48
23.2
23.06
23
22.82
22.89
23
22.96
22.81
22.7
22.61
22.52
22.5
22.64
22.88
23.51
24.79
25.33
25.21
25.36
25.85
26.48
27.24
28.19
28.7
28.61
28.94
28.92
29.02
29.03
29.53
29.85
29.52
29.67
29.75
30.11
30.59
31.07
31.58
31.27
31.37
31.4
31.4
31.75
31.63
32.05
32.29
31.76
30.75
30.81
31.4
29.58
28.28
28.14
28.4
28.34
28.28
27.94
27.63
27.26
26.81
26.24
25.7
25.34
25.02
24.73
24.6
24.6
24.32
24.23
24.25
24.09
23.97
23.83
23.77
23.73
23.85
24
24.13
23.59
24.07
24.56
24.59
24.53
24.37
24.4
24.28
24.24
24.13
24.34
24.27
23.74
23.67
23.71
23.76
23.65
23.72
23.67
23.54
23.45
23.47
23.58
23.53
23.49
23.37
23.46
23.19
23
23.05
23.15
23.57
23.92
24.07
24.35
24.44
24.72
25.06
25.72
27.03
27.33
27.23
27.64
28.24
28.81
29.35
29.69
29.89
29.6
29.67
29.95
29.94
30.1
30.46
30.71
30.82
31.19
31.72
31.42
31.67
31.65
31.83
32.08
32.51
32.72
32.98
33.09
32.93
32.96
32.69
32.65
33
33.45
33.2
32.74
32.1
30.8
29.94
28.71
27.72
26.9
26.51
26.12
26.03
26.01
25.98
26.36
26.4
25.93
25.64
25.33
25.23
25.05
24.87
24.81
24.82
25.02
25.04
25.01
24.91
24.81
24.81
24.82
24.74
24.89
24.5
23.98
23.88
24.01
23.55
23.44
23.52
23.68
23.58
23.32
23.35
23.46
23.47
23.5
23.5
23.46
23.45
23.74
23.83
23.58
23.62
23.64
23.73
23.87
24.33
24.36
24.56
24.78
25.25
25.65
26.03
26.27
26.67
27.22
27.96
28.29
28.71
28.97
29.48
29.82
29.88
30.08
30.36
30.79
31.13
31.59
31.56
31.71
31.82
32.32
32.07
32.74
32.89
32.31
32.6
32.5
33.21
31.74
27.36
26.14
25.98
27.52
27.91
29.05
29.1
28.33
27.45
26.98
27.34
26.81
26.82
26.53
26.18
26.1
26.42
26.48
26.6
26.16
26.01
26.59
26.37
26.39
26.39
26.57
25.14
24.75
24.69
24.57
24.32
24.33
24.47
24.27
24.06
24.12
24.04
23.91
23.71
23.55
23.48
23.31
23.48
23.68
23.4
23.42
23.66
23.46
23.34
23.14
23.15
23.4
23.38
23.41
23.64
23.73
23.78
23.8
23.57
23.65
23.95
24.9
25.54
25.43
26.01
26.95
27.31
27.54
27.86
28.33
28.57
29.06
29.89
30.16
30.23
30.36
30.53
30.78
30.87
31.03
31.43
31.41
31.98
32.07
32.16
31.96
31.46
31.77
32.24
32.19
32.49
32.81
32.96
33.08
33.29
32.47
31.83
31.46
30.43
29.64
29.35
27.37
26.48
27.11
28.59
26.93
26.81
26.77
26.91
26.85
26.83
26.55
26.66
26.86
26.4
25.8
25.61
26.03
26.38
26.12
25.74
25.78
25.73
25.44
24.97
24.76
24.68
24.44
24.27
24.15
24.04
23.91
23.77
23.69
23.57
23.6
23.57
23.54
23.54
23.56
23.48
23.41
23.41
23.43
23.46
23.38
23.38
23.47
23.57
23.68
23.83
24.04
24.12
23.8
23.69
23.63
23.57
23.56
23.72
23.85
23.93
24.04
24.24
24.58
24.84
25.02
25.28
26.04
27.11
27.65
27.99
27.76
28.26
28.07
28.38
28.4
28.97
29.01
29.06
29.27
29.26
29.61
29.47
30.18
31.25
31.17
30.88
31.39
31.9
32.02
32.09
32.33
32.51
32.52
32.28
32.3
32.22
32.37
32.16
31.98
31.78
31.44
31.58
31.56
31.07
31
30.88
30.87
30.62
30.34
30.18
29.02
28.2
27.39
27.5
27.14
27.13
26.91
26.94
27.08
26.92
26.41
26.41
26.4
26.17
26.09
25.7
25.59
25.76
25.86
25.56
24.63
24.65
24.37
24.28
24.34
24.26
24.84
24.53
24.15
24.83
25.01
24.75
24.17
23.84
24.19
24.41
24.11
23.6
23.25
23.19
23.53
23.93
24.68
25.24
25.56
26.02
26.57
26.86
27.41
27.98
28.06
28.08
28.67
28.77
29.25
29.38
29.56
29.88
30.35
30.43
31.2
31.33
31
31.11
31.78
31.92
31.8
31.33
30.51
29.8
28.89
26.3
26.12
26.77
27.74
27.92
27.97
28.03
28.15
28.37
29.25
29.65
29.27
29.28
29.3
29.23
29.41
29.11
28.57
28.08
27.54
27
26.75
26.67
26.7
26.56
26.58
26.65
26.62
26.41
26.49
26.29
26.22
25.93
25.76
25.72
25.57
25.4
25.44
25.46
25.55
25.5
25.42
25.2
25.15
25.18
25.17
25.2
25.34
25.35
25.24
25.14
25.07
24.97
24.89
25
24.84
24.82
24.96
25.01
24.95
24.87
24.77
24.61
24.53
24.74
24.89
25.14
25.6
25.85
26.13
26.4
26.91
27.48
27.97
28.53
28.74
29.15
29.34
29.63
29.98
30.39
30.5
30.77
31.06
31.2
31.65
31.49
30.85
31.68
31.53
32.28
32.56
32.68
32.71
32.97
33.27
32.98
31.03
30.06
30.73
31.62
32.35
32.46
31.94
32.01
32.63
32.63
28.66
24.94
24.5
24.2
24.41
24.44
24.58
24.37
24.25
24.01
23.88
23.82
23.82
23.8
23.82
23.9
24.2
24.5
24.51
24.23
24.3
24.6
24.48
24.5
24.73
24.97
24.96
24.75
24.77
24.79
24.89
24.69
24.99
24.89
24.85
24.7
24.72
24.72
24.62
24.55
24.5
24.49
24.43
24.25
24.29
24.44
24.5
24.38
24.07
23.97
24
24.11
24.12
24.27
24.37
24.48
24.73
24.86
25.14
26.11
26.44
26.75
27.07
27.95
28.25
28.38
28.51
28.94
29.55
29.69
30.3
30.42
30.59
30.96
31.06
31.31
31.49
31.82
32.01
32.37
32.34
32.88
32.74
32.85
32.98
32.76
32.92
32.86
33.24
33.42
33.4
33.22
33.32
33.27
33.34
33.29
33.23
33.15
33.01
32.83
32.62
32.34
31.97
31.6
31.19
30.69
30.35
30.32
30.3
29.97
29.33
28.65
28.52
28.29
28.57
28.51
28.53
28.04
28.18
28.05
27.95
27.76
27.68
27.63
27.74
27.91
27.82
27.74
27.41
27.22
27.16
26.99
26.43
25.97
25.82
25.76
26.03
26.13
26.07
26
26.06
26.15
26.13
26.15
26.05
26.03
26.01
25.58
25.51
25.53
25.62
25.45
25.93
26.29
26.83
27.54
28.09
28.52
28.6
28.78
28.97
29.15
29.38
29.55
29.81
30.51
30.49
30.66
31.1
31.08
31.58
31.81
30.24
27.24
27.27
26.67
27.1
28.67
29.57
29.31
28.08
27
24.27
23.07
22.88
22.95
23.04
23.62
25.27
25.28
26.02
27.56
28.55
29.53
29.9
29.54
29.78
29.21
28.48
27.85
27.62
27.32
27.28
27.03
27
26.82
26.58
26.18
25.87
25.55
25.4
25.34
25.28
25.17
25.22
25.18
25.14
25.1
25.11
25.08
25
24.94
24.83
24.85
24.86
24.8
24.81
24.83
24.78
24.67
24.6
24.53
24.47
24.55
24.41
24.42
24.48
24.62
24.62
24.57
24.66
24.68
24.63
24.66
24.64
24.6
24.57
24.6
24.68
24.84
25.19
25.65
26.11
26.48
26.9
27.29
27.57
27.81
28.17
28.58
28.9
29.18
29.48
29.83
30.21
30.42
30.76
30.98
31.18
31.28
31.43
31.44
31.5
31.7
31.92
31.8
32.16
32.11
32.35
32.82
32.81
32.82
32.83
32.93
33.04
32.53
32.42
31.15
30.76
30.79
30.51
30.81
30.87
30.57
30.29
30.23
30.2
30.09
29.74
29.14
29.32
28.8
28.47
28.29
28.15
27.98
27.69
27.31
26.98
26.74
26.64
26.55
26.54
26.55
26.46
26.31
26.14
25.96
25.73
25.6
25.54
25.46
25.48
25.42
25.33
25.19
24.97
24.74
24.56
24.44
24.27
24.17
24.17
24.11
23.97
23.87
23.84
23.78
23.62
23.67
23.7
23.74
23.74
23.8
23.92
24.13
24.32
24.53
24.78
25.1
25.3
25.4
25.51
25.63
25.85
26.14
26.53
26.8
27
27.19
27.28
27.24
27.38
27.56
27.79
28.18
28.73
29.22
29.59
30.24
30.1
30.47
30.69
30.68
30.74
30.72
30.79
30.59
30.64
30.51
30.52
30.2
30.46
30.91
30.74
30.37
30.16
29.92
29.67
29.5
26.3
24.95
25.36
25.83
25.51
25.41
25.49
25.58
25.46
25.4
25.41
25.53
25.68
25.41
24.98
24.95
24.98
25.08
25.13
25.05
24.96
24.82
24.78
24.68
24.53
24.43
24.41
24.45
24.43
24.39
24.37
24.47
24.55
24.52
24.55
24.58
24.57
24.6
24.62
24.63
24.63
24.64
24.66
24.69
24.7
24.72
24.72
24.72
24.72
24.79
24.92
25.17
25.4
25.82
25.93
25.89
25.9
25.99
26.17
26.5
26.89
27.03
27.14
27.36
27.48
27.36
27.85
28.15
28.51
28.95
29.05
29.57
29.83
29.73
29.51
29.88
30.15
29.95
29.72
29.59
30.19
30.62
30.69
30.61
30.62
30.07
30.21
30.51
30.8
30.67
30.27
30.16
29.82
29.8
29.77
29.34
28.89
28.59
28.39
28.18
27.99
27.76
27.54
27.34
27.25
27.07
26.75
26.7
26.6
26.57
26.58
26.47
26.35
26.28
26.09
25.9
25.77
25.7
25.58
25.43
25.4
25.44
25.4
25.32
25.21
25.15
25.1
25.07
25.02
24.94
24.89
24.88
24.88
24.89
24.79
24.7
24.62
24.58
24.5
24.44
24.44
24.43
24.55
24.68
24.8
24.8
24.89
25.42
25.71
25.83
25.92
26.16
26.42
27.04
27.7
28.18
28.85
28.91
28.87
28.79
28.75
28.74
28.72
28.68
28.69
28.75
28.8
29.18
29.31
29.41
29.47
29.67
29.7
29.62
29.47
29.7
29.66
30.03
30.03
30.11
30.52
30.31
30.59
31.35
31.49
31.33
31.07
30.94
30.82
30.77
30.61
30.29
29.94
29.5
29.24
29.19
29.14
29.35
29.48
29.45
29.37
29.23
27.09
25.13
24.58
23.81
23.46
23.31
23.37
23.45
23.64
23.84
23.93
24.01
23.97
23.96
23.93
23.99
24.09
24.17
24.19
24.18
24.04
23.82
23.67
23.58
23.55
23.55
23.49
23.48
23.42
23.36
23.36
23.35
23.39
23.39
23.33
23.35
23.4
23.47
23.53
23.67
23.77
23.96
24.2
24.4
24.66
25.19
25.59
25.92
26.61
26.89
26.99
27.32
27.73
27.84
28.53
28.88
29.35
29.39
29.18
29.55
30.07
30.08
30.04
30.19
30.23
30.25
29.08
27.05
23.63
23.17
23.4
23.39
23.34
23.4
23.44
23.57
23.68
23.74
23.96
24.1
24.17
24.28
24.33
24.41
24.45
24.44
24.42
24.46
24.34
24.31
24.28
24.27
24.29
24.3
24.18
24.08
24.05
24.04
24.1
24.17
24.16
24.11
24.12
24.11
24.07
23.98
23.87
23.84
23.81
23.77